0 0.6974049038357205 0.5046465838396991 0.008956654866536459 0.01161872016059028
0 0.4298153771294488 0.41920742458767357 0.009074995252821181 0.013159688313802083
0 0.5766301896837023 0.4036504816125941 0.009068383110894097 0.013029508237485532
0 0.7378116183810763 0.5154676931875725 0.0081939697265625 0.011714963559751157
0 0.5394781324598523 0.5223770706741897 0.008828650580512153 0.011867494936342593
0 0.42280137803819445 0.44478416442871094 0.008818732367621528 0.012154275399667245
0 0.29353811475965713 0.38496999387387876 0.007519107394748264 0.010966350414134837
0 0.5307691786024306 0.8244900738751447 0.007549201117621528 0.010961235894097223
0 0.26395623948838975 0.5794586181640624 0.008365419175889757 0.010886072229456019
0 0.49340040418836806 0.45204922711407697 0.007450103759765625 0.011626066984953705
0 0.4964675267537435 0.2210872720789026 0.008771981133355035 0.011488271642614295
0 0.4461679034762912 0.30423533121744795 0.008608373006184895 0.011761418095341435
0 0.7617569393581813 0.3325212266710069 0.007808176676432291 0.010078995316116899
0 0.5146648830837673 0.19278106689453126 0.009721628824869792 0.012295475712528935
0 0.7720651838514541 0.4441706056948061 0.008364613850911458 0.011462741427951388
0 0.26184133953518335 0.4726805651629413 0.00795917510986328 0.01104631777162905
0 0.5028169631958008 0.3728864599157263 0.007408693101671007 0.010326809353298612
0 0.5124344719780816 0.8128377278645833 0.007318708631727431 0.00955166286892361
0 0.4686149173312717 0.5388029875578704 0.008373599582248264 0.011738529911747685
0 0.5136970308091905 0.3420872582329645 0.006780285305447048 0.009982836688006366
0 0.3924318737453884 0.4947082802101418 0.007553397284613715 0.010390839753327547
0 0.4468421936035157 0.6406700981987847 0.01103846232096354 0.014921852394386575
0 0.5605091306898329 0.3207242471200448 0.007972674899631077 0.010532040066189236
0 0.3872556262546115 0.30624460290979455 0.00824843512641059 0.010340372721354164
0 0.43992373148600267 0.16930778644703054 0.009423489040798611 0.0129646725124783
0 0.6234822803073459 0.5923576637550636 0.007335789998372397 0.010531164098668982
0 0.39657601250542535 0.319922129313151 0.008742268880208333 0.010926988389756944
0 0.5543532901340061 0.8387537355776188 0.009995269775390624 0.013004274721498843
0 0.41216324700249574 0.14626364531340422 0.007844797770182292 0.00980317857530382
0 0.41075797610812714 0.40486924913194444 0.007033581203884549 0.00920257568359375
0 0.49432421790228953 0.7766810099283853 0.007162178887261284 0.009567825882523149
0 0.2824000676472982 0.34118895354094336 0.007611846923828125 0.011199725115740739
0 0.3724853303697374 0.8296881216543691 0.008979500664605036 0.011863425925925925
0 0.7093688329060872 0.49522594875759546 0.009168963962131077 0.012071567111545138
0 0.2724246448940701 0.4062124888102213 0.007131258646647137 0.00843282628942419
0 0.6187592612372504 0.4553806446216725 0.008108223809136285 0.009922564471209492
0 0.34404827753702805 0.33891803600169995 0.00864204830593533 0.011353867142288775
0 0.6646733813815646 0.23007900803177445 0.008794445461697048 0.012283706665039062
0 0.6049966812133789 0.3446727752685546 0.008297687106662326 0.010777028401692708
0 0.4523335774739583 0.4468565340395327 0.009112464057074653 0.011915051495587385
0 0.7114934073554144 0.36014987804271553 0.008600574069552952 0.010524975811993636
0 0.390853140089247 0.7541609022352429 0.00871933831108941 0.011433354130497685
0 0.33982226053873693 0.43953891330295136 0.007931900024414063 0.010380667227285877
0 0.6445566601223416 0.7565700107150607 0.008352364434136285 0.011326938205295138
0 0.645694351196289 0.652292067916305 0.0072479248046875 0.00983417652271412
0 0.5043727662828233 0.4607502690067997 0.008272510104709202 0.010529129593460649
0 0.6734686533610025 0.509562909161603 0.007814619276258681 0.010765358253761575
0 0.2752397219340007 0.4933627375849971 0.007647260030110677 0.010808026349103009
0 0.38659136030409075 0.18652177740026402 0.0075740814208984375 0.011079957750108506
0 0.7082744598388672 0.584155782063802 0.008041127522786459 0.01071788646556713
0 0.6929621166653104 0.39783833821614584 0.008525975545247396 0.010071931061921295
0 0.5391616609361437 0.13794039973506222 0.008893627590603298 0.011895667182074653
0 0.32956319385104704 0.5631580776638454 0.009451272752549913 0.012342269332320601
0 0.5231181038750542 0.7898655079029224 0.00773268805609809 0.010145399305555556
0 0.3369372261895074 0.49852015177408854 0.008474138047960069 0.011569383409288194
0 0.5537046856350368 0.22576239550555194 0.008486726548936632 0.011834787439416955
0 0.34502614339192705 0.3883317311604817 0.008574591742621528 0.012563832600911458
0 0.47262791527642145 0.586605495876736 0.008216561211480036 0.010747273763020836
0 0.37412974039713537 0.5894027144820602 0.008617401123046875 0.011872355143229167
0 0.5449367947048611 0.6395252086498119 0.008723280164930555 0.011328068485966436
0 0.5684645970662435 0.14885964570222077 0.00770157708062066 0.009975320321542245
0 0.45941852993435334 0.47758245114926945 0.007303873697916668 0.010308979175708912
0 0.43177023469222675 0.2808078039882268 0.009981918334960937 0.011917679398148149
0 0.47374632093641494 0.16563972896999782 0.008349355061848958 0.01103912636085793
0 0.5619401295979818 0.5186457598650897 0.007969326443142362 0.010690025047019675
0 0.5752045090702339 0.27758603928589365 0.005733447604709201 0.007920526575159143
0 0.3909215291341146 0.5919403076171875 0.008675469292534722 0.011766447844328702
0 0.37599057091606986 0.4528086061830874 0.006821399264865451 0.01050708912037037
0 0.6784563064575195 0.7691621003327547 0.008662033081054687 0.011318630642361112
0 0.6217911190456814 0.797134738498264 0.008972591824001737 0.012273378725405093
0 0.3729317135281033 0.22690830937138312 0.007951100667317709 0.011423322889539931
0 0.46554868486192497 0.6030894809299044 0.006812328762478299 0.008876489709924768
0 0.36286845737033424 0.3084575935646339 0.008234235975477431 0.010933007134331598
0 0.45552690294053816 0.5147965607819733 0.007488928900824653 0.01087103949652778
0 0.3849966049194336 0.2359770033094618 0.007648425632052951 0.010738288031684027
0 0.5532943725585937 0.5553031921386719 0.007611931694878472 0.010824867531105325
0 0.3010885980394152 0.3179086614538122 0.00740502675374349 0.008680696840639468
0 0.47076233757866753 0.135211866873282 0.008575863308376737 0.011135765358253762
0 0.3379213756985135 0.2142970191107856 0.007575861612955728 0.010798418963396991
0 0.31670861774020725 0.6291367989999277 0.008297030131022136 0.010563772696035877
0 0.5511400858561197 0.5319525259512442 0.007710520426432292 0.010251645688657407
0 0.6015914493136936 0.7102682890715423 0.008792877197265625 0.011234707302517362
0 0.4836695353190104 0.5174128779658564 0.007011922200520834 0.008930912724247685
0 0.49868712955051 0.8774330704300491 0.009539582994249132 0.012727921097366899
0 0.6297713012378322 0.5006703045468758 0.008470323350694444 0.011183109989872686
0 0.48474803500705294 0.6951328701443142 0.007665422227647569 0.010513701262297453
0 0.5711932500203452 0.2679125326651114 0.0076588524712456595 0.011286784984447337
0 0.3738392088148329 0.48160137600368924 0.006780709160698784 0.010437972457320602
0 0.6001552793714735 0.18404048637107567 0.007769987318250868 0.010143378928855614
0 0.4679734124077691 0.4280775847258391 0.00752622816297743 0.010321327492042825
0 0.6020570966932509 0.23432959097403067 0.009817335340711806 0.012814274540653935
0 0.4359671698676215 0.286279551188151 0.008596208360460069 0.011681733308015045
0 0.6136509789360893 0.638867583098235 0.007880316840277778 0.011284948278356481
0 0.5412273830837673 0.6705132661042391 0.0076385498046875 0.011224421748408564
0 0.6059854083591037 0.485474932635272 0.006949234008789063 0.01082695855034722
0 0.5493278291490343 0.6674983271846066 0.006423823038736978 0.0097412109375
0 0.5030591540866428 0.6339102851019967 0.008165020412868923 0.01119034378616898
0 0.6981092029147679 0.60643556382921 0.007578828599717881 0.009149339463975694
0 0.6932156456841363 0.21956279895923758 0.008953094482421875 0.012435630515769675
0 0.28379627689904435 0.31442156350905615 0.008292304144965278 0.010803872567635995
0 0.2998603079054091 0.5601560804578993 0.008005926344129775 0.011240641276041664
0 0.37373101976182727 0.6049372072573062 0.006779649522569444 0.008829922146267362
0 0.3488244904412163 0.7904447585609989 0.007605086432562934 0.010077186867042825
0 0.6436038335164388 0.7321168687608508 0.008016671074761285 0.010839278609664351
0 0.7387458801269531 0.6664522806803386 0.00885772705078125 0.011009894476996528
0 0.48603280423173323 0.8541449957431932 0.008017349243164062 0.012172727231626157
0 0.6124720891316732 0.2416088104248047 0.008494610256618924 0.012048029016565393
0 0.6274396684434679 0.8429036458333334 0.008110894097222222 0.010978981300636575
0 0.39632793002658423 0.22326800734908492 0.008087242974175348 0.011273603086118345
0 0.4146671930948893 0.3455108642578125 0.007296541002061631 0.010132118507667825
0 0.30689609315660266 0.4629043013961227 0.007564057244194879 0.010499742296006944
0 0.4305765575832791 0.5730197200068721 0.00841568840874566 0.011757914225260417
0 0.47842915852864587 0.5274436668113426 0.007095760769314235 0.009205344871238426
0 0.5066600874807893 0.21105980357805224 0.007414923773871528 0.01194292704264323
0 0.2886882146199544 0.6096679122359664 0.008584976196289062 0.011510552300347223
0 0.7699150933159722 0.6349984063042535 0.007830810546875 0.010420509620949075
0 0.7432445526123047 0.4606078677707249 0.007387542724609375 0.009968990749782986
0 0.6005911933051216 0.45929405777542676 0.007918039957682291 0.0114201581036603
0 0.6285376814220985 0.23042889347782836 0.00931489732530382 0.011999907316984955
0 0.48666140238444006 0.6213020042136863 0.007652876112196181 0.011187518084490741
0 0.5299406899346245 0.550385821307147 0.008838102552625867 0.012879774305555557
0 0.6754876544304106 0.4767008389270029 0.007420306735568576 0.009616230152271412
0 0.5072777642144097 0.26479743674949363 0.006563737657335069 0.008914975766782407
0 0.7018813027275932 0.2781375602439598 0.009344440036349827 0.012779377124927662
0 0.3644958708021376 0.4676536560058594 0.005500072903103299 0.00951396800853588
0 0.3733809153238932 0.21125749658655238 0.006753709581163194 0.009796142578125
0 0.3642746645229017 0.5483107770604572 0.007229826185438369 0.009797272858796295
0 0.5939086278279623 0.6741198221842448 0.008900239732530383 0.011630757649739582
0 0.5010678821139866 0.5753898903175636 0.00890549553765191 0.011665400752314814
0 0.4145525402492947 0.7488607335973669 0.007949532402886286 0.010792824074074074
0 0.4242355982462565 0.1728607319019459 0.008256827460394965 0.010983898021556714
0 0.27568009694417317 0.39490907457139757 0.0075740814208984375 0.010168174461082176
0 0.2860443736346163 0.6183990335778902 0.008403142293294271 0.011213344997829862
0 0.6493051105075412 0.8221194797092015 0.009307310316297742 0.012499208803530093
0 0.2919662157694499 0.49782192088939525 0.007834180196126302 0.01043842456958912
0 0.6173830032348632 0.5586089805320458 0.006353886922200521 0.009445359971788194
0 0.5133991877237956 0.4451471681948061 0.005742941962348091 0.006922969111689815
0 0.33404768732340445 0.3154408267091964 0.006929948594835069 0.009036706995081018
0 0.4060610877143012 0.7016497011537907 0.00905032687717014 0.010753490306712963
0 0.4525395287407769 0.2761331628870081 0.008917405870225695 0.012227545844184028
0 0.7280593872070312 0.6903258712203414 0.006469217936197916 0.008323160807291667
0 0.32492518954806854 0.22735213526973017 0.009240468343098959 0.01213332282172309
0 0.3621172954157993 0.5344152928132712 0.0036125560769993824 0.009633482871998424
0 0.3653685958850987 0.5341744557414712 0.0043350672923993016 0.010115157015598442
0 0.40004913422429356 0.5194833943616733 0.007947623369398756 0.009633482871998495
0 0.41052554684759185 0.5235776245822727 0.006502600938598917 0.00915180872839862
0 0.409261152220642 0.529116877233672 0.005418834115499038 0.009633482871998637
0 0.40366169030129284 0.5332111074542714 0.009392645800198522 0.009151808728398478
0 0.3928240220702945 0.5276718548028723 0.012282690661798127 0.0125235277335981
0 0.4072742463782923 0.5469388205468693 0.00939264580019845 0.013486876020797994
0 0.46074007631788405 0.6129281782200592 0.008670134584798674 0.014450224307997814
0 0.3599497617695996 0.6083522738558598 0.008670134584798745 0.011078505302798263
0 0.3677167573351483 0.6177449196560584 0.01119892383869825 0.010596831159198388
0 0.31569594982635635 0.6610955925800518 0.006863856546298948 0.010596831159198246
0 0.5129415116305261 0.6088339479994598 0.008308878977098786 0.012041853589998083
0 0.5187216013537252 0.6110014816456594 0.006863856546298877 0.0125235277335981
0 0.5488864445966706 0.5953470719786619 0.006502600938598988 0.011078505302798334
0 0.5420225880503717 0.5837868925322636 0.005780089723199069 0.0062617638667990146
0 0.5454545163235213 0.5825827071732637 0.005418834115499109 0.008670134584798674
0 0.5496089558120706 0.5835460554604636 0.005057578507799221 0.008670134584798674
0 0.4275045604094892 0.49275047939187744 0.008670134584798674 0.012041853589998154
0 0.5035488658303275 0.48889708624307815 0.009753901407898552 0.011078505302798263
0 0.3749418694891473 0.47011179464268094 0.009031390192498705 0.011078505302798263
0 0.3653685958850987 0.4525306884012837 0.011560179446398209 0.010596831159198388
0 0.43870348424818756 0.4368762787342861 0.009392645800198522 0.013005201877198048
0 0.501200704380278 0.4296511665802872 0.01083766823099829 0.008188460441198728
0 0.23242653225151913 0.4436197167446851 0.00867013458479864 0.013005201877198048
0 0.4975881483032785 0.4204993578518886 0.005057578507799292 0.01493189845159776
0 0.5006588209687279 0.4142375939850896 0.007586367761698866 0.011078505302798334
0 0.5040907492418775 0.42411191392888803 0.007225112153998907 0.006743438010398961
0 0.4927111975993293 0.404844948184891 0.006141345330899099 0.0125235277335981
0 0.2533793574981159 0.38774551608709357 0.00794762336939879 0.0081884604411988
0 0.25735316918281526 0.39593397652829226 0.00867013458479864 0.007225112153998836
0 0.2578950525943652 0.4041224369694911 0.008308878977098715 0.009151808728398691
0 0.5366037539348726 0.2962274288031076 0.010837668230998432 0.013968550164397903
0 0.3384550531114529 0.36390264597889727 0.008308878977098786 0.015413572595197635
0 0.37241308023524766 0.24685582908411519 0.009753901407898481 0.011560179446398209
0 0.34098384236535245 0.19555753279072305 0.008308878977098715 0.008188460441198763
0 0.35037648816555106 0.18182981969812517 0.007586367761698795 0.00867013458479864
0 0.3740387304698975 0.19242665085732355 0.007225112153998907 0.00867013458479864
0 0.41630563657079095 0.18110730848272524 0.009392645800198522 0.013968550164397903
0 0.4345490447596381 0.19074079135472377 0.009031390192498562 0.012041853589998154
0 0.4320202555057385 0.20422766737552173 0.009031390192498634 0.013005201877198011
0 0.4793447401144313 0.22108626240151913 0.007586367761698866 0.014931898451597725
0 0.4699520943142327 0.21626952096551988 0.006863856546298877 0.009151808728398585
0 0.527933619350074 0.16978796610812702 0.007225112153998907 0.010596831159198388
0 0.48783424689537996 0.13173570876373283 0.008670134584798674 0.011560179446398262
0 0.4927111975993293 0.1331807311945326 0.007586367761698795 0.010596831159198388
0 0.5447320051081214 0.13342156826633256 0.005418834115499109 0.01011515701559846
0 0.5474414221658709 0.130531523404733 0.005780089723199211 0.011078505302798317
0 0.7235535309195938 0.2670861431153121 0.007586367761698654 0.0125235277335981
0 0.7320430377005426 0.247819177371315 0.009392645800198664 0.013486876020797886
0 0.7669042038435872 0.300321659023707 0.006863856546299019 0.012523527733598066
0 0.7580534414549386 0.30465672631610635 0.007225112153998907 0.006743438010398997
0 0.6877892257572995 0.352101629460699 0.0075863677616989375 0.010115157015598513
0 0.6894148759919492 0.3602900899018978 0.009392645800198664 0.00915180872839862
0 0.6802028579956004 0.36871938741489657 0.009031390192498491 0.010596831159198317
0 0.6251113778213591 0.33981893879890096 0.010115157015598513 0.0125235277335981
0 0.715605907550195 0.3800387297894948 0.004696322900099403 0.010115157015598442
0 0.7186765802156446 0.3819654263638945 0.004335067292399373 0.006261763866799086
0 0.7275273426042932 0.3891905385178934 0.010476412623298473 0.012041853589998154
0 0.7165090465694449 0.3949706282410925 0.009392645800198522 0.010115157015598371
0 0.7047682393191966 0.4253160992878878 0.009031390192498634 0.012041853589998154
0 0.697181871557498 0.42363023978528813 0.009031390192498776 0.009633482871998495
0 0.7121739792770455 0.44048883481128553 0.007225112153998907 0.0125235277335981
0 0.6509411537719049 0.4884154120994782 0.007586367761698795 0.011078505302798263
0 0.6545537098489044 0.483598670663479 0.008308878977098715 0.012041853589998154
0 0.5828444717204654 0.4739651877914804 0.00578008972319914 0.00915180872839862
0 0.592417745324514 0.5584989999932675 0.009753901407898552 0.011560179446398209
0 0.6384778353062569 0.5553681180598679 0.008670134584798674 0.012041853589998154
0 0.6921242930496987 0.5373053376748708 0.01047641262329833 0.014450224307997743
0 0.7195797192348945 0.5373053376748708 0.009753901407898695 0.0125235277335981
0 0.7542602575740892 0.5534414214854683 0.00758636776169908 0.011078505302798334
0 0.7602209751011384 0.568132482865266 0.007947623369398827 0.011560179446398209
0 0.695917476930548 0.6153365489380588 0.006502600938598988 0.010596831159198317
0 0.684537925288 0.6377343966154553 0.010476412623298473 0.010115157015598442
0 0.697543127165198 0.6365302112564556 0.009753901407898552 0.010596831159198388
0 0.7331268045236424 0.6757866539598496 0.007947623369398684 0.010115157015598442
0 0.7072970285730965 0.6974619904218463 0.01119892383869825 0.013005201877198119
0 0.5772450098011163 0.6721740978828501 0.006863856546298948 0.010596831159198388
0 0.5174572067267755 0.847985160296823 0.007225112153998907 0.008670134584798745
0 0.4542374753792851 0.8761630976974186 0.007225112153998907 0.01396855016439801
0 0.44845738565608606 0.7340692253354405 0.010837668230998361 0.014931898451597618
0 0.4061904795551925 0.6914410636268471 0.009392645800198593 0.01348687602079778
0 0.3995072508127436 0.6998703611398457 0.012643946269498087 0.01493189845159776
0 0.3281592682920045 0.7844041733416327 0.008670134584798674 0.01156017944639828
0 0.31894725029565585 0.6692840530212504 0.008308878977098678 0.01156017944639828
