0 0.3280627608299255 0.2861413637797038 0.008397555351257325 0.0117034912109375
0 0.5033129215240478 0.579684829711914 0.008863544464111328 0.011630884806315104
0 0.6467941999435425 0.3938138008117676 0.009280157089233399 0.012699254353841146
0 0.7260321140289306 0.35395002365112305 0.00836181640625 0.011229896545410156
0 0.551619291305542 0.7635675748189291 0.009080886840820312 0.012439282735188802
0 0.40927307605743407 0.6475837389628092 0.00982651710510254 0.013117281595865886
0 0.5023552894592285 0.7129746754964192 0.00977621078491211 0.012387466430664063
0 0.6743589162826538 0.26017204125722254 0.010329484939575195 0.013344081242879231
0 0.3859467625617981 0.662623373667399 0.008640027046203614 0.012657229105631511
0 0.6270012140274047 0.4045399188995361 0.00814194679260254 0.011563905080159505
0 0.4488399505615234 0.21075848738352454 0.010588932037353515 0.013651577631632487
0 0.5954663276672363 0.6439812342325847 0.007938098907470704 0.01066729227701823
0 0.5822165966033935 0.18186191717783606 0.009157085418701172 0.01172935167948405
0 0.45917162895202634 0.6537668546040852 0.009039020538330078 0.011624972025553383
0 0.5247091770172119 0.08768859704335531 0.008940315246582032 0.011301914850870766
0 0.5782508850097656 0.14766209920247397 0.006591796875 0.008252239227294922
0 0.4507476806640625 0.12548894087473553 0.008635139465332032 0.012671248118082684
0 0.5294663429260253 0.27538612683614094 0.008884620666503907 0.011726919809977214
0 0.5772854089736938 0.3794942220052084 0.007880163192749024 0.009856414794921876
0 0.7088634252548218 0.2211097796758016 0.008069658279418945 0.010390011469523112
0 0.5250087261199952 0.5406590779622396 0.007326889038085938 0.00962066650390625
0 0.40480048656463624 0.3438431898752849 0.008785581588745118 0.011754957834879558
0 0.6932011127471924 0.3662418842315674 0.01025390625 0.014038562774658203
0 0.32296109199523926 0.3935828526814779 0.009235239028930664 0.013046455383300782
0 0.5084980964660645 0.6528935750325522 0.009287452697753907 0.01029828389485677
0 0.5447407960891724 0.5361842473347982 0.008716154098510741 0.011933517456054688
0 0.6706263065338135 0.5700716018676757 0.00819101333618164 0.01049664815266927
0 0.6134223222732544 0.20446988741556804 0.009873723983764649 0.013089497884114586
0 0.693448805809021 0.25686734517415366 0.009588193893432618 0.012090810139973958
0 0.2465645670890808 0.4299513657887777 0.008334088325500488 0.010713545481363933
0 0.5415572881698608 0.4855900446573893 0.00782465934753418 0.010938580830891926
0 0.6286845109195981 0.49820999360351736 0.008242988586425781 0.011278311411539711
0 0.34033379554748533 0.3031728426615397 0.009547758102416991 0.013069661458333333
0 0.3279738903045654 0.4587024052937825 0.008231830596923829 0.010663541158040364
0 0.6000902891159058 0.09587798515955606 0.008969640731811524 0.013251360257466633
0 0.5325518173454661 0.25026318564617356 0.00864582061767578 0.011545721689860027
0 0.5508121807741763 0.25206122816286614 0.009082651138305664 0.011612876256306965
0 0.6704456090927124 0.5147611300150554 0.008680391311645507 0.010758209228515624
0 0.6025558813261545 0.5255627999559607 0.009659385681152344 0.013814830780029297
0 0.30983655452728276 0.36575988133748377 0.008986997604370116 0.012270736694335937
0 0.6427756309509277 0.31027046839396155 0.0089111328125 0.010900115966796875
0 0.6864112377166748 0.3117430369059245 0.009256553649902344 0.011292521158854167
0 0.6432737350463867 0.24264839490254722 0.009000396728515625 0.01171239217122396
0 0.46600842475891113 0.7651151339213053 0.009354591369628906 0.011706733703613281
0 0.5539852380752565 0.4084930419921875 0.007778310775756836 0.009897677103678386
0 0.5490753889083861 0.10143908659617105 0.008801126480102539 0.011326026916503907
0 0.3413750097666204 0.5868476613302829 0.009789037704467773 0.01442591349283854
0 0.7161395629061954 0.4167651334658034 0.010955233204497811 0.009748024460026056
0 0.4414551258087158 0.30336685180664064 0.00796680450439453 0.011919848124186198
0 0.26283851861953733 0.339016056060791 0.009320950508117676 0.013086573282877606
0 0.2824471354484558 0.3098308245340983 0.008440232276916504 0.010544204711914062
0 0.6170996189117433 0.3485898971557617 0.008438682556152344 0.009850565592447917
0 0.46736369132995603 0.17373348871866864 0.010849285125732421 0.014615186055501302
0 0.5300746440887452 0.4341832796732584 0.007792472839355469 0.009657669067382812
0 0.33703477382659913 0.5015103181203205 0.01020827293395996 0.012829430898030599
0 0.6528126478195191 0.4712107022603353 0.007227849960327148 0.008920733133951824
0 0.5597484588623047 0.29387122790018716 0.007393741607666015 0.009257920583089193
0 0.3913051009178162 0.5711316426595051 0.008420109748840332 0.01083526611328125
0 0.7568367719650269 0.3952778816223145 0.00940546989440918 0.011163584391276042
0 0.6451384782791137 0.6330516497294107 0.007864809036254883 0.01052977244059245
0 0.34229363203048707 0.7094379107157388 0.009606242179870605 0.012018267313639324
0 0.5024133310798071 0.15663940909241594 0.007429170608520508 0.009372075398763021
0 0.5081137657165528 0.259293262163798 0.008770561218261719 0.010855213801066082
0 0.33358536958694457 0.2487278699874878 0.009885573387145996 0.012228981653849285
0 0.6214008808135986 0.7305782000223795 0.00900859832763672 0.011314837137858073
0 0.39030674695968626 0.19624582926432294 0.009366917610168456 0.013610553741455079
0 0.33892143964767457 0.34697623252868653 0.009218716621398925 0.011672178904215492
0 0.47729992866516113 0.3029529730478922 0.009740447998046875 0.013209311167399089
0 0.6411187887191773 0.6639588673909507 0.006672334671020508 0.008794911702473958
0 0.7304344654083252 0.4821793397267659 0.009189891815185546 0.011991341908772789
0 0.5497286081314087 0.20132892926534018 0.008814764022827149 0.011227830251057941
0 0.6604933927267237 0.569450673470727 0.006901836395263672 0.009466075897216797
0 0.3822710156440735 0.22510989507039392 0.009077143669128419 0.011570580800374349
0 0.4741564989089966 0.561961015065511 0.008495187759399414 0.011451911926269532
0 0.5357125026101209 0.6330682273509184 0.007866907119750976 0.010953140258789063
0 0.7021433353424072 0.5757478078206381 0.008578300476074219 0.011866378784179687
0 0.23708020091069046 0.5394075734007436 0.007165400483304687 0.0083596338971887
0 0.24290208880337544 0.5360239120614052 0.008658192250659802 0.009553867311072963
0 0.24185713456622687 0.5790163149612334 0.008956750604130903 0.011146178529584959
0 0.2936570088934505 0.48427379745976057 0.007463958836775645 0.009553867311072821
0 0.30037457184654853 0.4820843695343061 0.008359633897188879 0.010748100724957084
0 0.3127647435155962 0.4428737057784444 0.0062697254228915615 0.00875771170181686
0 0.3191837481152233 0.43769869431827985 0.007165400483304651 0.008757711701816788
0 0.3690429931448851 0.3959005248323359 0.014927917673551434 0.009553867311072892
0 0.3382914827373692 0.3332032706034198 0.007762517190246712 0.010748100724957084
0 0.27962476628031196 0.2537867485801262 0.006866842129833621 0.011146178529585065
0 0.37799974374901596 0.22034821299137092 0.008359633897188842 0.011146178529585065
0 0.35919056748034117 0.21119242348492606 0.005971167069420602 0.011146178529585065
0 0.3606833592476963 0.2157703182381485 0.005374050362478542 0.012340411943469186
0 0.43009817642971043 0.29677915147995426 0.010449542371486018 0.01353464535735327
0 0.43009817642971043 0.30454166867020105 0.010449542371486018 0.01313656755272529
0 0.4006901786128141 0.16640867046427174 0.0077625171902466405 0.012340411943469186
0 0.5541491722969228 0.15665576425088482 0.011345217431899073 0.01273848974809722
0 0.5475808885205602 0.20800780104790179 0.007762517190246712 0.00796155609256079
0 0.6190856141768717 0.1554615308370007 0.009255308957601968 0.01273848974809722
0 0.6290873190181512 0.20641548982938962 0.006568283776362662 0.011942334138841134
0 0.6250567812462923 0.21417800701963635 0.005672608715949537 0.01472887877123739
0 0.6292365981948866 0.21716359055434664 0.007463958836775717 0.012738489748097201
0 0.5507157512320062 0.387938968739775 0.008658192250659766 0.0111461785295851
0 0.658047479304841 0.3632581448528367 0.007762517190246712 0.012738489748097166
0 0.6541662207097175 0.37340912887085165 0.007762517190246854 0.012340411943469149
0 0.6575996417746345 0.38216684057266853 0.008061075543717777 0.010748100724957084
0 0.7528397565318926 0.3708216231407694 0.00925530895760204 0.01353464535735327
0 0.7592587611315196 0.48686130318984255 0.007762517190246712 0.013136567552725253
0 0.5825122158766706 0.5053719211050464 0.009553867311072963 0.010350022920328925
0 0.5462373759299407 0.5312469784058688 0.008658192250659908 0.010350022920328925
0 0.48652570523573496 0.4773074358787697 0.005672608715949537 0.008359633897188771
0 0.5381763003862229 0.44386890029001447 0.006269725422891597 0.006767322678676635
0 0.48503291346837984 0.48427379745976035 0.006269725422891667 0.007165400483304722
0 0.4807038173430499 0.5133334771976071 0.010748100724957013 0.011942334138841134
0 0.5702713233843586 0.6114596560384186 0.007165400483304722 0.011544256334212974
0 0.5931110374248922 0.6088721503083363 0.008061075543717705 0.011942334138841205
0 0.5445953049858501 0.6466895417479998 0.009553867311072892 0.00875771170181693
0 0.5789295156350184 0.6003134775088335 0.009553867311072892 0.012340411943469291
0 0.647597936933355 0.6488789696734542 0.006568283776362591 0.009951945115701051
0 0.6496878454076521 0.6743559491696486 0.005374050362478613 0.010748100724956942
0 0.7150721248178074 0.6667924708817158 0.008956750604130832 0.015525034380493423
0 0.5753468153933661 0.6950559950103066 0.006568283776362662 0.013136567552725182
0 0.5846021243509678 0.7434224482726133 0.008359633897188842 0.009553867311072963
0 0.5850499618811744 0.792386018241862 0.010449542371486018 0.011942334138841205
0 0.5420575589813462 0.8077120137200413 0.007463958836775717 0.011544256334212974
0 0.4904069638308583 0.8011437299436787 0.009255308957601897 0.014330800966609302
0 0.48980984712391623 0.7147608463393945 0.006269725422891667 0.00875771170181693
0 0.45861049918619373 0.6847059720899776 0.006568283776362662 0.013136567552725324
0 0.41472242122595254 0.7233195191388972 0.010150984018014952 0.011544256334212974
0 0.4553263572980124 0.6878905945270019 0.007165400483304651 0.015525034380493423
0 0.40904981251000294 0.5873759488584223 0.010748100724957013 0.011942334138841134
0 0.5048870439742033 0.626984690418912 0.00597116706942046 0.009155789506444877
0 0.6611829113670672 0.6601319689373868 0.006908788344783971 0.006579798423603904
0 0.6648840479803444 0.6134154001297988 0.0069087883447841135 0.010527677477766275
0 0.671198047370625 0.6086731925436517 0.006321500551602952 0.010060022383196098
