0 0.6334895875718858 0.5778468096697772 0.009314515855577257 0.013133013689959491
0 0.6134930080837673 0.47828955473723234 0.008506520589192709 0.011525274206090856
0 0.5775109820895725 0.6423040036801939 0.008274290296766493 0.010997235333478008
0 0.4216277440388997 0.7013075934516059 0.008172904120551215 0.010734105993200231
0 0.7377063751220703 0.3298840275517216 0.008949534098307291 0.012478863751446759
0 0.5960270563761393 0.6016526963975695 0.007812372843424478 0.010346024124710649
0 0.6994170930650498 0.39080371150264037 0.008913972642686632 0.012099739357277199
0 0.3121479776170519 0.4531982139304833 0.008594661288791232 0.012461174858940972
0 0.7703638712565105 0.42800038655598954 0.009066942003038194 0.01281653510199653
0 0.5717832565307617 0.16835372359664355 0.008026419745551214 0.012363236038773146
0 0.33680476082695854 0.467527672096535 0.006796879238552518 0.00879152086046007
0 0.5864225811428494 0.3832488589816623 0.00880572001139323 0.011962523283781829
0 0.6328636169433594 0.29856965806749136 0.007806566026475694 0.011003621419270833
0 0.4853379143608941 0.24434868141456886 0.007924567328559028 0.010016829879195601
0 0.4610896852281358 0.7365357010452835 0.008927196926540799 0.01238448531539352
0 0.585812505086263 0.406572582103588 0.008228725857204862 0.010808591489438657
0 0.6990441004435222 0.48521855672200526 0.007753456963433159 0.010427573875144676
0 0.6532601038614908 0.576058366563585 0.00829726325141059 0.011027978967737268
0 0.6595793618096245 0.7308783072012441 0.008791308932834202 0.011270819769965277
0 0.3625384249235894 0.6134140228379266 0.008537864685058594 0.01247394703052662
0 0.2899894926283094 0.2753310450801143 0.00787446763780382 0.011441068296079281
0 0.5418052461412217 0.6374024002640336 0.009083769056532118 0.012423366970486112
0 0.6087117724948459 0.32370197154857494 0.007956483629014757 0.01081065425166377
0 0.45894885592990453 0.3834205768726491 0.007890743679470485 0.01106168958875868
0 0.5387724134657117 0.20604021990740745 0.008170064290364583 0.011180538601345486
0 0.5588700824313694 0.2705912978560836 0.0072803497314453125 0.00976621839735243
0 0.3958414289686415 0.6770573368778935 0.007994333902994791 0.011380230938946759
0 0.436910883585612 0.3856710504602503 0.008353339301215278 0.01104829576280382
0 0.4952976014879015 0.3591525042498553 0.008084064059787326 0.011578538682725695
0 0.386355103386773 0.2684822506374783 0.007849502563476562 0.01024980898256655
0 0.4660672929551866 0.6073629026059753 0.007934400770399306 0.010875730161313657
0 0.669590950012207 0.492649671766493 0.008956358167860242 0.012253485785590278
0 0.34748103883531356 0.6051011827256945 0.007446861267089844 0.009336683485243056
0 0.48568619622124565 0.8039948640046296 0.008564843071831597 0.011736269350405093
0 0.40034364064534506 0.6045913131148726 0.008504952324761285 0.010875673647280093
0 0.4967400444878472 0.5336328577112268 0.007952541775173612 0.010640349211516204
0 0.4756997214423286 0.23238117783157913 0.006944317287868923 0.009705621224862558
0 0.31799336539374456 0.6567658600983798 0.007508447435167101 0.009401109483506944
0 0.4375770568847656 0.7006572016963253 0.0074460347493489586 0.009633043077256945
0 0.374815305074056 0.6906788013599536 0.007437176174587673 0.009952460394965277
0 0.5114483303493924 0.7536692584002459 0.008075714111328125 0.011545534487123843
0 0.24825501971774633 0.4396628768355758 0.009605683220757378 0.01288802535445602
0 0.47712317572699653 0.707016443323206 0.008084360758463542 0.010967452437789354
0 0.6655575135447933 0.6864110434008761 0.009641647338867188 0.013195292154947918
0 0.6490349663628473 0.5027797557689526 0.009275394015842015 0.011567179361979167
0 0.47579523722330724 0.17256605360243057 0.007854631212022569 0.011259403935185186
0 0.47627131144205725 0.13808508978949655 0.007703145345052082 0.010035564281322337
0 0.473406473795573 0.4288301679823133 0.00872039794921875 0.010819979067201968
0 0.6983272128634982 0.27406710871943724 0.007179938422309028 0.009240694399233218
0 0.25447229809231225 0.39950784753870083 0.008606105380588107 0.011676364474826388
0 0.49547153049045134 0.7241993091724537 0.007716284857855903 0.010673240379050925
0 0.4404425938924154 0.683212732385706 0.008370929294162326 0.011474044234664351
0 0.4401276058620877 0.33056649102105035 0.008143700493706597 0.01046741626880787
0 0.3569789356655545 0.6386510495786314 0.008014276292588976 0.011143606680410877
0 0.42166010538736975 0.48456929524739584 0.008069780137803819 0.011602105034722223
0 0.6320658577813042 0.6022098965115018 0.00748854743109809 0.009814396610966435
0 0.711279805501302 0.7493921067979601 0.008126322428385417 0.011448895489728009
0 0.28610912958780926 0.5508785954228155 0.00931436750623915 0.01241867630570023
0 0.33699160681830514 0.7234440556278935 0.008592817518446181 0.012789012767650463
0 0.5946514341566298 0.2786342762134693 0.008520211113823785 0.01258991382740162
0 0.2538230260213216 0.5724214907045718 0.008044730292426215 0.011180171260127315
0 0.5459248436821831 0.5102912620261865 0.010266621907552086 0.01291458695023148
0 0.4363081402248806 0.3586931864420573 0.008703909979926216 0.010657868561921297
0 0.43830172220865893 0.5105735778808593 0.007622612847222222 0.01084747314453125
0 0.31275386810302735 0.5338301199453848 0.00735134548611111 0.010342802824797454
0 0.7824815538194444 0.45848881756817855 0.00780792236328125 0.010780814841941551
0 0.5530971739027235 0.8143564577455874 0.007076221042209201 0.010097192834924768
0 0.4119701385498047 0.7618440416124131 0.007509443495008681 0.00946056224681713
0 0.467703119913737 0.5710587112991898 0.008203803168402777 0.010458034939236112
0 0.6332249535454644 0.31799668206108944 0.006659613715277778 0.00895151208948206
0 0.3004972563849555 0.28663841530128764 0.0078441407945421 0.009830277054398148
0 0.4219163046942817 0.5297986065899886 0.007774225870768228 0.009905440719039352
0 0.5207699245876736 0.49638417561848963 0.006429884168836806 0.008388378002025463
0 0.276225577460395 0.5882921854654948 0.008609983656141493 0.012253542299623842
0 0.5033456166585286 0.59697344744647 0.006435394287109375 0.010725346317997686
0 0.6029454500301885 0.41419586877402476 0.008594682481553819 0.011142674198857061
0 0.6334666146172417 0.8222217135959201 0.008493084377712673 0.012265240704571759
0 0.32810192108154296 0.5702130070439092 0.0068939208984375 0.008983753345630787
0 0.5263930002848307 0.6616769578721788 0.007402547200520834 0.01002361156322338
0 0.36857494778103295 0.44361254374186193 0.007689497205946181 0.009472119366681134
0 0.41468463473849826 0.5440297727231627 0.007628377278645833 0.011038038465711806
0 0.3994076834784614 0.19152680149784795 0.008162562052408855 0.011125451547128183
0 0.5666623645358615 0.6366646378128616 0.007680130004882812 0.01084815131293403
0 0.3870100657145183 0.40775998433430993 0.008292982313368056 0.010887626365379051
0 0.6071923223321771 0.352055914245031 0.008108944363064237 0.009480681242766204
0 0.5757007175021701 0.2437334131311487 0.008069780137803819 0.010395247847945604
0 0.6748450597127278 0.5673399748625578 0.00891253153483073 0.011224930374710649
0 0.28932853057518537 0.6255691401532159 0.007241990831163194 0.010285384566695602
0 0.32982041041056315 0.49879952889901624 0.008883857727050781 0.012097959165219907
0 0.32597392400105796 0.7194541366012007 0.008031060960557725 0.013122162995515047
0 0.3190523995293511 0.3366032635724103 0.00837508307562934 0.010532576949508104
0 0.45166494581434463 0.36730206807454424 0.007665846082899306 0.010532944290726274
0 0.6828143861558702 0.7680968955711082 0.007884258694118924 0.010972934299045138
0 0.5044990539550781 0.21821268576162833 0.007185194227430556 0.009730769969798901
0 0.4026535669962565 0.22399077238859952 0.007145478990342882 0.008756001790364584
0 0.5836595323350695 0.6815745600947628 0.008503384060329862 0.011164347330729164
0 0.6768999947441949 0.5698117291485821 0.00934460957845052 0.012330910011574074
0 0.509499274359809 0.5156614798086661 0.008217620849609374 0.010657472963686344
0 0.33789961073133684 0.40038166752567994 0.008704503377278646 0.012370921947337963
0 0.6177094353569879 0.5281829551414208 0.007467057969835069 0.010696467646846064
0 0.32173302968343104 0.7274813899287471 0.00763278537326389 0.009525609899450232
0 0.5865066528320313 0.7290253250687211 0.007440016004774306 0.010960331669560185
0 0.4112154430813259 0.5007980629249855 0.008339224921332464 0.012407486527054399
0 0.5545985327826606 0.18107403649224174 0.008985731336805556 0.011306098655418113
0 0.48411793993923874 0.5401913373866316 0.006325234307183161 0.009387715657552084
0 0.3910628424750434 0.7769618564181857 0.007511138916015625 0.010832779495804398
0 0.6830390294392905 0.5482689468948929 0.00831464131673177 0.012168206108940972
0 0.5446932474772135 0.1711362838745117 0.007910834418402778 0.010214869181315105
0 0.40291171603732645 0.7398352446379485 0.007711198594835069 0.011278675220630786
0 0.5126099219685262 0.2840203704535357 0.006433063083224827 0.00785262496383102
0 0.2921141412523058 0.6090018378363715 0.008019913567437066 0.010683412905092593
0 0.6208422141876405 0.797207466625869 0.008208380805121528 0.01048527470341435
0 0.5842981338500978 0.7814778928403502 0.008115259806315105 0.010600506817853008
0 0.5435006671481662 0.8461979618778934 0.007910707261827257 0.012955842194733795
0 0.30560154185307603 0.48026863760158933 0.00755352634281703 0.010509254042180132
0 0.2602803837961739 0.41414791425287206 0.010837668230998361 0.010509254042180274
0 0.28195572025817056 0.36576155710033403 0.00886718309808952 0.01007136845708942
0 0.2990332580767134 0.3631342435897891 0.009524011475725765 0.009195597286907784
0 0.3226790796716189 0.3589743305314261 0.0095240114757258 0.013136567552725253
0 0.33039681310884494 0.3640100147599707 0.005911455398726418 0.009195597286907713
0 0.4916481798185475 0.42268668316214353 0.007881940531635222 0.011822910797452693
0 0.36110353976334025 0.38568535122196734 0.007553526342817065 0.011385025212361838
0 0.48639355279745744 0.45093030340050283 0.008538768909271468 0.01401233872290689
0 0.44189343021260075 0.45487127366632035 0.010180839853362116 0.012260796382543546
0 0.44829750689455417 0.4618774430277739 0.0059114553987262754 0.010509254042180203
0 0.4561794474261893 0.4500545322303212 0.007225112153998836 0.012260796382543546
0 0.3788379059595194 0.5216488253926739 0.008867183098089483 0.010947139627271127
0 0.5271169122109057 0.37408138321706 0.009195597286907642 0.010947139627271056
0 0.542716586179767 0.35196816116997254 0.008210354720453238 0.009633482871998566
0 0.5509269409002203 0.3545954746805176 0.00821035472045331 0.009633482871998495
0 0.5528974260331291 0.34255362109051946 0.007553526342817065 0.010947139627270985
0 0.5085615105426813 0.33204436704833923 0.00689669796518082 0.010947139627270985
0 0.5187423503960433 0.30204920446961653 0.00821035472045338 0.009633482871998566
0 0.5266242909276786 0.2967945774485264 0.007553526342817065 0.012260796382543546
0 0.5660339935858544 0.2994218909590715 0.008867183098089483 0.010509254042180166
0 0.5082330963538632 0.2735866414387118 0.008210354720453238 0.010509254042180203
0 0.5018290196719096 0.2617637306412591 0.007881940531635222 0.011385025212361838
0 0.4441923295343275 0.259136417130714 0.007553526342817065 0.01226079638254351
0 0.4635687666745973 0.2459998495779888 0.00689669796518082 0.012260796382543617
0 0.4640613879578245 0.23614742391344481 0.00788194053163508 0.0126986819676344
0 0.44090818764614625 0.21556680141417522 0.008210354720453238 0.012698681967634436
0 0.37046334414465704 0.2378989662538082 0.009195597286907642 0.0126986819676344
0 0.5172644865463617 0.22717076941908254 0.007881940531635151 0.012260796382543581
0 0.5113530311476354 0.21359631628126644 0.007225112153998907 0.0070061693614534805
0 0.5133235162805443 0.2070280325049038 0.006568283776362662 0.008757711701816823
0 0.4895134875912297 0.21928882888744738 0.012151324986270851 0.010509254042180166
0 0.5650487510194 0.22082142843526537 0.006896697965180607 0.011822910797452764
0 0.46307614539137004 0.13214959745436983 0.0059114553987263466 0.010509254042180203
0 0.46948022207332357 0.17834652668145368 0.01083766823099829 0.013574453137816108
0 0.582783117215579 0.19564300729254192 0.00689669796518082 0.012260796382543581
0 0.5885303655198963 0.2026491766539954 0.008538768909271468 0.010509254042180203
0 0.6312242100662534 0.1588606181449112 0.008538768909271539 0.012260796382543564
0 0.632702073915935 0.17987912622927163 0.006239869587544505 0.013136567552725253
0 0.5786779398553523 0.21731834375453862 0.008538768909271396 0.01007136845708935
0 0.6387777364090705 0.4018871178703286 0.009852425664543958 0.012260796382543689
0 0.6474807124127508 0.4115206007423271 0.008867183098089555 0.012260796382543617
0 0.5908292648416231 0.4620963858203193 0.008538768909271468 0.013574453137816179
0 0.5860672591037603 0.45399550249613874 0.008867183098089555 0.01138502521236191
0 0.7051174025503331 0.4691025551817728 0.009852425664543887 0.010071368457089279
0 0.5965765131459406 0.4152426282155992 0.00558304120990826 0.008319826116726006
0 0.7561858089115526 0.5255897956584914 0.007553526342816923 0.010071368457089492
0 0.6932944917528804 0.5131100564834025 0.006568283776362733 0.009633482871998495
0 0.6980564974907434 0.5181457407119471 0.005583041209908117 0.01007136845708935
0 0.7031469174174242 0.523838253318128 0.0052546270210901014 0.008319826116725864
0 0.6606172799654764 0.5223056537703101 0.007553526342816923 0.009633482871998637
0 0.5903366435583962 0.5139858276535841 0.00821035472045331 0.009633482871998637
0 0.6110267374539384 0.5325959650199449 0.008867183098089555 0.012698681967634257
0 0.6290895178389356 0.5334717361901267 0.008210354720453238 0.014450224307997814
0 0.722194940368876 0.5509871595937603 0.008538768909271396 0.01269868196763447
0 0.7609478146494155 0.5709109537153936 0.008538768909271396 0.01663965223345187
0 0.7597983649885519 0.5501113884235785 0.00821035472045338 0.0126986819676344
0 0.6103699090763022 0.6094448852033876 0.01083766823099829 0.014888109893088596
0 0.562749851697673 0.5726624960557569 0.010180839853362187 0.01138502521236198
0 0.6103699090763021 0.5481409032906698 0.007553526342817065 0.009633482871998637
0 0.6080710097545752 0.5533955303117599 0.006239869587544505 0.00875771170181686
0 0.5446870713126757 0.5901779194593906 0.0062398695875444336 0.007881940531635151
0 0.5116814453364534 0.6359369631013836 0.007225112153998907 0.014450224307997743
0 0.5169360723575437 0.6306823360802934 0.005911455398726418 0.009195597286907642
0 0.6468238840351147 0.6744708945893777 0.009524011475725729 0.01007136845708942
0 0.7131635501763773 0.6784118648551953 0.006239869587544575 0.0126986819676344
0 0.7506027677016442 0.680820235573195 0.008210354720453238 0.010509254042180345
0 0.7504385606072351 0.6930810319557384 0.007225112153998907 0.008757711701816788
0 0.7432134484532363 0.6924242035781023 0.004597798643453785 0.008319826116725864
0 0.7407503420371003 0.5463893609503063 0.007553526342816923 0.00875771170181686
0 0.48934928049682064 0.6057228577301155 0.009852425664543887 0.011822910797452693
0 0.6217001985905277 0.7035902859979188 0.006568283776362662 0.00875771170181693
0 0.6061005246216664 0.7005250869022828 0.006239869587544575 0.008757711701816788
0 0.6024879685446669 0.702714514827737 0.00558304120990826 0.007881940531635222
0 0.6047868678663939 0.7237330229120974 0.006896697965180678 0.009633482871998354
0 0.6102057019818931 0.7105964553593722 0.004597798643453856 0.007006169361453516
0 0.6161171573806193 0.7250466796673699 0.005911455398726418 0.010509254042180203
0 0.6909955924311535 0.7346801625393684 0.00788194053163508 0.00875771170181693
0 0.5484638344840843 0.7975167439999044 0.008538768909271539 0.010947139627271127
0 0.555196325354856 0.7902916318459055 0.00821035472045331 0.01138502521236191
0 0.40314055593206105 0.7716814944795446 0.00821035472045331 0.011822910797452835
0 0.4310557619816022 0.6703109815310149 0.007553526342817065 0.009633482871998495
0 0.4458344004784182 0.6486356450690179 0.009524011475725657 0.0126986819676344
0 0.3973933076277437 0.7410295035231858 0.007881940531635151 0.011822910797452693
0 0.4108582893692872 0.7467220161293666 0.009195597286907784 0.011822910797452835
0 0.30724361279716667 0.549235617253397 0.010837668230998325 0.009195597286907642
0 0.2924649743003508 0.6381263910268378 0.006239869587544469 0.009195597286907713
0 0.29016607497862384 0.643381018047928 0.00821035472045331 0.011822910797452764
0 0.35190794247643253 0.5954325464804807 0.006896697965180678 0.007881940531635151
0 0.35601311983665923 0.5888642627041181 0.005911455398726418 0.007006169361453516
0 0.3675076164452939 0.6055039149375702 0.0059114553987263466 0.010509254042180203
0 0.4445207437231457 0.5842664640606643 0.007553526342817065 0.01269868196763447
0 0.5005153629166371 0.5527387019341237 0.0052546270210901014 0.007444054946544369
0 0.34304075937834305 0.4566228160066838 0.010837668230998361 0.009633482871998566
0 0.38622722520792735 0.30927431662361543 0.007881940531635151 0.010947139627271021
0 0.3857346039247001 0.3175941427403414 0.006239869587544575 0.007444054946544298
