0 0.5443053483963013 0.18029290040334064 0.009457921981811524 0.012915054957071938
0 0.7441264867782593 0.35395326614379885 0.009106969833374024 0.012196731567382813
0 0.6788284063339234 0.44629734357198075 0.00841507911682129 0.011487611134847005
0 0.5776688098907471 0.5344454924265544 0.009203433990478516 0.011483287811279297
0 0.5038049459457398 0.6395198822021484 0.008520746231079101 0.011305999755859376
0 0.26146824359893794 0.5273438453674316 0.010353517532348634 0.013780021667480468
0 0.5295077323913574 0.5135862032572429 0.009223651885986329 0.012848472595214844
0 0.3653896450996399 0.23838926156361898 0.008477520942687989 0.01121350924173991
0 0.48338994979858396 0.7512776374816894 0.00832366943359375 0.010474586486816406
0 0.47977163791656496 0.8004060745239258 0.008299970626831054 0.01055437723795573
0 0.3847688317298889 0.70766019821167 0.008693289756774903 0.01194413503011068
0 0.5855275392532349 0.3180745919545491 0.008413362503051757 0.01078189214070638
0 0.5064135551452636 0.2988269646962484 0.008063983917236329 0.011240291595458984
0 0.3495245218276978 0.2697353760401408 0.008231687545776366 0.0099852720896403
0 0.7542170763015748 0.5080024719238281 0.00819849967956543 0.011355908711751302
0 0.42976393699646 0.20662978490193684 0.0099853515625 0.014195632934570313
0 0.4803847997600787 0.8388167447372531 0.008425140380859375 0.010586039225260418
0 0.40446789264678956 0.22237857182820636 0.007557725906372071 0.010642433166503906
0 0.41880676746368406 0.2579482952753703 0.009179162979125976 0.012094799677530925
0 0.4308715105056763 0.5222564379374187 0.008764123916625977 0.01133575439453125
0 0.293650758266449 0.6692670504252115 0.009152531623840332 0.010418383280436198
0 0.4502730846405029 0.11345354318618775 0.009668254852294922 0.013589787483215331
0 0.4668028116226196 0.5455114682515463 0.00800776481628418 0.009973971048990886
0 0.579027795791626 0.49276275634765626 0.007813072204589844 0.00966033935546875
0 0.2814901709556579 0.5077967643737794 0.008186554908752442 0.01072069803873698
0 0.5326222181320192 0.8043466250101724 0.008349084854125976 0.011167335510253906
0 0.6321656703948975 0.3829094568888347 0.00858306884765625 0.011371866861979168
0 0.6873557329177856 0.520319700241089 0.007611608505249024 0.010514990488688153
0 0.5696372270584106 0.6043524742126466 0.008610200881958009 0.010767428080240886
0 0.6860252618789673 0.4149833997090658 0.009777212142944336 0.012873522440592448
0 0.5432491302490233 0.7899163881937663 0.007848834991455078 0.011062812805175782
0 0.5347620487213134 0.6069356600443522 0.008294010162353515 0.01156915028889974
0 0.6132767200469971 0.5048530419667562 0.008917617797851562 0.010504055023193359
0 0.38616232872009276 0.5019298394521077 0.008443117141723633 0.011617310841878255
0 0.5228098869323731 0.5379330158233643 0.008393383026123047 0.012519486745198568
0 0.6285584688186645 0.6391662915547689 0.008853387832641602 0.010828081766764324
0 0.529166316986084 0.6897820154825847 0.009521293640136718 0.012420272827148438
0 0.3966174602508545 0.5613034884134929 0.00867929458618164 0.011410331726074219
0 0.46554543972015383 0.6304009437561036 0.007660627365112305 0.01011244455973307
0 0.6636065483093262 0.3060180028279622 0.007742118835449219 0.011342684427897133
0 0.5024890184402466 0.8005832354227702 0.008982038497924805 0.01117242177327474
0 0.5223180294036864 0.2957474549611409 0.007355594635009765 0.009950796763102213
0 0.49430820941925047 0.17285365263621014 0.007800626754760742 0.0104706605275472
0 0.6131122589111329 0.4330806891123454 0.00810384750366211 0.010580348968505859
0 0.5167294502258302 0.46072165171305335 0.0091644287109375 0.011848258972167968
0 0.4745175838470459 0.5298892656962076 0.008610343933105469 0.010727119445800782
0 0.7637782539734321 0.5272633143616191 0.008332157135009765 0.011324850718180339
0 0.45763838291168213 0.8100601832071939 0.008338212966918945 0.01108843485514323
0 0.623304557800293 0.804909578959147 0.008705425262451171 0.011487452189127605
0 0.6109404773805266 0.3915360069462356 0.007701444625854492 0.011968167622884114
0 0.6755492448806762 0.21572767098744708 0.011346864700317382 0.014876381556193035
0 0.5576606512069702 0.534982935587565 0.008794450759887695 0.01187909444173177
0 0.5302441835403442 0.5734565099080403 0.010462141036987305 0.013155110677083333
0 0.3818189024925232 0.7370672225952148 0.008780169486999511 0.010267257690429688
0 0.7345212221145629 0.2987586975097656 0.007960176467895508 0.010875956217447918
0 0.3418783187866211 0.5446645100911459 0.009267330169677734 0.011912027994791664
0 0.6637056112289429 0.7203097979227701 0.008333253860473632 0.0107357660929362
0 0.6756834030151367 0.6141255696614584 0.008835792541503906 0.011234410603841146
0 0.27072566747665405 0.5852622350056966 0.010193133354187011 0.01335779825846354
0 0.2668829321861267 0.41358955701192224 0.008489537239074706 0.011461416880289711
0 0.40435359477996824 0.7565481821695964 0.006806230545043946 0.009839757283528646
0 0.431460008118542 0.7914490699768066 0.008420515060424804 0.010838254292805988
0 0.5538674831390381 0.29525683720906576 0.008053970336914063 0.009520912170410156
0 0.34161057472229006 0.2412054220835368 0.008693838119506836 0.011719417572021485
0 0.46840788356677976 0.5588435990904829 0.0085463285446167 0.010435104370117188
0 0.5897606611251832 0.8067005157470701 0.008709096908569336 0.011743799845377606
0 0.5657295465469361 0.5547945976257325 0.009174203872680664 0.012299919128417968
0 0.44022488594055176 0.5969034512837728 0.00864114761352539 0.01108379364013672
0 0.5525007963180542 0.270559287071228 0.00809788703918457 0.010853242874145509
0 0.36649169921875 0.29925324122111 0.00822305679321289 0.011096509297688802
0 0.3807377436922878 0.5230687414080749 0.00891890525817871 0.011090977986653644
0 0.6315415620803833 0.4138526280721029 0.00934901237487793 0.013528505961100258
0 0.5374615192413331 0.4529709339141846 0.010188961029052734 0.012873427073160809
0 0.36016230583190917 0.7244224230448405 0.00890040397644043 0.011533292134602864
0 0.41331043243408205 0.2903174877166748 0.00898294448852539 0.012112013498942057
0 0.37261017927394036 0.5620151238382417 0.006568283776362662 0.007444054946544298
0 0.36226513232616925 0.5497543274556983 0.006239869587544505 0.008319826116726006
0 0.40134642079552696 0.6082120530653257 0.00558304120990826 0.007006169361453516
0 0.40085379951229977 0.6141235084640521 0.0052546270210901014 0.008319826116725935
0 0.40692946200543517 0.6123719661236886 0.006896697965180678 0.008319826116726077
0 0.316615560080449 0.6887830007220407 0.00689669796518082 0.007006169361453516
0 0.32433329351767504 0.6815578885680418 0.006568283776362591 0.009195597286907784
0 0.2969107087513611 0.6609772660687722 0.008210354720453275 0.010071368457089279
0 0.32958792053876523 0.6868125155891319 0.009852425664543958 0.00919559728690757
0 0.536324652399779 0.5607014670829693 0.008867183098089483 0.011822910797452835
0 0.3494569789622622 0.5173507941589759 0.007553526342816994 0.010071368457089207
0 0.25438107129941306 0.44619438658171406 0.010509254042180166 0.012260796382543689
0 0.2576652131875944 0.4341525329917159 0.009195597286907678 0.0126986819676344
0 0.2501116868447773 0.42320539336444485 0.009195597286907749 0.010947139627271056
0 0.23878139733055181 0.4035005420353569 0.00952401147572587 0.011822910797452764
0 0.25158955069445893 0.3481080155213654 0.010837668230998361 0.010509254042180274
0 0.26735343175772924 0.3531436997499101 0.00558304120990826 0.011822910797452835
0 0.26177039054782103 0.47443800682007337 0.006239869587544505 0.009195597286907642
0 0.27260805877881933 0.46808866583625613 0.0055830412099081884 0.006130398191271809
0 0.27622061485581884 0.47246752168716455 0.0055830412099081884 0.006130398191271809
0 0.2648903253415933 0.4637098099853478 0.006568283776362626 0.012260796382543546
0 0.4184239586140698 0.4691833797989833 0.006239869587544575 0.009195597286907713
0 0.5003632987241936 0.4422534163158966 0.009195597286907713 0.009633482871998566
0 0.5210533926197358 0.3982459150142668 0.007881940531635151 0.013574453137816037
0 0.5368172736830062 0.39780802942917604 0.007225112153998907 0.0126986819676344
0 0.5092304818222833 0.3916776312379042 0.005911455398726418 0.007444054946544298
0 0.5062747541229199 0.3866419470093595 0.005911455398726418 0.007881940531635222
0 0.49954226325214823 0.3820441483659057 0.0062398695875444336 0.007444054946544227
0 0.2676818459465474 0.3089172556557351 0.010837668230998361 0.009195597286907678
0 0.40183904207875415 0.26644235390192345 0.007225112153998907 0.010071368457089384
0 0.3538905705113069 0.23973133321138204 0.008538768909271468 0.010947139627271056
0 0.4478170285132926 0.27607583677392195 0.009852425664543958 0.00831982611672597
0 0.5791827040405451 0.3393503038195486 0.007225112153998907 0.010509254042180274
0 0.3885382674316198 0.18083572201666379 0.006896697965180891 0.01138502521236191
0 0.5077526179726015 0.1475564175497598 0.005583041209908117 0.011385025212361892
0 0.49330239366460377 0.14733747475721437 0.008210354720453238 0.009195597286907713
0 0.5648966868269565 0.17908417967630044 0.00689669796518082 0.015763881063270303
0 0.6286090394576739 0.16616655491612056 0.005583041209908117 0.006568283776362662
0 0.6254891046639017 0.1703264679744836 0.005254627021090244 0.009633482871998531
0 0.6368193941781273 0.16616655491612062 0.0049262128322720145 0.008319826116726006
0 0.6399393289718995 0.1631013558204847 0.004597798643453785 0.007444054946544298
0 0.6350131161396275 0.15521941528884955 0.005911455398726418 0.007444054946544334
0 0.6389540864054452 0.15324893015594074 0.006568283776362591 0.007006169361453462
0 0.635998358706082 0.14558593241685103 0.0059114553987262754 0.008319826116726024
0 0.6491349262588073 0.153905758533577 0.0052546270210901014 0.007444054946544334
0 0.7149819711168428 0.25330578634919815 0.007553526342816923 0.01269868196763447
0 0.6952771197877547 0.3238053655488238 0.008210354720453238 0.014450224307997708
0 0.6895298714834374 0.34197761733009363 0.008538768909271396 0.00875771170181693
0 0.6141588151496763 0.39977851456208485 0.006896697965180749 0.009633482871998495
0 0.5844373310616353 0.482538890144254 0.007881940531635151 0.01138502521236191
0 0.6417456070103992 0.47443800682007337 0.00952401147572587 0.011822910797452764
0 0.766050377478062 0.3914586884453588 0.007225112153998907 0.007881940531635151
0 0.7693345193662434 0.39649437267390353 0.006568283776362591 0.009195597286907642
0 0.7716334186879703 0.40218688528008445 0.007225112153998907 0.007444054946544369
0 0.778037495369924 0.4048141987906295 0.006239869587544575 0.007444054946544369
0 0.7663787916668803 0.41970230868371816 0.007881940531635222 0.01007136845708935
0 0.6772143394027574 0.5261085058607928 0.006896697965180891 0.011822910797452764
0 0.706114788018753 0.5607014670829693 0.0062398695875444336 0.008319826116726148
0 0.695933948165391 0.5517248125886071 0.00558304120990826 0.007881940531635222
0 0.7016811964697084 0.549097499078062 0.0065682837763624494 0.00875771170181686
0 0.695933948165391 0.5418723869240631 0.007553526342817065 0.009195597286907642
0 0.7005317468088448 0.5296115905415195 0.0062398695875444336 0.009195597286907642
0 0.6898582856722555 0.5280789909937016 0.00919559728690757 0.007006169361453445
0 0.7571831943799725 0.4656802951182566 0.006568283776362591 0.011822910797452693
0 0.6369836012725364 0.6182834215224149 0.00525462702109003 0.007881940531635222
0 0.5484759773860499 0.7130856506945824 0.009524011475725942 0.008319826116726006
0 0.5466696993475502 0.7198728772634905 0.008538768909271539 0.009633482871998495
0 0.6763933039307122 0.6995111975567662 0.007225112153998765 0.010947139627271127
0 0.5627619945996386 0.8335041865945638 0.009852425664543958 0.010071368457089279
0 0.4893614233987863 0.8159887631909303 0.0095240114757258 0.010947139627270985
0 0.48821197373792274 0.8411671843336537 0.005911455398726418 0.007881940531635222
0 0.4097209826103893 0.8063552803189316 0.008538768909271396 0.0126986819676344
0 0.40939256842157123 0.7969407402394785 0.008538768909271468 0.012260796382543475
0 0.3990475214738 0.771762319096755 0.010837668230998361 0.010071368457089279
0 0.5724502131697735 0.6990733119716753 0.008867183098089555 0.010071368457089279
0 0.31464507494754024 0.7043279389927654 0.007553526342817101 0.008319826116726148
