0 0.779817623562283 0.4291800746211299 0.008549669053819445 0.011283224600332755
0 0.36837329864501955 0.47724743595829716 0.008626005384657118 0.012188183819806136
0 0.5792389975653753 0.2832943951642072 0.007942496405707464 0.009953816731770834
0 0.6055912017822266 0.592095805980541 0.0088043212890625 0.011929490831163195
0 0.5491063012017144 0.4299715677897135 0.009039560953776041 0.01151190863715278
0 0.3738400353325737 0.3206654160111039 0.007595740424262153 0.010610029432508682
0 0.5079555299546984 0.5051634611906828 0.00936325920952691 0.012147691514756944
0 0.6227141274346245 0.5925904450593171 0.00866711934407552 0.011748024269386575
0 0.5477814568413628 0.4667480610035084 0.009614054361979167 0.012831313521773725
0 0.3208500756157769 0.3966243320041233 0.008423360188802083 0.012009797272858795
0 0.5430564880371094 0.27246209603768806 0.008502536349826388 0.01233989574291088
0 0.5784093856811523 0.6006831698947483 0.00812178717719184 0.010769031665943287
0 0.301371521419949 0.5071518226906104 0.008375231424967449 0.012071793167679399
0 0.5249484592013889 0.4889814588758681 0.008608330620659722 0.012847335250289351
0 0.5769532945421006 0.24439765082465278 0.008292982313368056 0.011684559009693287
0 0.6883518430921767 0.7627199526186343 0.007864083184136285 0.010838600441261574
0 0.44815529717339414 0.17140770664921512 0.00702328152126736 0.00948321024576823
0 0.7666667938232422 0.34372787475585936 0.00814115736219618 0.010752077455873843
0 0.45822173224555124 0.7630304689760561 0.007486046685112847 0.00895538330078125
0 0.39477104610866964 0.7292555349844474 0.0073596106635199655 0.011069686324508101
0 0.6739045249091256 0.22972407870822484 0.008418061998155382 0.011342649106626157
0 0.7374028947618274 0.42071814360441984 0.0076062520345052086 0.010074106852213542
0 0.4859521018134223 0.7184184039080584 0.0073816511366102434 0.009003646285445602
0 0.5140382130940756 0.3600769325538918 0.008131663004557291 0.011100090874565972
0 0.544200939602322 0.4097940233018663 0.008430735270182291 0.012445690013744213
0 0.35815363989935983 0.5021410059045862 0.008385679456922743 0.01212299488208912
0 0.7509082794189453 0.5775363498263889 0.008999549018012153 0.011915418836805556
0 0.4403169420030382 0.19615327340585215 0.008104536268446181 0.009607668276186343
0 0.3679515414767795 0.34431607281720195 0.007485792371961806 0.010915007414641204
0 0.39982761806911893 0.5746760050455729 0.010404544406467013 0.01384593822337963
0 0.5531872431437175 0.3413792786774812 0.008492490980360243 0.012265608045789932
0 0.3748235702514649 0.780543800636574 0.00804032219780816 0.010898166232638888
0 0.6504468282063801 0.6123840049461082 0.00837766859266493 0.011986456976996528
0 0.6138845019870334 0.6748480337637441 0.007206090291341147 0.010888332790798611
0 0.3204794459872776 0.57674885502568 0.00820717281765408 0.010800792552806714
0 0.34506372875637475 0.6670527140299479 0.006518321567111545 0.009868932653356482
0 0.47966016133626305 0.7904513041178386 0.008484056260850694 0.011754749439380787
0 0.48238720364040794 0.48074309737594034 0.009167226155598958 0.011420186360677083
0 0.5025470733642579 0.8394490559895833 0.007569715711805556 0.010832609953703705
0 0.4946273379855686 0.6797874450683594 0.008030531141493056 0.011156604908130786
0 0.5396394093831381 0.3164322040699146 0.008562554253472222 0.011982472737630208
0 0.38373563554551865 0.5050214414243345 0.006963221232096354 0.008668461552372685
0 0.5844461864895291 0.2671391805013021 0.008570988972981771 0.011892756709346065
0 0.6408539877997503 0.3812699353253399 0.009194988674587673 0.012348796703197338
0 0.34716114468044706 0.43652082372594764 0.007439507378472222 0.010561540391710068
0 0.5135855780707465 0.30939593844943575 0.006947496202256944 0.009198280617042824
0 0.4361245420788368 0.5081962350331044 0.006806140475802951 0.010323701081452545
0 0.47350542280409075 0.35770679050021703 0.008738920423719617 0.01087188720703125
0 0.4249367819892036 0.7314909475821035 0.00892872280544705 0.011715528700086806
0 0.7943315294053819 0.5468524509006076 0.009977552625868056 0.012812861689814815
0 0.4409940507676866 0.1627006248191551 0.008105807834201388 0.009957829228153935
0 0.5775348451402452 0.39841633549442995 0.00749524434407552 0.010977737991898148
0 0.41471466488308373 0.3216936040807653 0.008026843600802951 0.011869557698567708
0 0.46984182993570967 0.14838345139114945 0.008470196194118923 0.011344160857024017
0 0.43440047370062934 0.7591518543384693 0.008413272433810765 0.010738288031684027
0 0.6019623650444879 0.5360000610351562 0.008295271131727431 0.011203342013888888
0 0.2718761126200358 0.399102641918041 0.007421006096733941 0.010851259584780093
0 0.39657209184434683 0.7612807379828559 0.008009041680230035 0.010564337836371528
0 0.46754817962646483 0.1631442599826389 0.007907909817165798 0.010536052562572338
0 0.701268916659885 0.3972596345124421 0.008208931816948786 0.01171123363353588
0 0.5078506257798936 0.6049146864149305 0.009142684936523437 0.011645846896701388
0 0.4318662431504991 0.23668071605541086 0.006427001953125 0.009371778700086805
0 0.5021046532524955 0.5813000431767216 0.007437811957465278 0.009793147334346065
0 0.4219033983018663 0.418779147112811 0.008622487386067709 0.012467758743851275
0 0.3597240236070421 0.5913285432038484 0.008723068237304687 0.0111602783203125
0 0.2942742983500163 0.5325558415165653 0.007982359992133247 0.010219715259693287
0 0.2912258360120985 0.7132310937952111 0.007842169867621528 0.010299513075086806
0 0.396581776936849 0.5038316797327113 0.008618248833550347 0.008981831868489583
0 0.7919038984510633 0.5311568366156684 0.008858150906032987 0.011452173303674769
0 0.729417249891493 0.4048620435926649 0.007631937662760418 0.00951385498046875
0 0.4587596893310547 0.2020981753313983 0.007968054877387153 0.011130905151367188
0 0.7127810796101888 0.4848541259765625 0.00845476786295573 0.01129828559027778
0 0.6139890670776367 0.4893225775824653 0.008349651760525174 0.011700100368923612
0 0.4262282265557183 0.45628872624150035 0.010077879163953994 0.013514963785807292
0 0.3720840030246311 0.37881444295247396 0.008177269829644097 0.010927101417824074
0 0.6602309544881184 0.2416808163678205 0.008727730645073786 0.012559579919885705
0 0.7382029215494792 0.32878348739058877 0.007544453938802083 0.01195031625253183
0 0.44652818044026693 0.44837883843315973 0.008351347181532118 0.011077598289207175
0 0.33027258978949653 0.5659510294596354 0.007815763685438367 0.009358158817997685
0 0.2988439242045085 0.26230536566840273 0.00798897213406033 0.010180155436197914
0 0.6107606550096767 0.3082104830150876 0.006807369656032986 0.009087498982747395
0 0.6188105477227105 0.3840171813964844 0.008171632554796008 0.010074191623263888
0 0.6001206747421328 0.42117211956764555 0.006222746107313369 0.009411395037615742
0 0.5257457309299045 0.5766529789677373 0.007475535074869793 0.009736237702546295
0 0.3588905228508843 0.45203105785228587 0.008894962734646267 0.011886427137586806
0 0.6578255797111611 0.1697084088528633 0.008731714884440104 0.011260237517180267
0 0.5173145082261827 0.13449975472909434 0.009050708346896702 0.011693149142795138
0 0.6698721143934462 0.19339993794759114 0.007288869222005208 0.010816362169053819
0 0.6231321758694119 0.7317569308810764 0.007024425930447048 0.01077892162181713
0 0.33237031124345434 0.26434254815649433 0.006966548495822482 0.008821699354383681
0 0.5226691351996527 0.7038119280779803 0.007227071126302084 0.0096282958984375
0 0.3614329704904464 0.6656731286912526 0.007545471191406249 0.010813282154224536
0 0.345232559403858 0.23321519386362188 0.0078887939453125 0.01020191333912037
0 0.482861328125 0.3810764595314308 0.008727603488498263 0.011472546612774885
0 0.39893722534179693 0.704522959391276 0.008736504448784722 0.010524778012876157
0 0.4176339891221788 0.6323284855595341 0.009089575873480903 0.011736438892505786
0 0.7309713575575087 0.6589094373914931 0.00872039794921875 0.011302580656828704
0 0.3523105701457771 0.41119264477689144 0.008056068420410156 0.010376343903718171
0 0.40876452128092444 0.7444009568956163 0.008275349934895834 0.010201630768952545
0 0.7182917700873481 0.6962082474320023 0.008648257785373264 0.01166732222945602
0 0.5995707617865669 0.7975037751374421 0.007379319932725694 0.012032628942418981
0 0.47544780307345924 0.19729841726797598 0.006050194634331597 0.007963166413483797
0 0.5345092561509874 0.8659662882486979 0.007047483656141493 0.009767885561342593
0 0.6633517371283638 0.4757253152352792 0.009150017632378472 0.012894778781467013
0 0.3676232443915473 0.6895048070836951 0.0061444176567925345 0.007847143102575232
0 0.28528292973836267 0.4633831165455005 0.007627974616156684 0.01027877242476852
0 0.25640070173475477 0.6154322588885272 0.007965850830078124 0.010828258373119213
0 0.3131716516282823 0.2357606393319589 0.009018304612901476 0.010845551667390046
0 0.3874087227715386 0.43876458627206305 0.00831709967719184 0.012593587239583336
0 0.2794285032484266 0.6943794815628617 0.008011500040690104 0.009433265968605324
0 0.5374395957612526 0.5254215832248122 0.0065270741780598905 0.011711664480460118
0 0.3071696493360731 0.7068127102322047 0.007932175530327691 0.009718153211805556
0 0.31299005945913944 0.41363289799829595 0.007789336310492622 0.010123980486834489
0 0.5178405549791124 0.7927672209563079 0.00925644768608941 0.01140679253472222
0 0.6302508248223199 0.35091417100694444 0.00990155537923177 0.012869093153211806
0 0.6171521156397705 0.8539954008879487 0.007377200656467015 0.009545954951533564
0 0.6734473470813123 0.4627328720889034 0.007782702975802952 0.010980026810257525
0 0.4685096528795031 0.4767461564805772 0.007948515150282118 0.011668254711009837
0 0.7598896026611328 0.39402462994610815 0.009226904975043403 0.011786397298177083
0 0.5393078909979927 0.21479894849989148 0.008228937784830729 0.011819627549913194
0 0.6660887824164496 0.5099207560221354 0.009680430094401041 0.011167173032407407
0 0.38125150468614366 0.2755952058015046 0.00800887213812934 0.011027583369502315
0 0.6149432288275825 0.46235992996780956 0.008123016357421875 0.01223189742476852
0 0.6907599767049155 0.3506875497323495 0.009929784138997396 0.012791668927228009
0 0.5327936481434898 0.2977057305731865 0.008414967854817709 0.010096345124421296
0 0.26658168972338425 0.6431293348842638 0.007431027850387899 0.009908037133850484
0 0.2611176986569225 0.6064113149176414 0.008742385706338602 0.012239339988874037
0 0.24800412009741454 0.5481287435420503 0.007868147135704788 0.011073688561362545
0 0.3050481868312743 0.5484201563989282 0.011802220703557182 0.011656514275118397
0 0.3042660684406039 0.5135469484022936 0.009753901407898447 0.011078505302798192
0 0.2769912700592581 0.5092118811098943 0.006502600938598953 0.008188460441198728
0 0.24411700975856312 0.47284548326809994 0.0072251121539988715 0.009633482871998566
0 0.22966678545056532 0.47067794962190024 0.006502600938598988 0.01589524673879758
0 0.38663234699619126 0.5145102966894934 0.009753901407898481 0.010115157015598513
0 0.4361243652510837 0.5186045269100928 0.008308878977098715 0.0125235277335981
0 0.4420850827781328 0.5128244371868937 0.005780089723198998 0.009633482871998495
0 0.43955629352423314 0.49813337580709605 0.006502600938598988 0.0081884604411988
0 0.4382918988972834 0.4935574714428968 0.009753901407898552 0.008670134584798674
0 0.44353010520893266 0.5080076957508944 0.007225112153998836 0.008670134584798674
0 0.46610858069017913 0.53714898143869 0.009031390192498634 0.012041853589998083
0 0.5221031998836705 0.563881896408486 0.01119892383869825 0.013486876020797994
0 0.5701501957077632 0.4150445860361088 0.008308878977098644 0.010596831159198388
0 0.5676214064538635 0.5988032718194806 0.009031390192498634 0.011078505302798334
0 0.32630266051030055 0.485369011001698 0.009031390192498634 0.009633482871998495
0 0.2966797006789051 0.4210655128311078 0.006863856546298948 0.009151808728398549
0 0.24086570928926362 0.3810865589123139 0.005057578507799257 0.007225112153998907
0 0.3510486696377468 0.3731389355429153 0.007947623369398827 0.009633482871998495
0 0.40650140541968827 0.3822907442713138 0.008308878977098644 0.010596831159198388
0 0.4207710019238361 0.4131178894617091 0.007947623369398827 0.007706786297598853
0 0.5007891190293738 0.37482479504551497 0.006863856546299019 0.013005201877197977
0 0.5177681325912712 0.3902383676407126 0.006863856546298948 0.010115157015598442
0 0.6030244560084581 0.3909608788561124 0.008308878977098786 0.0125235277335981
0 0.6042888506354079 0.41046868167190953 0.006502600938598988 0.010115157015598371
0 0.5237288501183204 0.29029098284372784 0.010115157015598442 0.01445022430799785
0 0.5257157559606701 0.28017582582812944 0.007586367761698866 0.01156017944639828
0 0.4245641858046855 0.24862616942233426 0.007586367761698795 0.008188460441198728
0 0.4444332442281825 0.23489845632973638 0.010476412623298402 0.011560179446398209
0 0.37958786264604244 0.24549528748893476 0.008670134584798674 0.010596831159198388
0 0.37362714511899325 0.24501361334533484 0.007586367761698866 0.011560179446398245
0 0.37344651731514333 0.2613905342277323 0.007947623369398827 0.007706786297598817
0 0.3548418535185962 0.2577779781507329 0.006141345330899028 0.007225112153998907
0 0.35466122571474623 0.263558067873932 0.007225112153998907 0.0081884604411988
0 0.3333471448604495 0.3541128068707181 0.009392645800198593 0.013968550164397868
0 0.4433494774050826 0.20792470428814053 0.006863856546298877 0.010596831159198388
0 0.5098205092218724 0.1910661092621431 0.008308878977098786 0.009633482871998531
0 0.52661889497992 0.19588285069814235 0.006502600938598988 0.009633482871998531
0 0.5170456213758713 0.20166294042134147 0.006863856546298948 0.009633482871998531
0 0.5199356662374709 0.23224924853993678 0.0054188341154991805 0.012041853589998154
0 0.531857101291569 0.22598748467313776 0.008308878977098715 0.010115157015598442
0 0.5896579985235603 0.15686724506654834 0.008308878977098644 0.01348687602079794
0 0.630660509997504 0.18360016003634422 0.00650260093859913 0.013005201877198011
0 0.6290348597628541 0.19540117655454242 0.007586367761698795 0.01156017944639828
0 0.6443882230901019 0.23995603483753564 0.007947623369398827 0.014931898451597725
0 0.6116945905932569 0.25368374793013354 0.008308878977098786 0.015413572595197671
0 0.6281317207436043 0.20214461456494143 0.007947623369398827 0.00867013458479864
0 0.7025503759297927 0.23008171489373713 0.006502600938598988 0.010596831159198388
0 0.6980346808335436 0.23489845632973638 0.0054188341154991805 0.008670134584798674
0 0.732715219172738 0.28740093798212835 0.004696322900099261 0.006743438010398926
0 0.7233225733725397 0.2770449438947299 0.006863856546298877 0.012041853589998154
0 0.7301864299188386 0.2739140619613304 0.006141345330898957 0.009633482871998495
0 0.7596287619463841 0.3141338529519242 0.007225112153998907 0.008188460441198763
0 0.687016384798695 0.33821756013192045 0.007947623369398827 0.012041853589998154
0 0.6985765642450937 0.3866258115637132 0.010837668230998219 0.011560179446398137
0 0.7226000621571399 0.3603745707375171 0.006863856546299019 0.00915180872839862
0 0.7272963850572391 0.36085624488111706 0.006141345330898957 0.007225112153998836
0 0.7962962061279287 0.42323304647730753 0.008308878977098715 0.009633482871998495
0 0.7336183581919882 0.4526151692369031 0.007225112153998907 0.008670134584798745
0 0.6191003305511057 0.5012642577404957 0.008670134584798745 0.008670134584798674
0 0.7267545016456893 0.46056279260630184 0.005780089723199211 0.009151808728398549
0 0.7323539635650385 0.4610444667499018 0.007586367761698795 0.008188460441198657
0 0.7271157572533892 0.46586120818590104 0.009392645800198664 0.006261763866798944
0 0.7771496589198316 0.485609848073498 0.01047641262329833 0.012041853589998083
0 0.741746609365237 0.5003009094532958 0.008308878977098573 0.010596831159198317
0 0.7596287619463843 0.5862797440858826 0.007947623369398827 0.010115157015598371
0 0.6331892992514035 0.5696619861316852 0.008670134584798816 0.010596831159198317
0 0.7124849051415414 0.6438398042460739 0.010476412623298473 0.01156017944639828
0 0.6839457121332458 0.6587717026976714 0.008308878977098715 0.009633482871998495
0 0.6781656224100467 0.6611800734156711 0.011921435054098168 0.010596831159198388
0 0.6046501062431079 0.6602167251284712 0.008670134584798745 0.008670134584798461
0 0.5508230206958162 0.6402272481690743 0.009392645800198522 0.0081884604411988
0 0.6221710032165553 0.6985098195446653 0.009031390192498634 0.012041853589998368
0 0.6274092095282044 0.7112741843500633 0.009392645800198593 0.012523527733598029
0 0.6201840973742055 0.7182584594322623 0.009392645800198593 0.01493189845159776
0 0.5938124380121096 0.720425993078462 0.007947623369398827 0.011560179446398137
0 0.6368018553284029 0.7312636613094603 0.007225112153998907 0.013005201877197977
0 0.6461945011286017 0.7355987286018596 0.007947623369398827 0.007225112153998907
0 0.6004956667545587 0.7240385491554615 0.004696322900099261 0.0081884604411988
0 0.6720242770791475 0.7849703283208521 0.007586367761698654 0.01156017944639828
0 0.6662441873559485 0.7864153507516519 0.007586367761698795 0.013486876020797922
0 0.5925480433851598 0.8239859339524463 0.009031390192498562 0.012523527733598029
0 0.5112655316526722 0.7028448868370648 0.009031390192498491 0.013005201877197977
0 0.4783912713519773 0.7115150214218634 0.008308878977098786 0.010115157015598585
0 0.49952472440242396 0.7563107167766566 0.010837668230998361 0.013968550164397868
0 0.4751399708826778 0.8148341252240476 0.008308878977098715 0.011560179446398137
0 0.4205903741199862 0.8516821972094419 0.009031390192498562 0.008188460441198657
0 0.4827263386443766 0.8596298205788409 0.008308878977098715 0.010596831159198388
0 0.3868129748000412 0.7437871890430583 0.009392645800198593 0.011078505302798334
0 0.33750158434899885 0.7604049469972558 0.009031390192498562 0.010596831159198246
0 0.3678470553957942 0.6650334665644704 0.006863856546298948 0.010596831159198388
0 0.45274212320528123 0.6614209104874711 0.006141345330898957 0.010115157015598585
0 0.48688077813292596 0.6337246472304752 0.00578008972319914 0.009633482871998495
