0 0.5677869372897678 0.2836019162778501 0.008296500311957465 0.011437536168981481
0 0.4425445980495876 0.5389300876193576 0.008397420247395834 0.012035002531828704
0 0.4223047468397352 0.670555736400463 0.009016757541232639 0.011349148220486112
0 0.2851617919074164 0.508236892135055 0.009184625413682725 0.014072955096209492
0 0.6224414401584202 0.3064665617766204 0.009104665120442708 0.011776676884403935
0 0.5983804490831163 0.319256591796875 0.008084021674262153 0.010970843279803239
0 0.6776773452758789 0.8291017037850839 0.00894177754720052 0.011935029206452546
0 0.4758501900566949 0.49765167236328123 0.008849122789171007 0.011345079210069444
0 0.6431058671739366 0.34313436437536177 0.008115302191840278 0.01042260064019097
0 0.3937106026543511 0.7678284256546586 0.008520211113823785 0.011033234772858795
0 0.3074373139275445 0.6218208878128617 0.009170468648274739 0.011332928692853008
0 0.4087240219116211 0.24164655473497176 0.00912674797905816 0.01280504862467448
0 0.6187720404730903 0.8636202776873554 0.008631388346354166 0.010676631221064815
0 0.48678607940673824 0.6262605172616464 0.008233939276801215 0.010276342321325231
0 0.5674328698052301 0.21711025944462528 0.009407467312282987 0.0123748779296875
0 0.6255446328057183 0.43118180168999565 0.007540935940212674 0.009354400634765624
0 0.7069930606418185 0.5310911390516493 0.0081634521484375 0.011028035481770832
0 0.47927118937174484 0.17306144855640554 0.009318796793619792 0.01204244825575087
0 0.747629419962565 0.4288631297923901 0.008726755777994791 0.010989323368778937
0 0.6623407787746853 0.8361441153067131 0.007861116197374132 0.010130931712962962
0 0.40466164482964406 0.41247858118127895 0.009040069580078126 0.012467730486834493
0 0.4783590740627713 0.4519884886565031 0.009090296427408854 0.012044920744719327
0 0.594326909383138 0.5683409796820746 0.008572218153211806 0.01241912841796875
0 0.3779240502251519 0.4702755256935402 0.008224656846788194 0.011785351788556135
0 0.33068026254133626 0.48601749559774277 0.007489946153428818 0.009629991319444444
0 0.6360603332519531 0.8155672426576968 0.006982845730251736 0.010455096209490741
0 0.7710613674587673 0.5030203642668547 0.00752597384982639 0.010852107295283565
0 0.5610130098130968 0.7284328601978443 0.007071897718641493 0.009099041974103009
0 0.5817050933837891 0.2834371778700087 0.0091278076171875 0.011530106155960649
0 0.7457981533474393 0.44480452360930267 0.0075653076171875 0.00955821849681713
0 0.5916587405734592 0.4641740445737485 0.009317609998914931 0.013455058910228588
0 0.4634233262803819 0.223432696307147 0.010080973307291664 0.012701444272641782
0 0.47052349514431424 0.7137154190628617 0.008009762234157987 0.010995878996672452
0 0.26657124625311956 0.46430146959092883 0.008452033996582032 0.0113677978515625
0 0.4816771401299371 0.18858190465856484 0.01052903069390191 0.012301324915002894
0 0.5511039945814344 0.5942967450177228 0.008108139038085938 0.01038982250072338
0 0.30261479483710396 0.6773402743869359 0.010344547695583768 0.014045037163628472
0 0.5644682354397244 0.5621939482512297 0.0087180667453342 0.011010120533130788
0 0.7710028754340279 0.47313999599880646 0.0087127685546875 0.011203370270905672
0 0.3376687897576226 0.8171173378273292 0.007633484734429253 0.009682718912760417
0 0.6350539525349935 0.23980034015796803 0.00906571282280816 0.012941162674515333
0 0.41508895026312936 0.33970226711697044 0.008215671115451389 0.010971464934172453
0 0.7475327385796442 0.46769260830349396 0.007836235894097222 0.010142940945095486
0 0.6946844524807401 0.4629011507387515 0.007683351304796007 0.0100468670880353
0 0.3426661809285482 0.3397048102484809 0.008755154079861112 0.011178136754918981
0 0.6181240505642361 0.5577624568232784 0.007441796196831597 0.010149637858072914
0 0.530913437737359 0.5399533307110822 0.007326889038085938 0.009531882957175926
0 0.45591396755642366 0.3003256056043837 0.009944491916232638 0.012464735243055556
0 0.6928977118598091 0.3890033580638745 0.008683098687065972 0.01144974320023148
0 0.2489386558532715 0.5253803959599248 0.009232902526855468 0.013424908673321759
0 0.6741798362943158 0.7434317433670828 0.008523373708072171 0.013122092517489128
0 0.3866890589396159 0.5953711333098235 0.007803048027886284 0.011786058213975693
0 0.630219735039605 0.3813182548240379 0.009462144639756944 0.011593091046368636
0 0.4244631025526258 0.22658580497459127 0.008853827582465277 0.012867581402813945
0 0.7471663581000434 0.533152601453993 0.008378431532118055 0.0111083984375
0 0.4213139428032769 0.5058596293131511 0.00750579833984375 0.009215573911313658
0 0.7532466888427735 0.6241007486979167 0.008219994439019097 0.012312712492766205
0 0.3526375096851712 0.4948987575387671 0.0067854171243415355 0.010494778485648197
0 0.391450095636405 0.47626147850390893 0.007871083864236184 0.010856667398946484
0 0.43365539014980947 0.4977938688451528 0.006514000439367891 0.009771000659051765
0 0.397828387733286 0.427949308578597 0.010856667398946484 0.012666111965437566
0 0.30663238158213546 0.4359108646711578 0.007056833809315286 0.011942334138841205
0 0.30826088169197746 0.4152831966131595 0.0075996671792625745 0.008323445005858972
0 0.2805763798246639 0.4147403632432122 0.008142500549209827 0.011580445225542989
0 0.34625921758829015 0.3890462503990387 0.008142500549209898 0.011580445225542918
0 0.32576725787277866 0.3106973006699749 0.0067854171243415355 0.008323445005858972
0 0.3265815079276997 0.33964841373383226 0.009499583974078121 0.010494778485648268
0 0.3199317991458449 0.3410959693870251 0.007599667179262539 0.009047222832455404
0 0.39416426248614156 0.2714323535771184 0.006242583754394246 0.010132889572350017
0 0.39904976281566745 0.21280634962280728 0.008413917234183544 0.012304223052139384
0 0.40610659662498266 0.21045407168636887 0.006785417124341464 0.011942334138841134
0 0.4165561389964687 0.2097302938597724 0.006514000439367891 0.007599667179262503
0 0.5164374790667765 0.19778795972093127 0.007599667179262539 0.008323445005858935
0 0.5118233954222241 0.22076790571536806 0.009228167289104477 0.01230422305213935
0 0.5315011050828147 0.287536410218889 0.0056997503844468155 0.008323445005859006
0 0.6472603212240818 0.23850046246698065 0.009771000659051907 0.01664689001171798
0 0.6756233648038296 0.28626979902234523 0.007871083864236255 0.010856667398946484
0 0.6722306562416586 0.31395430088965876 0.009228167289104618 0.01411366761863043
0 0.6843086987229867 0.32408719046200885 0.01004241734402555 0.011942334138841134
0 0.6336894869753986 0.41980680802938714 0.012485167508788635 0.01230422305213935
0 0.6385749873049246 0.44351053185042033 0.00651400043936782 0.009771000659051907
0 0.6387106956474113 0.4514720879429811 0.006785417124341606 0.009047222832455404
0 0.691229824189815 0.44731036544005165 0.008142500549209756 0.008685333919157117
0 0.7270568266063384 0.4701093669778393 0.009228167289104477 0.008685333919157188
0 0.6891941990525126 0.5146217033135199 0.007871083864236112 0.014475556531928788
0 0.6748091147489085 0.4910989239491358 0.007328250494288966 0.011580445225542918
0 0.6754876564613426 0.5005080356948894 0.008142500549209898 0.011580445225542918
0 0.6570313218831336 0.5540675948630256 0.010313834028999196 0.00940911174575362
0 0.6621882388976331 0.5607625397590426 0.008685333919157188 0.010494778485648268
0 0.7351993271555483 0.5321733156084834 0.009771000659051907 0.013389889792033927
0 0.6087191519578217 0.5746952629210238 0.005971167069420602 0.014475556531928504
0 0.5970482345039543 0.5875423193431106 0.007056833809315179 0.010494778485648339
0 0.6093976936702559 0.5642004844353755 0.007328250494288895 0.010132889572350123
0 0.7354707438405219 0.586637597059865 0.008142500549209898 0.010132889572350194
0 0.6038336516282956 0.6566631017830699 0.008142500549209827 0.010494778485648197
0 0.6104833604101504 0.6575678240663154 0.007328250494288895 0.010856667398946484
0 0.6069549435054928 0.6637199355923848 0.008956750604130903 0.00940911174575362
0 0.6851229487779077 0.6939376598527861 0.01004241734402555 0.011218556312244771
0 0.6245970280287808 0.7210793283501523 0.007871083864236326 0.014113667618630359
0 0.724342659756602 0.7398975518416597 0.008142500549209756 0.01483744544522679
0 0.7205428261669705 0.757268219679974 0.009228167289104477 0.011942334138841063
0 0.6290754033308464 0.8347124471257924 0.008685333919157188 0.011942334138841205
0 0.6225614028914785 0.8388741696287219 0.008142500549209827 0.00940911174575362
0 0.5916199008044809 0.8278365577731264 0.008685333919157117 0.010494778485648339
0 0.5988124429562829 0.8453881700680899 0.011670917453867488 0.010856667398946342
0 0.6402034874147665 0.8808532835713149 0.009228167289104406 0.010856667398946484
0 0.6085834436153348 0.8044947228653914 0.007871083864236184 0.01230422305213935
0 0.5791347332956925 0.7771721099113759 0.009771000659051836 0.011942334138841063
0 0.5813060667754819 0.7590776642464653 0.009228167289104477 0.009047222832455333
0 0.519287354259 0.7485828857608169 0.007328250494288895 0.01121855631224463
0 0.5286512298905913 0.7717437762119027 0.00759966717926261 0.009771000659051765
0 0.5211872710538157 0.7583538864198687 0.006785417124341606 0.006875889352666178
0 0.5476503978387476 0.8823008392245077 0.010313834028999267 0.013028000878735782
0 0.47070376764871424 0.8842912282476479 0.01112808408392013 0.011942334138841063
0 0.48088189333522663 0.9013000071726641 0.009228167289104548 0.01121855631224463
0 0.48888868554194964 0.9170421749011365 0.008413917234183544 0.01230422305213935
0 0.4367766820270066 0.8694537828024212 0.008413917234183544 0.012666111965437637
0 0.39090726226645756 0.8461119478946862 0.011670917453867488 0.012304223052139207
0 0.37869351144264274 0.8490070592010719 0.007871083864236184 0.011580445225542775
0 0.37869351144264274 0.8614922267098604 0.008956750604130903 0.010494778485648197
0 0.4346053485472173 0.8377885028888272 0.008956750604130903 0.010856667398946626
0 0.34530925919088234 0.7829623325241474 0.0111280840839202 0.013389889792034069
0 0.3320098416271729 0.7395356629283615 0.01004241734402548 0.009047222832455333
0 0.3305170498598177 0.77427699860499 0.008685333919157188 0.009771000659051765
0 0.46826101748395144 0.6854332703902781 0.007871083864236184 0.00940911174575362
0 0.46676822571659626 0.6800049366908049 0.007056833809315179 0.008685333919157188
0 0.4985239778585148 0.6863379926735237 0.0075996671792623975 0.011942334138841063
0 0.5035451865305275 0.6848904370203306 0.007871083864236184 0.012666111965437637
0 0.517658854149158 0.6173981546902133 0.007871083864236326 0.013028000878735782
0 0.4206273892710736 0.6125126543606875 0.005971167069420602 0.009771000659051765
0 0.4222558893809156 0.608350931857758 0.005971167069420531 0.008685333919157188
0 0.4298555565601781 0.6027416537016356 0.009771000659051836 0.009771000659051907
0 0.2944186307583206 0.5627529287821826 0.008685333919157151 0.013028000878735782
0 0.28614042186662386 0.5625719843255336 0.007328250494288931 0.009047222832455404
0 0.30147546456763585 0.5544294837763236 0.009228167289104477 0.010856667398946413
0 0.4834603518424765 0.5234879816893261 0.008413917234183544 0.009047222832455404
0 0.49730260277613325 0.5368778714813601 0.009499583974078121 0.011942334138840991
0 0.501509561393225 0.5544294837763235 0.006514000439367891 0.00940911174575362
0 0.5548429399905497 0.6190266548000554 0.008956750604130832 0.016285001098419797
0 0.5243085629310127 0.4607002552320856 0.008142500549209827 0.010856667398946555
0 0.4850168776828416 0.4022599291356187 0.008342156153141787 0.009392649890944682
0 0.4875195245287841 0.4084393040638718 0.007786012409598939 0.007415249913903779
0 0.4643468685478348 0.4091808290552622 0.009269062392379582 0.010381349879465205
