0 0.48845731947157117 0.6068424931278935 0.012313334147135417 0.015741192853009258
0 0.7248036702473958 0.5571209095142506 0.011703321668836806 0.01547325981987847
0 0.683350223965115 0.4183268370451751 0.009642410278320312 0.013609342221860532
0 0.6036291970147027 0.4048870510525173 0.00927721659342448 0.012545945909288194
0 0.4965806749131944 0.4209525779441551 0.01047643025716146 0.013569584599247685
0 0.5666548199123806 0.3663287692599826 0.010043123033311632 0.013999034740306712
0 0.4747616238064236 0.3642923567030165 0.011962127685546876 0.015793609619140624
0 0.3216861300998264 0.7163607562029803 0.009427897135416667 0.013675604926215277
0 0.6089457617865669 0.5146477028175637 0.01014582316080729 0.01318042896412037
0 0.5060408486260308 0.17523423654061776 0.01101697285970052 0.015065171983506945
0 0.4554980807834202 0.5416234616880063 0.010317314995659722 0.013302555790653935
0 0.5955737405424812 0.6227692019363571 0.005847538282553078 0.006812639966843088
0 0.35069047080145943 0.4805653183548539 0.009552277459038628 0.01303205136899595
0 0.6742981592814127 0.3738059291133174 0.009182696872287326 0.013401540120442708
0 0.3238977008395725 0.6944040934244791 0.011243947347005208 0.014214861834490743
0 0.5848877165052626 0.3401958183006004 0.009281709459092883 0.012966777660228588
0 0.505453152126736 0.43268818325466585 0.009825473361545139 0.013289642333984376
0 0.6946748521592884 0.5937452528211806 0.01065004136827257 0.01416976363570602
0 0.3832040574815539 0.4950048941153067 0.007359398735894097 0.009105541087962963
0 0.4120307286580404 0.27928985313132954 0.009649361504448785 0.013442343252676505
0 0.4862199147542317 0.3235308187979239 0.008516608344184027 0.0107640301739728
0 0.5999135273686556 0.2579097645278941 0.004415367526542063 0.008374115974826183
0 0.2783152912095327 0.5559755574846893 0.007381822791827553 0.009842430389103356
0 0.3524817183161021 0.5603396539779709 0.006406865064605043 0.008171074285293258
0 0.34690603252431346 0.44044509494929884 0.004929458055583424 0.00645730178041326
0 0.34374944973433474 0.44263596519622483 0.004670012894763218 0.005765448018226138
0 0.34340352285324116 0.4483437587342686 0.0050159397758567795 0.006111374899319771
0 0.3465601056432199 0.45428217019304157 0.0045835311744897925 0.005304212176768104
0 0.3541272561671417 0.4580873658850709 0.0050159397758567795 0.007379773463329471
0 0.3520516948805803 0.45186068202538665 0.005534830097497121 0.00645730178041326
0 0.35213817660085367 0.4646599766258487 0.005880756978590754 0.007841009304787577
0 0.5974789689151301 0.2593265853045644 0.004481325505075873 0.007337842932287799
0 0.5980686170079031 0.26928508642695503 0.004402705759372765 0.010063327449994795
0 0.5936266013756789 0.2762036240488264 0.005267522962106668 0.006708884966663113
0 0.5902066424375947 0.26902302060794475 0.004402705759372836 0.007023363949475474
0 0.5891845857434547 0.2792435875493457 0.004402705759372694 0.005870274345830211
0 0.584939119475488 0.28438007760194717 0.005346142707809776 0.007337842932287763
0 0.5748364821526418 0.2779332584542943 0.005582001944918886 0.007442669259891907
0 0.5742075241870173 0.2724298762550784 0.005582001944918957 0.0073378429322879055
0 0.5871011624823229 0.2565486876230555 0.004953043979294307 0.006813711294267293
0 0.5791605681663115 0.261790004003261 0.005110283470700452 0.007023363949475474
0 0.5957722920828791 0.46576241271875674 0.00683205590159794 0.008994098908432804
0 0.6091769587252549 0.47008649873242625 0.004410567733943082 0.00795631826515205
0 0.6227978296683142 0.46645426648094374 0.005707793538043901 0.008994098908432804
0 0.6267915092709256 0.47629572915804685 0.005005293691885129 0.007415249913903779
0 0.7292455158453438 0.6341702187739955 0.005870465653878085 0.008748144895975259
0 0.742079965265097 0.6325587183984211 0.0073668588597685415 0.008287716217239805
0 0.669792662703617 0.6109953086109732 0.005525144144826442 0.00721338263352358
0 0.6706559664762463 0.6165204527557998 0.0044891796176715106 0.0056786203710715456
0 0.6825695585385284 0.6168274052082902 0.005755358484194346 0.00659947772854288
0 0.6788861291086441 0.6138346187965091 0.004374072447987487 0.006446001502297563
0 0.6836055230656833 0.6106116180453602 0.005064715466091059 0.006446001502297563
0 0.6862529879684126 0.6237338353893233 0.005755358484194204 0.007827287538504209
0 0.6945407041856525 0.6276474791585754 0.005755358484194346 0.007980763764749455
0 0.6918356856980812 0.6162902384164319 0.00610067999324599 0.006752953954787913
0 0.6640373042194229 0.6263429312354912 0.0043740724479877716 0.006292525276052388
0 0.6605840891289064 0.6241175259549362 0.006446001502297634 0.007673811312259176
0 0.653850319702399 0.6211247395431552 0.006330894332613753 0.007520335086013859
0 0.657936624226177 0.609920975027257 0.005985572823561967 0.007213382633523438
0 0.6653034830859457 0.6172878338870257 0.006906430181033159 0.00813423999099463
0 0.6846414875928383 0.6912633749372026 0.005985572823561967 0.009055097348465609
0 0.5963299874359078 0.6163158012051638 0.005660621690622065 0.00702336394947551
0 0.5920452112950898 0.6087683056176677 0.006368199401949894 0.006184753328642643
0 0.5878390548999747 0.6009587442111615 0.005031663724997415 0.005870274345830211
0 0.5769109102472461 0.5940926197530922 0.006132340164840571 0.005975100673434284
0 0.5742378388933411 0.5972898227450176 0.004874424233591128 0.00607992700103857
0 0.47172049933878824 0.9031598388979564 0.005392924705252895 0.0064108663162845405
0 0.468796624498591 0.8991313891181288 0.005133024719457566 0.007190566273670527
0 0.4756514866239425 0.8970088725674671 0.0062375996590876785 0.007277199602268922
0 0.4519247058045123 0.7720164504763452 0.007743573233279549 0.009348097416751956
0 0.4599822076823842 0.7422978721215966 0.00858071628552608 0.009069049732669754
0 0.4484714907139957 0.7385307283864876 0.006278572891848242 0.007952858996341093
0 0.4262348783886997 0.7592500189295869 0.005755358484194204 0.007534287470217862
0 0.4553779208950289 0.7617614480863262 0.005650715602663539 0.009766668942875043
0 0.4523432773306354 0.721160010052374 0.006487858654909857 0.0064180967338892
0 0.45223863444910456 0.727020011418099 0.005022858313478622 0.006418096733889342
0 0.4584125644594221 0.7330892985468858 0.0050228583134787645 0.007394763628176974
0 0.4238395505090187 0.6770198985746552 0.00766038214246258 0.009842430389103356
0 0.4500949894355676 0.47476590445362504 0.00429035814276304 0.005860001365725082
0 0.4563735623274158 0.4686268554038178 0.004499643905824584 0.007534287470218004
0 0.45883267004338973 0.466045664326058 0.004185715261232161 0.005162382155519651
0 0.4554840978344041 0.4562092334621623 0.005022858313478551 0.0064180967338894135
0 0.2882877064397597 0.46791226310215916 0.005376056187580254 0.00790959990816397
