0 0.3448411305745443 0.5906929863823784 0.009991327921549479 0.013325104890046296
0 0.5020464367336698 0.3564660672788267 0.00936266581217448 0.012268377233434607
0 0.5398318820529514 0.776730431450738 0.00869717068142361 0.011759044505931713
0 0.5351550420125326 0.8876788951732493 0.009903928968641493 0.012792686179832176
0 0.6127573437160916 0.6746224014847367 0.008887693617078992 0.012205731427228007
0 0.29527404573228627 0.7204244543004918 0.009529601203070746 0.01224433051215278
0 0.5226017210218642 0.6518798262984664 0.00858506096733941 0.011836299189814815
0 0.6587321387396919 0.6512492427119503 0.009617699517144097 0.013228013780381943
0 0.49437811109754776 0.18228058991608795 0.009279632568359375 0.01285425821940104
0 0.2868394745720757 0.5140637150517215 0.009333356221516927 0.011947236237702547
0 0.4829674614800347 0.3033693384241175 0.009489610460069445 0.012834676106770833
0 0.4084144592285156 0.860734671133536 0.009487999810112847 0.012263545283564815
0 0.5322881486680772 0.1929440321745696 0.009051428900824653 0.01237709610550492
0 0.6565576765272353 0.4831665321632668 0.010472615559895836 0.014415769223813657
0 0.5701293097601997 0.7795178166142216 0.009064568413628472 0.011117045084635417
0 0.31056978437635635 0.6681799146864149 0.008314344618055556 0.011092178909866898
0 0.4422395282321506 0.6028050457989728 0.008012432522243923 0.011394189905237268
0 0.30737536748250327 0.48844644052011 0.009406344095865885 0.012684800889756945
0 0.3921004189385308 0.214707162645128 0.009842893812391493 0.012356835824471935
0 0.33958486980862085 0.617242940266927 0.00846000247531467 0.011624371563946759
0 0.3800273047553169 0.7113933987087674 0.008848402235243056 0.011775490089699074
0 0.5588091956244575 0.8005293386953848 0.007798088921440972 0.010222993073640047
0 0.5449519899156358 0.4709959383364077 0.00902417500813802 0.012785254584418402
0 0.4794569863213433 0.20951628508391207 0.008368131849500868 0.011265648735894095
0 0.6969971550835504 0.4330779464156539 0.009304470486111112 0.012815009223090278
0 0.4549888186984592 0.4885233843768085 0.008925374348958333 0.012355832700376157
0 0.6467152065700955 0.7526449132848668 0.008296542697482638 0.010609040436921296
0 0.6308797624376085 0.2800689838550709 0.008923170301649306 0.011288649947554977
0 0.4771437115139432 0.5941218905978733 0.00907029045952691 0.011398258915653936
0 0.3568007257249621 0.27544867904097947 0.008547867668999566 0.011613549126519098
0 0.7189563751220704 0.5259557370786313 0.008344777425130208 0.011884166576244214
0 0.3573646439446343 0.538499818024812 0.009022882249620225 0.012305535210503472
0 0.5401400248209636 0.4127570964671948 0.009282769097222223 0.012967342800564236
0 0.6376597510443793 0.23204349941677516 0.009259287516276042 0.012730153401692708
0 0.6671780904134114 0.2631003768355758 0.010533905029296875 0.014572426124855325
0 0.28847927301276743 0.3754902217528782 0.011107201039903244 0.016220039613827026
0 0.38738625370142993 0.4149824921169787 0.010049372369436184 0.01057828670466968
0 0.3881796252042802 0.4044042054123089 0.009520458034202761 0.01198872493195907
0 0.37733688133199367 0.4446016948900541 0.004760229017101452 0.007757410250091183
0 0.3733700238177424 0.4460121331173434 0.007404800693268853 0.009167848477380502
0 0.3688742519682578 0.4481277904582774 0.007933715028502349 0.009167848477380502
0 0.5169702658336348 0.4869148417087332 0.008991543698969267 0.01339916315924846
0 0.5621924414960981 0.3761954408665229 0.008462629363735772 0.009167848477380431
0 0.5579611268142302 0.3677328115027871 0.006346972022801865 0.011988724931959141
0 0.5820267290673539 0.48832527993602254 0.006875886358035288 0.01198872493195907
0 0.372841109482509 0.23761988503534873 0.006346972022801865 0.008462629363735843
0 0.4146253419659546 0.27746476495627165 0.006346972022801865 0.01057828670466975
0 0.5206726661802692 0.3349401227183107 0.007933715028502349 0.009873067591025162
0 0.6436452491220553 0.3458710189798028 0.007404800693268996 0.007757410250091112
0 0.6671819370399455 0.3099048441839256 0.007933715028502349 0.01198872493195907
0 0.5772665000502526 0.3377609991728893 0.006875886358035501 0.008462629363735843
0 0.4934335779157445 0.2626551635697339 0.007404800693268853 0.009167848477380502
0 0.6994457114891887 0.43649167508314063 0.007933715028502349 0.0070521911364465235
0 0.702090283165356 0.5697780875619799 0.011107201039903173 0.008462629363735914
0 0.6957433111425542 0.5690728684483353 0.007933715028502349 0.012693944045603587
0 0.7729648040866435 0.6152647203920599 0.010049372369436184 0.01339916315924853
0 0.7771961187685115 0.6205538637443948 0.007933715028502491 0.01128350581831441
0 0.6187862753660816 0.5366327892206812 0.0074048006932689245 0.0070521911364465235
0 0.7232468565746956 0.6512308951879373 0.008991543698969338 0.01339916315924839
0 0.7042059405062898 0.6709770303699876 0.012165029710370305 0.013399163159248247
0 0.5653659275074989 0.6773240023927894 0.009520458034202903 0.009167848477380431
0 0.5616635271608647 0.6670983252449421 0.007404800693268853 0.01410438227289319
0 0.6238109615507996 0.7453776468594984 0.008991543698969408 0.01269394404560373
0 0.6354470769259364 0.7831068694394873 0.008991543698969267 0.01339916315924839
0 0.6640084510285448 0.8335300360650799 0.011107201039903316 0.009873067591025091
0 0.4574674031198673 0.806731709746583 0.006346972022801865 0.008462629363735914
0 0.44741803075043096 0.7993269090533143 0.007404800693268853 0.009167848477380574
0 0.4572029459522504 0.7915694988032231 0.007933715028502278 0.01057828670466975
0 0.4275837431791751 0.79262732747369 0.007933715028502349 0.009873067591025091
0 0.43181505786104296 0.7859277458940658 0.00793371502850242 0.01339916315924853
0 0.3974356260708662 0.7686498776097719 0.010049372369436397 0.01128350581831441
0 0.4579963174551007 0.6730926877109215 0.007404800693268853 0.011988724931959212
0 0.408013912775536 0.6773240023927893 0.007933715028502349 0.009167848477380574
0 0.3329080771723805 0.683318364858769 0.010049372369436255 0.01128350581831441
0 0.3262966479819619 0.6893127273247484 0.007404800693268853 0.010578286704669608
0 0.31994967595916 0.6956596993475503 0.00846262936373588 0.007757410250091254
0 0.36860979480064104 0.7386780652798741 0.006346972022801794 0.007757410250091254
0 0.3633206514483062 0.7298628263593159 0.007404800693268853 0.01128350581831441
0 0.3048756174050056 0.7873381841213551 0.006875886358035324 0.01198872493195907
0 0.38341939618717874 0.856449657258531 0.008462629363735843 0.009167848477380431
