0 0.4009560055202908 0.5922461333098235 0.008083682590060764 0.010593386049623843
0 0.5127487394544814 0.6634811401367188 0.008650249905056424 0.01187698929398148
0 0.3934911092122396 0.8237096150716146 0.008337232801649306 0.01169444896556713
0 0.4187744140625 0.6785546479401765 0.007861412896050347 0.011788544831452545
0 0.5029440773857964 0.8019626476146557 0.008684497409396702 0.011950853135850694
0 0.6702688429090712 0.5514650980631511 0.008336639404296875 0.011946558069299769
0 0.70543638865153 0.5034160472728588 0.008877521091037326 0.01120842827690972
0 0.6875428517659504 0.2560142517089844 0.008032480875651041 0.01116095648871528
0 0.3625340355767144 0.2184772632740162 0.008584340413411459 0.01155324865270544
0 0.7021329455905491 0.356686853479456 0.008333969116210937 0.010509067111545138
0 0.33811391194661455 0.4425284067789713 0.007793935139973959 0.010679259123625577
0 0.577982415093316 0.4158573715775101 0.008446587456597222 0.012004908808955439
0 0.5678858015272352 0.3423091182002315 0.007526991102430556 0.01037422462745949
0 0.5450874328613281 0.2808682900887949 0.00877566867404514 0.010722209789134837
0 0.4645048565334744 0.8026559617784288 0.009135479397243924 0.011773738154658564
0 0.5127677069769965 0.4525120346634475 0.008200751410590278 0.011459265814887152
0 0.6147386550903321 0.6880724023889612 0.00865923563639323 0.012276826081452545
0 0.39257259368896485 0.2517311520046658 0.007928085327148438 0.011589530662254051
0 0.4032488293117947 0.801151756004051 0.008626174926757813 0.010631759078414354
0 0.5532954957750108 0.6085958975332754 0.007327482435438368 0.0104766845703125
0 0.39126500023735894 0.6791704813639322 0.007547208997938368 0.010790506998697914
0 0.6528931935628255 0.19616679438838255 0.008136325412326388 0.010932639793113425
0 0.5220176484849718 0.8139763160988136 0.008066092597113715 0.011377970377604164
0 0.6147933959960937 0.42274850915979456 0.007811906602647569 0.01134632251880787
0 0.5264706717597113 0.30495390715422455 0.008526568942599826 0.011432902018229168
0 0.6525994406806097 0.38158791153519245 0.007354609171549478 0.009692524097583912
0 0.4859653684828016 0.782250835277416 0.008701875474717883 0.011971198187934028
0 0.37334149678548173 0.2863857834427445 0.007919226752387152 0.0110203778302228
0 0.3631999969482422 0.5919240880895543 0.008286539713541667 0.010472163447627313
0 0.5416439056396485 0.8173948217321325 0.008660210503472222 0.011184296784577547
0 0.5753892474704319 0.23203846260353372 0.008548016018337674 0.011299401742440682
0 0.3302265379163954 0.409569662588614 0.007841322157118056 0.010576036241319444
0 0.5864294264051649 0.22611935227005567 0.007842254638671876 0.011446168687608506
0 0.24302973217434354 0.5290921811704282 0.009065691630045574 0.01226806640625
0 0.6807227452596029 0.47009500574182583 0.00853377448187934 0.011549942581741898
0 0.6826066970825195 0.4356946450692636 0.00818833245171441 0.011020151774088542
0 0.46006249321831594 0.5211663705331308 0.007450103759765625 0.011308458116319444
0 0.3563481012980143 0.8020112496835213 0.008833864000108507 0.011165873209635418
0 0.5421105914645725 0.3944068060980902 0.008311504787868924 0.010887598108362269
0 0.39002602895100913 0.19962644223813658 0.009204143948025174 0.01193435103804977
0 0.39424025217692055 0.4832016838921441 0.0071599748399522566 0.009580089427806714
0 0.3483784564200416 0.43834081796624097 0.006262101067437065 0.008028750949435764
0 0.29188052283393007 0.528370553475839 0.008292176988389757 0.010606553819444444
0 0.5425837622748481 0.4559001922607422 0.007680341932508681 0.010007872404875577
0 0.7250446061452002 0.5865509609208052 0.009322272406684028 0.011134790491174768
0 0.25798894034491643 0.4485936906602647 0.00912104712592231 0.011754721182364005
0 0.47582672966851125 0.2996605343288845 0.006807963053385418 0.009839743155020255
0 0.6686442057291666 0.7490299931278934 0.00872099134657118 0.011101955837673611
0 0.7633566114637587 0.553553291603371 0.007959832085503472 0.01025215431495949
0 0.5797051323784722 0.45937288072374133 0.00704616970486111 0.010256166811342593
0 0.7338267432318795 0.42641626993815107 0.008439381917317709 0.01268570511429398
0 0.26702535417344836 0.5117030108416522 0.008079613579644098 0.010232826515480324
0 0.6220188564724392 0.3404378961633753 0.007336934407552082 0.01022867273401331
0 0.54162843492296 0.22237088945176864 0.008242713080512153 0.010728299176251446
0 0.2757574611239963 0.3951601381655092 0.007594490051269531 0.01010696976273148
0 0.38728571997748484 0.3420484048348886 0.007862811618381076 0.009756667525679977
0 0.528843265109592 0.23737423508255567 0.008484564887152778 0.011182248150860821
0 0.4900521596272786 0.24305055406358508 0.008113776312934027 0.010302621346932873
0 0.4186765882703993 0.5393563447175204 0.007459428575303819 0.010083064326533563
0 0.30164247088962126 0.38386397185149024 0.00823417239718967 0.011038999204282408
0 0.44493787553575304 0.7736398202401621 0.009628592597113714 0.012353515625
0 0.5229873445298937 0.7170985186541522 0.007822036743164062 0.011358586064091436
0 0.3265537579854329 0.7343013057002316 0.00820611317952474 0.01061423972800926
0 0.4195058510174314 0.6555727387198482 0.008628124660915799 0.012484515154803241
0 0.3506974644131131 0.33809591222692426 0.008863809373643663 0.01192559136284722
0 0.7005835427178276 0.3161953254982277 0.007508722941080729 0.01157155919958044
0 0.36679416232638884 0.732818462230541 0.008552975124782987 0.01104651557074653
0 0.5541740417480469 0.6922191196017795 0.008261956108940972 0.011965546784577546
0 0.45850794050428595 0.20584086665400755 0.00870314704047309 0.012477535671657986
0 0.6902434455023873 0.7258234377260561 0.00820100572374132 0.00951374195240162
0 0.4431645287407769 0.733491290057147 0.009034305148654513 0.01294566966869213
0 0.31565459569295246 0.7620346634476273 0.008754454718695747 0.010283745659722222
0 0.4302650875515408 0.5761858904803241 0.007287089029947917 0.010496351453993056
0 0.42042109171549474 0.4831427114981192 0.0067950778537326385 0.00920670120804398
0 0.47953993479410806 0.8603944001374422 0.009137768215603298 0.013608579282407407
0 0.6354547288682726 0.33346759654857494 0.00738525390625 0.009745647289134837
0 0.5667517121351715 0.6345652389170915 0.007354863484700522 0.00920138888888889
0 0.39539506700303817 0.5060255262586806 0.006560431586371528 0.009684809932002315
0 0.2469806565178765 0.5683028327094184 0.007536718580457899 0.010747669361255787
0 0.5830293231540257 0.49180868643301506 0.008428064982096355 0.011089748806423612
0 0.633008935716417 0.5976093150951245 0.00815993414984809 0.011660710087528937
0 0.7122778362698026 0.3658526667842159 0.008022689819335937 0.010074022081163194
0 0.5213429345024957 0.2791561550564236 0.0077541775173611115 0.011773851182725694
0 0.37549073961046014 0.7083330225061486 0.00795711941189236 0.011113880298755787
0 0.6340862274169922 0.8203637017144098 0.009194098578559028 0.013272546838831018
0 0.3174178017510308 0.42112946686921293 0.007568868001302084 0.010625372992621528
0 0.6943203820122612 0.5379457544397426 0.008280436197916666 0.010865331579137731
0 0.584471533033583 0.6153257299352576 0.008947626749674479 0.012098354763454862
0 0.5026793162027995 0.16544883162887009 0.00866122775607639 0.011841102882667825
0 0.5616690741644966 0.16329734237105759 0.008348507351345485 0.011724344889322917
0 0.6895802603827583 0.7399627968117042 0.006821229722764757 0.009389411078559028
0 0.32763324313693576 0.26683146158854165 0.007855394151475695 0.011248553240740741
0 0.4876682281494141 0.2915340847439236 0.008418613009982638 0.010655608000578704
0 0.5385123782687716 0.7002500463415074 0.007940758599175347 0.010222653989438658
0 0.6617585288153756 0.2513630195900246 0.006590398152669271 0.010854000515407986
0 0.5952220280965169 0.4113976090042679 0.007059436374240452 0.010661259403935187
0 0.6682486216227214 0.23408591658980757 0.007859971788194444 0.009280536792896412
0 0.42557033962673607 0.3331858599627459 0.009646521674262153 0.011753506130642362
0 0.396857770284017 0.23141412381772639 0.008430438571506077 0.010606087578667534
0 0.3232285393608941 0.35102140638563367 0.009434466891818576 0.013039652506510417
0 0.29855162302652993 0.4843117890534577 0.007799360487196181 0.009834967719184028
0 0.43707548777262367 0.5358230025679978 0.007263988918728299 0.009898206922743055
0 0.7455508338080513 0.485948802806713 0.008565690782335069 0.011464775933159723
0 0.6546568340725369 0.2661250926830151 0.007705391777886285 0.009898885091145834
0 0.4024972491794162 0.6103730095757378 0.008423572116427951 0.012230371545862269
0 0.3532059457567003 0.5232420744719329 0.008793067932128907 0.011730504918981482
0 0.26333688100179037 0.49435413501880787 0.0075321197509765625 0.010997291847511574
0 0.45835575527615013 0.5787890398943866 0.007879977756076389 0.010376541702835649
0 0.7189154307047525 0.34949174103913483 0.00790464613172743 0.0108438562463831
0 0.5012255562676323 0.7254884225350839 0.008612442016601562 0.010233278627748843
0 0.5863463570284767 0.43971181870992315 0.006926218668619793 0.009944661458333334
0 0.39573427836100256 0.5278420907479746 0.007070753309461806 0.009255642361111111
0 0.6752138137817383 0.6600014298050492 0.008580822414822048 0.011160786946614583
0 0.3786146587795681 0.7946758128978588 0.009327994452582465 0.012077388057002314
0 0.6680330754693407 0.7839604706502615 0.007523134019639757 0.009683510109230324
0 0.43162449730767144 0.47390094333224825 0.007527626885308159 0.011007972999855325
0 0.7015325546264648 0.7333546391239872 0.009457778930664063 0.01329029224537037
0 0.547488890753852 0.1830856817739981 0.008701282077365452 0.011933686998155382
0 0.6070420123901326 0.40754701446014374 0.0058667500813802086 0.007496586552372685
0 0.446266458788526 0.5445514121059966 0.006430604722764756 0.007969778555410879
0 0.6213368733723958 0.6576747753002026 0.008593241373697916 0.010247237594039352
0 0.5507372750176324 0.25328792995876737 0.009444215562608507 0.01299297191478588
0 0.4002654393513997 0.42272410922580295 0.007056215074327256 0.00927205968786169
0 0.28597034878200955 0.6776197362829138 0.008927663167317709 0.011536040129484953
0 0.4189634842003892 0.64615454702472 0.010837668230998361 0.011385025212361767
0 0.3754486041819867 0.637834720907994 0.00788194053163508 0.012260796382543546
0 0.3823453021471675 0.6413378055887208 0.008538768909271396 0.009633482871998495
0 0.33341158801326587 0.6393673204558119 0.008538768909271468 0.01269868196763447
0 0.3002417549426346 0.6581964006147182 0.00788194053163508 0.010947139627270985
0 0.3294706177474484 0.5500386610972803 0.008538768909271468 0.009195597286907784
0 0.2365294023119171 0.5331800660712827 0.009852425664543958 0.012260796382543617
0 0.36034155149635266 0.5747791966549127 0.008538768909271468 0.01138502521236198
0 0.4168287919730713 0.5568258876661882 0.008538768909271468 0.013136567552725182
0 0.44737131153315757 0.5682109128785501 0.005911455398726418 0.00788194053163501
0 0.44310192707852186 0.578063338543094 0.008538768909271396 0.010947139627271127
0 0.4437587554561581 0.5918567344734557 0.0059114553987263466 0.010509254042180132
0 0.4386683355294771 0.5916377916809101 0.006239869587544505 0.013574453137816108
0 0.4716739615056993 0.6041175308559992 0.004597798643453785 0.016639652233452155
0 0.47627176014915307 0.6459356042321744 0.0065682837763625206 0.011822910797452693
0 0.4910503986459691 0.6119994713876342 0.006568283776362591 0.013136567552725182
0 0.4905577773627419 0.6047743592336354 0.008867183098089626 0.008319826116726148
0 0.5391630773078253 0.5990818466274545 0.006239869587544505 0.013574453137816179
0 0.5319379651538264 0.5868210502449108 0.005583041209908331 0.010947139627271056
0 0.4915430199291963 0.5743413110698219 0.01083766823099829 0.009633482871998424
0 0.4925282624956506 0.5701813980114587 0.00821035472045331 0.010947139627270985
0 0.4557458733480199 0.5598910867618241 0.008867183098089483 0.013136567552725182
0 0.48201900845347045 0.52135715527383 0.00558304120990826 0.011385025212361767
0 0.5056648300483759 0.5007765327745604 0.006239869587544505 0.007006169361453445
0 0.5142035989576473 0.5055932742105597 0.006896697965180749 0.00613039819127188
0 0.5038585520098762 0.4917998782801981 0.0059114553987263466 0.010947139627271127
0 0.5020522739713765 0.5077827021360138 0.006896697965180678 0.010509254042180274
0 0.5073069009924666 0.507344816550923 0.006896697965180678 0.007006169361453374
0 0.5227423678669187 0.48545053729638094 0.007553526342817065 0.00875771170181693
0 0.5468808107450515 0.47844436793492745 0.00788194053163501 0.010509254042180203
0 0.45935842942501937 0.4624615440791116 0.010180839853362116 0.014450224307997743
0 0.33423262348531124 0.4633373152492934 0.008867183098089555 0.013574453137816108
0 0.2967934059600443 0.40641218918748395 0.008210354720453275 0.010947139627271056
0 0.2984354769041349 0.389334651368941 0.00821035472045331 0.010947139627271056
0 0.29745023433768053 0.34532715006731146 0.00886718309808952 0.016639652233452012
0 0.29170298603336325 0.3177403582065884 0.009195597286907713 0.011385025212361838
0 0.35098174711503605 0.305041676238954 0.006239869587544505 0.01226079638254351
0 0.3831663376192128 0.2991302208402276 0.009524011475725729 0.009195597286907678
0 0.39301876328375684 0.30153859155822726 0.0049262128322720145 0.006130398191271809
0 0.44031040647356784 0.3400725230462214 0.0062398695875444336 0.012260796382543617
0 0.45771635848092873 0.3477355207853111 0.00689669796518082 0.009195597286907642
0 0.45886580814179223 0.3437945505194935 0.0059114553987263466 0.008319826116725935
0 0.4588658081417921 0.33832098070585803 0.007881940531635151 0.009633482871998566
0 0.4587016010473831 0.33394212485494956 0.007553526342817065 0.009633482871998495
0 0.4807053516981979 0.30876370371222617 0.00821035472045331 0.011822910797452764
0 0.4439229625505673 0.27854959834095805 0.008867183098089555 0.010947139627271127
0 0.47676438143238037 0.2651940879956874 0.008210354720453238 0.014888109893088633
0 0.5498365384444146 0.30088176318059096 0.007225112153998907 0.013574453137816108
0 0.40763319468616366 0.42940118240475317 0.007225112153998907 0.00875771170181693
0 0.3802106099198497 0.3943703355974857 0.006896697965180749 0.012260796382543546
0 0.39186931362289334 0.3543038045616737 0.007225112153998907 0.01269868196763447
0 0.39893021868248324 0.35255226222131036 0.008867183098089626 0.010071368457089279
0 0.311243630268042 0.4248033837612993 0.008210354720453346 0.010071368457089279
0 0.49893233917760427 0.4112289306234832 0.009195597286907784 0.01007136845708942
0 0.43883254262388616 0.37794962615657923 0.0059114553987263466 0.01007136845708935
0 0.4444155838337944 0.44713554860093224 0.009195597286907642 0.010947139627271056
0 0.3306200674083118 0.21111521823696833 0.0049262128322720145 0.00831982611672597
0 0.35377326771999007 0.2143993601251497 0.009852425664543958 0.012260796382543617
0 0.32552964748163077 0.23016324118842 0.005911455398726418 0.007006169361453516
0 0.3605057585907619 0.26037734655968797 0.009524011475725874 0.01138502521236187
0 0.4710171331280631 0.1946945087960618 0.007881940531635151 0.01313656755272529
0 0.5887536198193632 0.332628468099677 0.006896697965180678 0.012260796382543546
0 0.5953219035957258 0.3319716397220408 0.008210354720453167 0.010071368457089279
0 0.5838274069870912 0.23695046775732806 0.008867183098089555 0.008319826116726041
0 0.565764626602094 0.19885442185442478 0.010180839853362045 0.010947139627271021
0 0.6572279781879437 0.20892579031151418 0.008538768909271254 0.008319826116726006
0 0.6659309541916241 0.20126279257242444 0.008210354720453238 0.009633482871998531
0 0.6743055160064864 0.20301433491278778 0.0052546270210901014 0.0070061693614534805
0 0.6109215775645871 0.2174645592207856 0.00788194053163508 0.009633482871998531
0 0.617982482624177 0.22775487047042037 0.00821035472045331 0.011822910797452764
0 0.6265212515334483 0.24548923666659944 0.007553526342816994 0.009633482871998531
0 0.6702003386462598 0.25577954791623425 0.008210354720453096 0.010071368457089384
0 0.6342389849706744 0.349268120333129 0.007881940531635151 0.010509254042180132
0 0.578408572871592 0.4333421526705707 0.008538768909271396 0.009633482871998495
0 0.613056269791905 0.39962496261857583 0.006239869587544505 0.013136567552725253
0 0.6120710272254506 0.38889676578385024 0.006239869587544575 0.010071368457089492
0 0.6798885572163949 0.35430380456167376 0.007881940531635365 0.01007136845708942
0 0.6667519896636697 0.453703832377295 0.008538768909271396 0.01269868196763447
0 0.603203844127361 0.4747223404616554 0.007553526342817136 0.011822910797452764
0 0.6119068201310415 0.5110668440241952 0.0059114553987263466 0.010071368457089492
0 0.6084584711484511 0.5207003268961938 0.006896697965180749 0.011822910797452622
0 0.6486892092786724 0.5207003268961937 0.009195597286907713 0.010947139627271127
0 0.6536154221109441 0.4874210224292898 0.00788194053163508 0.011822910797452764
0 0.7449145666023849 0.46289942966420256 0.01116608241981652 0.015325995478179451
0 0.7867873756766965 0.4600531733611122 0.006239869587544575 0.010509254042180274
0 0.7314495848608413 0.5224518692365571 0.011166082419816377 0.011822910797452622
0 0.6309548430824929 0.5509144322674618 0.009852425664543958 0.010947139627271127
0 0.6577205994711707 0.5704003408040044 0.0062398695875444336 0.009633482871998495
0 0.6679014393245327 0.5844126795269113 0.008210354720453238 0.011385025212361838
0 0.69302512476912 0.6047743592336354 0.008538768909271396 0.013574453137816037
0 0.6940103673355743 0.578063338543094 0.0059114553987262754 0.01007136845708935
0 0.6979513376013919 0.5769686245803669 0.007225112153998907 0.009633482871998637
0 0.6997576156398917 0.6225087254298145 0.008867183098089697 0.012260796382543475
0 0.7045196213777547 0.644621947476902 0.010509254042180345 0.011822910797452693
0 0.6063237789211331 0.6398052060409029 0.007225112153998836 0.013574453137816108
0 0.6017259802776793 0.6608237141252633 0.007881940531635151 0.011822910797452693
0 0.7120731477205717 0.7635078838290655 0.008538768909271396 0.010509254042180345
0 0.5641225556580034 0.7221276960379811 0.00821035472045331 0.013574453137816108
0 0.5357147283252349 0.7103047852405282 0.009195597286907713 0.010947139627271127
0 0.5375210063637347 0.7168730690168909 0.008867183098089555 0.012698681967634257
0 0.5652720053188668 0.7764255085892455 0.007881940531635222 0.0126986819676344
0 0.4636278138796551 0.7519039158241583 0.008867183098089483 0.010947139627270985
0 0.5488512958779601 0.8629079116446867 0.007881940531635151 0.010509254042180203
0 0.55591220093755 0.862032140474505 0.010180839853362045 0.013136567552725324
0 0.5848126495535456 0.8620321404745052 0.007553526342817065 0.010509254042180203
0 0.45279014564865677 0.822403495023784 0.0095240114757258 0.010947139627270985
0 0.41124575076316305 0.7895620761419707 0.009852425664543958 0.009195597286907855
0 0.4406388206623859 0.7083343001076196 0.008210354720453238 0.012260796382543475
0 0.40763319468616366 0.6903809911188951 0.009195597286907713 0.012260796382543617
0 0.3703581842553057 0.6842505929276231 0.008867183098089555 0.015763881063270445
0 0.3527880251535357 0.7223466388305265 0.006568283776362591 0.012260796382543617
