0 0.7112194697062173 0.8617078710485387 0.010672971937391494 0.015319428620515047
0 0.7382706960042317 0.6008992795591002 0.010479482014973958 0.01403644703052662
0 0.44898480309380423 0.5524323640046296 0.009941397772894964 0.013459947374131944
0 0.44673091040717233 0.45728488498263886 0.010239198472764756 0.012652926974826388
0 0.718758985731337 0.5320940370912904 0.010521104600694444 0.014773898654513888
0 0.6326321919759114 0.24869875024866175 0.010246022542317707 0.012615599455656828
0 0.396759393480089 0.655292397958261 0.010315492418077256 0.013825649685329861
0 0.5723341200086806 0.32863912229184755 0.009535641140407987 0.013455341480396413
0 0.7349595811631944 0.7161475852683737 0.008690728081597222 0.010804352936921295
0 0.6540478388468425 0.6896274425365307 0.009427261352539063 0.012163684986255786
0 0.5017371707492405 0.8965932210286458 0.009794023301866319 0.013106395580150462
0 0.7433321634928385 0.30316457395200375 0.010999891493055556 0.014167305275245949
0 0.5930707507663303 0.7887627495659723 0.010809283786349827 0.0144378662109375
0 0.39684299215850305 0.45013139580744366 0.011699676513671875 0.015751111065899884
0 0.3992286845762348 0.42741127430902265 0.00658413010591822 0.01046707862992129
0 0.7515357028597583 0.5500700262169324 0.00931321645624152 0.013394288835942944
0 0.690898974297154 0.7512090872234947 0.005824422786004532 0.008103544745745381
0 0.530994825361346 0.9016474285487227 0.005493340608855633 0.008742090431296957
0 0.5468546313127195 0.8911332927597303 0.006261226930523662 0.010711029717625139
0 0.5441374950975866 0.8815248690424489 0.0072063177879610404 0.007088181430781475
0 0.5411547716818856 0.8892127995210215 0.004324086013669515 0.010482632760411264
0 0.5048061075482017 0.7229525300527476 0.008898299896684564 0.010628524876595548
0 0.6445452605749725 0.7459422971532357 0.007328250494288966 0.014113667618630501
0 0.5699141327509389 0.6087811599191008 0.010856667398946555 0.012172627083667393
0 0.6062992046019258 0.4112283822837686 0.008103544745745452 0.012999436362966677
0 0.5530563832646448 0.3885215746107943 0.007976926859093183 0.009116487838963749
