0 0.5220823499891494 0.42005870960376884 0.00950681898328993 0.012985596833405671
0 0.42375401390923395 0.5625931351273148 0.010159683227539063 0.013447175202546296
0 0.5117532942030165 0.7822591145833333 0.010427263047960069 0.013732118959780094
0 0.5888109419080946 0.2319377757884838 0.009568956163194444 0.011561414930555555
0 0.6157634735107421 0.5999398690682871 0.010548909505208336 0.014611364293981481
0 0.6521799723307292 0.3008604544180411 0.010271962483723958 0.01448810718677662
0 0.7109322441948784 0.40526361818666806 0.010364786783854168 0.014024155228226275
0 0.5065461052788628 0.3799521128336588 0.009804789225260417 0.013166724310980902
0 0.6356496175130208 0.27004932827419703 0.010011461046006944 0.013760969373914932
0 0.5148006651136611 0.6429976286711516 0.009686915079752605 0.012593361183449074
0 0.32154766718546557 0.3975566157588252 0.011426989237467449 0.014618485062210649
0 0.44740477667914497 0.18409549571849682 0.010960049099392362 0.015208350287543405
0 0.6312369240654839 0.6256052370424624 0.010279040866427952 0.013493460196035877
0 0.4461007436116536 0.3718379267939815 0.009897528754340277 0.01383056640625
0 0.38507690544558754 0.6227533198320688 0.0083160400390625 0.011706429940682873
0 0.7367490132649739 0.4523072278058088 0.009639316134982638 0.012875790066189236
0 0.2637184778849284 0.6266854180230035 0.008418189154730903 0.011381135163483798
0 0.5060026380750867 0.845705724645544 0.012073092990451388 0.01543285228587963
0 0.4222057342529297 0.48035834983543113 0.007520718044704861 0.010269447609230325
0 0.5668064753214519 0.603010982937283 0.009814071655273437 0.012505594889322917
0 0.5559211095174154 0.39340306034794564 0.010745535956488715 0.014507434986255787
0 0.3754976696438259 0.3718171155011212 0.007547293768988716 0.010387646710431136
0 0.42588818868001305 0.5389394689489293 0.011159091525607638 0.0140289306640625
0 0.5402399275037978 0.49406190095124414 0.009540981716579862 0.012506668655960649
0 0.4084673139784071 0.2690349578857422 0.009669409857855903 0.013505356400101275
0 0.7603098127577042 0.6997107894332321 0.011400773790147568 0.016607948585792825
0 0.6215533150566949 0.5420959190086082 0.011786270141601562 0.016415687843605323
0 0.6876727634006076 0.7443583735713253 0.010511355929904513 0.012626930519386575
0 0.39202586279975044 0.6314483077437789 0.009218215942382812 0.011823300962094907
0 0.5423189192995318 0.18433696404120223 0.005036401386961341 0.009393695307598142
0 0.47960948264583136 0.3372604641800846 0.00835890539518476 0.012732953023657562
0 0.6325293223063152 0.6910139295789931 0.01046074761284722 0.013727145724826388
0 0.29177607430352104 0.35017238193088107 0.010047128465440537 0.013753848605685763
0 0.587811533610026 0.21433386626066986 0.008809831407335069 0.011736919261791087
0 0.7052549997965495 0.4947696544505931 0.009164598253038194 0.01195560031467014
0 0.6448649700924477 0.6868796433541872 0.01051190694173177 0.014014519585503472
0 0.49209255642361116 0.7200295342339409 0.009482913547092013 0.01188071922019676
0 0.3742269727918837 0.42194938659667963 0.007951524522569444 0.010636704056351275
0 0.4254517449273004 0.8870821069788051 0.010526529947916667 0.013391960991753472
0 0.3523553038910832 0.40338659817397465 0.007640838623046875 0.009749122902199075
0 0.40751176220911617 0.4919450939756991 0.005752361379344757 0.006903554441788441
0 0.46416104634602867 0.6035266452365451 0.009525722927517362 0.01221381293402778
0 0.7134249157375759 0.5607956780327691 0.009666993882921008 0.01288604736328125
0 0.33970788319905604 0.436316242924443 0.009631686740451388 0.012164447925708912
0 0.6512439894594134 0.3271998462052106 0.009142854478624132 0.011718778257016782
0 0.4855882008870443 0.4855755276150173 0.010523308648003472 0.013005235460069445
0 0.5300449583265516 0.4376328362358941 0.00807202657063802 0.010998026529947918
0 0.5380805757310655 0.4334321057354963 0.009390470716688368 0.013577298764829281
0 0.7460330115424263 0.3984259852656612 0.008160485161675347 0.010490897849754051
0 0.5914365556504991 0.7666054054542825 0.009752061631944444 0.013867413556134259
0 0.6742917802598741 0.37615980925383397 0.0102081298828125 0.013993213794849538
0 0.5359873241848416 0.582859519675926 0.009586970011393229 0.01297844780815972
0 0.244790416293674 0.518403399432147 0.01029735141330295 0.0131439208984375
0 0.5725674360472022 0.3787398335906563 0.006947378876089889 0.009722878715601306
0 0.40738366516412106 0.47416506262153335 0.007583448621961805 0.00775429054542824
0 0.7349978831229655 0.6260005254992559 0.005961602418277546 0.007510797732443643
0 0.35133699840969507 0.42100842793782545 0.010172801547580294 0.012554790355541088
0 0.3965825021778968 0.39541865393196984 0.005055852214025265 0.007149689999631761
0 0.4082262830344399 0.3966443150747638 0.006281513356819346 0.00837535114242577
0 0.4148142116769577 0.40144482121737374 0.005055852214025336 0.007353966856764061
0 0.40125533528479906 0.4210553995020778 0.00459622928547752 0.006536859428234649
0 0.39627608689219834 0.4026704823601678 0.004136606356929775 0.004902644571176111
0 0.3935183493209118 0.4120672177882551 0.004136606356929775 0.00612830571397005
0 0.39895722064206013 0.4145185400738432 0.0055154751425730095 0.00653685942823472
0 0.42147874414090014 0.4105351413597627 0.00490264457117604 0.0059240288568377505
0 0.42500251992643284 0.4159484780737695 0.0064347209996684996 0.00694541314249939
0 0.4276070498548702 0.409513757074101 0.006128305713970121 0.007966797428161101
0 0.474258777102467 0.33668905750642475 0.008120005071010256 0.014707933713528054
0 0.5381199573012835 0.1875315935186179 0.0059218185812435565 0.007895758108324743
0 0.5333084797040232 0.19049250280923968 0.005181591258588085 0.007895758108324743
0 0.5515674203295241 0.19378240202104166 0.006168561022128571 0.007895758108324706
0 0.726384439696651 0.3824581218178845 0.003947879054162371 0.010198687556586207
0 0.7374878495364828 0.3864060008720469 0.004934848817703142 0.0069087883447841135
0 0.6713608753792631 0.49974302871862475 0.0069087883447841135 0.009869697635405999
0 0.6670428826637731 0.5053358573786881 0.009622955194520841 0.010527677477766275
0 0.6948014072633524 0.48263555281725457 0.008882727871865228 0.01250161700484746
0 0.7912777016494451 0.5339579805213652 0.00740227322655457 0.01315959684720795
0 0.6460697751885356 0.8568615881597285 0.007649015667439585 0.012830606926027742
0 0.6579134123510226 0.819356737145186 0.006662045903898957 0.009540707714225789
0 0.30260429747641004 0.7397411762195784 0.008635985430980177 0.009540707714225789
0 0.2853323266144497 0.7328323878747941 0.006662045903898992 0.011514647241306903
0 0.5655083682395349 0.4757267644724703 0.009376212753635683 0.010527677477766275
0 0.5757481795362684 0.38377408150260534 0.005181591258588227 0.007566768187144532
