0 0.5882849799262152 0.2943287460892288 0.009534200032552084 0.013061664722583912
0 0.6191975275675455 0.7643722534179689 0.010236401028103298 0.013918276186342593
0 0.6234733793470594 0.8157847369158711 0.010042699178059895 0.013559807671440972
0 0.4566446728176541 0.406236888744213 0.00902756585015191 0.011597979510271993
0 0.6050960964626736 0.4946053398980035 0.010036044650607638 0.013539067021122685
0 0.5595105701022678 0.6030973081235532 0.009392335679796008 0.0122650146484375
0 0.33342083825005425 0.7927819146050348 0.011384963989257812 0.015151412398726851
0 0.3937236573961046 0.6246371233904804 0.009268569946289062 0.01252068413628472
0 0.350202825334337 0.45621337890625 0.010601743062337238 0.013384953251591437
0 0.5083874384562175 0.6326077779134115 0.009249072604709202 0.011877837004484955
0 0.7558329264322916 0.42306244461624715 0.00928802490234375 0.012331927264178241
0 0.5517758051554362 0.7305120397497106 0.01029828389485677 0.013691315827546296
0 0.2918840514289008 0.39047577469437206 0.010189204745822482 0.013860914442274306
0 0.2628565788269043 0.6416933978045428 0.009222433302137586 0.01221550835503472
0 0.31054050657484267 0.5074871487087673 0.009961594475640191 0.0132171630859375
0 0.4305900997585721 0.5392975701226128 0.00771670871310764 0.010489400227864583
0 0.4973140080769856 0.5554543671784579 0.008007600572374133 0.011223969636140045
0 0.3574120309617785 0.7820556640625 0.009817186991373699 0.012544985170717593
0 0.36009154849582253 0.8327741834852429 0.011030620998806424 0.014207288953993057
0 0.5971748775906034 0.7959871362756799 0.01024712456597222 0.014336875632957175
0 0.2832993295457628 0.7398858812120226 0.00969151390923394 0.012049752694589123
0 0.4907896677652995 0.3165343390570746 0.009883880615234375 0.012872257939091435
0 0.7014690399169922 0.31622789171006943 0.009826914469401041 0.01321258544921875
0 0.5101446151733399 0.6678693983289931 0.009316465589735243 0.01262806080005787
0 0.5965204450819227 0.8821397569444445 0.01089392768012153 0.014392654984085646
0 0.5479767693413629 0.9119185271086516 0.009806315104166666 0.012687400535300925
0 0.6488722059461806 0.8259318316424334 0.010636817084418403 0.013177207664207175
0 0.45533383687337237 0.7152716177481193 0.008719974093967013 0.011406227394386575
0 0.4161665386623806 0.6151420593261718 0.00934554206000434 0.012470217104311343
0 0.5612016042073568 0.7912122655797887 0.010343170166015625 0.013615756564670138
0 0.46770322587755 0.4838647630479601 0.009097332424587674 0.011591762966579862
0 0.42257912953694665 0.3579387664794922 0.006758160061306423 0.009422952157479745
0 0.3996083638496546 0.373080045976686 0.006204276445961412 0.007090601652527368
0 0.40074792482952504 0.38050829532695274 0.004431626032829641 0.0074282493502666825
0 0.39277099797043186 0.36100914078250257 0.005697804899352406 0.00658413010591822
0 0.39840549392645797 0.3482629401928403 0.005317951239395455 0.006752953954787913
0 0.40790183542537845 0.3457305824597948 0.004811479692786449 0.006752953954787984
0 0.39498681098684657 0.3424385174068357 0.00455824391948191 0.006246482408178835
0 0.40233064841267846 0.3206602409026447 0.005824422786004532 0.006584130105918291
0 0.39783571343652274 0.322686127089081 0.004938097579438647 0.004895891617221224
0 0.5584238837766211 0.2411605173129368 0.0073410974147647325 0.006797312421078452
0 0.6978027749708346 0.37370810952396655 0.0059136618063382685 0.008700559898980345
0 0.6014208284764302 0.4080790997321884 0.008172609047555852 0.007980763764749384
0 0.599649143036411 0.4170454541724136 0.006568283776362591 0.00995194511570098
0 0.774305779816963 0.5513967132343766 0.00716540048330458 0.007961556092560756
0 0.656833500418476 0.627597672155308 0.004280845153532909 0.005327273968840913
0 0.6544076881648073 0.6248071953144866 0.0074201315994569935 0.006088313107246748
0 0.5520877161850337 0.8200662408056724 0.01056673112731275 0.013594624842156833
0 0.5633032816798133 0.8853204400480255 0.0074152499139037075 0.008651124899554361
0 0.5704404597219456 0.8772872526412964 0.007600631161751466 0.009886999885204943
0 0.552458478680729 0.7198367794694065 0.007971393657446414 0.008898299896684421
0 0.46592807362290756 0.5123321335036806 0.009869697635405857 0.01226235160762556
0 0.47690975912683287 0.5578139909154092 0.0050159397758567795 0.006572610740777875
0 0.42855380418312755 0.6752376340131769 0.005898494249696284 0.006741136285367162
0 0.4334411279900186 0.6790576112415517 0.0069096646925012805 0.007190545371058192
