0 0.4833178997039795 0.3295530637105306 0.009137630462646484 0.011652628580729164
0 0.7457919597625733 0.41755468050638833 0.008856868743896485 0.012188943227132161
0 0.5149962663650512 0.39688499768575036 0.00933976173400879 0.012137508392333985
0 0.6143458366394043 0.11750835577646891 0.010756301879882812 0.014457368850708007
0 0.49765164852142335 0.681075159708659 0.010349321365356445 0.014319737752278648
0 0.5559748888015746 0.17631564140319825 0.010801267623901368 0.013680426279703777
0 0.3273956418037415 0.39817064603169755 0.008759665489196777 0.01144259770711263
0 0.6133569717407227 0.6540860493977864 0.00947742462158203 0.011943689982096354
0 0.6457691960563942 0.6467493916067112 0.010028409957885741 0.014124361673990886
0 0.4839683771133423 0.41042415301005053 0.00902714729309082 0.012164084116617839
0 0.2816637635231018 0.42656895319620763 0.010147595405578613 0.013428115844726562
0 0.5349762439727783 0.16871755123138427 0.008602428436279296 0.012124872207641602
0 0.36782991886138916 0.703174336751302 0.008663320541381836 0.010829798380533854
0 0.558446216583252 0.12929447491963703 0.010729694366455078 0.01302493413289388
0 0.44655120372772217 0.41661165555318197 0.008826494216918945 0.01154470443725586
0 0.48943798542022704 0.6095534642537436 0.009489297866821289 0.012509028116861977
0 0.6052861928939819 0.7295221010843912 0.009052419662475586 0.011126391092936198
0 0.3300231575965881 0.3451505502065023 0.006912922859191895 0.009279219309488933
0 0.4049288988113403 0.7776370366414389 0.009352636337280274 0.01179631551106771
0 0.3272061824798584 0.656135845184326 0.008513545989990235 0.0123074213663737
0 0.39237799644470217 0.25993123054504397 0.008071613311767579 0.011573505401611329
0 0.30274524688720705 0.37396620114644363 0.007911252975463866 0.010473283131917317
0 0.4824192523956299 0.30905353228251137 0.009701156616210937 0.011667982737223309
0 0.3561003565788269 0.4201382160186767 0.008108067512512206 0.010023148854573567
0 0.3157681345939636 0.2551902691523234 0.008810114860534669 0.01107312838236491
0 0.5321869850158693 0.10616997083028158 0.01028146743774414 0.013431644439697266
0 0.6504539728164673 0.7495741526285807 0.008553838729858399 0.01148681640625
0 0.4800387144088745 0.09542165994644165 0.009121179580688477 0.011798214912414551
0 0.3818939566612244 0.4530585289001465 0.009658169746398926 0.014508374532063802
0 0.37646540403366097 0.535582433909094 0.010243582725524902 0.01294088363647461
0 0.44096295833587645 0.386781104405721 0.008074617385864258 0.010494454701741535
0 0.3789207339286804 0.1771801153818766 0.010028481483459473 0.01329638163248698
0 0.5092648983001709 0.335828971862793 0.009481525421142578 0.012261199951171874
0 0.6504323005676269 0.5998684883117675 0.009203052520751953 0.012716738382975261
0 0.41619238885821647 0.7236826337634267 0.008267736434936524 0.01053466796875
0 0.4041064143180847 0.4611810684204102 0.008915066719055176 0.012440999348958336
0 0.4015119314193726 0.2059838056564331 0.00939631462097168 0.011970599492390953
0 0.6197806358337403 0.6026827176411946 0.010083770751953125 0.0131771723429362
0 0.5913012229234288 0.17590244640105612 0.008684778213500976 0.012311903635660808
0 0.46141049861907957 0.5846419970194499 0.010059213638305664 0.01190598805745443
0 0.33354225573780055 0.36600068694860854 0.008272250964465613 0.012408376446698312
0 0.300065490115979 0.38978340847144693 0.0069797117512677784 0.009650959458543227
0 0.25258338215312537 0.44078563864718673 0.00642052126691663 0.005058592513328293
0 0.25484515669033464 0.4440931799059014 0.003939865322880713 0.006615082517429229
0 0.25134305418110736 0.4454551086594897 0.005690916577494285 0.00544771501435342
0 0.2565962079449483 0.30332811516001623 0.008609335335183701 0.01108999127921969
0 0.31387017606460266 0.3319286189853723 0.008171572521530309 0.007587888769992403
0 0.3739982388037129 0.2784136014641968 0.00681520676049729 0.01190702790339742
0 0.44579291691860606 0.3218115847436849 0.007990242408858705 0.014100427780339047
0 0.46341845164402984 0.39466379494210324 0.007990242408858848 0.009400285186892603
0 0.7310915723407996 0.41158430827851 0.008460256668203457 0.01190702790339742
0 0.49984455674323913 0.0766208127855669 0.007050213890169417 0.010026970866018878
0 0.5672916029591941 0.09526471173957074 0.0065801996308248786 0.012847056422086674
0 0.5148850130422674 0.21605837639114192 0.007050213890169488 0.008146913828640301
0 0.5091273383652957 0.17861390706335267 0.006345192501152467 0.011593685063834371
0 0.6386162668147425 0.1958477632393226 0.008695263797875726 0.010340313705581963
0 0.6596494049204148 0.19945120589429813 0.008460256668203244 0.01566714197815454
0 0.6491915876499967 0.22436196163956382 0.007755235279186507 0.010966999384708166
0 0.6553017730214771 0.22279524744174833 0.007755235279186507 0.0115936850638343
0 0.6246333425992395 0.24159581781553374 0.006110185371480341 0.01222037074296054
0 0.6706947400150137 0.22561533299781616 0.008460256668203386 0.010966999384708166
0 0.693020417333884 0.22201189034284063 0.010340313705582105 0.014413770619902096
0 0.6736323291359178 0.19522107756019644 0.00634519250115261 0.010966999384708166
0 0.677392443210675 0.2771602301059444 0.008225249538531187 0.01190702790339742
0 0.6588268799665619 0.2856204867741479 0.007755235279186507 0.008146913828640336
0 0.6412013452411379 0.2990942288753608 0.0058751782418079304 0.008146913828640336
0 0.6447264521862227 0.29831087177645305 0.0058751782418079304 0.009086942347329626
0 0.6614119583929573 0.3025410001105548 0.005405163982463251 0.007520228149514203
0 0.6654070795973867 0.3025410001105548 0.005405163982463251 0.010653656545144975
0 0.6692846972369799 0.3033243572094625 0.00517015685279091 0.013473742101212877
0 0.7409618717870368 0.31523138511285986 0.00564017111213559 0.008460256668203457
0 0.7444869787321216 0.3147613708535153 0.004230128334101834 0.009400285186892674
0 0.7429594323892513 0.3084945140622535 0.005875178241807788 0.008773599507766577
0 0.7428419288244154 0.303481028629244 0.0070502138901696295 0.007520228149514203
0 0.6659945974215675 0.4612491483492598 0.007520228149514026 0.010340313705581963
0 0.5496660682337704 0.4391584781600619 0.00564017111213559 0.010653656545145154
0 0.6684621722831267 0.5361380870048383 0.010575320835254302 0.009086942347329555
0 0.6024251688452056 0.4974402463187967 0.008225249538531116 0.010653656545145012
0 0.6692846972369799 0.6125937398582323 0.008930270927548065 0.010340313705581963
0 0.6417888630653188 0.6393845526408763 0.009400285186892674 0.01128034222427118
0 0.6031301902342225 0.7156835340744888 0.0077552352791865784 0.012847056422086637
0 0.6436689201026973 0.7691084882199957 0.00611018537148027 0.010026970866018843
0 0.5245203053588324 0.7813288589629562 0.007990242408858848 0.010026970866019128
0 0.3933863270016792 0.6840359072786165 0.010340313705582034 0.010340313705581963
0 0.38762865232470745 0.679805778944515 0.009635292316565085 0.010653656545145083
0 0.27682279068420973 0.6371911527639348 0.009870299446237353 0.013160399261649615
0 0.4578957840967303 0.4861599040945255 0.00681520676049729 0.008773599507766435
0 0.472466226136414 0.5035504316902769 0.008695263797875726 0.013473742101212806
0 0.575399348932889 0.5362947584246198 0.01245537787263288 0.012533713582523589
0 0.7723265676884591 0.3733404459961775 0.010810327964926642 0.01128034222427118
0 0.5088721661046216 0.08805876880345202 0.010408236641235575 0.013322542900781453
