0 0.43910846710205076 0.531832829228154 0.007046296861436632 0.010631985134548612
0 0.6055784861246745 0.4318200429280599 0.009181552463107638 0.012047294334129051
0 0.6888524373372396 0.49065534803602423 0.009295145670572916 0.013237734194155092
0 0.25231175952487517 0.45291177255136 0.008403460184733072 0.012210422092013888
0 0.44012438456217445 0.6690659134476273 0.007590399848090278 0.01009521484375
0 0.31639408535427516 0.3935663011338976 0.009666739569769964 0.013920084635416668
0 0.3317471822102865 0.7616255583586516 0.008804872300889758 0.012207596390335649
0 0.3902278264363607 0.7991523742675781 0.008799955579969617 0.011656754105179398
0 0.5389345592922634 0.6882399382414641 0.008541319105360243 0.011966394495081018
0 0.7534709082709419 0.5028388694480613 0.007331254747178819 0.010488213433159723
0 0.7020517773098415 0.30842648258915656 0.009543821546766492 0.012231473569516782
0 0.6645993550618491 0.7736943280255353 0.00859773423936632 0.011760965983072918
0 0.5166423797607421 0.24214681696008752 0.009347703721788194 0.012829010574905961
0 0.32638703452216256 0.37351130732783566 0.008364635043674046 0.011634544089988425
0 0.5447258843315973 0.46150134051287617 0.008526696099175347 0.011203342013888888
0 0.31833901935153536 0.48657461095739296 0.008769713507758247 0.012492257577401623
0 0.42322114308675135 0.7984321311668114 0.008205032348632813 0.010485613787615741
0 0.31917605929904513 0.6087960984971788 0.007912233140733508 0.011080876103153937
0 0.6411843829684787 0.8013359917534723 0.007755152384440103 0.009712501808449073
0 0.4680107752482096 0.2964327353018302 0.008500798543294271 0.011089551007306136
0 0.49509440283360706 0.7711393378661876 0.010149214002821181 0.014270189073350694
0 0.7154147254096138 0.38292862221046725 0.007491472032335069 0.010500505235460068
0 0.5625106387668185 0.8459258468062789 0.009746297200520834 0.01380321361400463
0 0.626017800046388 0.25472244051041437 0.007084740532769097 0.008744416413483795
0 0.5100771798027887 0.6184892725061487 0.010032272338867188 0.014610968695746528
0 0.7520360310872397 0.5602675826461226 0.008237202962239584 0.010899070457175926
0 0.36208252376980254 0.4316069850215205 0.009030787150065105 0.011599703188295719
0 0.29144236246744787 0.4457452844690393 0.008098517523871527 0.011785040961371528
0 0.3329048050774469 0.4336784080222801 0.010250367058648003 0.013320188169126158
0 0.29193983078002933 0.4853733204029224 0.008780013190375434 0.011809172453703705
0 0.38603776295979814 0.2462211326316551 0.007248051961263022 0.009500687210648149
0 0.5849543253580729 0.6363881429036458 0.008017222086588541 0.011205037434895836
0 0.46458727518717446 0.3661655002170139 0.008357662624782986 0.01102436206958912
0 0.4435785717434353 0.5452446266456887 0.00985823737250434 0.010813960322627315
0 0.5457461675008138 0.38778863129792385 0.008289210001627604 0.011140244095413775
0 0.6918092303805881 0.41393678453233507 0.007772360907660591 0.011018541124131944
0 0.6353141996595594 0.4321616702609592 0.007559331258138021 0.010129942717375577
0 0.608022732204861 0.6548918547453704 0.007791561550564236 0.011970802589699075
0 0.6005099614461263 0.6414102624963831 0.009007051255967883 0.009640728985821759
0 0.7525596975370453 0.3953415882190402 0.006818559434678819 0.008375408031322338
0 0.42134600745307066 0.33770072371871385 0.008119498358832465 0.010563122784649886
0 0.32734600702921546 0.5133682533546731 0.00865836673312717 0.012061507613570601
0 0.6421265496148004 0.35964282000506365 0.008308156331380209 0.0111846923828125
0 0.39657344818115237 0.64096925523546 0.007737774319118923 0.009707019947193286
0 0.3574949483368332 0.5845508294996774 0.008190006679958768 0.010525173611111112
0 0.6217952728271484 0.5370824178059895 0.007791476779513889 0.010262044270833333
0 0.7279261271158854 0.36059679102014613 0.008251614040798612 0.011000371862340857
0 0.4131252924601237 0.434139746206778 0.007527118259006076 0.008673010932074652
0 0.662869532314945 0.7302829518407828 0.008259667290581597 0.011936611599392362
0 0.2855727513631185 0.7297189500596788 0.008744133843315972 0.010905908655237268
0 0.6427943335639106 0.2929987589518229 0.006990814208984375 0.009911600748697917
0 0.3578331417507596 0.32608701917860244 0.008394453260633681 0.012357245551215278
0 0.6591711892022027 0.5746771070692275 0.008532502916124132 0.012474851255063656
0 0.42167979346381296 0.6270562913682727 0.008588027954101563 0.011761079011140046
0 0.7818426398145115 0.4713586719193528 0.009250217013888888 0.013480688024450231
0 0.6494154612223306 0.7865260936595776 0.008745829264322916 0.012008101851851851
0 0.4905635197957357 0.4418026394314236 0.007786941528320312 0.009995637116608795
0 0.5710008197360569 0.8715808444552952 0.008069652981228298 0.011513038917824075
0 0.6375884797838 0.5257740162037037 0.008682801988389758 0.01246654369212963
0 0.5371276643541124 0.6530875594527632 0.010307523939344618 0.013323352955005786
0 0.32999238967895506 0.3102427588568793 0.006110445658365885 0.008759533917462384
0 0.36064187951887805 0.24350091439706303 0.008194266425238714 0.01083458794487847
0 0.26934964098721353 0.4785645987934016 0.010053743562289448 0.012239339988874179
0 0.2612629342088503 0.4998377373454923 0.009616624276972524 0.010490862847606338
0 0.26060725528087486 0.5097457744793428 0.008305266421021678 0.009325211420094561
0 0.2643227692060688 0.5461723815890872 0.011365101418240257 0.012239339988874108
0 0.2586402184969487 0.5756050801337607 0.00786814713570486 0.010490862847606267
0 0.28137042133342915 0.6295164586561826 0.007868147135704752 0.012239339988874037
0 0.36748292054086507 0.5371385830258706 0.00786814713570486 0.011656514275118112
0 0.4697688333050274 0.6044549529646784 0.006119669994437089 0.012239339988874179
0 0.48222673293656 0.5965868058289735 0.012676459274191174 0.010490862847606409
0 0.4774184207980737 0.586970181552001 0.009179504991655563 0.009908037133850484
0 0.4885649625736555 0.5622000887173748 0.008742385706338568 0.011656514275118254
0 0.47108019116097816 0.5418011887359179 0.009616624276972487 0.010490862847606338
0 0.5005857429198711 0.47244492879896455 0.008305266421021784 0.011656514275118254
0 0.4848494486484616 0.48876404878413 0.010053743562289483 0.010490862847606409
0 0.4831009715071939 0.46836514880267316 0.006556789279753943 0.011656514275118254
0 0.47545138401414744 0.4654510202338936 0.008742385706338708 0.011656514275118254
0 0.4339250519090389 0.4258188716984917 0.009616624276972487 0.010490862847606409
0 0.45731093367349473 0.42873300026727124 0.008305266421021713 0.010490862847606409
0 0.4485685479671561 0.42844158741039323 0.006556789279754014 0.01107368856136226
0 0.7737852962429543 0.4619540659513581 0.01180222070355711 0.017484771412677416
0 0.5436419925235891 0.4316471288360508 0.009616624276972416 0.012822165702630102
0 0.5748960214237498 0.41270529313898363 0.010053743562289412 0.01107368856136226
0 0.49927438506392036 0.37802716317050694 0.009179504991655634 0.01282216570263003
0 0.5077982111276006 0.4505889645331178 0.008742385706338568 0.011073688561362332
0 0.5738032232104575 0.6158200543829185 0.009616624276972416 0.013987817130141878
0 0.5762073792797006 0.6126145129572612 0.010053743562289483 0.013404991416385953
0 0.5574112500110724 0.5983352829702412 0.007431027850387863 0.010490862847606409
0 0.3797222605297392 0.4543773316725313 0.007868147135704788 0.011656514275118254
0 0.3489053509148954 0.37365597031733755 0.011802220703557182 0.0145706428438978
0 0.41294332621382607 0.5525834644404023 0.008742385706338639 0.013404991416385953
0 0.3222410745105624 0.3177047017967702 0.011802220703557182 0.009908037133850484
0 0.2713166777711397 0.3573368503321721 0.010490862847606338 0.009908037133850413
0 0.39764415122773333 0.3529656574790028 0.008742385706338639 0.013987817130141878
0 0.40835357371799824 0.33985207891949487 0.008305266421021855 0.013404991416385953
0 0.39436575658785644 0.312750683229845 0.008305266421021642 0.009325211420094633
0 0.37141699410871737 0.2888548289658526 0.011365101418240257 0.01165651427511822
0 0.3578662962638925 0.26729027755688395 0.006993908565070939 0.013987817130141841
0 0.4280239415572602 0.18919163191359187 0.008305266421021713 0.009325211420094561
0 0.5119508443381114 0.30225982038223853 0.007431027850387863 0.009325211420094525
0 0.5241901843269855 0.3523828317652469 0.007431027850387722 0.011656514275118183
0 0.5718361864265311 0.3587939146165619 0.012676459274191032 0.010490862847606338
0 0.5974076646175718 0.34014349177637276 0.009616624276972487 0.011656514275118183
0 0.6026530960413751 0.3401434917763727 0.006993908565070939 0.009325211420094561
0 0.576425938922359 0.3025512332391165 0.010490862847606409 0.012239339988874108
0 0.5788300949916021 0.2897290675364865 0.011802220703557182 0.015736294271409646
0 0.5939107103350364 0.2463085518616711 0.013113578559507956 0.012822165702630067
0 0.6516104559968716 0.21891574331514335 0.006119669994437089 0.01165651427511822
0 0.5893209578392086 0.22561823902333628 0.007431027850387722 0.01107368856136226
0 0.5991561417588396 0.22328693616831266 0.006993908565070939 0.012239339988874108
0 0.6004674996147904 0.2299894318765056 0.00786814713570486 0.01165651427511822
0 0.6052758117532767 0.23173790901777339 0.009616624276972558 0.01165651427511822
0 0.6129253992463229 0.2355262761571868 0.009179504991655705 0.01107368856136226
0 0.6120511606756891 0.22532682616645833 0.0074310278503880054 0.011656514275118183
0 0.5947849489056702 0.23640051472782062 0.008742385706338708 0.010490862847606409
0 0.6087727660358121 0.2591307175643011 0.00699390856507101 0.015153468557653725
0 0.6177337113848091 0.25475952471113184 0.007431027850387934 0.011073688561362332
0 0.6207935463820278 0.27049581898254144 0.009179504991655563 0.009908037133850484
0 0.5989375821161811 0.40833410028581435 0.012676459274191032 0.010490862847606338
0 0.6089913256784706 0.41765931170590886 0.009179504991655634 0.013987817130141736
0 0.6494248595702868 0.39347204458503854 0.007868147135704788 0.013404991416385953
0 0.6098655642491044 0.4610798273807243 0.011802220703557182 0.016901945698921422
0 0.6205749867393692 0.5205280501838271 0.00786814713570486 0.012239339988874179
0 0.6843944023956413 0.515574031616902 0.008742385706338639 0.01631911998516557
0 0.7053761280908543 0.5423840144496738 0.013113578559508027 0.01865042284018905
0 0.7473395794812798 0.5225679401819728 0.006993908565070797 0.012822165702629888
0 0.6612270802738439 0.5951297415445836 0.008742385706338639 0.012239339988874179
0 0.6540146120661146 0.5971696315427295 0.010053743562289554 0.015153468557653654
0 0.6365298406534373 0.5799762729869301 0.007431027850387863 0.01573629427140972
0 0.6170780324568338 0.5415097758790399 0.006993908565070939 0.012239339988874179
0 0.6177337113848091 0.5534577030110361 0.003934073567852394 0.011656514275118183
0 0.6131439588889813 0.5764793187043946 0.009616624276972558 0.012239339988874108
0 0.605931490681252 0.5828904015557097 0.008305266421021855 0.008742385706338568
0 0.6070242888945443 0.593964090117072 0.008742385706338639 0.008742385706338708
0 0.6330328863709019 0.7189802057177148 0.008305266421021784 0.015153468557653583
0 0.7114957980852914 0.7868794013702783 0.011365101418240329 0.013404991416385882
0 0.7246093766447993 0.6945015257399665 0.007868147135704788 0.015153468557653866
0 0.7608902773261047 0.6015408243958987 0.013113578559508027 0.016901945698921495
0 0.7248279362874578 0.7463730142642424 0.010053743562289554 0.017484771412677416
0 0.6336885652988772 0.7708516942419908 0.00874238570633878 0.010490862847606338
0 0.6264760970911479 0.7755142999520381 0.009179504991655563 0.009325211420094633
0 0.6024345363987166 0.7726001713832585 0.008305266421021855 0.011656514275118325
0 0.6660353924123303 0.809318191349881 0.006119669994436947 0.011656514275118325
0 0.6229791428086124 0.8224317699093889 0.008305266421021713 0.01107368856136219
0 0.612488279961006 0.8454533856027474 0.011802220703557182 0.015153468557653583
0 0.5010228622051881 0.8253458984781686 0.009179504991655634 0.012239339988874179
0 0.48222673293656 0.7522012714018018 0.010053743562289483 0.01049086284760648
0 0.47151731044629513 0.7323851971341007 0.007868147135704717 0.011656514275118183
0 0.4702059525903443 0.7530755099724357 0.008742385706338639 0.009908037133850484
0 0.46758323687844267 0.893245094130732 0.012239339988874179 0.015153468557653725
0 0.3985183897983673 0.756572464254971 0.010490862847606409 0.01457064284389773
0 0.43654776762094044 0.7370478028441481 0.007868147135704788 0.015153468557653583
0 0.38824608659341936 0.6977070671656241 0.010053743562289483 0.012239339988874037
0 0.394147196945198 0.7402533442698055 0.00786814713570486 0.01573629427140972
0 0.4057308580060967 0.6548693772045646 0.011802220703557253 0.01282216570263003
0 0.4278053819146018 0.6633203500540253 0.01049086284760648 0.011073688561362332
0 0.45862229152944567 0.6907131586005533 0.007431027850387792 0.007576734278826791
