0 0.3843109554714627 0.43226452580204716 0.00938474867078993 0.012529359040436923
0 0.785262468126085 0.3439670986599392 0.009438408745659722 0.01265411376953125
0 0.4139472113715278 0.37994311297381367 0.008257971869574653 0.011753223560474537
0 0.39401554531521266 0.45598130402741605 0.009599049886067709 0.012071962709780093
0 0.8042733510335286 0.6019607261375144 0.010099368625217013 0.013534941496672453
0 0.36641318003336587 0.4166503482394748 0.009404373168945313 0.012419891357421876
0 0.47550123002794054 0.4806122673882378 0.009437264336480036 0.011878063060619212
0 0.6350343280368381 0.42013905843098953 0.009803220960828992 0.012501469364872685
0 0.7166781531439886 0.8133354469581886 0.008926645914713541 0.011881510416666664
0 0.7294800652398004 0.8605407432273583 0.008304341634114584 0.011445391619646993
0 0.5986558702256944 0.3811857718008536 0.007520039876302082 0.01018665455005787
0 0.4656940036349826 0.7067525227864584 0.009892781575520834 0.012123390480324075
0 0.7579374101426866 0.6577178672507958 0.009797583685980903 0.012970140245225694
0 0.42822210523817267 0.5577876338252314 0.009390174018012152 0.011599618417245373
0 0.31284620496961807 0.5269197252061633 0.009768591986762153 0.013116115993923611
0 0.6583573871188695 0.6715326379846642 0.010509618123372396 0.013611404984085649
0 0.3446561182596649 0.4749018594412238 0.006906430181033088 0.009362049800955959
0 0.6179127070224393 0.31829080144685085 0.0034246761228263266 0.005834633394444851
0 0.6227643315297766 0.31974945979546204 0.00399545547663081 0.006722512389251776
0 0.6217179027144685 0.3245693743386991 0.0030441565536233383 0.004946754399638067
0 0.6192445255146496 0.32406201491309516 0.003805195692029315 0.005200434112440036
0 0.5958336684123785 0.4190989501613979 0.004795804487888091 0.006813711294267364
0 0.5971308942164794 0.4137528074535882 0.005346142707809634 0.006604058639059076
0 0.7968762188575763 0.7316988523057794 0.007429644588687125 0.008929525890628724
0 0.7610025019511713 0.8340564485366226 0.006168561022128642 0.007566768187144532
0 0.537069129993245 0.7787212084541557 0.008230162632397793 0.013168260211836582
0 0.44571432477362954 0.7386255443476023 0.00683736587922283 0.013337084060706132
0 0.4365345279913397 0.6613042215652806 0.007217219539179638 0.012324140967487978
0 0.5883295661754713 0.4220192218363505 0.005292627662065143 0.009471017921590103
0 0.7432456234952372 0.8802979019179789 0.004550266992622767 0.007190545371058192
