0 0.2903099483913845 0.7396690086082175 0.008449723985460069 0.01109935619212963
0 0.7537890964084203 0.6380317405418113 0.008737352159288194 0.011737625687210646
0 0.2812243249681261 0.6906930994104457 0.010483402676052517 0.0136322021484375
0 0.49742556677924266 0.28317791974103007 0.008363384670681423 0.011895130298755788
0 0.45828251308865015 0.5291254114221643 0.008685217963324653 0.011584924768518518
0 0.3302778879801432 0.5206909462257667 0.00860688951280382 0.013718386049623842
0 0.6791353225708008 0.6777111759892216 0.008076434665256076 0.010477532280815972
0 0.520136218600803 0.3352623833550347 0.009418233235677084 0.013416544596354168
0 0.46394670274522576 0.6051795676902488 0.009157816569010416 0.01279895923755787
0 0.7117929670545791 0.39075299015751597 0.009138912624782987 0.012332294605396412
0 0.4770736270480686 0.7540166784215856 0.008167351616753473 0.011340105975115741
0 0.5113285700480144 0.6271033393012153 0.00861498514811198 0.01058372214988426
0 0.3763312021891276 0.6205608791775173 0.007781982421875 0.01000072337962963
0 0.4310030195448134 0.3369110955132379 0.008235253228081597 0.010509632251880787
0 0.6891234927707248 0.6891412523057727 0.009044223361545138 0.011538865831163194
0 0.5018080393473308 0.494203355577257 0.008298831515842015 0.011168868453414351
0 0.41197357177734373 0.2581246693929037 0.007734086778428819 0.00976633142541956
0 0.5793284310234917 0.494219066478588 0.008261659410264757 0.010242942527488426
0 0.7479206085205078 0.5442536813241464 0.009099748399522569 0.011542821813512731
0 0.7549256218804254 0.4550174006709346 0.008904351128472222 0.011645846896701388
0 0.764843241373698 0.5511360451027199 0.008148701985677083 0.01170100459346065
0 0.44603691101074217 0.381991054393627 0.008222368028428819 0.011118090594256365
0 0.6165313508775498 0.6766933865017362 0.007271109686957465 0.008781715675636573
0 0.32803477181328666 0.628647302698206 0.00812642839219835 0.011446352358217593
0 0.42306885189480253 0.7569807547110098 0.008344989352756077 0.012128872341579862
0 0.7006360795762804 0.6788698832194011 0.007782830132378472 0.011285569932725694
0 0.49727461073133683 0.6423747875072339 0.007637871636284722 0.01053783275462963
0 0.3542489899529351 0.523167136863426 0.008309491475423177 0.01128189652054398
0 0.35297908782958987 0.4946677879050926 0.00942980448404948 0.013315836588541664
0 0.4772167417738173 0.3208005410653573 0.009252717759874131 0.014215624773943865
0 0.6004204644097223 0.6174821924280238 0.008657073974609375 0.01144550464771412
0 0.6764747015522736 0.4180714836009016 0.009372287326388888 0.012440632007740163
0 0.24416170120239258 0.6324172125922309 0.008193185594346787 0.011342196994357638
0 0.31067714954741965 0.8067394292444942 0.006713019476996527 0.008919214319299769
0 0.4835283457778 0.7358695231365708 0.008019341362847222 0.009280734592013888
0 0.2859851943122016 0.6342444243254485 0.009024789598253037 0.011647824887876157
0 0.6682686699761285 0.6172304224084925 0.008601125081380208 0.011648390028211806
0 0.27965151468912763 0.5035480357982494 0.008609135945638021 0.011239906593605324
0 0.4892990573155367 0.24300448238463063 0.007405598958333331 0.010028782597294561
0 0.5437255859375001 0.39824769761827256 0.00696165296766493 0.009995071976273149
0 0.44924335479736327 0.21132898683901186 0.008896085951063368 0.011097943341290509
0 0.372364976671007 0.30840219568323207 0.007677714029947918 0.010871604636863425
0 0.7447989993625217 0.6661681846336083 0.008275943332248265 0.010274420844184028
0 0.3198506249321832 0.3865932747169778 0.007506476508246528 0.010211605495876736
0 0.42124481201171876 0.47013278537326386 0.008066474066840277 0.009614732530381944
0 0.3278112146067005 0.3620193700696456 0.009179504991655563 0.012239339988874108
0 0.37305306063700305 0.3588138286439881 0.006119669994437089 0.006993908565070939
0 0.4073669245343823 0.37280164577412994 0.006556789279754014 0.008159559992582643
0 0.3651849135012982 0.3139362486847829 0.007868147135704717 0.010490862847606409
0 0.28344360714703176 0.34307753437257843 0.006993908565070939 0.012822165702630102
0 0.39163063026297273 0.5389069741945645 0.0074310278503880054 0.01049086284760648
0 0.5524905272596041 0.40835401431324053 0.007431027850387934 0.008159559992582785
0 0.5500863711903612 0.40281717003255935 0.00524543142380324 0.009908037133850555
0 0.5817775193758387 0.3229700472479996 0.007431027850387934 0.012239339988874108
0 0.5758764090240601 0.29528582584459384 0.00786814713570486 0.010490862847606409
0 0.572598014384183 0.27809246728879444 0.0074310278503880054 0.011073688561362295
0 0.3966575020441175 0.2632304115880187 0.008742385706338708 0.013987817130141912
0 0.46397387198292506 0.2518653101697785 0.009616624276972558 0.009908037133850484
0 0.6062561993535869 0.2390431444671484 0.005682550709120093 0.013404991416385953
0 0.6305163196886767 0.21310740020501037 0.006993908565070868 0.010490862847606409
0 0.6047262818549776 0.23059217161768772 0.008742385706338708 0.010490862847606372
0 0.6993626071260937 0.28421213728323147 0.007431027850387863 0.013987817130141841
0 0.6604589907328865 0.36697338863657086 0.009179504991655563 0.010490862847606338
0 0.6604589907328865 0.3608537186421338 0.009179504991655563 0.008742385706338639
0 0.687341826779878 0.36435067292466916 0.006993908565070939 0.012239339988874179
0 0.6877789460651949 0.3742587100585196 0.007868147135704788 0.008742385706338708
0 0.6886531846358287 0.43545541000289034 0.006119669994437089 0.009908037133850413
0 0.6851562303532933 0.4313756300065989 0.00524543142380324 0.008742385706338639
0 0.6716055325084683 0.436621061430402 0.007868147135704646 0.008742385706338708
0 0.7137875435415525 0.4989834128022846 0.009179504991655563 0.012239339988874179
0 0.7808853538377016 0.5240449184937888 0.01049086284760648 0.012239339988874037
0 0.6952099739155827 0.5307474142019817 0.006993908565070939 0.011656514275118112
0 0.7046080385498967 0.503063192798576 0.0074310278503880054 0.01107368856136226
0 0.6624260275168129 0.5485235984715371 0.008742385706338639 0.013404991416385953
0 0.694772854630266 0.6161313812672227 0.010490862847606338 0.013404991416385953
0 0.6302977600460181 0.5004404770866744 0.006556789279754085 0.011656514275118183
0 0.6698570553672007 0.4692593014007332 0.008742385706338639 0.01107368856136226
0 0.591831262938128 0.4613911542650284 0.010053743562289412 0.011656514275118254
0 0.601666446857759 0.4683850628300992 0.006119669994437018 0.010490862847606409
0 0.5822146386611555 0.4217590057296264 0.009179504991655563 0.010490862847606338
0 0.5780620054506447 0.4517745299880558 0.00699390856507101 0.009908037133850484
0 0.5741279318827922 0.4456548599936187 0.009616624276972558 0.009325211420094561
0 0.5806847211625462 0.4360382357166462 0.00786814713570486 0.0075767342788268625
0 0.40714836489172385 0.6254565926873172 0.009616624276972558 0.012239339988874108
0 0.34638878423267017 0.6336161526799 0.006993908565070868 0.009908037133850484
0 0.6930243774889981 0.7455186897210347 0.010490862847606338 0.011073688561362332
0 0.6077861168521962 0.7088006697544125 0.010490862847606409 0.009908037133850484
0 0.5623257111792351 0.7466843411485466 0.00961662427697263 0.01107368856136219
0 0.6128129886333409 0.8189547296542795 0.009179504991655634 0.012239339988874179
0 0.4770874505424332 0.7364848911578181 0.00786814713570493 0.008159559992582928
0 0.3420175913795008 0.751055534001716 0.009616624276972487 0.01282216570263003
0 0.3345865635291129 0.7466843411485466 0.011365101418240257 0.01107368856136219
0 0.4534830091353188 0.6700427597896444 0.008742385706338639 0.011656514275118325
0 0.445177742714297 0.6729568883584238 0.00786814713570486 0.010490862847606338
0 0.43424976058137377 0.6814078612078848 0.009616624276972558 0.008742385706338639
0 0.422666099520475 0.7851508382564367 0.007431027850387934 0.011073688561362332
0 0.4257259345176935 0.8049669125241377 0.010927982132923404 0.008742385706338639
0 0.6108459518494147 0.6024349769939588 0.010490862847606338 0.011656514275118254
0 0.5305148764550431 0.48725970134508584 0.008518218260368826 0.011357624347158505
0 0.5897552125385175 0.4795158665629323 0.007743834782153556 0.010325113042871337
0 0.3249160629888672 0.5011986039529623 0.007743834782153485 0.012390135651445675
