0 0.5952739715576173 0.3065722624460856 0.009780311584472656 0.012889448801676433
0 0.5030918121337891 0.4804153442382812 0.0070630073547363285 0.00910027821858724
0 0.549773097038269 0.7745141983032227 0.007623624801635742 0.0105133056640625
0 0.33939749002456665 0.4694764455159505 0.009136557579040527 0.011805025736490886
0 0.5774120569229125 0.4683619340260824 0.007196378707885742 0.009802659352620443
0 0.6811637163162232 0.4575427850087484 0.008431768417358399 0.011482524871826171
0 0.40275413990020753 0.6452472686767579 0.007865190505981445 0.010219192504882813
0 0.39132230281829833 0.552088991800944 0.008243703842163086 0.01110687255859375
0 0.6717404842376709 0.32136720021565757 0.007716751098632813 0.00920867919921875
0 0.5396929502487182 0.3063109556833903 0.007877969741821289 0.01024923324584961
0 0.5041348218917847 0.24803419907887775 0.007771730422973633 0.01124412218729655
0 0.39341028928756716 0.4064911206563314 0.008906102180480957 0.011741892496744793
0 0.36327346563339236 0.5479691505432129 0.008321690559387206 0.011521848042805989
0 0.4577412366867065 0.7826195081075032 0.009135198593139649 0.012338320414225258
0 0.6591792583465577 0.4303434371948242 0.008658790588378906 0.01130504608154297
0 0.6494365215301514 0.19342704614003503 0.009238338470458985 0.012467559178670247
0 0.4967539310455322 0.5547567685445149 0.0076618194580078125 0.010054461161295573
0 0.3273446798324585 0.7017804463704427 0.006608200073242187 0.008361053466796876
0 0.6438871860504151 0.7193367958068848 0.007962512969970702 0.009539222717285157
0 0.5046666383743286 0.7064370791117349 0.007125997543334961 0.01018988291422526
0 0.34709835052490234 0.41739362080891923 0.008589982986450195 0.010717519124348958
0 0.33059420585632326 0.3827727476755778 0.008600091934204102 0.011586793263753255
0 0.3670008540153503 0.6073819160461426 0.008250784873962403 0.010323397318522136
0 0.39643315076828 0.6282206535339355 0.007642674446105957 0.008773994445800782
0 0.6066604852676392 0.14510843753814698 0.008562994003295899 0.011903079350789388
0 0.604774808883667 0.16825769742329913 0.007662296295166016 0.011422157287597656
0 0.5524374485015869 0.22137459913889568 0.007668972015380859 0.009823083877563477
0 0.5318789005279541 0.7245422999064128 0.006802082061767578 0.009827804565429688
0 0.2904526710510254 0.4311975002288819 0.008336114883422851 0.010760656992594401
0 0.4496312618255615 0.4211740334828694 0.007880592346191406 0.009886964162190755
0 0.3588850975036621 0.5680426915486655 0.008243846893310546 0.010965601603190106
0 0.6158278942108154 0.44416379928588867 0.008088302612304688 0.010286521911621094
0 0.5237007856369018 0.6057721455891927 0.00796523094177246 0.010825093587239583
0 0.4939126491546631 0.3856832186381023 0.007520198822021484 0.011073557535807292
0 0.617601728439331 0.7273333867390952 0.006904315948486328 0.008867390950520833
0 0.4562235832214355 0.6815095901489258 0.007132244110107422 0.009085591634114583
0 0.7446316480636597 0.5691215833028158 0.008145475387573242 0.011411094665527343
0 0.5942254066467285 0.776066780090332 0.008901119232177734 0.011327489217122394
0 0.6650269031524658 0.22340288956960042 0.009240341186523438 0.01232129732767741
0 0.36911759376525877 0.5155405044555664 0.008716297149658204 0.011012522379557292
0 0.6264355182647705 0.5209118843078614 0.006707191467285156 0.009589958190917968
0 0.4002115368843079 0.36057319641113283 0.008422541618347167 0.010484568277994792
0 0.4836335897445679 0.44955034255981446 0.009241342544555664 0.012457974751790364
0 0.5802964687347413 0.1850210110346476 0.008804607391357421 0.011572949091593425
0 0.700612235069275 0.5029910882314046 0.006604051589965821 0.009267902374267578
0 0.4206127643585205 0.27262171109517414 0.007122611999511719 0.009702142079671223
0 0.6347002744674684 0.34755568504333495 0.00807032585144043 0.010861047108968099
0 0.6279624462127685 0.4724757194519043 0.008687782287597656 0.010851542154947914
0 0.5439437627792358 0.6626924832661946 0.007767152786254883 0.010701688130696614
0 0.4340113878250122 0.2948752880096436 0.008711957931518554 0.010498905181884765
0 0.671752643585205 0.5925810178120932 0.007468318939208985 0.009845670064290364
0 0.3777324080467224 0.5887377738952636 0.008529162406921387 0.011725552876790364
0 0.6803405046463012 0.22541479269663495 0.007600259780883789 0.010877211888631187
0 0.6815264701843262 0.3058298905690511 0.007842159271240235 0.010050169626871745
0 0.5802996397018432 0.4118186473846436 0.007522726058959961 0.011065832773844401
0 0.7380568742752075 0.5392197926839193 0.008101892471313477 0.010611597696940105
0 0.553256344795227 0.4674250284830729 0.006890153884887696 0.008406448364257812
0 0.5202938079833985 0.10121227502822876 0.008019542694091797 0.0104108730951945
0 0.4857529401779175 0.15107823212941487 0.008330869674682616 0.011960840225219727
0 0.6552074432373047 0.46192110379536944 0.008466053009033202 0.011815293629964191
0 0.39267623665968254 0.22889343014263752 0.009531784057617187 0.013903617858886719
0 0.39181292057037354 0.7179453214009602 0.006785345077514648 0.010905647277832031
0 0.4656398057937622 0.4711803754170735 0.006829023361206055 0.011797142028808594
0 0.4891369342803955 0.6462167739868164 0.008655834197998046 0.011919403076171875
0 0.5415931224822997 0.7553727785746256 0.007944774627685548 0.01016356150309245
0 0.5195979356765746 0.19843166669209797 0.008520078659057618 0.011885134379069011
0 0.6350770950317384 0.6806446393330892 0.00731954574584961 0.009727414449055989
0 0.666113888288742 0.6400065550553742 0.008204841613769531 0.010703404744466148
0 0.6078916311264038 0.6701416969299316 0.006653928756713867 0.009412574768066406
0 0.6379260063171386 0.5889657974243164 0.008164310455322265 0.010410563151041668
0 0.41225686073303225 0.2250874598821004 0.008541679382324219 0.010759941736857096
0 0.4797175884246826 0.29576228459676107 0.00771799087524414 0.009949366251627604
0 0.5053527116775512 0.3982726573944092 0.007994318008422851 0.010723272959391274
0 0.4518533706665039 0.26629313627878826 0.008084487915039063 0.010972102483113609
0 0.3488577604293823 0.4023776054382324 0.011133337020874023 0.013183021545410156
0 0.4874288558959961 0.33490676879882814 0.006613254547119141 0.009698104858398438
0 0.4313753843307495 0.6195490201314291 0.00724482536315918 0.00906543731689453
0 0.6434136629104614 0.6713877042134604 0.007511281967163086 0.011195564270019531
0 0.22614880800247192 0.4080102125803629 0.008794426918029785 0.012749449412027996
0 0.7343586206436157 0.4149646441141765 0.008739614486694336 0.012142244974772136
0 0.7641180515289306 0.4904700756072997 0.00796365737915039 0.010594971974690755
0 0.30653758049011226 0.3661823113759359 0.009097766876220704 0.012160968780517579
0 0.4214200258255005 0.5808937072753906 0.0076602458953857425 0.010435104370117188
0 0.5566758632659912 0.23711017767588294 0.008813095092773438 0.010047070185343425
0 0.4197727680206299 0.35033310254414873 0.007935333251953124 0.01115687688191732
0 0.4851166738709906 0.390336885853989 0.008723068237304687 0.013271745045979817
0 0.6064920663833617 0.3547080675760905 0.008181238174438476 0.00995337168375651
0 0.4719088077545166 0.657643477121989 0.008713817596435547 0.01107374827067057
0 0.5889830112457275 0.5394486745198568 0.007401847839355468 0.009919484456380209
0 0.6536482334136963 0.30883069038391114 0.00882720947265625 0.012458896636962891
0 0.4691296577453613 0.5329380512237548 0.007095718383789062 0.010260295867919923
0 0.49511830806732177 0.7207356770833334 0.00843205451965332 0.011297353108723958
0 0.5703529119491578 0.6029085477193196 0.009128713607788086 0.009574826558430989
0 0.5043169736862183 0.8026944160461426 0.00670933723449707 0.008694903055826823
0 0.6917194604873658 0.3908781210581461 0.007314920425415039 0.010327752431233723
0 0.3107984662055969 0.6829071362813314 0.008280730247497559 0.010443560282389323
0 0.37871652841567993 0.75762939453125 0.007978224754333496 0.01084276835123698
0 0.6404458284378052 0.2899624347686768 0.007794713973999024 0.010717105865478516
0 0.7563559055328369 0.5229421456654866 0.008308696746826171 0.011276976267496746
0 0.5694617509841919 0.37068522771199547 0.006179952621459961 0.008125114440917968
0 0.4094711780548096 0.19269151687622071 0.008637237548828124 0.011302153269449867
0 0.7476732969284058 0.4092660586039225 0.007729673385620117 0.010997708638509114
0 0.6907743357607765 0.42917057673136405 0.00844683647155762 0.016950928804900484
0 0.43905518054962156 0.1085186799367269 0.007253885269165039 0.00929714838663737
0 0.6891571283340454 0.3703344504038493 0.007238149642944336 0.009601179758707683
0 0.5176698684692382 0.6652647336324057 0.00907726287841797 0.010977109273274742
0 0.5580822137485485 0.15233047855753687 0.0077056884765625 0.010042262077331544
0 0.6261021375656128 0.6030223528544107 0.007451105117797852 0.010563596089680988
0 0.3824635982513428 0.5666327794392904 0.007938671112060546 0.010410563151041668
0 0.38531075716018676 0.4808894952138265 0.009714055061340331 0.012286726633707683
0 0.6595183372497558 0.5255424499511718 0.00815753936767578 0.012035433451334636
0 0.43377416133880614 0.18914012908935546 0.008851957321166993 0.011696338653564453
0 0.30997176170349117 0.3034335454305013 0.008231830596923829 0.012080446879069012
0 0.385282301902771 0.3340452035268148 0.007708501815795898 0.009551715850830079
0 0.4754812717437744 0.4737823804219564 0.007920360565185547 0.01138426462809245
0 0.3845103859901428 0.3224724133809408 0.007429337501525879 0.009435017903645834
0 0.6522209644317627 0.3000375270843506 0.007363224029541015 0.00962998072306315
0 0.44339580535888673 0.7230618476867676 0.008663463592529296 0.012461153666178386
0 0.6317347526550293 0.5403815269470216 0.007147312164306641 0.008823966979980469
0 0.35327744483947754 0.6567688306172689 0.007776975631713867 0.010782305399576824
0 0.45228047370910646 0.6132253011067708 0.007843017578125 0.010304005940755208
0 0.5981340646743775 0.6195085843404133 0.007422304153442383 0.011418851216634114
0 0.6401486396789551 0.5300447305043537 0.00798206329345703 0.010327561696370441
0 0.49994447231292727 0.17532161871592206 0.010689210891723634 0.013989814122517904
0 0.47983131408691404 0.3441643238067627 0.007855033874511719 0.011325550079345704
0 0.4328155994415283 0.30987404187520345 0.00780487060546875 0.010733954111735026
0 0.6939543008804321 0.5644524574279784 0.007693243026733398 0.010132026672363282
0 0.3443992097737085 0.5277558966472724 0.00767970085144043 0.00994720458984375
0 0.635817551612854 0.43792341550191244 0.008598756790161134 0.010291957855224609
0 0.31033278703689576 0.4910274505615234 0.007439351081848145 0.010335858662923176
0 0.5891736507415772 0.555658976236979 0.006229019165039063 0.008307393391927083
0 0.38101407289505007 0.618879763285319 0.008893609046936035 0.011580276489257812
0 0.6259486436843873 0.7081005096435546 0.006809091567993164 0.01068585713704427
0 0.3784103135300021 0.6756135917739181 0.006233596801757812 0.007827949523925782
0 0.7078191041946411 0.5944306055704752 0.00677800178527832 0.008401107788085938
0 0.2564209990715324 0.444290486688326 0.007962041553298178 0.013649214091368123
0 0.2271320605004715 0.4732950666324834 0.007962041553298107 0.011753489912011545
0 0.23253487441163806 0.47879266675261783 0.0073933242994910844 0.013649214091368265
0 0.32040169012482084 0.4651434526612496 0.009668193314719105 0.010616055404397428
0 0.278458792656554 0.4183190654311393 0.009952551941622687 0.013270069255496892
0 0.39774723664257394 0.4986977706358631 0.009668193314719105 0.01554493827072477
0 0.4590265207402791 0.49547503953095673 0.007677682926394667 0.012132634747882988
0 0.4062779954496791 0.3936746510995022 0.009099476060912081 0.01251177958375422
0 0.3417285871425837 0.37604441623148505 0.009668193314719105 0.012890924419625591
0 0.32879026961847413 0.3735799747983213 0.009952551941622687 0.010995200240268873
0 0.3159941314078165 0.3593620434531461 0.009383834687815664 0.013649214091368265
0 0.34599396654613623 0.34590240177971354 0.009668193314719247 0.011753489912011545
0 0.2770369995220364 0.35841418136346775 0.009383834687815628 0.014028358927239495
0 0.266942268266962 0.3320636152704097 0.010236910568526235 0.013649214091368265
0 0.25073382653346227 0.3688406643499295 0.00966819331471914 0.01289092441962552
0 0.246894985070265 0.35974118828901736 0.007108965672587608 0.012132634747882847
0 0.2503072885931071 0.3578454641096607 0.007108965672587608 0.011374345076140173
0 0.27134982698396637 0.32277456679156186 0.01052126919542964 0.01251177958375422
0 0.33163385588750927 0.3127272286409714 0.009383834687815593 0.011374345076140208
0 0.32907462824537764 0.30343818016212365 0.00881511743400864 0.011753489912011474
0 0.33490398009689953 0.2962344282805682 0.0073933242994911556 0.012511779583754148
0 0.38054353971491195 0.30249031807244525 0.011658703703043685 0.01592408310659632
0 0.45561421721743706 0.3851438922923971 0.008246400180201618 0.012132634747882776
0 0.48205956951946294 0.4003096857272507 0.0076776829263945955 0.00834118638916948
0 0.48945289381895407 0.4266602518203088 0.00881511743400857 0.011753489912011545
0 0.49912108713367326 0.4340535761197998 0.009383834687815664 0.011374345076140173
0 0.32879026961847424 0.2928221247577261 0.008246400180201618 0.01251177958375422
0 0.3414442285156802 0.2770876140690655 0.009099476060912081 0.012132634747882847
0 0.3916335261641487 0.28997853848869104 0.005971531164973598 0.012132634747882776
0 0.394903650373539 0.2822060693533286 0.0073933242994911556 0.01175348991201144
0 0.5083627425080371 0.2996467318034102 0.009668193314719176 0.011753489912011545
0 0.5144764529864624 0.2933908420115331 0.009383834687815522 0.012132634747882847
0 0.517604397882401 0.25263277215536417 0.009383834687815664 0.01478664859898224
0 0.33504615941035126 0.2253343439726278 0.01052126919542964 0.012511779583754183
0 0.3309229593202505 0.23310681310799022 0.009099476060912081 0.01289092441962552
0 0.5268460532567649 0.2552867860064636 0.007962041553298178 0.015544938270724949
0 0.5352346327504183 0.23860441322812467 0.01052126919542971 0.014786648598982169
0 0.5535757641856943 0.26097395854453365 0.009668193314719105 0.013270069255496892
0 0.5282678463912823 0.2048605228355755 0.007962041553298107 0.014028358927239531
0 0.5471776950803654 0.20087950205892646 0.009383834687815664 0.012132634747882811
0 0.37414547060958314 0.1385101765580912 0.00853075880710513 0.010995200240268836
0 0.4005908229116091 0.13377086610969952 0.009099476060912152 0.011374345076140156
0 0.41182298867429734 0.1305481350047931 0.008246400180201618 0.010995200240268836
0 0.4601639552478931 0.14381820426028996 0.00881511743400864 0.010236910568526164
0 0.5640970333811238 0.15253853548533075 0.009099476060912081 0.011753489912011474
0 0.5569880677085364 0.16599817715876328 0.009099476060912152 0.016682372778338905
0 0.6128645378950748 0.15196981823152372 0.00881511743400864 0.012132634747882847
0 0.6337648969724824 0.1532968251570734 0.010805627822333151 0.012511779583754165
0 0.6034807032072592 0.22135332319597875 0.008246400180201618 0.012132634747882847
0 0.5811585509953341 0.27215873120273815 0.009099476060912081 0.011374345076140173
0 0.5315379706006726 0.2770876140690655 0.009383834687815664 0.01289092441962552
0 0.5281256670778306 0.28012077275603625 0.0065402484187805495 0.008341186389169444
0 0.7079824985942968 0.220026316270429 0.00853075880710506 0.013270069255496857
0 0.7155180022072397 0.289409821234884 0.0088151174340085 0.01251177958375422
0 0.7207786368049547 0.3258077254785326 0.008530758807105202 0.010236910568526127
0 0.7140962090727223 0.3275138772399536 0.005971531164973527 0.009857765732654756
0 0.6037650618341628 0.37376954721625694 0.00881511743400864 0.009099476060912081
0 0.6131488965219783 0.34249009825687154 0.007677682926394738 0.010236910568526198
0 0.6858025256958237 0.38097329909781236 0.007393324299491013 0.012132634747882847
0 0.7587405134965725 0.35386444333301165 0.009383834687815807 0.01327006925549682
0 0.7638589687808355 0.35443316058681856 0.005402813911166646 0.012132634747882847
0 0.6010636548785794 0.43253699677631446 0.009099476060912081 0.011374345076140173
0 0.5369407845118392 0.42286880346159533 0.009383834687815664 0.010995200240268801
0 0.5542866607529529 0.43557015546328515 0.009952551941622687 0.013649214091368194
0 0.6384568143163902 0.5002143499793484 0.00881511743400857 0.010236910568526198
0 0.5460402605727513 0.4950958946950854 0.008246400180201618 0.010616055404397499
0 0.5557084538874705 0.4880817152314657 0.00881511743400864 0.011753489912011545
0 0.7078403192808451 0.5320625161925411 0.007677682926394595 0.010995200240268944
0 0.7568921824216998 0.5618253858084411 0.010805627822333292 0.013649214091368265
0 0.590400206369698 0.6238155664734051 0.00881511743400864 0.011753489912011545
0 0.5457559019458479 0.6344316218778024 0.005971531164973669 0.009478620896783384
0 0.5514430744839179 0.6370856357289019 0.008246400180201618 0.009478620896783595
0 0.5811585509953341 0.6763271262415853 0.007962041553298035 0.009099476060912224
0 0.5851395717719832 0.6774645607491994 0.00625588979187711 0.014407503763111009
0 0.5906845649966016 0.6797394297644275 0.00881511743400864 0.01364921409136798
0 0.6181251724927896 0.6712086709573224 0.011943062329947124 0.01327006925549682
0 0.6622007596628328 0.6865640368101116 0.007962041553298035 0.009099476060912081
0 0.6805418910981088 0.6852370298845619 0.010521269195429568 0.010995200240268873
0 0.7307311887465773 0.6755688365698427 0.006824607045684133 0.012890924419625662
0 0.6970346914585122 0.647891263551235 0.00881511743400864 0.012132634747882634
0 0.5867035442199525 0.5752850274818735 0.0076776829263945955 0.010995200240268801
0 0.570921640426808 0.5750954550639379 0.00625588979187711 0.007582896717426735
0 0.5665140817098037 0.5718727239590315 0.0071089656725875725 0.010236910568526056
0 0.5702107438595492 0.5546216339268856 0.008246400180201618 0.012132634747882705
0 0.5753291991438123 0.5345269576257046 0.0071089656725875725 0.010616055404397357
0 0.6745482736537073 0.525095811969869 0.009338940024606189 0.01070086877819442
0 0.6967282562121467 0.538131415754215 0.008463414397299118 0.01070086877819449
0 0.7025650937275255 0.5405634313856227 0.00408578626076519 0.011673675030757523
0 0.705775354360984 0.5403688701351101 0.004377628136534071 0.009338940024605976
0 0.7095692987459798 0.5408552732613917 0.005836837515378903 0.008755256273068142
0 0.6788455477992185 0.7546410721022971 0.008272250964465542 0.01102966795262077
0 0.47268554329417795 0.6962182996657589 0.009047774492384164 0.014131762064295401
0 0.5181829235987386 0.6996650709009529 0.0074967274365469894 0.009995636582062418
0 0.517924415756099 0.716209572829884 0.005945680380709675 0.012753053570217786
0 0.5243871118220877 0.7177606198857214 0.006979711751267885 0.010340313705581963
0 0.629729057697704 0.7529176864846999 0.008789266649744647 0.011029667952620913
0 0.6602329831291709 0.777045085131058 0.009823298020302929 0.011719022199659576
0 0.5841024234718236 0.8192680327621844 0.00956479017766334 0.010684990829101366
0 0.5066793246012786 0.7901428158247952 0.0077552352791865784 0.013097730693737049
0 0.5196047167332561 0.8390869673645497 0.008789266649744719 0.010340313705582105
0 0.5122372432180289 0.8221977883120992 0.006462696065988709 0.007582896717426877
0 0.5250333814286867 0.8230594811208977 0.005687172538070158 0.00792757384094628
0 0.5267136824058437 0.8192680327621844 0.005945680380709604 0.009306282335023753
0 0.5252918892713262 0.8084107033713233 0.008789266649744647 0.013097730693737191
0 0.5874630254261378 0.8271956066031305 0.0074967274365469894 0.011374345076140173
0 0.43584817571804213 0.8080660262478038 0.009306282335023753 0.012408376446698241
0 0.4331338433703269 0.7972086968569428 0.006979711751267743 0.008616928087984803
0 0.4309365267078907 0.7710132354694684 0.009823298020302858 0.012063699323178839
0 0.47410733642869546 0.7703238812224297 0.009823298020302858 0.012753053570217786
0 0.4438619188398682 0.705869259124302 0.011374345076140173 0.012753053570217786
0 0.46958344918250333 0.6731249323899591 0.009047774492384093 0.009306282335023753
0 0.3986230463779471 0.7251711780413883 0.010340313705582034 0.00999563658206256
0 0.3595883621393752 0.7106947388535736 0.010857329390861068 0.0099956365820627
0 0.3517038729388689 0.754641072102297 0.007496727436546919 0.013097730693737049
0 0.36876539055307916 0.7954853112393458 0.00956479017766334 0.011374345076140173
0 0.376262117989626 0.8018618380244547 0.009047774492384164 0.011719022199659576
0 0.3913848267840397 0.8142702144711529 0.007238219593907331 0.010340313705581963
0 0.37445256309114927 0.6848439545896187 0.009047774492384236 0.011374345076140031
0 0.2978049877485228 0.729479642085381 0.008789266649744719 0.011029667952620628
0 0.2930225926596912 0.7236201309855511 0.00801374312182606 0.010340313705581963
0 0.3202951700581636 0.7106947388535737 0.009823298020302858 0.010684990829101366
0 0.32417278769775687 0.6465847938789655 0.009823298020302892 0.010684990829101366
0 0.3537719356799853 0.6350381102410657 0.00956479017766334 0.009650959458543084
0 0.4205962130023087 0.5881620214424274 0.007238219593907473 0.009650959458543155
0 0.439338031593676 0.5483518136759367 0.00956479017766334 0.01413176206429533
0 0.4437326649185485 0.5225010294119817 0.007496727436546919 0.010684990829101366
0 0.45006610706321737 0.521811675164943 0.006721203908628297 0.009306282335023895
0 0.5189584471266572 0.5278435248265325 0.008530758807105202 0.012408376446698384
0 0.5287817451469601 0.5006140320684999 0.006462696065988709 0.009650959458543084
0 0.43778698453783876 0.5755813064339692 0.008530758807105273 0.013442407817256594
0 0.23511683590843208 0.5752366293104498 0.00853075880710513 0.010684990829101437
0 0.3457581925581592 0.539562547026192 0.008013743121826025 0.011719022199659505
0 0.3845343689540916 0.5245690921530982 0.00956479017766327 0.008616928087985016
0 0.5317545853373149 0.4720058308163898 0.0077552352791865784 0.009650959458543227
0 0.5366662343474663 0.46873139814295556 0.006204188223349121 0.008616928087985016
