0 0.34484679698944093 0.6205138206481933 0.009384727478027344 0.011996650695800781
0 0.3918863534927368 0.1333289424578349 0.010012674331665038 0.013862045605977376
0 0.5139239072799683 0.7262138684590657 0.007428216934204102 0.009572537740071614
0 0.5207173585891723 0.4356175581614177 0.008235502243041991 0.011284033457438149
0 0.47970569133758545 0.14550201892852782 0.009226655960083008 0.011908833185831707
0 0.3215141892433167 0.4198188145955404 0.008274149894714356 0.011022122701009114
0 0.5792800664901733 0.6023407936096191 0.008507204055786134 0.01213372548421224
0 0.4006144881248474 0.5520886103312175 0.009124493598937989 0.012453460693359375
0 0.4707124948501587 0.20911178588867188 0.010070085525512695 0.013214969635009765
0 0.3587880253791809 0.7133371035257976 0.007986187934875488 0.01085834503173828
0 0.4294989347457886 0.3286071459452311 0.008907175064086914 0.011799939473470052
0 0.3726662158966064 0.2927616119384766 0.0077762603759765625 0.01125748952229818
0 0.5022574186325073 0.35584268569946287 0.009516000747680664 0.013159370422363282
0 0.5384110927581787 0.29653647740681965 0.009009361267089844 0.012744903564453125
0 0.3024431109428406 0.4311605294545491 0.007641243934631348 0.009603023529052734
0 0.45733487606048584 0.7736925443013508 0.00870823860168457 0.01112537384033203
0 0.7359840869903564 0.3243981202443441 0.00836353302001953 0.010695743560791015
0 0.5629738807678223 0.39257675806681314 0.008916378021240234 0.012680244445800782
0 0.635361623764038 0.6313853899637858 0.00819864273071289 0.011347643534342448
0 0.6969755411148071 0.3232379913330078 0.008611059188842774 0.012160619099934898
0 0.6789050340652466 0.5100480556488037 0.009143686294555664 0.012079970041910809
0 0.42329390048980714 0.6259449005126954 0.010208559036254884 0.012737528483072918
0 0.32050697803497313 0.7126968701680501 0.008710575103759766 0.011358578999837242
0 0.3956663966178894 0.31779017448425295 0.008075308799743653 0.011304569244384766
0 0.5518346548080444 0.5277681509653727 0.007542753219604492 0.008710130055745443
0 0.45963985919952394 0.7516921043395997 0.00794358253479004 0.010404650370279949
0 0.5489641666412354 0.2408445358276367 0.010834503173828124 0.014494260152180992
0 0.2917297720909119 0.23827484448750813 0.008324170112609863 0.011581993103027344
0 0.5912089586257934 0.3774338563283285 0.009151601791381836 0.012705516815185548
0 0.5350642681121827 0.6418661435445151 0.007994651794433594 0.011139106750488282
0 0.6619201898574829 0.6540371894836425 0.00843501091003418 0.011206881205240887
0 0.5439134359359742 0.5169689814249674 0.00823073387145996 0.010923131306966144
0 0.31621321439743044 0.6622427622477214 0.00849926471710205 0.011456807454427086
0 0.6627170324325562 0.5944886525472005 0.009058046340942382 0.012806447347005208
0 0.2925573348999023 0.6323012987772624 0.009255123138427735 0.012146949768066406
0 0.271813428401947 0.3530982653299967 0.008043265342712403 0.011443074544270833
0 0.7452995777130127 0.4646801789601644 0.008603572845458984 0.011518573760986328
0 0.3478403091430664 0.6461454709370931 0.00849165916442871 0.011221758524576823
0 0.38381420373916625 0.3847291628519694 0.0077882051467895504 0.01013355255126953
0 0.7562339067459106 0.40939777692159013 0.009241151809692382 0.012035020192464193
0 0.46815531253814696 0.6271487553914388 0.008260965347290039 0.01054547627766927
0 0.5789138078689576 0.5402493794759115 0.007380151748657226 0.01010004679361979
0 0.7518082857131958 0.5645693461100261 0.007952642440795899 0.010394668579101563
0 0.6018943786621093 0.16667569478352864 0.00895223617553711 0.011901156107584637
0 0.3218209981918335 0.6044428189595541 0.007678413391113281 0.010276095072428387
0 0.5602648973464965 0.34829397201538087 0.0074955463409423825 0.010608291625976563
0 0.6162021636962891 0.5047410488128662 0.007868194580078125 0.010566043853759765
0 0.2547431826591492 0.5668735186258952 0.007901549339294434 0.010523668924967448
0 0.3820384621620178 0.47246267000834147 0.008478951454162598 0.011075242360432941
0 0.4696427583694458 0.4194356600443523 0.006408262252807617 0.009739176432291666
0 0.6890586376190185 0.23778034051259359 0.007987117767333985 0.010578680038452148
0 0.418051552772522 0.2552811145782471 0.007832002639770509 0.010291862487792968
0 0.5982905387878418 0.41974903742472336 0.008972454071044921 0.010996309916178386
0 0.6169881343841553 0.3346669514973958 0.007400798797607422 0.010861714680989586
0 0.5840877771377564 0.5758617719014486 0.00898289680480957 0.011290550231933594
0 0.4506902933120728 0.30378826459248864 0.008491945266723634 0.012317879994710285
0 0.4582060688784587 0.507997194925944 0.0066896915435791 0.009354591369628906
0 0.4145046710968018 0.8101693471272786 0.008840274810791016 0.011534881591796876
0 0.6505553483963012 0.4444037914276122 0.008188009262084961 0.010845788319905599
0 0.35325649976730344 0.26883804798126226 0.009187054634094239 0.012345774968465168
0 0.3101359486579895 0.45795278549194335 0.00843203067779541 0.011484591166178386
0 0.6516857147216797 0.41804823875427244 0.006552791595458985 0.008420467376708984
0 0.4974507407381049 0.23314970837923638 0.007781410217285156 0.010741424560546876
0 0.3219353914260864 0.3229299386342367 0.009082651138305664 0.011380418141682941
0 0.5931594848632813 0.3317392031351725 0.009251594543457031 0.011501439412434896
0 0.5881720542907716 0.7370241800944011 0.008596038818359375 0.01117108662923177
0 0.4476978540420532 0.7426588376363119 0.006774282455444336 0.009544181823730468
0 0.284234082698822 0.4527400334676106 0.006945919990539551 0.00998395284016927
0 0.4417201042175293 0.3858816782633464 0.007471752166748047 0.00977916717529297
0 0.5896913051605224 0.47997546195983887 0.007247352600097656 0.009493223826090495
0 0.6545320987701416 0.6169237454732259 0.006376457214355469 0.009157371520996094
0 0.4642305850982666 0.3421764373779297 0.009378719329833984 0.01194750467936198
0 0.3755653500556946 0.352734104792277 0.008832716941833496 0.012552102406819664
0 0.48874218463897706 0.285123602549235 0.007395887374877929 0.00858014424641927
0 0.562623119354248 0.15871644814809163 0.009654426574707031 0.01257309913635254
0 0.758423113822937 0.5912863095601399 0.009587907791137695 0.01202271779378255
0 0.5705123901367187 0.36139979362487795 0.007061290740966797 0.009634876251220703
0 0.7015843391418457 0.4989867846171061 0.008357048034667969 0.012061055501302083
0 0.4491177797317505 0.2512305418650309 0.008048295974731445 0.01072985331217448
0 0.3653590798377991 0.6788076082865397 0.007453417778015137 0.01005090077718099
0 0.26982166767120364 0.6339646339416504 0.008231163024902344 0.010659090677897136
0 0.7172743320465088 0.470335865020752 0.0072077751159667965 0.011621157328287758
0 0.3681181311607361 0.5149128119150798 0.008020615577697754 0.010885906219482423
0 0.37216687202453613 0.38419275283813475 0.007610893249511719 0.010877609252929688
0 0.5714736461639405 0.7542724609375 0.007103824615478515 0.010275014241536458
0 0.587515115737915 0.5260270595550537 0.008277225494384765 0.011483478546142577
0 0.502849006652832 0.6963735898335776 0.007802200317382812 0.011267280578613282
0 0.5731856107711791 0.2632336060206095 0.008945894241333009 0.01066282590230306
0 0.5885749578475952 0.804637082417806 0.008495664596557618 0.011914698282877605
0 0.2874591588973999 0.3861782868703206 0.008264541625976562 0.010585816701253255
0 0.4202138423919678 0.5684908548990886 0.008170986175537109 0.011022059122721355
0 0.43956105709075927 0.136932114760081 0.008017396926879883 0.01096659501393636
0 0.68861403465271 0.7185003916422525 0.007918167114257812 0.010403696695963542
0 0.25406970977783205 0.3470084031422933 0.006743240356445313 0.008823426564534505
0 0.37582471370697024 0.5340720971425373 0.009773874282836914 0.012707932790120441
0 0.4985297679901123 0.270114541053772 0.0084686279296875 0.01241609255472819
0 0.29155670404434203 0.33819367090861 0.007863354682922364 0.01114641825358073
0 0.24584126472473145 0.35412643750508627 0.007434272766113281 0.010148016611735027
0 0.34493982791900635 0.4425653457641602 0.007195520401000977 0.009427134195963542
0 0.701150369644165 0.2631305058797201 0.008193683624267579 0.011542129516601562
0 0.6203788367268718 0.213239409528382 0.00881037712097168 0.011894607543945312
0 0.559439754486084 0.6188946723937988 0.007664012908935547 0.009711265563964844
0 0.44611682891845705 0.15892495314280192 0.008604145050048828 0.011210171381632487
0 0.34802435636520385 0.17481396198272706 0.0069985628128051754 0.009085861841837566
0 0.41363441944122314 0.6839498519897461 0.008449125289916991 0.012155787150065106
0 0.22869116067886353 0.39570833841959635 0.00838010311126709 0.010633468627929688
0 0.30159692764282225 0.39813311894734693 0.008276414871215821 0.011127980550130208
0 0.4678363561630249 0.5418272018432617 0.00693058967590332 0.008691024780273438
0 0.5142292261123658 0.5909900347391764 0.007493352890014649 0.009708213806152343
0 0.5386171579360961 0.18256786664326988 0.008933210372924804 0.011687310536702473
0 0.5662408351898194 0.3148894151051839 0.008297443389892578 0.011234887440999349
0 0.28693222999572754 0.5396940549214682 0.008057260513305664 0.010579999287923176
0 0.6747533082962036 0.3285822868347168 0.008920717239379882 0.012605921427408856
0 0.613282799720764 0.7363809585571289 0.00819239616394043 0.010861587524414063
0 0.7290702104568482 0.4725491364796956 0.008248376846313476 0.011909198760986329
0 0.5542494297027588 0.8108951886494955 0.008134937286376953 0.010291608174641927
0 0.6459512511654912 0.3880265153059176 0.008098602294921875 0.01026296615600586
0 0.38753734827041625 0.34889955520629884 0.0087355375289917 0.011019515991210937
0 0.49781248569488523 0.6338456153869629 0.007900381088256836 0.011220741271972656
0 0.6320772409439087 0.2944952487945557 0.007917356491088868 0.009986591339111329
0 0.689657187461853 0.6862888971964519 0.00864567756652832 0.01177520751953125
0 0.7166018962860108 0.5424318631490072 0.007328319549560547 0.010440762837727864
0 0.7337182283401489 0.5686918576558431 0.009371709823608399 0.013492774963378907
0 0.5450229406356811 0.6681171735127768 0.009120512008666991 0.012280591328938802
0 0.602580451965332 0.7066936492919922 0.008893585205078125 0.011847305297851562
0 0.7600193023681641 0.5376163005828858 0.009525585174560546 0.012858295440673828
0 0.524919056892395 0.10840562979380289 0.007255411148071289 0.010749610265096028
0 0.3306839823722839 0.4341661294301351 0.007454419136047363 0.010254828135172527
0 0.5425066709518432 0.10994890928268433 0.008740472793579101 0.012235267957051594
0 0.5532209157943726 0.6947563807169596 0.008682966232299805 0.01122894287109375
0 0.7177763938903808 0.41854047775268555 0.006526565551757813 0.008290990193684896
0 0.4399043321609497 0.4956223805745443 0.007662248611450195 0.010632642110188802
0 0.2666752576828003 0.31722997029622396 0.007685947418212891 0.010482406616210938
0 0.5689508199691773 0.8287583351135255 0.007706785202026367 0.009940656026204427
0 0.4747763156890869 0.5283875624338785 0.006881999969482422 0.010435136159261067
0 0.5312831163406372 0.804453690846761 0.007677602767944336 0.009941927591959636
0 0.711230731010437 0.684136454264323 0.007524538040161133 0.0106231689453125
0 0.7188596248626709 0.3753976186116536 0.008857059478759765 0.012102317810058594
0 0.67168128490448 0.5417975743611653 0.008284425735473633 0.010121790568033855
0 0.6234334945678711 0.34146504402160643 0.007217121124267578 0.010367298126220703
0 0.3554398269091068 0.4532239311610155 0.010115157015598442 0.011078505302798334
0 0.3586911273784063 0.4392553809966177 0.007225112153998907 0.010115157015598442
0 0.35688484933990666 0.4209517635398205 0.008670134584798674 0.011078505302798192
0 0.26891910886497006 0.3857895510570259 0.007586367761698866 0.011078505302798334
0 0.26476466937642074 0.3901246183494252 0.0072251121539988715 0.01589524673879751
0 0.22556843594097672 0.46984168911521296 0.01119892383869825 0.014450224307997743
0 0.22484592472557685 0.5228258449112049 0.009753901407898518 0.012523527733598029
0 0.23225166468342565 0.5221033336958051 0.00867013458479864 0.011078505302798334
0 0.2866206336422674 0.5177682664034056 0.00830887897709875 0.011078505302798263
0 0.314798571042863 0.48910865485921007 0.010476412623298436 0.0125235277335981
0 0.35309166545905724 0.5199358000496052 0.009753901407898481 0.011560179446398209
0 0.373502607294104 0.5139148732546063 0.009392645800198664 0.012041853589998083
0 0.4159501411988476 0.47706680126921186 0.01119892383869825 0.013486876020797994
0 0.471041621373089 0.5168049181162059 0.007947623369398756 0.010115157015598513
0 0.4842274510541371 0.5307734682806037 0.008308878977098644 0.012041853589998083
0 0.5102378548085331 0.5201766371214053 0.009031390192498491 0.014931898451597831
0 0.5176435947663819 0.5069305981724073 0.008670134584798674 0.009633482871998495
0 0.5078896933584836 0.49464790751060905 0.006502600938598917 0.011078505302798334
0 0.4672484374922397 0.49537041872600907 0.01119892383869825 0.009633482871998495
0 0.4439474507955933 0.45779983552521486 0.009392645800198664 0.012523527733598171
0 0.4372642220531443 0.4339569654170185 0.008308878977098715 0.011078505302798263
0 0.4280522040567957 0.43299361712981865 0.00939264580019838 0.012041853589998154
0 0.4146857465718978 0.43756952149401795 0.007947623369398756 0.01059683115919846
0 0.3978873608138504 0.42480515668861996 0.008308878977098786 0.013005201877198048
0 0.4175757914334973 0.3506273385742313 0.007225112153998907 0.010115157015598442
0 0.4110731904948983 0.3267844684660349 0.009392645800198522 0.011560179446398209
0 0.40258368371394965 0.30583164321943807 0.010476412623298402 0.012041853589998154
0 0.5008452090083345 0.30294159835783857 0.009753901407898623 0.010115157015598477
0 0.537151397582179 0.44190458878641736 0.011560179446398209 0.015413572595197635
0 0.5143922942970824 0.4553914648072152 0.010115157015598371 0.010596831159198388
0 0.4981357919505848 0.44961137508401605 0.007225112153998907 0.013486876020797851
0 0.5387770478168288 0.5127106878956065 0.0068638565462988054 0.0125235277335981
0 0.3335838626432601 0.42119260061162045 0.007586367761698866 0.013486876020797922
0 0.3059478086542144 0.3188368450966361 0.00867013458479864 0.01204185358999812
0 0.2860787502307175 0.3092033622246376 0.011560179446398245 0.010115157015598442
0 0.30287713598876487 0.2774128687470425 0.009031390192498634 0.011078505302798297
0 0.43545794401464455 0.2803029136086421 0.008308878977098715 0.012041853589998226
0 0.3637487058862055 0.3065541544348381 0.007947623369398756 0.009633482871998495
0 0.32979067876241075 0.17481627616025824 0.007225112153998978 0.011078505302798297
0 0.36121991663230596 0.15988437770866054 0.010115157015598442 0.013968550164397851
0 0.4215496031181967 0.16012521478046046 0.007947623369398827 0.00867013458479864
0 0.4175757914334973 0.1654236303600597 0.008670134584798603 0.009633482871998495
0 0.4213689753143467 0.1738529278730584 0.007586367761698795 0.00915180872839862
0 0.40330619492934944 0.2591092512902453 0.006863856546298948 0.00915180872839862
0 0.426245926018296 0.26946524537764377 0.010837668230998361 0.012523527733598066
0 0.5479890658131774 0.3055908061476382 0.007947623369398827 0.012523527733598066
0 0.5472665545977774 0.29764318277823937 0.008670134584798603 0.011078505302798297
0 0.6182532815108166 0.3000515534962391 0.008308878977098786 0.013005201877198048
0 0.5723738193329235 0.22828210609985006 0.008308878977098786 0.011078505302798334
0 0.5779732812522727 0.22346536466385078 0.009392645800198593 0.014931898451597689
0 0.374044490705654 0.19360156776065537 0.009031390192498491 0.010115157015598477
0 0.5609942676903753 0.17264874251405857 0.008670134584798745 0.008670134584798674
0 0.46164897557289053 0.1471200129032625 0.008670134584798674 0.011560179446398262
0 0.4291359708798955 0.15217759141106174 0.007225112153998765 0.0072251121539988715
0 0.537512653189879 0.10930859263066829 0.007225112153998978 0.008188460441198746
0 0.5830308597600719 0.11773789014366699 0.007947623369398827 0.015413572595197635
0 0.5900753441102209 0.12062793500526654 0.0068638565462988054 0.015413572595197635
0 0.6298134609572149 0.1394132266056637 0.006863856546298948 0.011560179446398226
0 0.7009808156741039 0.28632384040364117 0.007586367761698795 0.010596831159198352
0 0.6010936401450692 0.34845980492803164 0.010115157015598442 0.0125235277335981
0 0.6157244922569169 0.3667634223848289 0.008308878977098715 0.009633482871998566
0 0.5658712183943245 0.4197475781808207 0.008308878977098786 0.013486876020797922
0 0.5649680793750746 0.4445537965762169 0.007225112153998907 0.00915180872839862
0 0.6623264656502098 0.3665225853130289 0.008308878977098857 0.013005201877198048
0 0.6583526539655105 0.35881579901543004 0.008308878977098857 0.011078505302798192
0 0.6664809051387592 0.35496240586663064 0.010115157015598442 0.011078505302798334
0 0.6758735509389578 0.35255403514863104 0.007947623369398827 0.012041853589998154
0 0.6946588425393548 0.34460641177923224 0.010837668230998361 0.015413572595197706
0 0.7259074526054001 0.35761161365643024 0.011198923838698392 0.014450224307997814
0 0.7484859280866466 0.3029415983578386 0.010837668230998361 0.014931898451597689
0 0.7587817129060952 0.3400305074150329 0.009753901407898552 0.013968550164397797
0 0.706941533201153 0.41276330309862175 0.007947623369398827 0.011078505302798263
0 0.7157922955898017 0.41107744359602205 0.010476412623298473 0.01059683115919846
0 0.6596170485924603 0.43178943177081885 0.010837668230998361 0.01156017944639828
0 0.6847243133276063 0.4590040208842147 0.008308878977098715 0.012041853589998154
0 0.5664131018058746 0.45972653209961467 0.008670134584798532 0.009633482871998495
0 0.5797795592907725 0.4985013006594087 0.010115157015598371 0.010115157015598442
0 0.6265621604879154 0.5033180420954079 0.008308878977098644 0.010115157015598513
0 0.6417348960113131 0.5054855757416076 0.008308878977098715 0.009633482871998566
0 0.6464312189114122 0.5127106878956065 0.009031390192498634 0.01059683115919846
0 0.524146195704981 0.5021138567364081 0.012282690661798127 0.010596831159198317
0 0.575986375409923 0.5168049181162059 0.009753901407898481 0.012041853589998154
0 0.628187810722565 0.535590209716603 0.007225112153998836 0.014931898451597547
0 0.667203416354159 0.5194541259060054 0.007225112153998907 0.015413572595197777
0 0.6411930125997631 0.5257158897728045 0.008670134584798745 0.013486876020798065
0 0.7222948965284007 0.5283650975626041 0.011921435054098168 0.013005201877198048
0 0.7414414437364977 0.5726791187737973 0.008308878977098715 0.013968550164397868
0 0.7302425198977994 0.6030245898205926 0.010476412623298473 0.014931898451597831
0 0.7381901432671982 0.6059146346821922 0.007586367761698795 0.011078505302798334
0 0.6885174972084559 0.5868885060099952 0.007947623369398827 0.013486876020797922
0 0.6742479007043078 0.5519671305990005 0.009753901407898552 0.012041853589998226
0 0.628910321937965 0.607118820041192 0.007947623369398827 0.014450224307997672
0 0.6177113980992667 0.6054329605385923 0.007225112153998765 0.013005201877197977
0 0.6119313083760676 0.6025429156769927 0.007947623369398898 0.013005201877197977
0 0.5983842230873195 0.5984486854563934 0.009753901407898552 0.013486876020797922
0 0.6034418015951188 0.5919460845177943 0.009031390192498562 0.013005201877197977
0 0.6032611737912689 0.5726791187737973 0.008670134584798745 0.019748639887597008
0 0.608860635710618 0.5664173549069982 0.009031390192498776 0.013005201877198048
0 0.5926041333641204 0.6509511671087853 0.007586367761698866 0.012523527733598029
0 0.5817664651331222 0.672144829427182 0.009031390192498634 0.015413572595197565
0 0.6252977658609655 0.6846683571607801 0.010115157015598442 0.015413572595197565
0 0.668287183177259 0.6757573855041815 0.01228269066179834 0.01396855016439801
0 0.4338322937799948 0.5972445000973934 0.010115157015598513 0.012041853589998083
0 0.4419605449532436 0.6242182521389893 0.008308878977098644 0.012041853589998083
0 0.4755573164693385 0.600616219102593 0.009753901407898481 0.012041853589998226
0 0.4995808143813847 0.6425218695957866 0.007225112153998907 0.011078505302798334
0 0.4298584820952955 0.6610663241243836 0.008670134584798674 0.01156017944639828
0 0.426426553822146 0.6827416605863803 0.011921435054098097 0.012523527733598171
0 0.426426553822146 0.7232022886487741 0.010476412623298402 0.010596831159198388
0 0.4862143568964868 0.7701655176497669 0.010115157015598513 0.013005201877197977
0 0.5075284377507835 0.7749822590857662 0.009392645800198664 0.013005201877197977
0 0.5259524737434806 0.7376525129567719 0.009392645800198664 0.014450224307997956
0 0.5335388415051796 0.7412650690337713 0.008670134584798745 0.013968550164397868
0 0.543653998520778 0.7482493441159704 0.008670134584798674 0.012523527733597889
0 0.5476278102054774 0.7641445908547678 0.009392645800198593 0.012523527733598171
0 0.5608136398865254 0.7484901811877704 0.010476412623298402 0.013005201877197977
0 0.6319809946034145 0.7463226475415706 0.01119892383869825 0.016376920882397315
0 0.6455280798921623 0.710678760915176 0.012282690661798056 0.013486876020798065
0 0.6541982144769611 0.7219981032897743 0.008670134584798745 0.01396855016439801
0 0.5458215321669776 0.7121237833459759 0.007225112153998907 0.012523527733598029
0 0.5385964200129788 0.7251289852231738 0.010115157015598513 0.010596831159198246
0 0.6583526539655103 0.7679979840035672 0.010476412623298473 0.020230314031196885
0 0.3689869121978548 0.6964693736789783 0.009031390192498634 0.011078505302798334
0 0.3718769570594543 0.7232022886487741 0.008308878977098786 0.01156017944639828
0 0.3866884369751521 0.7292232154437732 0.009753901407898552 0.010115157015598442
0 0.39879049983310016 0.7525844114083696 0.009392645800198522 0.010596831159198388
0 0.4051124729678493 0.7508985519057699 0.006141345330899099 0.013005201877197834
0 0.3971648495984505 0.7667937986445675 0.009031390192498634 0.013968550164397868
0 0.4632746258075403 0.8205004656559592 0.006863856546298948 0.012523527733598029
0 0.4562301414573915 0.828448089025358 0.010115157015598513 0.013005201877197977
0 0.5037352538699341 0.8318198080305576 0.0075863677616989375 0.013005201877198119
0 0.5093347157892834 0.827966414881758 0.0065026009385990595 0.013968550164397868
0 0.5478084380093274 0.7976209438349627 0.011921435054098168 0.012041853589998226
0 0.3455052976973583 0.7788356522345657 0.008308878977098644 0.010115157015598442
0 0.3635680780823556 0.7605320347777687 0.008308878977098644 0.009151808728398549
0 0.29185883995391654 0.6225323926363896 0.010837668230998361 0.0125235277335981
0 0.29456825701166617 0.6119355614771913 0.009753901407898589 0.0125235277335981
0 0.36754188976705493 0.6225323926363897 0.009031390192498562 0.013486876020797994
0 0.3765732799595537 0.6259041116415892 0.006863856546298948 0.009633482871998637
0 0.39373292132530097 0.7087520643407765 0.007947623369398898 0.010596831159198388
0 0.5777926534484229 0.8053277301325616 0.007586367761698866 0.010115157015598585
0 0.3688062843940048 0.7793173263781656 0.012282690661798056 0.012041853589998226
0 0.30396090281186466 0.6706998069963822 0.011198923838698284 0.013486876020797922
0 0.2654871805918206 0.6723856664989819 0.010837668230998396 0.012041853589998226
0 0.2597070908686214 0.6131397468361911 0.010115157015598477 0.013005201877197906
0 0.3707931902363545 0.534867698501203 0.008308878977098715 0.01348687602079778
0 0.5317325634666799 0.5392027657936024 0.010837668230998361 0.010596831159198317
