0 0.6242363188001845 0.8990758825231481 0.009496349758572048 0.014051649305555556
0 0.5511974546644423 0.6071358574761284 0.008992216322157118 0.011861165364583336
0 0.5827750100029839 0.7316050211588541 0.010739347669813368 0.015229175708912038
0 0.6988228268093534 0.7123593648274739 0.009323967827690972 0.013826666937934027
0 0.6099052853054471 0.674074328387225 0.010797712537977431 0.014983170120804398
0 0.5079580730862088 0.24333216349283857 0.009667417738172743 0.01448906792534722
0 0.4878939098782009 0.4681958657723886 0.01037364535861545 0.013027417218243636
0 0.5320609834459094 0.61654702645761 0.00980576409233941 0.012443485966435186
0 0.605425919426812 0.3904156861481843 0.00969072977701823 0.013511007803457755
0 0.30833405388726126 0.7785657246907551 0.009004508124457465 0.012312882034866898
0 0.4662285486857096 0.353532565081561 0.011058086819118924 0.01477906968858507
0 0.478184085422092 0.7274614687319156 0.009475284152560763 0.011967524775752313
0 0.36704175737169054 0.4979837488245081 0.00907486809624566 0.012093211986400463
0 0.2890412966410319 0.6134059482150608 0.00936989254421658 0.012111805103443287
0 0.39224029117160375 0.7967221860532407 0.010581249660915799 0.01404746726707176
0 0.4971779293484158 0.7177454630533855 0.00959743923611111 0.014243118851273148
0 0.5327029122246637 0.5331422876428675 0.008718575371636285 0.010946598759403936
0 0.3578399870130751 0.7157923097963687 0.008599302503797743 0.011608491120515046
0 0.4919397777981228 0.48653296011465563 0.008799107869466145 0.011058722601996527
0 0.7152791553073459 0.7253496805826823 0.009936820136176215 0.013112555609809028
0 0.5766835742526584 0.3517622205946181 0.01066449483235677 0.013949641474971065
0 0.3106788953145345 0.7330005221896703 0.008474286397298176 0.011583116319444444
0 0.6839289983113607 0.7700840985333478 0.009297137790256076 0.012305196126302083
0 0.36911716461181643 0.7169404771592882 0.009903674655490451 0.012974943938078704
0 0.43861783345540367 0.2660207819055628 0.010507795545789931 0.01383477670175058
0 0.33607961866590713 0.3449381510416667 0.009641308254665798 0.012171427408854164
0 0.5649689776086276 0.5884441158486075 0.008551322089301216 0.011439457646122687
0 0.532949956258138 0.46181571395308885 0.009941864013671874 0.013156269214771412
0 0.3282222641838922 0.4795210096571181 0.006702698601616753 0.0086822509765625
0 0.3850994322035048 0.7268523887351708 0.006520462036132812 0.008153336136429398
0 0.5873768927467381 0.8195072717610633 0.007230122884114582 0.009067337601273148
0 0.7918407037320181 0.5986967656759348 0.007749248202485709 0.00529271492365826
0 0.7329883373936168 0.5203947391134637 0.011295149061414931 0.014252726236979167
0 0.31240278953506423 0.4900625388122826 0.005292627662065072 0.00501406831143008
0 0.314422344827168 0.47929157725439586 0.005710466688017561 0.007613955584023415
0 0.3117760309961355 0.4841199393320693 0.00459622928547752 0.00612830571397005
0 0.314143785476533 0.46489934413825407 0.0040391105842074995 0.005571187012699994
0 0.31734721800883553 0.4596995695930674 0.0051533479867476115 0.006685424415240107
0 0.2988230211916079 0.4572853885542307 0.004596229285477485 0.005942599480213318
0 0.3020264537239104 0.4372291153085105 0.004596229285477485 0.005942599480213318
0 0.3119849505091118 0.43305072504898545 0.005849746363335022 0.00612830571397005
0 0.3076672805742692 0.4155943390758587 0.005292627662065072 0.00612830571397005
0 0.3115671114831592 0.3572825816762649 0.003899830908890003 0.007613955584023344
0 0.3394230465466594 0.328683821677738 0.010028136622860017 0.012813730129210157
0 0.31727757817117674 0.3584896721956833 0.00612830571397005 0.0070568368827532875
0 0.6333031614665868 0.27380762960264265 0.007521102467145085 0.009285311687833371
0 0.6424259801998832 0.27074347674565763 0.004596229285477449 0.006499718181483374
0 0.6443062558166693 0.25792974661644746 0.0066854244152399645 0.007613955584023415
0 0.6803100518862434 0.2977637337572528 0.006267585389287689 0.009285311687833371
0 0.7725131969464292 0.5734446377690267 0.00849606019436763 0.010585255324130145
0 0.7941015466206419 0.5847727180281833 0.005710466688017561 0.008356780519049992
0 0.7971656994776268 0.5927580860797201 0.005153347986747434 0.006499718181483374
0 0.6885971925676347 0.8351047211321719 0.007242543116510092 0.009842430389103499
0 0.679822573022632 0.7863568347710467 0.007799661817779935 0.008542486752806866
0 0.5922852970855828 0.9215509729459009 0.012674450453892589 0.0122566114279401
0 0.5835106775405801 0.808177317237455 0.009053178895637544 0.01132808025915665
0 0.491168252805077 0.892116534895469 0.006824704090557532 0.008356780519050205
0 0.4983411560839282 0.902423230868964 0.006406865064605043 0.010770961557886665
0 0.45314490144339914 0.9353860873607727 0.006824704090557532 0.008728192986563386
0 0.48900941783765595 0.9179297013876458 0.005849746363334521 0.009099605454076697
0 0.470485221020428 0.8156984197046003 0.005849746363335129 0.008913899220320189
0 0.3323894229431257 0.7825498569790349 0.006824704090557532 0.006871130648996768
0 0.3209684895670906 0.7234024215275361 0.005710466688017455 0.008542486752806866
0 0.3349660969364994 0.710031572697056 0.005849746363335058 0.009656724155346694
0 0.3278628334953069 0.5467029401080663 0.006963983765875099 0.009099605454076851
0 0.4291887972887889 0.5495813867312946 0.00766038214246258 0.009285311687833371
0 0.4636605169298704 0.5882082833526817 0.005849746363334915 0.007428249350266754
0 0.6365065939988894 0.4648064910213756 0.006963983765875028 0.007985368051536667
0 0.38149525825028546 0.5233595107229112 0.004431626032829641 0.00861001629235453
0 0.3773168679907604 0.5232750987984764 0.005444569126047796 0.007090601652527156
0 0.3825715102868298 0.5114574293775974 0.007090601652527368 0.007428249350266611
0 0.5287058323037419 0.37696240137590153 0.004819912444037442 0.01705507480197859
0 0.5741219397715505 0.6632649669366782 0.004353324762071651 0.006844032959276802
0 0.5690214025503173 0.6639580335654657 0.004938099730111105 0.006670766302079727
0 0.5741869147679992 0.6572006339347873 0.006302574655536546 0.0082301662168517
0 0.5642132528131039 0.641736584779966 0.005327949708803956 0.006757399630678336
0 0.5696277550857525 0.6393013712554765 0.005561437435427763 0.0074152499139037075
0 0.5652207848781194 0.6518995504498568 0.007044487418208689 0.009392649890944682
