0 0.32082273695203994 0.6188345732512297 0.01027056376139323 0.014169820149739583
0 0.5021312713623047 0.1956415882817021 0.011087883843315972 0.014597193400065106
0 0.4190184911092122 0.20618560225875288 0.01109174092610677 0.014964577003761574
0 0.739127688937717 0.39205600597240303 0.009991963704427084 0.014199518274377893
0 0.6565000534057617 0.31746005305537467 0.010731463962131076 0.01480794835973669
0 0.3660021464029948 0.294446846290871 0.009663136800130208 0.01289119014033565
0 0.632990985446506 0.4799885502567997 0.008862982855902778 0.01178656684027778
0 0.5341117646959094 0.4068217100920501 0.010525724622938368 0.014113729971426505
0 0.39919139014350047 0.2978565074779369 0.009626473320855035 0.01354415328414352
0 0.33767800860934793 0.5878018414532696 0.009211370680067275 0.013338329173900463
0 0.5142462412516275 0.39749025415491174 0.009856414794921876 0.014335264983000579
0 0.4238341013590495 0.6206281308774595 0.009139166937934028 0.01204766167534722
0 0.465359984503852 0.6051152264630353 0.009890789455837674 0.013107130262586806
0 0.4485958947075738 0.718987132884838 0.009553273518880209 0.013407728407118055
0 0.6411044862535265 0.41600148236310036 0.00899645487467448 0.012605257387514468
0 0.5057745191786025 0.6788886458785446 0.009877692328559028 0.012470782244646992
0 0.44855634901258684 0.4105615262632017 0.009720102945963541 0.012636170563874423
0 0.4594600041707357 0.6585840295862269 0.009945890638563368 0.013027049877025463
0 0.5766243828667534 0.6217097529658564 0.009901512993706597 0.012868245442708336
0 0.5383744133843317 0.7567533139829282 0.009295145670572916 0.012966014720775463
0 0.6663197835286457 0.28735995822482635 0.010635630289713543 0.015071275499131944
0 0.7121956083509657 0.7076200979727286 0.010205883449978298 0.01337116382740162
0 0.36299760606553827 0.6088584334762008 0.009468163384331598 0.012315142596209493
0 0.2642376475863986 0.6297280488190826 0.008985201517740885 0.012029181586371528
0 0.4664299435085721 0.9121770505551939 0.0073092142740885414 0.008864056622540509
0 0.4894800398084852 0.3141460277416088 0.010463460286458332 0.0141265869140625
0 0.3943846172756619 0.5890027929235387 0.00853835211859809 0.011335415310329862
0 0.4354286670937912 0.2824650292947256 0.010610071818033855 0.01502425582320602
0 0.561433113945855 0.7584609702781395 0.009882185194227431 0.013217445656105324
0 0.40650196075439454 0.6761319760923032 0.00987654791937934 0.013947663483796295
0 0.4886704126993815 0.2272158375492802 0.010205713907877605 0.013176713166413483
0 0.505950207180447 0.8050167507595485 0.009987894694010417 0.014542530201099538
0 0.3410586463080512 0.6862936796965422 0.009281709459092883 0.013254292805989583
0 0.3983237584431966 0.6100628888165509 0.008985010782877605 0.011423068576388888
0 0.43855285644531256 0.8850396898057727 0.008324517144097222 0.011413969816984953
0 0.4262070761786567 0.5228673581723813 0.010417811075846354 0.012787599916811342
0 0.5575414256755813 0.31995672611208176 0.005746678171417976 0.0106852781386498
0 0.277448484632704 0.690173848470052 0.010867267184787326 0.014556884765625
0 0.4303856319851345 0.8061960290979456 0.007951524522569444 0.010191740813078705
0 0.31487011379665797 0.646786046911169 0.010472912258572048 0.012971892180266202
0 0.5501972198486329 0.49605597036856186 0.007585228814019097 0.01026775218822338
0 0.5433664321899415 0.2119953438087746 0.00827166239420573 0.011532536259403935
0 0.6403924330659716 0.6689216597820904 0.008066643608940972 0.010695450394241898
0 0.4896621780881938 0.7478197214103893 0.00932511223687066 0.012299657751012731
0 0.6001661512586804 0.5479184186017072 0.008802032470703125 0.012125764069733796
0 0.611821374738765 0.7728019145924796 0.008276324801974827 0.01008572048611111
0 0.5484124818004921 0.5671535391617034 0.006555896335177952 0.008524181224681713
0 0.4729880627863406 0.5471091856231576 0.007949278089735242 0.009806880244502315
0 0.2985775311787923 0.3525951385498047 0.009719022115071614 0.013103993733723958
0 0.4618839899698893 0.6257687603985821 0.008991029527452257 0.01198775679976852
0 0.23975765275400243 0.5716236831749231 0.006404079471098711 0.007639954456749365
0 0.23267945965436698 0.5789265808174041 0.004718795399756956 0.007864658999594881
0 0.31508985074297924 0.5500520470617485 0.006404079471098747 0.008538772628131639
0 0.39657931959553383 0.365306743305224 0.004395001024293847 0.008092382838382192
0 0.406886643426318 0.367120553251758 0.004499643905824584 0.009487621258792983
0 0.41180485885826584 0.36405102872685435 0.0028253578013317337 0.0064180967338894135
0 0.4153627168303132 0.3580515035190882 0.006801787299502209 0.006976192102053744
0 0.41054914427989614 0.35219150215336315 0.004290358142762969 0.0047438106293964215
0 0.4084039652085147 0.34870340610233624 0.0037671437351088598 0.003906667577150032
0 0.39677815153473034 0.33426377673705326 0.004902644571175969 0.0057197519997053805
0 0.40490783408320286 0.3438612959679368 0.004497049454216437 0.00668791970114242
0 0.4054699652649799 0.3391336285929914 0.007523909663785204 0.0073797734633296135
0 0.376621230153806 0.30861195323468266 0.007078193099635399 0.006965840828212571
0 0.38016032670362365 0.3036684532920802 0.012471102127929115 0.012358749856506321
0 0.454965208093731 0.2902399947501217 0.003805195692029315 0.007103031958454622
0 0.45234913605546084 0.28694215848369636 0.006563962568750412 0.006849352245652689
0 0.45006601864024326 0.2788878276022344 0.007134741922554752 0.005707793538043866
0 0.45910335840881283 0.2845956211402783 0.004661364722735897 0.0077372312404594724
0 0.4540139091707236 0.2684869593773545 0.004756494615036715 0.007229871814855606
0 0.5634633584079883 0.3234672932391757 0.009331738246272536 0.011328080259156792
0 0.5593546079861221 0.31446054090197734 0.005571187012700065 0.0081710742852934
0 0.561960688971009 0.470405051802382 0.003913643769251962 0.005525144144826513
0 0.5631693142526898 0.43733092504654564 0.004719393957039344 0.005985572823562038
0 0.5618455818013252 0.43195925712796424 0.00529492980545875 0.005371667918581338
0 0.5583348131259666 0.43855873485650704 0.004719393957039344 0.006599477728542738
0 0.5810717136500023 0.4551774475867877 0.006446001502297492 0.008748144895975259
0 0.5626807381288329 0.497532086501958 0.00520905985687456 0.007558243713896431
0 0.5720264043426373 0.5082566215014057 0.00459622928547752 0.0077625205710286594
0 0.5783845215208812 0.4982470555019212 0.0044430216426283664 0.005719751999705309
0 0.5852022616276729 0.49477434893067157 0.004902644571176111 0.00735396685676399
0 0.5914837749844922 0.5093801442156335 0.00520905985687456 0.00633258257110235
0 0.7872693335334529 0.49439567752654523 0.010509254042180203 0.017077537818542866
0 0.7908818896104524 0.5843811652627133 0.007225112153998765 0.014012338722907103
0 0.7411684259900284 0.5645779866236329 0.006053720419137392 0.00859575886353717
0 0.6489659559333593 0.6665257832540032 0.005327273968840984 0.005580953681643024
0 0.6487756961487579 0.6601837904339544 0.0051370141842394905 0.006088313107246819
0 0.7091484908548259 0.7529182178549755 0.004811479692786378 0.006752953954787842
0 0.7109844502112839 0.7647358872758542 0.0046848618061341085 0.008441192443484766
0 0.7154160762441134 0.7654955945957679 0.0056978048993522636 0.008947663990094128
0 0.7150362225841566 0.7574764617744572 0.00443162603282957 0.007428249350266754
0 0.5924067993614295 0.7985006570497939 0.005571187012699994 0.005402363163830301
0 0.59633195384765 0.7929294700370939 0.00455824391948191 0.007765897048006138
0 0.5916470920415159 0.7932671177348334 0.0063308943326136815 0.0057400108615696865
0 0.5914571652115375 0.7708979577595982 0.005191333352743257 0.006921777803657534
0 0.5879118643852738 0.7675214807822044 0.005191333352743186 0.005908834710439379
0 0.5953190107544317 0.7798456217496923 0.007597073199136517 0.00793472089687569
0 0.5250539846185469 0.7293197670241954 0.0074152499139037075 0.009392649890944682
0 0.5103161754146631 0.7975400662321102 0.00574681868327545 0.006920899919643517
0 0.5186583315678049 0.7893832913268158 0.0053760561875802184 0.007415249913903779
0 0.514487253491234 0.7817208664157821 0.006302962426818155 0.010381349879465348
0 0.5106869379103584 0.7833275038971279 0.006488343674665913 0.010628524876595406
0 0.5201413815505856 0.7813501039200869 0.005376056187580147 0.007662424911033838
0 0.5328176696904425 0.9072065359256112 0.0054100369751425605 0.008287716217239876
0 0.5276378470546677 0.9063624166812626 0.005640251314510252 0.008748144895975259
0 0.5230911138521541 0.9041370114007075 0.004604286787355463 0.010129430932181976
0 0.5189472557435343 0.8971538431065517 0.006906430181033088 0.008441192443484909
0 0.514227861786495 0.9020650823463976 0.007136644520400992 0.006906430181033159
0 0.5179112912163794 0.9068995834731208 0.005985572823562038 0.007980763764749384
0 0.5184868270647988 0.9127316800704378 0.004834501126723225 0.006139049049807142
0 0.5119832719776592 0.9108132272423728 0.005410036975142632 0.006599477728542667
0 0.5113501825443979 0.9163383713871994 0.006446001502297634 0.009055097348465466
0 0.49966680482148346 0.901988344233275 0.004949608296406964 0.006139049049807142
0 0.4385448977193404 0.8785064816177627 0.0058704656538781565 0.008287716217239591
0 0.39635812003019644 0.806909822074386 0.006676215841665396 0.009362049800955959
0 0.39014233286726663 0.8066028696218956 0.004834501126723154 0.007827287538504209
0 0.403955193229333 0.8198018250789809 0.008057501877872042 0.01212462187336925
0 0.3889794570165071 0.7563197541620075 0.010094008945301453 0.013458678593735271
0 0.5449879730488891 0.5602716693132629 0.005832094057285246 0.008972452395823538
0 0.5475675531126885 0.5559349839886149 0.006056405367180844 0.008075207156241078
0 0.46313594971754296 0.5425825949749901 0.003805195692029244 0.005880756978590824
0 0.4702274507799612 0.5354910939125719 0.005707793538043901 0.00645730178041326
