0 0.5633233812120226 0.6891936973289208 0.009623209635416666 0.0130819250036169
0 0.6424611197577583 0.3797515445285374 0.008839374118381076 0.012315622965494792
0 0.587116919623481 0.489130542896412 0.008514234754774306 0.012587031611689815
0 0.35467237896389425 0.4302163583260995 0.010665618048773872 0.014771638093171295
0 0.4422655317518446 0.4423499637179905 0.010173204210069444 0.014407885516131364
0 0.6704275767008463 0.7988388061523439 0.009139590793185763 0.013026484736689815
0 0.684663814968533 0.3213779308177807 0.011519283718532987 0.015012105305989586
0 0.5453489515516494 0.27481569360803676 0.009670511881510416 0.012688333016854745
0 0.5447392145792643 0.8286234255190249 0.010544035169813368 0.014268267596209493
0 0.6204159842597113 0.48760596381293403 0.00904986063639323 0.011918696650752314
0 0.4649311065673828 0.5658935829445167 0.010653601752387155 0.01455603705512153
0 0.752187008327908 0.5538155732331452 0.010105387369791668 0.013570545337818287
0 0.3002244313557943 0.5712097450538917 0.010532379150390625 0.013724263509114583
0 0.36782944997151695 0.6253723992241754 0.010071775648328993 0.013707083242910877
0 0.46653620402018225 0.3089277196813513 0.009788089328342013 0.013409932454427086
0 0.5119246588812935 0.3450604615388093 0.009475453694661459 0.012210902461299189
0 0.568976338704427 0.5210797062626592 0.010082923041449653 0.012879604763454861
0 0.39262137942843967 0.2251087612575955 0.01020062764485677 0.01392505787037037
0 0.36907986534966364 0.46207618713378906 0.01042527092827691 0.014276207817925348
0 0.46678846147325304 0.42124649330421726 0.009279759724934895 0.013056804515697337
0 0.2689605712890625 0.6441864013671875 0.010951783921983507 0.015191198278356481
0 0.623238648308648 0.6384429366500289 0.01058608161078559 0.013402416087962964
0 0.5378831015692817 0.5882240860550492 0.009675216674804688 0.01304168701171875
0 0.46945309109157984 0.26139355412235965 0.00855500962999132 0.012296690764250577
0 0.7370736863878038 0.7297172828956887 0.01048194037543403 0.013994570131655093
0 0.42848642137315535 0.768024727150246 0.009002261691623263 0.012566064905237269
0 0.6437348047892252 0.49073783026801215 0.007812203301323785 0.009938953540943287
0 0.3815748850504558 0.7365774084020544 0.009331936306423611 0.013329173900462963
0 0.7115802976820205 0.5563247398093895 0.009867053561740452 0.01306915283203125
0 0.6327464209662543 0.5974371450918693 0.008845604790581597 0.012157637984664354
0 0.24435078303019203 0.5906138102213542 0.010708130730523003 0.013689959490740741
0 0.4493797938028971 0.6067975644712095 0.00853682623969184 0.012257780852141204
0 0.6048996819390191 0.5095553645381221 0.009139590793185763 0.012117908619068286
0 0.43012214236789276 0.3509487717239945 0.011239242553710938 0.014546797010633682
0 0.5015266418457032 0.6813750655562789 0.009013621012369792 0.011798999927662037
0 0.5131786558363173 0.8344082019947193 0.009461593627929688 0.013249545627170138
0 0.6033247205946181 0.6361844663266782 0.009911600748697917 0.014284487123842593
0 0.5266440285576715 0.9123451798050491 0.009574169582790799 0.01178752757884838
0 0.6776601155598958 0.3949448620831525 0.009631686740451388 0.013374695954499421
0 0.5399185460934162 0.4674580133862395 0.0077398088243272566 0.009430129439742477
0 0.3280980004204644 0.5639797069408276 0.009797965155707465 0.012888364438657407
0 0.43416879442003037 0.23232880345097293 0.009808519151475695 0.013209350020797164
0 0.37173991733127165 0.7335640801323784 0.009270138210720487 0.01448646827980324
0 0.7032757229275174 0.43466146963614 0.010420311821831597 0.013240503381799768
0 0.505011855231391 0.31165268509476274 0.00809618631998698 0.01184878879123264
0 0.5935900370279947 0.6616449991861978 0.009929911295572916 0.013148328993055555
0 0.5360424041748046 0.78905925044307 0.009538947211371527 0.012084565339265047
0 0.5357609358048204 0.6852216809320443 0.00785793728298611 0.01033172607421875
0 0.5190703709920247 0.4933416295934607 0.009409883287217882 0.011262455692997685
0 0.3546834839714898 0.27650851496943724 0.009296141730414497 0.012649168791594329
0 0.5558570437961154 0.5706774676287616 0.010172526041666664 0.01407787181712963
0 0.6742250230577257 0.5619643034758391 0.00930023193359375 0.012908370406539351
0 0.6195255915323894 0.8182700545699508 0.01009508768717448 0.011914684154369214
0 0.6490394533687917 0.5009343664590449 0.007311360343482891 0.011188436273020458
0 0.26124012225541604 0.68559779449251 0.008413917234183475 0.010856667398946059
0 0.23735545397773378 0.5858973988788513 0.007871083864236218 0.012666111965437566
0 0.3958627980023526 0.4807686695657194 0.008956750604130832 0.013751778705332214
0 0.307109542015965 0.35917399469751865 0.006242583754394211 0.007961556092560756
0 0.29299587439733454 0.32895627043711756 0.005156917014499598 0.008323445005858972
0 0.5241071816524082 0.3092333246623648 0.0048855003295259535 0.009409111745753585
0 0.519357389665369 0.3094142691190139 0.005699750384446958 0.009047222832455404
0 0.774217656855638 0.414904887345444 0.009499583974078121 0.013028000878735782
0 0.7811387823224664 0.43010422170396906 0.007599667179262468 0.010856667398946484
0 0.6569656489470159 0.6779981273132475 0.004614083644552096 0.008685333919157188
0 0.6622582743040024 0.6790837940531421 0.005428333699473313 0.010132889572350194
0 0.6203243964755715 0.8019450801178866 0.008413917234183544 0.012666111965437637
0 0.6066178538844015 0.8527904724362861 0.005971167069420531 0.007237778265964181
0 0.613403271008743 0.8422956939506377 0.0070568338093152504 0.011580445225542775
0 0.6181530629957822 0.8598473062456012 0.006242583754394246 0.010494778485648339
