0 0.3821741580963135 0.4542807102203369 0.00818634033203125 0.010367298126220703
0 0.37394402027130125 0.7177470525105794 0.007026100158691406 0.009613800048828124
0 0.42246992588043214 0.2472780704498291 0.00828099250793457 0.011232153574625653
0 0.6888941764831543 0.2984361330668131 0.007150459289550781 0.010989952087402343
0 0.4793182611465454 0.3075203577677409 0.009081792831420899 0.012838363647460938
0 0.5160434722900391 0.4307616869608561 0.006985282897949219 0.008575248718261718
0 0.5669969081878662 0.6785460154215496 0.00745096206665039 0.010534286499023438
0 0.4029949903488159 0.21922207673390706 0.007672739028930664 0.009731531143188477
0 0.39181878566741946 0.7796857515970866 0.008391332626342774 0.011902809143066406
0 0.6149143457412719 0.4527227083841959 0.007412385940551758 0.010604286193847656
0 0.3357406139373779 0.4727173328399658 0.007624292373657226 0.010981527964274089
0 0.7097512483596802 0.6449726740519205 0.00761723518371582 0.01190325419108073
0 0.37633997201919556 0.7911917686462402 0.007667183876037598 0.010848808288574218
0 0.45949292182922363 0.20851231416066487 0.007327747344970703 0.009293731053670247
0 0.34817780256271363 0.7383727709452311 0.0074168920516967775 0.009216117858886718
0 0.5264172792434693 0.4375795364379883 0.008070898056030274 0.011116091410319011
0 0.3749436855316162 0.373502508799235 0.008033323287963866 0.01168231964111328
0 0.29929242689056723 0.5188198763434496 0.0091538667678833 0.01225446065266927
0 0.49244463443756104 0.38215584754943854 0.008057069778442384 0.011874739329020183
0 0.36448068618774415 0.2882132371266683 0.007935428619384765 0.010960038503011067
0 0.3577324151992798 0.15902196566263835 0.007817220687866212 0.010511938730875652
0 0.3781985521316528 0.6378785769144694 0.007224750518798828 0.009536170959472656
0 0.5419575691223144 0.7404890060424805 0.00841970443725586 0.01090075174967448
0 0.5342558860778809 0.4549522240956624 0.006688308715820312 0.008489068349202473
0 0.3866525888442993 0.6667289098103842 0.0075702667236328125 0.009697850545247395
0 0.32624547481536864 0.32136365572611497 0.00890817642211914 0.012596988677978515
0 0.4325446128845215 0.34606806437174475 0.008636760711669921 0.011398124694824218
0 0.34473361968994143 0.32043579419453944 0.00831136703491211 0.011132208506266277
0 0.5321672439575196 0.5566853523254394 0.006978797912597656 0.009074592590332031
0 0.5386070728302002 0.283489735921224 0.009177303314208985 0.011334164937337238
0 0.3941970348358154 0.3827913920084635 0.007590818405151367 0.010141563415527344
0 0.6613705873489379 0.4339022636413574 0.007615137100219727 0.010157839457194012
0 0.3923615336418152 0.5220297177632649 0.006459975242614746 0.00936578114827474
0 0.35268575048209244 0.5720882393479293 0.0076130151748657225 0.010242652893066407
0 0.6057724952697754 0.40986735026041665 0.007703113555908203 0.010696029663085938
0 0.612437129020691 0.26229721705118814 0.009080076217651367 0.012118784586588542
0 0.2909562468528748 0.6560261726379395 0.00762169361114502 0.01066761016845703
0 0.4019372224807739 0.4915242036183675 0.006026220321655273 0.008133284250895182
0 0.45863277912139894 0.7430122057596843 0.00781407356262207 0.009654045104980469
0 0.5877548456192015 0.5167170683542888 0.008471345901489258 0.011082299550374349
0 0.32647874355316164 0.7380170504252115 0.009248113632202149 0.013031578063964844
0 0.5101731139632412 0.18913639690119644 0.00816366176652739 0.011062837982811047
0 0.29928781986236574 0.2933314482371013 0.007524633407592773 0.009911378224690756
0 0.6528262138366699 0.2496397892634074 0.008551979064941406 0.012126906712849933
0 0.4512178897857666 0.6331450462341308 0.007596206665039062 0.011159070332845052
0 0.6453292846679688 0.4213219165802002 0.0071563720703125 0.010333601633707683
0 0.37934641722730644 0.43690873768364624 0.007729578018188478 0.010886955261230468
0 0.7089515209197998 0.4242333730061849 0.009039020538330078 0.011803627014160156
0 0.32069199085235595 0.5301314989725749 0.006873226165771485 0.009167925516764323
0 0.402533221244812 0.44634180068969725 0.007679986953735352 0.010298856099446614
0 0.38168891668319704 0.2621032317479452 0.008445525169372558 0.010488780339558919
0 0.5965075016021728 0.3693481286366781 0.007434272766113281 0.010528278350830079
0 0.47437984943389894 0.5223540306091309 0.007881593704223634 0.010909271240234376
0 0.6037389755249023 0.6929066022237141 0.009289360046386719 0.013753064473470052
0 0.450984525680542 0.5789119084676106 0.006469154357910156 0.008473714192708334
0 0.429357647895813 0.5544807434082031 0.007301473617553711 0.009456253051757813
0 0.6217466115951539 0.6282764752705892 0.008870172500610351 0.013071505228678386
0 0.37541091442108154 0.16019826730092365 0.009055233001708985 0.012068033218383789
0 0.6028101921081543 0.24141801198323568 0.008522891998291015 0.011483001708984374
0 0.40021322965621947 0.16529897848765057 0.009480595588684082 0.012097438176472984
0 0.3457469940185547 0.2958399454752604 0.007385396957397461 0.010008684794108073
0 0.7141594171524048 0.48744595845540367 0.008390665054321289 0.011408297220865886
0 0.3202837347984314 0.43397610982259116 0.006545805931091308 0.008804702758789062
0 0.6039986610412598 0.31617259979248047 0.007371711730957031 0.010945765177408855
0 0.2581292271614075 0.5790390014648438 0.009432721138000488 0.011282094319661458
0 0.24443349838256836 0.4403036594390869 0.007886743545532227 0.011400381724039711
0 0.3434962511062622 0.3696328639984131 0.009313297271728516 0.012162558237711589
0 0.3903547763824463 0.5554284731547038 0.007991790771484375 0.011039034525553387
0 0.2529092073440552 0.5438123067220052 0.006848478317260742 0.008900833129882813
0 0.4408311605453491 0.7031398773193358 0.007111024856567383 0.00994097391764323
0 0.3299903869628906 0.5472540219624836 0.007668399810791015 0.010590171813964844
0 0.5489142417907714 0.8265563329060872 0.007767868041992187 0.0106842041015625
0 0.30837577581405645 0.5086436748504639 0.007020306587219238 0.00979916254679362
0 0.2800880670547486 0.6898299853006999 0.008083772659301759 0.010748227437337242
0 0.75533840843685 0.36995380873293526 0.008831548690795898 0.010564072926839191
0 0.23593103885650635 0.4819356600443522 0.008456277847290038 0.011428070068359376
0 0.6197718858718873 0.5619311332702638 0.008031511306762695 0.011023775736490887
0 0.5792741298675537 0.41060288747151696 0.007241153717041015 0.009555498758951822
0 0.6160797357559205 0.4280757109324137 0.007734823226928711 0.010095500946044922
0 0.7186394929885864 0.3817707061767578 0.007717561721801758 0.010194778442382812
0 0.5858811855316162 0.33711743354797363 0.007004451751708984 0.010436280568440754
0 0.5313937664031981 0.09903573195139566 0.008125877380371094 0.010204839706420898
0 0.3830838918685913 0.7564874331156414 0.007301044464111328 0.010128466288248698
0 0.40219340324401853 0.1295161485671997 0.010092830657958985 0.01406092643737793
0 0.29181216955184935 0.6699313799540202 0.008343052864074708 0.010916964213053387
0 0.23515819311141967 0.5185120582580567 0.007237696647644043 0.010778236389160156
0 0.6396460294723512 0.609585984547933 0.007846689224243164 0.011017417907714844
0 0.5035324573516846 0.8318660100301107 0.008983325958251954 0.013477834065755208
0 0.5721717223003274 0.4406446488428817 0.00767502784729004 0.011384201049804688
0 0.6205704261489481 0.2963827361696075 0.008506345748901366 0.010533110300699871
0 0.37559211254119873 0.4851322809855143 0.007642889022827148 0.010255050659179688
0 0.537909436225891 0.3768028418223063 0.009831857681274415 0.013348801930745441
0 0.42706689834594724 0.6630762418111165 0.00832958221435547 0.010961850484212242
0 0.5250428438186645 0.7508896191914878 0.006583166122436523 0.008729489644368489
0 0.2833748459815979 0.43461950620015455 0.0068406820297241214 0.008839829762776693
0 0.5014963388442993 0.16373097101847328 0.008306264877319336 0.01061105728149414
0 0.7326797008514404 0.43312317530314126 0.00830669403076172 0.0104827880859375
0 0.554026198387146 0.6293312072753906 0.008374929428100586 0.010532124837239582
0 0.5114369869232178 0.3114670594533284 0.008430099487304688 0.010538260142008461
0 0.7052555561065674 0.5567532539367676 0.009331321716308594 0.01359386444091797
0 0.4391752004623413 0.2786091804504395 0.008551836013793945 0.012084770202636718
0 0.4498089551925659 0.2173999706904093 0.00820937156677246 0.011808888117472332
0 0.5017863540007079 0.575991572934183 0.008143091201782226 0.011475054423014323
0 0.4345060348510742 0.2575726429621379 0.01007375717163086 0.011208422978719075
0 0.3671302795410156 0.38394071261088053 0.006425285339355468 0.007688172658284506
0 0.5989015340805054 0.3327969551086426 0.006280374526977539 0.00855706532796224
0 0.6890819072723389 0.2662197987238566 0.0081787109375 0.011963351567586262
0 0.3392538070678711 0.2560464779535929 0.008078527450561524 0.010397545496622721
0 0.32400261163711547 0.5657326698303222 0.007711482048034668 0.010800488789876302
0 0.5235306739807128 0.19632235368092854 0.006534290313720703 0.008243989944458009
0 0.5342407703399659 0.18811858495076497 0.007686901092529297 0.011721293131510414
0 0.5167582750320434 0.7365051587422689 0.007573270797729492 0.010346412658691406
0 0.6618236780166626 0.5054941972096761 0.008695363998413086 0.011467266082763671
0 0.2889786124229431 0.7041571299235027 0.008201241493225098 0.0109405517578125
0 0.44633946418762205 0.4889782428741456 0.0077876091003417965 0.011377684275309245
0 0.4008334755897522 0.7063914616902669 0.006626105308532715 0.009343973795572917
0 0.40041414499282835 0.6644327799479167 0.0073825597763061525 0.009709676106770834
0 0.7023700952529908 0.5980117162068685 0.008814764022827149 0.013012313842773437
0 0.5522441148757935 0.6651242574055989 0.00699009895324707 0.010055796305338543
0 0.5090995788574219 0.2165398677190145 0.007625007629394531 0.010257577896118164
0 0.506479501724243 0.3939418951670329 0.006774997711181641 0.00932162602742513
0 0.46303338575003733 0.37078728956473095 0.006462955474853514 0.010474554697672526
0 0.5672985792160035 0.7344613393147786 0.00788102149963379 0.011071268717447917
0 0.7247256517410279 0.5028695901234945 0.00818181037902832 0.010699049631754559
0 0.7760723114013672 0.4444577217102051 0.008567523956298829 0.010776074727376302
0 0.31667819023132326 0.5419490178426107 0.007660198211669922 0.008522796630859374
0 0.6313041925430298 0.3055922826131185 0.008097314834594726 0.010524495442708332
0 0.4953333377838135 0.6331254641215006 0.007157611846923828 0.009516588846842448
0 0.4127809047698975 0.49143783251444495 0.006039810180664062 0.008498414357503255
0 0.48739120960235593 0.3618754863739014 0.007723188400268555 0.010103829701741536
0 0.2992942929267884 0.48323170344034827 0.0058735132217407225 0.008707682291666666
0 0.563994026184082 0.3052919864654541 0.00890350341796875 0.011000283559163411
0 0.26642538830884605 0.27590685776723545 0.00759952068328857 0.011659275971345482
0 0.43504478931427004 0.8056023597717287 0.008202314376831055 0.010532315572102864
0 0.675466510318455 0.6932377903273119 0.00916743278503418 0.0134188969930013
0 0.46618602275848386 0.5720416069030761 0.006447649002075196 0.009852282206217448
0 0.30235623594326666 0.5524672387737575 0.007225112153998907 0.011078505302798405
0 0.3036206305702165 0.5587290026405565 0.009753901407898589 0.009151808728398762
0 0.30759444225491583 0.5611373733585561 0.009753901407898518 0.010115157015598513
0 0.24238780506507587 0.5384986886093596 0.00794762336939879 0.008188460441198728
0 0.22558941930702844 0.5307919023117607 0.007586367761698831 0.012041853589998226
0 0.22631193052242832 0.5074307063471643 0.010476412623298402 0.009633482871998637
0 0.26406314152707255 0.450111483258773 0.010837668230998361 0.010596831159198388
0 0.25846367960772343 0.4544465505511724 0.011921435054098204 0.008670134584798674
0 0.26912072003487175 0.4260277760787767 0.009392645800198558 0.010596831159198388
0 0.2232412578569788 0.4159126190631783 0.010115157015598477 0.012523527733598029
0 0.32908915091306257 0.411336714698979 0.01083766823099829 0.013005201877197977
0 0.4340339049498965 0.4077241586219795 0.010476412623298402 0.011560179446398137
0 0.49075103535878783 0.4192843380683777 0.009753901407898552 0.012523527733598029
0 0.5174839503285837 0.41302257420157873 0.009753901407898481 0.013486876020797922
0 0.5384367755751805 0.47010096021816994 0.0075863677616989375 0.013005201877197906
0 0.49779551970893676 0.49033127424936696 0.010115157015598371 0.012041853589998154
0 0.5178452059362837 0.49177629668016665 0.009031390192498634 0.012041853589998154
0 0.5176645781324338 0.5319960876707605 0.007225112153998907 0.014450224307997814
0 0.5214577620132832 0.5310327393835607 0.006141345330899028 0.013486876020797994
0 0.4943635914357873 0.5274201833065612 0.007586367761698866 0.0081884604411988
0 0.49797614751278674 0.541629570542759 0.006863856546298877 0.01059683115919846
0 0.4578767750580928 0.5103207512087637 0.008308878977098786 0.013486876020797922
0 0.45643175262729313 0.4980380605469657 0.009753901407898481 0.010115157015598442
0 0.4499291516886941 0.4720276567925697 0.009031390192498634 0.01589524673879758
0 0.4351176717729964 0.45059315740237293 0.009031390192498634 0.010596831159198388
0 0.42626690938434764 0.46191249977697124 0.010115157015598513 0.00915180872839862
0 0.4096491514301502 0.46046747734617144 0.007947623369398756 0.010115157015598513
0 0.39032197641820315 0.48744122938776735 0.011921435054098239 0.013968550164397868
0 0.4296988376574972 0.48960876303396694 0.006863856546299019 0.01156017944639828
0 0.43421453275374644 0.503336476126565 0.010115157015598371 0.008188460441198728
0 0.4264475371881977 0.4970747122597659 0.009031390192498562 0.00915180872839862
0 0.4275313040112975 0.5038181502701647 0.0054188341154991805 0.007225112153998907
0 0.4437878063577951 0.5577656543533566 0.009753901407898481 0.014931898451597689
0 0.457334891646543 0.5505405421993577 0.009392645800198593 0.012041853589998226
0 0.45408359117724345 0.5454829636915585 0.007225112153998907 0.009633482871998424
0 0.29531175159311773 0.43132619165837593 0.009753901407898481 0.01059683115919846
0 0.28898977845836876 0.45902245491537164 0.009392645800198558 0.010115157015598442
0 0.31156825393961524 0.45637324712557215 0.008308878977098715 0.008670134584798674
0 0.3173483436628144 0.4626350109923711 0.006863856546298912 0.006743438010398961
0 0.320419016328264 0.45179734276137284 0.009392645800198593 0.012041853589998083
0 0.3272828728745629 0.4479439496125734 0.006502600938598988 0.00915180872839862
0 0.3083169534703158 0.489608763033967 0.008308878977098715 0.009633482871998495
0 0.3408299581633108 0.4826244879517681 0.0054188341154991805 0.010115157015598442
0 0.3460681644749599 0.483587836238968 0.006502600938598988 0.013005201877198048
0 0.33812054110556117 0.508634891706164 0.007225112153998907 0.012041853589998226
0 0.38598690912580386 0.5370536661785598 0.008308878977098715 0.011078505302798334
0 0.2646050249386225 0.6052105574979493 0.006863856546298948 0.01156017944639828
0 0.39122511543745303 0.6107498101493485 0.009392645800198593 0.012041853589998226
0 0.41037166264555014 0.6143623662263478 0.007947623369398827 0.0125235277335981
0 0.4212093308765485 0.6100272989339486 0.010115157015598442 0.010596831159198317
0 0.4524579409425937 0.6093047877185487 0.010476412623298402 0.013005201877198048
0 0.4455940843962948 0.5936503780515511 0.010476412623298402 0.011560179446398209
0 0.49743426410123687 0.6056922316415494 0.009392645800198593 0.011560179446398209
0 0.4952667304550371 0.5982262824157503 0.007947623369398827 0.008188460441198586
0 0.4932798246126875 0.5852210805385524 0.008308878977098786 0.010115157015598371
0 0.5216383898171331 0.5849802434667524 0.009392645800198664 0.014450224307997814
0 0.5288635019711321 0.5804043391025531 0.007947623369398827 0.013005201877198048
0 0.4275313040112975 0.5124882848549634 0.006863856546298948 0.008188460441198728
0 0.3708141736024062 0.5517447275583575 0.006141345330899099 0.010596831159198246
0 0.37243982383705593 0.5064673580599645 0.006502600938598988 0.0125235277335981
0 0.23624645973417682 0.3829179402265833 0.011560179446398209 0.010115157015598442
0 0.24238780506507587 0.378582872934184 0.010115157015598406 0.0081884604411988
0 0.31933524950516406 0.3530541433233879 0.007947623369398827 0.012041853589998226
0 0.2781521102273704 0.2598501965368022 0.010115157015598442 0.012523527733598137
0 0.27580394877732073 0.30271919531719554 0.011921435054098204 0.0125235277335981
0 0.2859191057929192 0.3123526781891941 0.010476412623298402 0.01445022430799785
0 0.2944086125738679 0.30657258846599494 0.00939264580019863 0.0154135725951976
0 0.254851123530724 0.3113893299019943 0.011921435054098133 0.013486876020797957
0 0.2613537244693229 0.32174532398939265 0.009031390192498599 0.01396855016439794
0 0.3435393752210604 0.2706878647678005 0.009392645800198522 0.013005201877198011
0 0.3561833214905585 0.2261330064848073 0.010837668230998361 0.01445022430799778
0 0.35708646050980825 0.2458816463724043 0.007586367761698795 0.012523527733598066
0 0.4127198240955998 0.30368254360439545 0.006141345330899028 0.012523527733598137
0 0.4168742635841491 0.3280070878561917 0.008670134584798603 0.013968550164397868
0 0.43638206639994614 0.35305414332338786 0.009392645800198664 0.011078505302798334
0 0.5498163272177288 0.4014623947551804 0.008670134584798816 0.01156017944639828
0 0.6047271795881204 0.3672635305595857 0.008670134584798745 0.015413572595197706
0 0.6049078073919704 0.3501640984617883 0.01047641262329833 0.012041853589998154
0 0.6215255653461678 0.36919022713398547 0.008308878977098786 0.016376920882397526
0 0.6323632335771662 0.2875464597937979 0.008308878977098644 0.010115157015598442
0 0.5557770447447778 0.27381874670120004 0.008308878977098644 0.012523527733598029
0 0.5639052959180266 0.2750229320601998 0.010115157015598371 0.016858595025997472
0 0.5583058339986775 0.2509392248802035 0.01047641262329833 0.01974863988759694
0 0.5454812599253295 0.27189205012680034 0.008670134584798674 0.015413572595197671
0 0.5189289727593835 0.26683447161900103 0.009031390192498562 0.012041853589998154
0 0.4999630533551364 0.25551512924440284 0.009392645800198593 0.0125235277335981
0 0.4923766855934375 0.2856197632193982 0.008670134584798603 0.013968550164397903
0 0.4838871788124889 0.20445767002281065 0.009031390192498634 0.013486876020797957
0 0.48912538512413806 0.19771423201241167 0.007947623369398756 0.013486876020797922
0 0.5443974931022296 0.20445767002281065 0.010115157015598371 0.013486876020797957
0 0.5844968655569235 0.18013312577101437 0.008670134584798745 0.013968550164397868
0 0.5938895113571221 0.1810964740582142 0.007225112153998907 0.015895246738797546
0 0.4044109451185011 0.20253097344841095 0.008308878977098644 0.010596831159198388
0 0.40838475680320047 0.20132678808941115 0.007586367761698866 0.008188460441198763
0 0.43385327714604655 0.1582169522372177 0.010115157015598513 0.013486876020797922
0 0.49490547484733716 0.14184003135482026 0.011560179446398137 0.012523527733598083
0 0.48930601292798814 0.13148403726742186 0.009031390192498562 0.013968550164397851
0 0.5299472687942318 0.1428033796420201 0.012282690661798127 0.012523527733598066
0 0.574020452933625 0.12064636903642349 0.010115157015598371 0.012523527733598083
0 0.7038918439017553 0.2249288211258075 0.009031390192498491 0.015895246738797546
0 0.7336954315370005 0.2899548305117976 0.007947623369398684 0.013968550164397868
0 0.7600670908990965 0.4344570735917755 0.009392645800198522 0.01493189845159776
0 0.7672922030530952 0.43204870287377584 0.006502600938598988 0.01589524673879751
0 0.769640364503145 0.45492822469477234 0.007586367761698795 0.015413572595197706
0 0.7660278084261455 0.45998580320257154 0.008308878977098715 0.016858595025997403
0 0.7150907677404534 0.4479439496125734 0.006863856546299019 0.014931898451597689
0 0.7188839516213028 0.46311668513597104 0.008670134584798603 0.014450224307997814
0 0.6208030541307678 0.4207293604991776 0.008308878977098715 0.0125235277335981
0 0.6377820676926652 0.424341916576177 0.009031390192498634 0.016858595025997403
0 0.5462037711407293 0.4188026639247778 0.00939264580019845 0.016376920882397526
0 0.5653503183488263 0.44770311254077344 0.011560179446398209 0.008670134584798674
0 0.548913188198479 0.4941846673981663 0.009031390192498634 0.010115157015598442
0 0.5619183900756769 0.44264553403297413 0.007586367761698866 0.010115157015598513
0 0.5530676276870282 0.5380170144657596 0.009392645800198593 0.010115157015598442
0 0.5449393765137794 0.5450012895479586 0.006863856546298948 0.0125235277335981
0 0.548732560394629 0.5558389577789568 0.007947623369398756 0.009151808728398478
0 0.6323632335771662 0.5165825150755629 0.012643946269498017 0.012523527733598029
0 0.659096148546962 0.5404253851837592 0.01119892383869825 0.010115157015598513
0 0.6547610812545627 0.5734200640203541 0.009753901407898412 0.015413572595197706
0 0.6735463728549598 0.5849802434667524 0.008308878977098715 0.0125235277335981
0 0.6753526508934595 0.5970220970567506 0.009753901407898552 0.012523527733598171
0 0.6916091532399571 0.6114723213647482 0.0075863677616989375 0.014450224307997672
0 0.7241221579329522 0.6377235621909443 0.008308878977098715 0.013005201877198048
0 0.7414624271025494 0.5736609010921541 0.009753901407898412 0.012041853589998226
0 0.7533838621566477 0.5765509459537536 0.009031390192498634 0.01589524673879751
0 0.7134651175058037 0.6124356696519482 0.009392645800198664 0.015413572595197635
0 0.5485519325907791 0.6172524110879475 0.011198923838698392 0.014450224307997814
0 0.6298344443232665 0.6211058042367469 0.010476412623298473 0.013486876020797922
0 0.5770911255990746 0.6639748030171404 0.009753901407898412 0.010596831159198388
0 0.548371304786929 0.6769800048943384 0.010115157015598513 0.013486876020797922
0 0.5850387489684734 0.6907077179869361 0.008308878977098715 0.013968550164397726
0 0.6088816190766697 0.7388751323469287 0.009753901407898412 0.011078505302798334
0 0.7205096018559527 0.6613255952273406 0.008308878977098715 0.013005201877198119
0 0.7340566871447005 0.6538596460015418 0.008670134584798745 0.013486876020798065
0 0.6742688840703598 0.7400793177059287 0.01119892383869825 0.015413572595197565
0 0.6065334576266201 0.7494719635061273 0.009392645800198593 0.011078505302798192
0 0.627486282873217 0.7827074794145221 0.007947623369398756 0.017821943313197294
0 0.5919026055147724 0.7952310071481201 0.009753901407898412 0.012041853589998083
0 0.5630021568987768 0.8185922031127165 0.011921435054098168 0.012523527733598029
0 0.5335598248712312 0.8275031747693152 0.010837668230998361 0.009151808728398407
0 0.5303085244019318 0.8340057757079142 0.00939264580019845 0.008670134584798888
0 0.45823803066579283 0.8267806635539153 0.01119892383869825 0.014450224307997956
0 0.4726882549737905 0.7672939068193244 0.009753901407898552 0.011078505302798334
0 0.42536377036509776 0.7612729800243255 0.009753901407898481 0.012523527733598171
0 0.41940305283804874 0.7470635927881275 0.008670134584798674 0.012041853589998083
0 0.430782604480597 0.710938032018133 0.008308878977098715 0.012041853589998226
0 0.3886963261835534 0.6808333980431377 0.012282690661798198 0.012523527733598171
0 0.36015713317525777 0.6779433531815383 0.008670134584798603 0.009633482871998495
0 0.45191605753104375 0.698655341356335 0.007947623369398827 0.015413572595197706
0 0.4661856540351916 0.7008228750025347 0.008308878977098786 0.012041853589998226
0 0.4524579409425937 0.718403981243932 0.007586367761698795 0.010596831159198388
0 0.4450522009847448 0.717681470028532 0.007947623369398756 0.008188460441198657
0 0.44866475706174425 0.7220165373209315 0.007225112153998978 0.010115157015598442
0 0.44071713369234544 0.7212940261055314 0.008670134584798674 0.01156017944639828
0 0.44703910682709447 0.7075663130129337 0.009031390192498562 0.013005201877197977
0 0.4304213488728971 0.6488020674937425 0.009753901407898412 0.012041853589997941
0 0.3915863710451531 0.7102155208027331 0.009392645800198593 0.013486876020797922
0 0.3641309448599573 0.6943202740639356 0.008670134584798674 0.013486876020797922
