0 0.3743692186143663 0.6863119902434173 0.010128614637586806 0.013996096010561343
0 0.5872630225287544 0.6533354017469618 0.01012513902452257 0.013802648473668981
0 0.694029744466146 0.5296307599103008 0.011351097954644097 0.014508508752893518
0 0.4716618855794271 0.18671642586036963 0.010533650716145836 0.014260087189850983
0 0.4024227142333984 0.5674494990596065 0.009236653645833334 0.011627197265625
0 0.4451217439439562 0.5021999782986112 0.010486475626627604 0.014252613208912038
0 0.30924169752332903 0.7221625716597946 0.011631223890516493 0.014767286512586806
0 0.719861814710829 0.4997676990650319 0.011258188883463542 0.013850063747829862
0 0.6114796320597331 0.5751950299298322 0.010958226521809895 0.015290436921296295
0 0.5976468827989366 0.46619242915400755 0.008322821723090278 0.011027583369502315
0 0.4364369770521657 0.2198142422463212 0.00800336201985677 0.00792072437427662
0 0.7069158766004775 0.5847286930790654 0.009903123643663194 0.012966071234809027
0 0.787424850463867 0.4718235863579644 0.009887949625651041 0.01216348718713831
0 0.23629622989230686 0.42475145128038194 0.009780248006184896 0.013142338505497685
0 0.6123643317878962 0.4978184559292631 0.00934600830078125 0.012290672019675925
0 0.5924111472235785 0.4953427915219907 0.010441546969943576 0.013861536096643519
0 0.37130593357017083 0.852323553335813 0.005327273968840984 0.007610391384058488
0 0.3690703811011037 0.8565726885252457 0.0069444821379534005 0.007737231240459437
0 0.35689375488661 0.8540993113254265 0.005802923430344649 0.008371430522464465
0 0.3626966783169546 0.8644367596221061 0.005422403861141731 0.006976192102053744
0 0.3667396987397358 0.8657685781143164 0.00456623483043515 0.008117750809662426
0 0.3792017146311316 0.8479475782899794 0.006278572891848242 0.010527708081280878
0 0.37182914797782485 0.8275897813376225 0.00637370278414906 0.007103031958454551
0 0.3603184310094364 0.825814023348009 0.0058029234303445774 0.007103031958454551
0 0.3621258989631503 0.8207404290919699 0.008276300630163718 0.006849352245652653
0 0.35537167660979835 0.8116713793593003 0.005993183214946071 0.00697619210205346
0 0.3547057673636932 0.807358824241667 0.005993183214946071 0.006215152963647767
0 0.3452403430797705 0.8088809025184787 0.00665909246105123 0.009005629804469067
0 0.34804667490264196 0.8037438883342393 0.007325001707156318 0.00761039138405863
0 0.3423388813645981 0.7899817639147335 0.006373702784148989 0.007483551527657539
0 0.3605086907940378 0.7916941019761465 0.005232144076540237 0.006341992820048858
0 0.36588352970902915 0.8011436712780192 0.004946754399637996 0.0064688326764498075
0 0.37059245937791535 0.7948650983861711 0.0056126636457430835 0.007610391384058488
0 0.3731609664700351 0.8027925894112319 0.005232144076540237 0.007483551527657539
0 0.3711156737855694 0.8081832833082734 0.005707793538043901 0.007610391384058346
0 0.37335122625463657 0.8189646711023564 0.005612663645743155 0.00761039138405863
0 0.3921393799840311 0.8254969237070066 0.005707793538043831 0.008498270378865413
0 0.3876682750458967 0.8369125107830945 0.00665909246105123 0.010781387794082917
0 0.38248369591550685 0.8350733328652802 0.005041884291938743 0.006341992820048858
0 0.3873353204228441 0.8453473612337592 0.006183442999547495 0.008371430522464323
0 0.3591293073556773 0.8390053684137105 0.007990910953261477 0.009639829086474094
0 0.38652671633828795 0.80513912675465 0.0051370141842394905 0.008878789948068259
0 0.3908551264379712 0.8056464861802539 0.005422403861141731 0.008878789948068259
0 0.38990382751496383 0.7938503795349632 0.0044711049381343316 0.007356711671256733
0 0.39361389331469243 0.7951821980271735 0.004471104938134403 0.009005629804469208
0 0.3968958745990676 0.79473825852977 0.005707793538043831 0.006341992820048717
0 0.3967056148144661 0.7889670450635257 0.006278572891848242 0.009766668942875043
0 0.39613483546066175 0.782498212387076 0.006278572891848242 0.008498270378865271
0 0.3926150294455347 0.7855423689406993 0.0053272739688410556 0.008244590666063374
0 0.38462411849227324 0.7792637960488511 0.005137014184239419 0.007356711671256733
0 0.38571811225373165 0.7850350095150955 0.0056126636457430835 0.006976192102053744
0 0.3885720090227537 0.7816103333922692 0.004661364722735897 0.007483551527657539
0 0.3643614514322175 0.7844008102330906 0.007990910953261477 0.007737231240459579
0 0.36811908217809647 0.7822445326742741 0.005802923430344649 0.007483551527657539
0 0.37059245937791546 0.779897995330856 0.005422403861141661 0.006595672532850756
0 0.37720398689281626 0.7828153120280784 0.00665909246105123 0.006849352245652653
0 0.37753694151586886 0.7880157461405184 0.006373702784148989 0.006341992820048717
0 0.374445220016095 0.7724144438031985 0.006088313107246748 0.0055809536816428815
0 0.4029366227601641 0.7713363050237902 0.005612663645743226 0.0064688326764498075
0 0.3987033425527815 0.7582717998144897 0.004946754399638067 0.006468832676449665
0 0.4019377588910064 0.748568550799815 0.005898053322645325 0.007356711671256448
0 0.39922655696043563 0.7410849992721574 0.006563962568750412 0.012430305927295677
0 0.3885720090227537 0.7481880312306121 0.006183442999547495 0.00735671167125659
0 0.3803733696090722 0.8717383790712121 0.006235551063964522 0.010336408970896115
0 0.4983199183564897 0.8306698353925331 0.006568283776362733 0.014012338722907032
0 0.5274033034124362 0.917128666572919 0.007044487418208476 0.010628524876595406
0 0.7496814684634685 0.49051234214788386 0.007136644520400921 0.007673811312259034
0 0.7584871669442858 0.4770831723514306 0.005410036975142703 0.008134239990994559
0 0.7540555409114562 0.47639252933332726 0.005064715466091059 0.007059906407278263
0 0.7531346835539849 0.4692558848129265 0.005294929805458679 0.005371667918581338
0 0.750141897142204 0.46334705010248706 0.004374072447987487 0.006139049049807142
0 0.7564727914748178 0.46334705010248706 0.008517930556607638 0.008594668669730084
0 0.7077824586985342 0.38146748340068337 0.005985572823562109 0.007827287538504209
0 0.7021422073840238 0.39098300942788455 0.0052949298054588215 0.007520335086013859
0 0.7031206183263368 0.3991172494188791 0.008172609047555995 0.008134239990994488
0 0.691897669282158 0.3661198607761654 0.006906430181033159 0.006599477728542738
0 0.6761855406203076 0.36888243284857863 0.006791323011349278 0.006599477728542738
0 0.6703150749664295 0.3587530019163967 0.007021537350716898 0.00966900225344638
0 0.6863725251373315 0.3744075769934051 0.005755358484194346 0.007520335086013788
0 0.6814804704257663 0.37540517246399874 0.005870465653877943 0.008594668669730084
0 0.6672071813849647 0.39098300942788455 0.005640251314510323 0.005985572823562109
0 0.6590921259222507 0.3906760569753942 0.0052949298054588215 0.007213382633523509
0 0.6594374474313024 0.3961244630070981 0.005064715466091059 0.005218191692336163
0 0.6933365089032065 0.3984266064007758 0.005640251314510465 0.008901621122220362
0 0.6955235451272006 0.3599808117263582 0.006100679993245848 0.008134239990994559
0 0.6471209802751267 0.38768327056361324 0.005525144144826442 0.007980763764749384
0 0.6476389625387042 0.39597098678085296 0.005640251314510323 0.007980763764749384
0 0.6434375508452425 0.3952036056496271 0.006676215841665396 0.007980763764749384
0 0.6399843357547259 0.39581751055460784 0.006446001502297563 0.007059906407278263
0 0.6367037814187352 0.3992707256451243 0.00702153735071704 0.008441192443484909
0 0.6339987629311638 0.36757788492549465 0.006676215841665183 0.007059906407278263
0 0.628818940295389 0.35921343059513233 0.007597073199136446 0.00905509734846568
0 0.6203010097387814 0.36665702756802354 0.005985572823562038 0.007366858859768684
0 0.6146607584242711 0.3619760026675455 0.005755358484194346 0.007827287538504209
0 0.646890765935759 0.3798559830251089 0.005985572823561824 0.007059906407278263
0 0.6284160652014954 0.4106279663872677 0.0072517516900848025 0.008748144895975259
0 0.61581183012111 0.417304182228933 0.005525144144826371 0.007980763764749384
0 0.6212218670962525 0.41799482524703635 0.005525144144826513 0.006906430181033088
0 0.6273225470894985 0.4195295875094881 0.005064715466091059 0.006292525276052459
0 0.6334232270827443 0.4239036599574757 0.005064715466090846 0.008287716217239734
0 0.6366462278338932 0.4278940418398504 0.005294929805458679 0.007980763764749384
0 0.6311210836890667 0.43380287655028993 0.005985572823562038 0.007520335086013788
0 0.634919620288635 0.4387141157901356 0.008748144895975188 0.008441192443484909
0 0.6384879425488353 0.4427812357856329 0.006446001502297563 0.007059906407278334
0 0.6278980829379179 0.44531359351867833 0.005985572823562109 0.00782728753850428
0 0.630890869349699 0.45160611879473067 0.004604286787355392 0.006599477728542738
0 0.627725422183392 0.46971631349166204 0.004258965278303748 0.006292525276052388
0 0.6104017931459673 0.4594334063332349 0.004834501126723225 0.005985572823562038
0 0.6094809357884963 0.46334705010248706 0.0062157871629298 0.004911239239845742
0 0.6149485263484809 0.47033021839664274 0.005870465653878085 0.01058985961091743
0 0.6380275138700999 0.47884814895325023 0.005755358484194133 0.007980763764749313
0 0.6367037814187352 0.4832989595143604 0.005179822635774869 0.007980763764749384
0 0.6284736187863373 0.4862917459261415 0.005064715466091059 0.006599477728542667
0 0.6305455478406473 0.4766227436726952 0.004143858108619938 0.007213382633523438
0 0.6233513497354045 0.42889163731044405 0.0063308943326136815 0.00966900225344638
0 0.6193801523813104 0.4924307949759487 0.005985572823562038 0.008748144895975259
0 0.4423172234995441 0.22290613399389414 0.005710466688017632 0.007613955584023415
0 0.35590921535249137 0.5291377125913113 0.0044891796176715106 0.006752953954787913
0 0.35988041270658544 0.528063379007595 0.004834501126723225 0.007366858859768613
0 0.3583840195006949 0.5381928099397768 0.005064715466090917 0.006752953954787913
0 0.41236928208243695 0.5342791661705248 0.006906430181033088 0.008748144895975188
0 0.40920383491613016 0.5256844975007948 0.006561108671981515 0.00844119244348498
0 0.5024163119706243 0.7322705387624492 0.00671074799257049 0.004727067768351531
0 0.5018465314806891 0.7278811186918369 0.005571187012699994 0.007090601652527368
0 0.649799532033871 0.6167950261355755 0.005444569126047725 0.006752953954787913
0 0.6472038653574995 0.6108861914251361 0.005571187012699994 0.007090601652527439
0 0.6439751092478665 0.6112238391228755 0.004178390259525031 0.00641530625704867
