0 0.38736419677734374 0.5405845359519676 0.010334438747829862 0.01491744429976852
0 0.5575635486178928 0.3844218077483001 0.010694164699978298 0.014613031457971644
0 0.5818642722235786 0.35804817764847363 0.01059371100531684 0.013760291205512153
0 0.5602735307481553 0.431639000221535 0.00942416720920139 0.012323252360026042
0 0.6650430467393663 0.9027831183539498 0.01032892862955729 0.012961663140190972
0 0.5498300976223416 0.44017883583351414 0.00991622077094184 0.014152442084418402
0 0.356754461924235 0.7558339719419126 0.009429274664984808 0.012804554126880786
0 0.47832698822021485 0.27031098824960215 0.009540685017903646 0.012562419750072338
0 0.5719271097354611 0.2475470192444536 0.010821321275499132 0.015470038519965278
0 0.5201812532212999 0.4476352126510055 0.010057110256618923 0.012116976137514468
0 0.5174595091078017 0.7278305901421441 0.009870190090603298 0.012860163935908563
0 0.7341701083713109 0.5854036966959635 0.011244371202256943 0.013716351544415507
0 0.506195937262641 0.6663591738100405 0.010137897067599827 0.014342018410011575
0 0.7019376118977864 0.22945163161666304 0.00918638441297743 0.01315119708025897
0 0.7860392676459418 0.783255739565249 0.009398990207248263 0.01264015480324074
0 0.5232638465033638 0.854323380081742 0.009036848280164931 0.011302241572627315
0 0.5230859120686848 0.28657422948766637 0.009179433186848959 0.012926935266565394
0 0.695242542690701 0.8079547458224826 0.00971785651312934 0.012906674985532407
0 0.8239969041612413 0.4726476033528646 0.01099310980902778 0.0140960693359375
0 0.3197419317316161 0.5122696222866893 0.004756494615036537 0.005073594256039015
0 0.34913638752348175 0.4616925622809545 0.006141345330899028 0.011078505302798263
0 0.40612446424023746 0.38796789969155304 0.008156774905294172 0.010628524876595406
0 0.4542308980566881 0.35200393760911985 0.008712918648836877 0.009392649890944824
0 0.7043102014030924 0.34916142514212334 0.01056673112731275 0.012605924853636452
0 0.7655268970349638 0.4679105137642079 0.004638564996482017 0.006499232311454932
0 0.7676103202960955 0.4866744264053439 0.00518890321640356 0.008386106208328954
0 0.5370007372309844 0.6844708100243986 0.006505027986972039 0.012860515100680488
0 0.438528072186821 0.8272823439912568 0.009196763705719136 0.008972452395823609
0 0.6370679369899623 0.4158668617727696 0.007971393657446556 0.008898299896684492
0 0.33291086443982915 0.5158519975506358 0.007366858859768684 0.009362049800955959
0 0.3285367919918415 0.5154683069850229 0.0034532150905165794 0.005525144144826513
