0 0.6960653940836588 0.650523093894676 0.008890787760416666 0.013247341579861112
0 0.5579450183444553 0.3933361477322048 0.008095592922634549 0.010899466055410877
0 0.5958048290676541 0.48892644246419276 0.008787324693467881 0.012328366880063658
0 0.4199870003594293 0.529228040907118 0.006472820705837674 0.008845915617766204
0 0.3393816312154134 0.28720574555573636 0.009953117370605469 0.012960843686704282
0 0.45527807673927223 0.6245285408940936 0.008579254150390625 0.012035567672164354
0 0.4874688466389974 0.3980852621572989 0.008976576063368056 0.011724599202473958
0 0.48891626993815107 0.8058728535970053 0.008976406521267362 0.010888728389033564
0 0.32208642959594724 0.3844818115234375 0.008702659606933593 0.011166212293836806
0 0.2915575769212511 0.3475618574354384 0.008302540249294705 0.010630374484592014
0 0.3168983989291721 0.5060146755642362 0.008364507887098525 0.010891949688946759
0 0.26138220893012154 0.6212389628092447 0.008008321126302084 0.010540036801938657
0 0.31952309078640406 0.6143034758391203 0.007735866970486111 0.009535951967592592
0 0.7743760426839192 0.5267637464735242 0.008271704779730903 0.011575882523148149
0 0.5831287375972815 0.3990190914275232 0.007013956705729168 0.009147361472800927
0 0.40297536616553586 0.48148328945158975 0.0066805945502387155 0.008360912181712962
0 0.6084040535820855 0.841545331036603 0.007686487833658853 0.012340404369212963
0 0.7417097727457683 0.3727280228226273 0.008796776665581598 0.01105414496527778
0 0.43345207638210725 0.8384410151728878 0.008207745022243924 0.009960033275462963
0 0.38837882147894964 0.2588226318359375 0.010228898790147569 0.013303516529224537
0 0.40630324600626694 0.6524004200458644 0.006599850124782985 0.009026817039207175
0 0.37365194956461584 0.21976215927689163 0.007784822252061631 0.009731617680302373
0 0.43865996466742624 0.511397722032335 0.0072964138454861115 0.011516599301938657
0 0.5251916037665473 0.6762072527850117 0.007095887925889757 0.008303041811342593
0 0.6901075998942058 0.609135267469618 0.008038669162326388 0.011057196723090277
0 0.4421250873141819 0.284112803141276 0.007097329033745659 0.009623322663483796
0 0.5169967439439561 0.471239909419307 0.008276324801974827 0.012275611029730902
0 0.5033020655314128 0.6995712845413773 0.008014551798502604 0.011014020001446759
0 0.6043071329264734 0.6843532116847143 0.008285225762261286 0.01071788646556713
0 0.3501524289449056 0.708642436839916 0.00855142805311415 0.011841894079137731
0 0.32702723609076606 0.3152869330512153 0.00890973409016927 0.012104740849247685
0 0.344033866458469 0.39063063727484815 0.007336658901638455 0.010664565474898725
0 0.4136995951334635 0.23173771610966434 0.007055833604600694 0.009114950674551505
0 0.24706447389390734 0.47911456072771985 0.007188733418782552 0.008885814525462964
0 0.7117435879177517 0.3458560237178096 0.008463711208767362 0.01007537841796875
0 0.5142760594685872 0.19673720465766056 0.007644950018988715 0.00951244212962963
0 0.28864715144604447 0.5964587050886427 0.007910259847338957 0.007216377404589949
0 0.29426759923231166 0.6075608241726274 0.00999190717558605 0.009436801221386872
0 0.2793150842462566 0.6244590251487859 0.006568684281470922 0.0070900084307941565
0 0.28729134373089993 0.6365537454130817 0.006255889791877074 0.009592364347544801
0 0.29448561699155856 0.6369708047325402 0.0068814787710648065 0.008758245708627897
0 0.3137224781015806 0.6513593512538575 0.009071040198221816 0.009175305028086455
0 0.34578391328495073 0.5967245804047976 0.008758245708627967 0.006672949111335527
0 0.3496938444048739 0.6025634108772162 0.005317506323095529 0.009175305028086455
0 0.45057006729889193 0.6115301862455733 0.0062558897918770385 0.009592364347544943
0 0.4475985196477504 0.605899885432884 0.006568684281470993 0.012511779583754148
0 0.536588551937202 0.5837957415015849 0.005004711833501716 0.0116776609448371
0 0.5419060582602975 0.5783739703486248 0.006881478771064878 0.009175305028086526
0 0.5491003315209562 0.5589807119938058 0.006881478771064878 0.009592364347544801
0 0.5353373739788266 0.5222794918814603 0.008132656729440057 0.009592364347544943
0 0.5284558952077618 0.5185259580063338 0.009383834687815664 0.011260601625378825
0 0.48560305013340377 0.48620386074830235 0.0075070677502525026 0.012511779583754148
0 0.4501008755645012 0.4970474030542226 0.009696629177409549 0.00834118638916948
0 0.45588757362198756 0.509767712297706 0.00813265672944027 0.012094720264295589
0 0.4432193967934364 0.4595120643029601 0.009696629177409549 0.009175305028086384
0 0.4521340397468613 0.4580523566848554 0.0081326567294402 0.009592364347544872
0 0.4211673852770696 0.4407443949273287 0.010635012646190987 0.00834118638916948
0 0.351570611342437 0.47723708537994514 0.008445451219034084 0.012928838903212636
0 0.2991775343354663 0.449711170295686 0.0081326567294402 0.010426482986461778
0 0.29213965831960464 0.4470002847192059 0.008445451219034084 0.010843542305920337
0 0.2838506043453675 0.4678532506921295 0.007507067750252574 0.009175305028086455
0 0.2747795641471456 0.4709811955880678 0.0068814787710646174 0.010426482986461484
0 0.27274639996478567 0.4830759158523638 0.008445451219034047 0.009592364347544943
0 0.2499124022244343 0.5352083307846728 0.009071040198221816 0.009592364347544872
0 0.30731019106490665 0.5925539872102128 0.008132656729440236 0.0075070677502525026
0 0.3062154103513281 0.5862980974183357 0.00719427326065869 0.007507067750252432
0 0.3550113507279694 0.3894460986339366 0.007819862239846386 0.01251177958375422
0 0.32076035411744236 0.328972497312458 0.01000942366700329 0.011677660944837243
0 0.422731357725039 0.28705803570688154 0.00813265672944027 0.012094720264295694
0 0.4222621659906482 0.2622430061991024 0.005317506323095529 0.010009423667003326
0 0.4984276242067518 0.33919045063919057 0.0075070677502525026 0.011260601625378754
0 0.47950355758632357 0.33397720914595974 0.005943095302283225 0.011677660944837243
0 0.5461287838698144 0.33293456084731354 0.005943095302283225 0.009592364347544872
0 0.5423752499946883 0.34106721757675373 0.00719427326065869 0.01000942366700329
0 0.5783466162979817 0.366924895383179 0.010322218156597245 0.012511779583754148
0 0.5168824990927892 0.38193903088368414 0.008132656729440128 0.01000942366700336
0 0.5110958010353027 0.40758817903038014 0.005943095302283225 0.007924127069711063
0 0.5608301248807258 0.4324032085381593 0.007819862239846315 0.011677660944837243
0 0.5639580697766643 0.4580523566848554 0.009696629177409407 0.012094720264295802
0 0.42945643925130683 0.43615674241328556 0.006568684281470922 0.009175305028086455
0 0.2794714814910536 0.4161378950792789 0.009383834687815628 0.010843542305920337
0 0.31544284779434684 0.40028964093985686 0.005630300812689448 0.00834118638916948
0 0.416006276198771 0.20051822691924848 0.00907104019822178 0.009175305028086384
0 0.5054655002226134 0.20281205317627005 0.008445451219034084 0.010426482986461814
0 0.5076550616497705 0.2295038496216123 0.006568684281470922 0.009592364347544909
0 0.5092190340977397 0.24639475205968048 0.007819862239846315 0.00917530502808642
0 0.5755314658916368 0.17757996434903248 0.007194273260658548 0.00834118638916948
0 0.6088440790333824 0.3154180694300577 0.008758245708627897 0.010426482986461778
0 0.6845403455150952 0.295399222096051 0.006255889791876967 0.009592364347544872
0 0.721606492531967 0.3861096240782689 0.008445451219034226 0.013345898222671125
0 0.7086255212138219 0.44929411097622746 0.011260601625378683 0.009592364347544872
0 0.712691849578542 0.4684788396713172 0.011886190604566593 0.012094720264295589
0 0.7816630345339871 0.44804293301785203 0.008445451219034084 0.010426482986461849
0 0.6448154453366758 0.4618058905599816 0.011260601625378825 0.009592364347544872
0 0.6405927197271586 0.46430824647673247 0.010322218156597174 0.010426482986461778
0 0.6213558586171365 0.403000526516337 0.008132656729440342 0.008758245708627897
0 0.6088440790333824 0.4067540603914632 0.009383834687815593 0.008758245708627967
0 0.6132232018876964 0.4046687637941709 0.005630300812689342 0.008758245708627897
0 0.7550755029185093 0.3767257893904532 0.007819862239846315 0.012094720264295731
0 0.727705985079047 0.3590007683134681 0.008758245708627897 0.00834118638916948
0 0.7303647382405949 0.350033992945111 0.00719427326065869 0.010426482986461778
0 0.6490381709461928 0.2981101076725311 0.007819862239846315 0.008341186389169444
0 0.6684314293010116 0.4995497589709734 0.009071040198221851 0.010843542305920337
0 0.7395921756836137 0.5145638944714785 0.0075070677502525026 0.009175305028086455
0 0.7599238175072142 0.5614830679105566 0.009383834687815664 0.012094720264295731
0 0.7880753215706611 0.6430181648646881 0.005630300812689342 0.007507067750252361
0 0.721606492531967 0.6617858342403194 0.005943095302283155 0.00834118638916948
0 0.7334926831365334 0.6734634951851565 0.005943095302283296 0.006672949111335527
0 0.728018779568641 0.6740890841643443 0.006255889791876967 0.007090008430794086
0 0.7306775327301887 0.6686673130113843 0.006568684281470922 0.007090008430794086
0 0.68735549592144 0.663245541858424 0.005004711833501716 0.007924127069711063
0 0.6660854706290578 0.6117387159053025 0.010009423667003432 0.012511779583754148
0 0.5143801431760383 0.6832643891924306 0.0075070677502525026 0.007924127069711205
0 0.556138207536818 0.6175775463777212 0.010322218156597174 0.011677660944837171
0 0.5611429193703196 0.5091421233185183 0.008445451219034226 0.007507067750252432
0 0.5586405634535687 0.5047630004642044 0.005317506323095529 0.007090008430794086
0 0.5620813028391012 0.5033032928460998 0.007819862239846315 0.00834118638916948
0 0.5592661524327565 0.517691839367417 0.007819862239846315 0.008758245708627967
0 0.5957067104704405 0.5245733181384817 0.010635012646191058 0.01000942366700329
0 0.6595167863475868 0.5337486231665683 0.006255889791876967 0.01000942366700329
0 0.6662418678738546 0.5306206782706298 0.006568684281470922 0.009592364347544943
0 0.678597250212812 0.5377106867014237 0.006881478771064878 0.008758245708627826
0 0.6673366485874331 0.545009224791947 0.008758245708627897 0.007507067750252432
0 0.7061231652970712 0.5575210043757012 0.010009423667003432 0.010843542305920337
0 0.7064359597866651 0.5671133687232461 0.008758245708627897 0.010843542305920337
0 0.7148814110056992 0.5983928176826315 0.0075070677502525026 0.01251177958375429
0 0.5234511833742601 0.5089335936587891 0.006881478771064948 0.009592364347544872
0 0.7613313927103866 0.6909799866024124 0.006568684281470922 0.009175305028086455
0 0.7527295442465555 0.7358138634441983 0.006255889791877252 0.00792412706971092
0 0.7550755029185094 0.7310176812704259 0.005943095302283155 0.0075070677502525026
0 0.7516347635329771 0.7224679652215272 0.006568684281471064 0.009592364347544872
0 0.6965829333644586 0.7539559438406418 0.005943095302283155 0.007507067750252645
0 0.6981469058124279 0.7460318167709309 0.00719427326065869 0.009175305028086455
0 0.5939863407776743 0.6955676391164556 0.006568684281470922 0.007507067750252645
0 0.5566073992712087 0.7032832365264373 0.010009423667003432 0.00959236434754473
0 0.4749680374872126 0.7122500118947945 0.0081326567294402 0.016682372778338818
0 0.45432360117401827 0.6943164611580802 0.006255889791877181 0.010009423667003432
0 0.5190720605199463 0.7466574057501185 0.011260601625378897 0.009592364347544872
0 0.4901385702325146 0.7491597616668693 0.007819862239846315 0.015431194819963565
0 0.47903436585193276 0.7437379905139092 0.0075070677502525026 0.008758245708627897
0 0.541124072036313 0.7962874647656767 0.0053175063230956 0.010426482986461707
0 0.596801491184019 0.845917523781235 0.007194273260658548 0.012094720264295802
0 0.6188535027003857 0.7347712151455521 0.0081326567294402 0.011677660944837385
0 0.5617685083495073 0.8703154939695557 0.008445451219034155 0.01000942366700329
0 0.5575457827399903 0.8949219938176056 0.00625588979187711 0.00834118638916948
0 0.5476927563177839 0.892836697220313 0.005943095302283155 0.0075070677502525026
0 0.5597353441671473 0.9093105403389228 0.007507067750252574 0.009592364347544872
0 0.4788779686071358 0.880324917636559 0.007819862239846386 0.010843542305920266
0 0.4551055873980029 0.8177660197177881 0.007194273260658619 0.013345898222671196
0 0.46355103861703695 0.8367422187531486 0.008445451219034013 0.011260601625378968
0 0.4078736194693309 0.8625998965595738 0.00907104019822178 0.009592364347544872
0 0.4411862326110764 0.7939936385086551 0.0068814787710648065 0.009175305028086597
0 0.4286744530273222 0.761254481931165 0.01000942366700336 0.012928838903212636
0 0.4297692337409007 0.7568753590768512 0.006568684281470922 0.01000942366700329
0 0.4740296540184311 0.7295579736523211 0.006881478771064735 0.008758245708627897
0 0.3978641958023275 0.6924396942205171 0.007819862239846315 0.010426482986461849
0 0.36986908898367754 0.6991126433318526 0.008758245708627897 0.012094720264295802
0 0.3681487192909113 0.7116244229156067 0.008445451219034084 0.01209472026429566
0 0.38300645754661944 0.7741833208343776 0.008132656729440128 0.00959236434754473
0 0.35657532317593876 0.8154721934607665 0.007819862239846386 0.010426482986461849
0 0.3528217893008124 0.8350739814753146 0.006568684281470993 0.009592364347544872
0 0.38347564928101024 0.8463345831006934 0.00907104019822178 0.010426482986461849
0 0.5056218974674104 0.6597005376430269 0.0062558897918770385 0.009175305028086313
0 0.29667517841871555 0.7748089098135654 0.009383834687815664 0.01000942366700329
0 0.2886989189340723 0.674714673143532 0.0065686842814708865 0.01000942366700329
0 0.32951859982607024 0.6534446478511498 0.0075070677502525026 0.010843542305920408
