0 0.7470976935492623 0.7172301963523582 0.010869683159722223 0.014426506890190972
0 0.7420026567247179 0.546691640218099 0.010781436496310763 0.014792830855758101
0 0.3872638702392578 0.510837894015842 0.010661231146918405 0.013831075032552083
0 0.5435870126244235 0.8977963295110579 0.0075542760053518045 0.008765967217994712
0 0.33686255349053273 0.6440926445855034 0.009372562832302518 0.012836597583912037
0 0.6697173436482748 0.368379169040256 0.009701326158311633 0.013120665373625577
0 0.6371537314520942 0.31990582501446757 0.010546917385525174 0.014972375940393518
0 0.4119042290581597 0.6647209450050637 0.009282430013020834 0.012068458839699075
0 0.45713909996880425 0.4926444724754051 0.008746125962999132 0.011532705801504627
0 0.4190106285942925 0.8188200208875869 0.008771684434678819 0.011269237377025463
0 0.5296589440700358 0.8705082529632463 0.009049140082465278 0.012644619411892362
0 0.6092818790011936 0.35196910434299045 0.01019202338324653 0.014205847846137152
0 0.518660651312934 0.2120958893387406 0.011108822292751737 0.014819293551974826
0 0.7352735731336806 0.5833481117531105 0.009285820855034722 0.012992180718315972
0 0.547784317864312 0.42647295351381653 0.009386062622070312 0.013139512803819444
0 0.5169318093193902 0.5098825807924624 0.0084938473171658 0.012075749150028936
0 0.5072102652655708 0.7113760206434461 0.009413104587131077 0.012984946922019675
0 0.3946853213840062 0.29338123180248116 0.009798685709635416 0.012048368100766782
0 0.5068663914998373 0.4444186175311053 0.008952543470594617 0.01158820258246528
0 0.4717637379964193 0.4373667116518374 0.00936126708984375 0.011813693576388888
0 0.5261030148396992 0.8274467573025167 0.007277043660481771 0.009649940773292825
0 0.6446194542778864 0.6807779100206163 0.008616383870442708 0.011659805862991899
0 0.4709109624226888 0.8291795236093027 0.009579340616861979 0.012629360622829862
0 0.5935260984632703 0.581784255416305 0.01054030524359809 0.013194500958478008
0 0.6498761706882052 0.7651988559299044 0.00960680643717448 0.011977979871961806
0 0.7318108028835719 0.3673541033709491 0.00901090833875868 0.01193248607494213
0 0.3461352242363824 0.8314354508011429 0.009799533420138888 0.013478201406973377
0 0.4588336520724826 0.3594098267731843 0.007233174641927084 0.010194086145471643
0 0.3823310004340278 0.5302514252839265 0.008375803629557291 0.010975986056857638
0 0.7389288584391277 0.6403993959780092 0.009058888753255208 0.010948237666377314
0 0.4759678120848758 0.6229553921191197 0.007023705376519098 0.009671359592013888
0 0.42514572143554685 0.5349095945005063 0.009421878390842013 0.012125481499565972
0 0.6517469482622922 0.8498832593416821 0.007975684271918403 0.011159035011574074
0 0.6682363933987088 0.7210299173990884 0.010496224297417535 0.013134256998697918
0 0.7133150165032768 0.5727723384015768 0.008983018663194444 0.0137277673791956
0 0.3043756696912977 0.3589062443485966 0.009397591484917535 0.012769232855902778
0 0.5930741416083442 0.8560244242350259 0.010318883260091146 0.013421348289207175
0 0.31822514004177516 0.702604788321036 0.007928636338975694 0.009446885850694444
0 0.2824263148837619 0.6213166413483797 0.008678966098361544 0.011342818648726851
0 0.5775782267252605 0.6012346055772569 0.007976023356119792 0.010846964518229167
0 0.5434420321907375 0.9062519773593972 0.007560727001148031 0.008465384240519349
0 0.6219708124796549 0.6450763843677662 0.008949830796983508 0.011406227394386575
0 0.6166514290703667 0.6821220963089555 0.007139714558919271 0.01007876925998264
0 0.36796370612250434 0.7620903297706887 0.00767881605360243 0.011577012803819444
0 0.3162724388970269 0.6629208034939237 0.008417765299479166 0.01033641673900463
0 0.29959465662638346 0.763554099754051 0.00718470679389106 0.009147926613136573
0 0.38183466265312915 0.7658543261829213 0.004924362569469286 0.00834424902756461
0 0.28034361817031184 0.4951601083568139 0.006514000439367926 0.008323445005859043
0 0.2667669013647725 0.4495850341395435 0.006077658559309107 0.007765897048006138
0 0.2604993159754849 0.44511120214449645 0.0056978048993522636 0.008272368594615215
0 0.26847624283457816 0.4252743999023069 0.004684861806134144 0.006077658559309143
0 0.2679064623446429 0.43405324004353124 0.005317951239395491 0.007428249350266754
0 0.3231751698683604 0.45557828077441775 0.00468486180613418 0.006584130105918291
0 0.3234284056416649 0.46114946778711785 0.004938097579438647 0.006921777803657605
0 0.3847114627813654 0.4116840800682961 0.005191333352743257 0.007259425501397132
0 0.4627713899024921 0.25054171632216915 0.007850308972440984 0.011480021723139515
0 0.46922890212175816 0.25256760250860555 0.00658413010591822 0.009116487838963678
0 0.4556807882499648 0.2605867353299162 0.007597073199136375 0.006921777803657641
0 0.7589939357254865 0.4575197550364193 0.005444569126047725 0.008103544745745594
0 0.7641852690782297 0.4619091751070314 0.005951040672656802 0.008441192443484909
0 0.6565600654237972 0.853242856786992 0.006457512219265879 0.008778840141224294
0 0.37629137331898926 0.7646947480548353 0.005064715466090917 0.008272368594615215
0 0.3784438773920779 0.7683244608055338 0.004051772372872762 0.0064153062570485985
0 0.29677534050136134 0.6934510838318226 0.007343837425831872 0.0086100162923546
0 0.3012702754775171 0.6847566556150332 0.0056978048993522636 0.008778840141224294
0 0.31595795032918084 0.7112619998875758 0.004938097579438683 0.008441192443484909
0 0.4010963431547455 0.23920552170068318 0.007056833809315179 0.011218556312244736
0 0.4530726383272018 0.35862886308909464 0.005156917014499456 0.007599667179262539
0 0.4458800961753998 0.4427680354309301 0.005971167069420531 0.008685333919157259
0 0.446558637887834 0.3850467537598645 0.006242583754394246 0.008323445005858972
0 0.4766402239505083 0.7644560094591999 0.005607782747389791 0.007776125409713757
0 0.4830330962825326 0.7610165693741342 0.0062807166770765125 0.006878880170131368
0 0.4803413605637855 0.7533899848376842 0.005832094057285389 0.00598163493054912
0 0.4852762093814884 0.7677459086710019 0.005832094057285246 0.007776125409713757
