0 0.3544685151841906 0.6012682314272281 0.008578194512261285 0.01223438404224537
0 0.3135240130954318 0.38598121360496235 0.008704927232530382 0.010957505967881944
0 0.4475165685017904 0.48375730161313657 0.007663599650065103 0.011503996672453705
0 0.4199991438123915 0.5410392478660301 0.008296797010633681 0.011901629412615739
0 0.539305051167806 0.6627323857060184 0.007561280992296007 0.01099310980902778
0 0.6631689919365776 0.5782229388201678 0.009511015150282118 0.012839762369791667
0 0.3680131488376194 0.3544605678982205 0.00869890848795573 0.011437762225115743
0 0.4970555411444769 0.7628067581741899 0.007566960652669271 0.010011008933738425
0 0.3937208599514431 0.5539750275788484 0.00806439717610677 0.010273912217881945
0 0.48464079962836365 0.7031801859537761 0.007750278049045139 0.010434016474971063
0 0.3364558537801107 0.47897091618290655 0.008078257242838541 0.010748036702473958
0 0.5022969139946831 0.3938878094708478 0.008510674370659723 0.011177345558449075
0 0.3004379802280002 0.3775301897967303 0.007647895812988281 0.011855909559461806
0 0.43034114837646487 0.6275041085702402 0.006931855943467882 0.008605561433015047
0 0.2932485474480523 0.6892944053367333 0.009175554911295573 0.011406509964554399
0 0.5865749147203234 0.8266795405635128 0.006788677639431423 0.009722674334490741
0 0.4464050716824001 0.2620053044071904 0.0094573974609375 0.012488188566984955
0 0.7543947855631511 0.35302088702166523 0.008351982964409723 0.012491099039713542
0 0.4849229176839193 0.8010453400788484 0.007081943088107639 0.009305600766782407
0 0.3641737196180555 0.5290124398690683 0.008129035101996527 0.010915572554976851
0 0.5030665927463107 0.8556286564579717 0.009611341688368056 0.013706179018373843
0 0.42880825466579864 0.7635264078776041 0.00898225572374132 0.012174931278935186
0 0.34733558230929906 0.5795559635868779 0.0077923668755425345 0.009462540237991899
0 0.6553040610419381 0.7511097378200955 0.007592391967773437 0.01088092945240162
0 0.5316780726114909 0.6903134381329572 0.007088936699761284 0.009477629484953703
0 0.6651348325941298 0.317000820018627 0.009335708618164063 0.013594366002965857
0 0.4127690633138021 0.16209521823459203 0.008542717827690973 0.011877780490451389
0 0.7634820302327473 0.4397531014901621 0.008932071261935765 0.012480954770688658
0 0.5377200444539388 0.5267445882161459 0.009383010864257812 0.012734646267361111
0 0.3823638280232747 0.7743936891908999 0.006496980455186632 0.009443890606915509
0 0.4043149100409614 0.814920637342665 0.008092625935872396 0.011552994339554399
0 0.5443754408094618 0.5960682904278791 0.008281283908420138 0.011233463993778937
0 0.41180104149712454 0.6798291524251302 0.007765409681532118 0.011310323079427082
0 0.28892253239949545 0.7187066254792388 0.008416642083062066 0.010162070945457175
0 0.3813550525241428 0.485594403302228 0.00795216030544705 0.01077586986400463
0 0.4567926618787977 0.46857049730088973 0.007189856635199653 0.009689133255570023
0 0.3535281075371636 0.7693285059045862 0.009488211737738715 0.012225850423177082
0 0.7530979580349392 0.3856907314724392 0.007884555392795138 0.009807445384837963
0 0.23725858264499236 0.4825328403049045 0.008909289042154949 0.01137542724609375
0 0.6975475311279297 0.7388255366572628 0.008581966824001737 0.01194198043258102
0 0.5807684156629774 0.3099384449146412 0.008380211724175347 0.010842952021846064
0 0.6353674782647026 0.6298814844202112 0.008323372734917536 0.011210971408420138
0 0.6811884774102104 0.4594921394630715 0.008023283216688368 0.009894674795645255
0 0.47664998372395834 0.8542385807743779 0.008416069878472222 0.011592893247251157
0 0.541365835401747 0.8519226356788918 0.007672500610351562 0.010486348470052082
0 0.3910243140326606 0.5300558302137588 0.01006189982096354 0.013701996979890047
0 0.531645499335395 0.44310222201877175 0.007169935438368056 0.009269233986183449
0 0.7739503224690755 0.4058830261230469 0.007924991183810765 0.010091145833333336
0 0.636876826816135 0.7625458611382377 0.008416366577148438 0.011422446922019675
0 0.5147394816080729 0.49177907307942703 0.006302727593315972 0.008459811740451389
0 0.5774662441677517 0.654996829562717 0.008586883544921875 0.011849466959635417
0 0.5038853115505643 0.3493132838496455 0.008243984646267362 0.011276725486472801
0 0.6679719712999131 0.4793375227186415 0.009123653835720487 0.011884533917462385
0 0.5329451031155057 0.4725909621627242 0.007630793253580729 0.009871673583984376
0 0.5246714697943794 0.5411873994050201 0.007513936360677083 0.011264659740306713
0 0.5453236685858833 0.5625865512424045 0.008187315199110243 0.010685843008535877
0 0.6477285300908554 0.49057915008958763 0.008744006686740451 0.011474976716218171
0 0.455280770195855 0.7185191966869213 0.008633083767361112 0.012033420138888888
0 0.5223623699612088 0.5106438248245805 0.007883326212565104 0.011574469672309028
0 0.5634131325615777 0.6525130095305266 0.008755874633789063 0.01087273491753472
0 0.5860208299424913 0.5385723537868923 0.007713233100043403 0.011863651982060186
0 0.6268683963351779 0.330355312206127 0.0075953165690104164 0.0115290606463397
0 0.5990214665730794 0.6063223662199797 0.007754558987087674 0.010546818485966437
0 0.40239592658148865 0.6374347545482495 0.007521396213107639 0.011342536078559028
0 0.7545717451307509 0.5755603648998119 0.009040917290581598 0.012533512821903936
0 0.5634410858154296 0.31012008101851857 0.008990817599826388 0.011608208550347223
0 0.34210521909925673 0.6956696686921297 0.010093964470757378 0.012949625651041664
0 0.4005872938368056 0.45998361375596786 0.006930457221137153 0.009397520842375578
0 0.5085150400797526 0.1491153787683558 0.0102386474609375 0.01444127118145978
0 0.3462950774442368 0.6386655595573976 0.005916722615559897 0.007789498788339119
0 0.7055679321289063 0.5039212262188947 0.008106401231553819 0.010654590747974537
0 0.7126408047146268 0.2626623365614149 0.00888824462890625 0.011032330548321761
0 0.6445870293511284 0.7494433085123698 0.00709898206922743 0.010331500018084493
0 0.3105708122253418 0.31875072055392795 0.007248624165852865 0.010156334771050348
0 0.4135862282537473 0.4989600240446213 0.008891847398546007 0.01335002757884838
0 0.551515621609158 0.8183984261971932 0.008375973171657987 0.011661670826099537
0 0.393044556511773 0.6024900648328992 0.0071086883544921875 0.009220716688368056
0 0.2516079584757487 0.3746629220468026 0.008463965521918403 0.011276810257523149
0 0.4716797722710503 0.23342761993408204 0.010350714789496528 0.014776908026801216
0 0.5454101986355251 0.4875039842393663 0.00802001953125 0.011013850459346063
0 0.5213635550604926 0.4063324963604963 0.008668899536132812 0.012151449697989005
0 0.32921394771999785 0.7649663854528357 0.009732140435112847 0.012337013527199075
0 0.7143161561754015 0.40267961290147575 0.009461593627929688 0.012330062301070602
0 0.45944762759738494 0.6873714023166232 0.006735610961914063 0.00942546703197338
0 0.5159478081597222 0.5407542193377459 0.007076602511935764 0.010899466055410877
0 0.3885876030658706 0.7929113849952573 0.006895277235243056 0.009747314453125
0 0.7064097086588542 0.46596562420880355 0.0072773403591579865 0.00953581068250868
0 0.6141895294189453 0.1793598457618996 0.008928934733072916 0.01318379154911748
0 0.5830565854661224 0.3548036073561397 0.009876081678602431 0.013935032597294561
0 0.40084194607204865 0.26096903483072914 0.008716837565104166 0.011199951171875
0 0.71821534898546 0.6619758323386863 0.00814785427517361 0.011292295102719906
0 0.4055600272284614 0.36684766698766635 0.008434846666124133 0.011478819670500578
0 0.31208026674058703 0.5301385385018808 0.007682440016004774 0.010268938982928239
0 0.4052251603868273 0.6155290674280237 0.007935418023003472 0.011095795808015046
0 0.4510123358832465 0.2474517963550709 0.00825593736436632 0.01174867418077257
0 0.7157222323947482 0.4976857220685041 0.007643466525607639 0.011721745243778937
0 0.7696402655707466 0.5010815373173466 0.009233262803819444 0.013118320041232638
0 0.6006897608439128 0.7098306161385994 0.008219273885091145 0.010519974320023148
0 0.4243800693088107 0.6937023021556713 0.008341132269965277 0.01039745189525463
0 0.5892595503065321 0.27222574022081164 0.010068342420789932 0.012950388590494792
0 0.46468910641140404 0.5583879258897568 0.007897398206922743 0.00983604148582176
0 0.45099601745605467 0.44708777533637145 0.007578955756293403 0.01108466254340278
0 0.29567778905232744 0.6417522571705007 0.009795061747233073 0.012146391691984953
0 0.5416547139485677 0.7578268545645254 0.008108350965711806 0.01155994556568287
0 0.5121394999686254 0.7549986365627465 0.007472991943359375 0.011296025028935185
0 0.7072307162814669 0.5180598788791232 0.0075443691677517365 0.009583819354021991
0 0.7051945425507453 0.7210034278942511 0.007812245686848959 0.010505393699363425
0 0.2990937338935004 0.33265393575032554 0.009351518419053819 0.013804033067491318
0 0.273869080013699 0.6225173950195313 0.009744283888075087 0.012863611291956019
0 0.6155605104234483 0.596260748969184 0.007462946573893229 0.011125917787905093
0 0.37258302683169553 0.6037091216244107 0.01010369846948558 0.009109964035611765
0 0.3107488950093587 0.25177332560221355 0.008690155877007378 0.01194904468677662
0 0.4397109137641059 0.7087040371365018 0.007209269205729166 0.011143606680410877
0 0.48341785007052956 0.46555759288646553 0.007233513726128472 0.010037090160228588
0 0.6242707994249133 0.3725392659505208 0.007505628797743056 0.010289340549045138
0 0.26029102537367077 0.5393396730776187 0.009074380662706162 0.011657884385850694
0 0.619139097219466 0.4238487768973133 0.006195916069878472 0.008983470775462963
0 0.405340321858724 0.5216587773075809 0.008350965711805556 0.011939606843171297
0 0.42871759202745224 0.43958822179723667 0.007756296793619792 0.011416682490596065
0 0.5928298645876509 0.26817280025273027 0.008752187093098959 0.013136362146448206
0 0.6090577321155739 0.555332907290556 0.006627188788519965 0.01077411792896412
0 0.6637577904595269 0.4430149926079644 0.006672498914930556 0.009001922607421876
0 0.2999148792690701 0.5845568621600116 0.00738519032796224 0.010920206705729164
0 0.48170941942285644 0.3957980562595103 0.007601165771484375 0.010679259123625577
0 0.4894578509860568 0.5345017044632524 0.007570605807834202 0.01009544089988426
0 0.5488595326741535 0.6195971453631366 0.007460954454210069 0.009875036168981482
0 0.3013714260525174 0.32415763007269965 0.008195241292317709 0.010950328685619213
0 0.46089028252495656 0.18802964245831524 0.007681952582465278 0.011179563734266493
0 0.6027280171712239 0.21581908331976998 0.008095211452907987 0.010310420283564815
0 0.44214022329380237 0.8413186709977972 0.006550301445855035 0.008289082845052084
0 0.6513901816474068 0.4483831758852358 0.006766298082139756 0.010580755163122107
0 0.5256882985432942 0.7524438928674768 0.00870700412326389 0.010984067563657407
0 0.35224521533762243 0.7265733914502812 0.011407903252643925 0.012081448010566346
0 0.2655999501546224 0.5023998401783131 0.006881629096137153 0.010194962112991899
0 0.6956686989873531 0.6142717327033768 0.007714165581597222 0.010893645109953705
0 0.3453125211927626 0.5671338964391638 0.007879892985026041 0.009667799207899305
0 0.4117992401123046 0.7470058582447193 0.008788045247395833 0.013035696524160877
0 0.6501566357082791 0.4822049458821615 0.008019638061523438 0.010492791069878472
0 0.5844861348470052 0.7280508535879631 0.00887544420030382 0.01146782769097222
0 0.6864407433403862 0.5799404003002026 0.008848402235243056 0.011778654875578705
0 0.6562569724188911 0.700324786150897 0.008929231431749132 0.009906910083912037
0 0.2605300172008569 0.4494521459452989 0.010509254042180203 0.013574453137816108
0 0.2815485252852173 0.4818556792420213 0.010509254042180238 0.013574453137816108
0 0.32489919820921065 0.49148916211401983 0.008538768909271396 0.009195597286907713
0 0.41242157952924274 0.45010897432293523 0.006896697965180749 0.014012338722907032
0 0.502735481454229 0.4860155923003843 0.007553526342816994 0.012260796382543546
0 0.47629813925436937 0.48010413690165793 0.008538768909271468 0.01007136845708942
0 0.4725213760829608 0.4547067729663891 0.00821035472045331 0.011822910797452764
0 0.46644571358982534 0.4314988369565745 0.007225112153998836 0.010947139627271056
0 0.45938480853023556 0.4314988369565745 0.007553526342817065 0.011822910797452764
0 0.45314493894269103 0.41814332661130377 0.007553526342816923 0.00875771170181693
0 0.4398441642955568 0.4004089604151247 0.009195597286907642 0.009195597286907713
0 0.44197885652287455 0.40829090094675985 0.0095240114757258 0.008319826116726006
0 0.45626487373646335 0.4117939856274866 0.006568283776362591 0.010071368457089279
0 0.48746422167418585 0.42624420993548434 0.009195597286907642 0.011822910797452693
0 0.4986303040940022 0.43981866307330053 0.007225112153998907 0.01007136845708935
0 0.5349200719584057 0.3892428779953082 0.005583041209908117 0.012260796382543617
0 0.517842534139863 0.3728221685544017 0.0095240114757258 0.013574453137816179
0 0.5111100432690913 0.3691001410811295 0.00788194053163508 0.014012338722906961
0 0.5020786530765926 0.36472128523022107 0.008210354720453238 0.014012338722906961
0 0.3669362143779315 0.37698208161276464 0.008538768909271396 0.01401233872290689
0 0.35494909648606976 0.36406445685258476 0.011494496608634606 0.009195597286907713
0 0.3454250850103439 0.36428339964513023 0.011494496608634535 0.010509254042180203
0 0.34049887217807195 0.3726032257618562 0.0095240114757258 0.008757711701816788
0 0.3229287130763019 0.36734859874076603 0.010509254042180166 0.012260796382543617
0 0.34181252893334446 0.3853019077294907 0.007553526342817065 0.011385025212361838
0 0.38040119611947487 0.4573340864769342 0.007225112153998907 0.01007136845708942
0 0.40897323054665236 0.49039444815129274 0.009195597286907642 0.014888109893088667
0 0.5051985878703649 0.47769576618365833 0.008538768909271468 0.010509254042180203
0 0.2674267151660377 0.3222463834764094 0.009852425664543994 0.007881940531635222
0 0.33113906779675517 0.3528983744327684 0.007225112153998836 0.014888109893088667
0 0.49616719767786627 0.3235600402316819 0.007553526342817065 0.013136567552725324
0 0.493047262884094 0.31764858483295555 0.009195597286907642 0.010071368457089313
0 0.4674309561562798 0.26685385696241787 0.006568283776362662 0.012698681967634365
0 0.47235716898855173 0.26313182948914565 0.007881940531635151 0.012260796382543581
0 0.4820453875586866 0.2583150880531464 0.006896697965180891 0.012260796382543581
0 0.5038849311150924 0.25371728940969257 0.007225112153998907 0.014450224307997743
0 0.5365621429024965 0.24933843355878418 0.00952401147572587 0.010947139627271056
0 0.4736708257438243 0.27188954119096254 0.0052546270210901014 0.007881940531635188
0 0.47022247676123385 0.2771441682120527 0.008210354720453238 0.009633482871998566
0 0.34739557014325273 0.2828366808182336 0.0095240114757258 0.010509254042180203
0 0.3562627532413421 0.21802961422478898 0.00821035472045331 0.010509254042180203
0 0.4861505649189133 0.13023355441407514 0.006568283776362591 0.01182291079745271
0 0.7170257396580598 0.2482437195960571 0.010509254042180203 0.010509254042180203
0 0.7035607579165163 0.3139265573596834 0.009852425664543887 0.014012338722906924
0 0.7201456744518321 0.3222463834764094 0.011494496608634677 0.009633482871998531
0 0.770064631152188 0.3726032257618563 0.010180839853362045 0.011385025212361838
0 0.7846790625545946 0.4096045577020324 0.010509254042180345 0.0126986819676344
0 0.6961714386681084 0.42580632435039356 0.012151324986270851 0.013574453137816108
0 0.6564333218211145 0.420332754536758 0.006896697965180749 0.008757711701816788
0 0.6590606353316595 0.42493055318021183 0.00821035472045338 0.010947139627270985
0 0.6208003823343471 0.428652580653484 0.005911455398726418 0.007881940531635222
0 0.6061859509319404 0.45010897432293523 0.006239869587544575 0.006130398191271809
0 0.695021989007245 0.5009037021934729 0.008538768909271539 0.014012338722907103
0 0.742313632197056 0.5120697846132894 0.011166082419816661 0.01007136845708942
0 0.5766286739383085 0.4971816747202007 0.01215132498627078 0.010947139627271056
0 0.5562669942315844 0.5203896107300153 0.0095240114757258 0.010947139627270985
0 0.5582374793644932 0.535277720623104 0.006239869587544505 0.013574453137816108
0 0.5634921063855833 0.5354966634156494 0.006896697965180749 0.011385025212361838
0 0.5721950823892638 0.544692260702557 0.005911455398726418 0.009633482871998495
0 0.6244129384113468 0.5582667138403733 0.007881940531635151 0.007006169361453516
0 0.6204719681455292 0.5549825719521918 0.00525462702109003 0.007444054946544369
0 0.6101269211977579 0.5440354323249208 0.004269384454635698 0.007444054946544298
0 0.6984703379898355 0.5622076841061907 0.014121810119179656 0.012260796382543689
0 0.6799149363216108 0.6121266408065469 0.009195597286907713 0.01138502521236191
0 0.7124279410146059 0.609061441710911 0.00394097026581747 0.007006169361453445
0 0.7166973254692417 0.6294231214176351 0.004597798643453785 0.007444054946544298
0 0.7163689112804235 0.6399323754598153 0.006568283776362733 0.006568283776362662
0 0.7255645085673312 0.6272336934921807 0.0045977986434539275 0.007444054946544369
0 0.6518355231776606 0.6451870024809054 0.0062398695875444336 0.008319826116725864
0 0.6523281444608878 0.6528500002199951 0.005254627021089959 0.007006169361453658
0 0.647730345817434 0.6692707096609015 0.007881940531635222 0.007444054946544298
0 0.6570901501987507 0.6662055105652658 0.008210354720453238 0.013574453137816108
0 0.7142342190531056 0.7218169798718027 0.009524011475725729 0.0126986819676344
0 0.6909168116470183 0.7430544307487085 0.006896697965180607 0.010509254042180203
0 0.6235919029393013 0.7165623528507126 0.008867183098089555 0.010947139627271127
0 0.6469093103453887 0.7145918677178037 0.00952401147572587 0.013136567552725324
0 0.5260528888603163 0.6673002245279929 0.007553526342817136 0.00875771170181693
0 0.5295012378429067 0.6648918538099932 0.006568283776362662 0.009195597286907713
0 0.5475640182279038 0.6342398628536344 0.0052546270210901014 0.008319826116726006
0 0.5923925550015788 0.8155244950812428 0.0095240114757258 0.010947139627271127
0 0.5267097172379526 0.7712980509870679 0.00821035472045331 0.0126986819676344
0 0.5150510135349089 0.7607887969448877 0.005254627021090173 0.006568283776362733
0 0.48910629261827643 0.7237874650047115 0.006568283776362733 0.008757711701816788
0 0.4459198267886923 0.8301936621817861 0.006239869587544505 0.008757711701816788
0 0.33425900259052743 0.7310125771587104 0.00952401147572587 0.012698681967634684
0 0.3421409431221626 0.6342398628536344 0.006239869587544505 0.008319826116725935
0 0.3427977714997988 0.6432165173479967 0.0049262128322720145 0.0052546270210901014
0 0.4298275315366037 0.6480332587839959 0.012151324986270922 0.01138502521236191
0 0.4359031940297392 0.6381808331194521 0.007881940531635151 0.014450224307997885
0 0.4615195007575534 0.6357724624014522 0.006568283776362591 0.009633482871998566
0 0.34082728636689 0.5703085674303714 0.008867183098089555 0.010071368457089207
0 0.38696947989583746 0.5832261921905512 0.0059114553987263466 0.010509254042180203
0 0.38992520759520066 0.5838830205681875 0.006568283776362591 0.010947139627271127
