0 0.3543724695841471 0.24538996661150897 0.010168499416775174 0.013507334391276042
0 0.6356034172905816 0.8965521353262441 0.010987769232855903 0.014475504557291664
0 0.622921371459961 0.38547286987304685 0.009509616427951388 0.013094866717303241
0 0.43714372846815325 0.5770206875271269 0.00917956034342448 0.013285149468315972
0 0.5971526039971247 0.3202505747477214 0.008425945705837674 0.011131371392144098
0 0.6056909561157227 0.7437539559823496 0.00955000983344184 0.013292213722511574
0 0.43297496371799044 0.6568614253291378 0.01105414496527778 0.015246242947048612
0 0.37473973168267144 0.25909357424135565 0.011202197604709202 0.015625649911385996
0 0.37286970350477433 0.5699398182056569 0.008462270100911459 0.01154293484157986
0 0.5979547500610353 0.7063591568558304 0.01071306864420573 0.014979779278790508
0 0.7795244428846572 0.5353578920717593 0.011050160725911458 0.01400078667534722
0 0.7929880777994792 0.5896845499674479 0.010626390245225693 0.014424867983217593
0 0.40023555755615237 0.4584513346354167 0.009082073635525174 0.011790127224392362
0 0.40271339416503904 0.5721633628562645 0.008040534125434028 0.010735010217737269
0 0.262869750128852 0.6538842095269097 0.00854598151312934 0.011168077256944443
0 0.3367373996310764 0.39156098542390055 0.008175743950737847 0.011121396665219907
0 0.32768805821736646 0.3020874871148003 0.010065990024142794 0.014291551378038194
0 0.33684513303968644 0.2896962483723959 0.009291055467393663 0.013332847312644676
0 0.6044192632039388 0.2659535725911459 0.009503131442599826 0.013432368525752313
0 0.4134915245903863 0.7690557409215856 0.00988803439670139 0.012452641239872685
0 0.7624997456868491 0.43571569654676645 0.009290059407552084 0.012785085042317708
0 0.509097671508789 0.44756701434100116 0.010602739122178819 0.014644481517650463
0 0.7079174041748046 0.2558242515281395 0.0077440897623697914 0.01051505759910301
0 0.32377616034613715 0.4563478823061342 0.010640547010633682 0.013638927318431714
0 0.2391097810533312 0.48131730821397567 0.010634316338433158 0.01259697808159722
0 0.3355283949110243 0.6488438076443142 0.008612865871853299 0.013442597565827547
0 0.7685278150770398 0.5893922876428674 0.009424506293402777 0.012383637604890045
0 0.6073053571912977 0.6065189502857349 0.007622612847222222 0.01056868941695602
0 0.43304468790690104 0.6577318827311198 0.009128570556640625 0.012074618869357638
0 0.47700532277425134 0.6940211260760272 0.00860489739312066 0.011130834508825231
0 0.558107058207194 0.3100133260091146 0.007248051961263022 0.010767449273003472
0 0.30100001229180234 0.3701453314887153 0.008256551954481337 0.011201759620949074
0 0.48762495252821175 0.3822366502549913 0.008042653401692709 0.010991866500289351
0 0.5264779464640209 0.7869273962624339 0.008972252739800348 0.011602161548755787
0 0.4799961937798394 0.3538971936261212 0.008338504367404513 0.011155672426576968
0 0.4918958028157552 0.6139526084617333 0.008733283148871528 0.011144397876880787
0 0.42787507375081385 0.603202791567202 0.009578916761610243 0.01215961597583912
0 0.3533437410990397 0.7787544815628616 0.00834827423095703 0.01087177417896412
0 0.33141590754191086 0.8097784254286023 0.00813511742485894 0.011610977737991898
0 0.4325905058119032 0.4267634497748481 0.00931137932671441 0.012593219898365163
0 0.5191714604695639 0.4058621018021195 0.00949083964029948 0.0120610272442853
0 0.3489948704739448 0.37105329190623443 0.008096949259440104 0.011178927951388888
0 0.45646067718799754 0.5142808759160746 0.006117502848307293 0.007830980088975694
0 0.5525518260008404 0.2870185889694128 0.007064819335937499 0.009141003644024884
0 0.5775478574964735 0.7567213552969474 0.008662626478407117 0.010621077926070602
0 0.2777271874468821 0.48375569849178823 0.00550338219921592 0.008910237846349532
0 0.2840953868488319 0.4814495192844978 0.00723301660468369 0.011426069708848274
0 0.28201196358770014 0.4948148760540221 0.005424762453512813 0.006708884966663149
0 0.2815009352406302 0.4911983677516802 0.005031663724997344 0.005975100673434355
0 0.29630088970282353 0.48619157407290703 0.004684861806134144 0.0074282493502666825
0 0.3137741580608372 0.41342849521006714 0.006963983765875099 0.009454135536703134
0 0.3468847354204068 0.3826181427913472 0.007343837425831907 0.0086100162923546
0 0.31943915383248395 0.3752888414417708 0.007004304617183834 0.008671996192703873
0 0.33624913654873695 0.23014858220952814 0.007952855532661758 0.008700559898980416
0 0.4454145240803223 0.38512370565036746 0.006918537621871508 0.010493115393171593
0 0.43780413269626395 0.37526478953920067 0.006572610740777804 0.008763480987703787
0 0.4340854187245079 0.37359280961391517 0.006226683859684243 0.009340025789526293
0 0.4327017112001337 0.38621914077383046 0.00778335482460534 0.007610391384058488
0 0.43097207679466576 0.38166443683943185 0.006053720419137463 0.007264464502964998
0 0.42016186176049175 0.38489308772963854 0.006226683859684172 0.009340025789526364
0 0.4222374230470532 0.3618889501369161 0.006399647300230953 0.008071627225516664
0 0.49798834913670253 0.15141660016205866 0.00898986995231141 0.008778840141224294
0 0.5273743587841411 0.19743120285523078 0.007861974570308305 0.009243776161453532
0 0.5463503064970218 0.1970976645401268 0.006789887128902663 0.00838610620832892
0 0.5426337367001487 0.20186249761304098 0.0060751621679655445 0.007623732916662682
0 0.5392030568876506 0.20858091224584996 0.006503997144527886 0.00790962290103753
0 0.5380237607021043 0.21153510875105677 0.005860744679684444 0.007147249609371258
0 0.5345216083935125 0.2171099634463664 0.006289579656246645 0.007623732916662682
0 0.5323416972626542 0.22030240160521886 0.0060751621679655445 0.007337842932287834
0 0.5313410823173422 0.22420956472500847 0.007361667097652429 0.008100216223954106
0 0.5378093432138233 0.2226371698109468 0.006432524648434068 0.007623732916662646
0 0.5632986022301721 0.28865033555652664 0.006320295109113515 0.014304327288096386
0 0.7164027042645321 0.31409514230970265 0.006646942136715239 0.009910852791661462
0 0.7088623559266455 0.3067572993774148 0.006718414632808844 0.006289579656246716
0 0.7063608185633654 0.3135710106716821 0.004717184742185054 0.006194282994788445
0 0.7103275420965665 0.3122368574112661 0.004073932277341754 0.0069566562864546815
0 0.7123287719871905 0.3153816472393895 0.00364509730077927 0.007528436255204447
0 0.7105419595848476 0.3260072249919881 0.005360437207028497 0.008957886177078649
0 0.7147945731024237 0.3254830933539675 0.00528896471093475 0.009434369484370037
0 0.7100873265064704 0.36491492105117074 0.009322729445471793 0.011161907363285834
0 0.5939271431161323 0.4173741073638274 0.006183442999547566 0.007229871814855642
0 0.5932136689238767 0.4220671820506635 0.005898053322645325 0.007483551527657539
0 0.5980652934312141 0.4272676161631035 0.005898053322645396 0.007990910953261477
0 0.6017753592309426 0.42175008240966105 0.005898053322645325 0.009386149373672197
0 0.607292892984385 0.4218769222660621 0.00608831310724689 0.008117750809662426
0 0.6234174097293591 0.4357024666137683 0.007515261491757812 0.009639829086474094
0 0.786703035295847 0.4419913606676758 0.0050647154660907745 0.006446001502297563
0 0.784631106241537 0.4519673153736125 0.005064715466090917 0.006139049049807142
0 0.7323211087553179 0.5747577010844138 0.011103409839831642 0.014475556531928575
0 0.6476299713552761 0.46506252169687184 0.005431909703122244 0.006575469640621563
0 0.6441635552947312 0.4730197929286386 0.004645712246091307 0.0068613596249964106
0 0.6435560390779347 0.47807051598592765 0.009005534507807767 0.008576699531245567
0 0.6419121716677791 0.48359772235050813 0.007147249609371329 0.007433139593746105
0 0.6425196878845757 0.4894108186994633 0.006361052152340392 0.008957886177078577
0 0.670536906353311 0.4961292333322724 0.006789887128902734 0.007528436255204412
0 0.6509534424236338 0.48455068896509085 0.005074547222653507 0.006480172979163257
0 0.6528538386509618 0.4885375785792324 0.005064715466091059 0.005832096597316863
0 0.66258039448925 0.4860052208461869 0.004719393957039131 0.006599477728542738
0 0.6305285274994747 0.5735717487811797 0.007134741922554752 0.00875195009166731
0 0.6254390782613856 0.5742059480631845 0.006849352245652512 0.007990910953261477
0 0.639660997160345 0.5957053037231499 0.007515261491757883 0.007864071096860669
0 0.6354277169529624 0.5909488091081132 0.00608831310724689 0.007990910953261477
0 0.6243926494460775 0.5981786809229689 0.007420131599457065 0.008498270378865271
0 0.6302431378225726 0.6045840936712181 0.006754222353352049 0.008878789948068188
0 0.6285307997611593 0.6114334459168707 0.006563962568750483 0.012430305927295535
0 0.6346666778145564 0.6089600687170518 0.005517533753442478 0.005961473250845941
0 0.6292140940487009 0.5910163627045695 0.0058807569785906825 0.006803228661506892
0 0.6298627069507512 0.5874994394134514 0.005794275258317327 0.006226683859684314
0 0.5738023988607245 0.6174880371504299 0.009083681144532037 0.011864399862245847
0 0.5836276049966469 0.6533284117342981 0.007600631161751181 0.009392649890944682
0 0.5565846252542204 0.4789291337690061 0.006100679993245919 0.008594668669730084
0 0.5555486607270654 0.48698663564687805 0.004258965278303748 0.007213382633523509
0 0.5581961256297947 0.48583556395003924 0.004489179617671439 0.005525144144826584
0 0.5655629844895634 0.4945837088460145 0.005179822635774869 0.005832096597316863
0 0.5931887052136959 0.47616656169659294 0.0058704656538781565 0.008594668669730084
0 0.5929009372894862 0.4841473254613423 0.005755358484194133 0.007980763764749313
0 0.5844981139025625 0.4900561601717817 0.005064715466090917 0.005678620371071617
0 0.5966419203042124 0.5242813586244569 0.005640251314510323 0.007213382633523438
0 0.5921527406865408 0.5106219744886359 0.004719393957039344 0.006599477728542738
0 0.6637346433756568 0.89257049854961 0.008075207156241361 0.01226235160762556
0 0.5523640780124971 0.8701393675600511 0.008748141085928012 0.015253169072900051
0 0.4984083891379372 0.8137670756937095 0.007610391384058488 0.010274028368479122
0 0.49455562849975765 0.8205530080111619 0.007705521276359237 0.009639829086474094
0 0.4906553029154276 0.8276560399696163 0.006754222353351978 0.01014718851207803
0 0.4996450777378467 0.8254997624107997 0.007039612030254148 0.00837143052246418
0 0.5054480011681914 0.8335540932922618 0.007610391384058488 0.009259309517271249
0 0.512440048252295 0.8314612356616456 0.006183442999547494 0.007356711671256448
0 0.5100894096848154 0.818489790508449 0.007583778321037826 0.009212886256668185
0 0.4436892172739498 0.9154498007463119 0.007583778321038039 0.010785818056587288
0 0.41798863518598794 0.8398367220787781 0.008426420356708703 0.0096622953423595
0 0.3900129196017147 0.8203997791226364 0.006404079471098782 0.012134045313660807
0 0.2895452178868297 0.7556166185100633 0.006697144417971508 0.009627145100834013
0 0.28509789542177044 0.7479428071978043 0.005755358484194311 0.008790002048587837
0 0.2932600401811732 0.7375482809657444 0.00596464424725589 0.007813335154300063
0 0.2889696820384102 0.7326649464943068 0.00722035882562551 0.008650478206546524
0 0.283214323554216 0.7259678020763354 0.006592501536440701 0.008650478206546524
0 0.2747382501502208 0.7201078007106102 0.007011073062563895 0.008371430522464465
0 0.27515682167634403 0.7394318528332988 0.00701107306256393 0.010464288153080332
0 0.28452235957335104 0.7094342267944681 0.006487858654909893 0.009627145100834013
0 0.2809121801605382 0.7005744628248601 0.00575535848419424 0.008092382838382121
0 0.2736918213349127 0.6945051756960733 0.006383215773379156 0.007394763628176691
0 0.27431967862409756 0.715015180476111 0.006383215773379049 0.007952858996341093
0 0.38825056410563946 0.5621383079058836 0.014830499827807557 0.01865047705618217
0 0.4743012128850693 0.562325520834868 0.005232144076540095 0.010603811995121646
0 0.4785915710278323 0.5606512347303751 0.005650715602663396 0.010324764311039515
0 0.4644124605804083 0.5774638576963245 0.00596464424725589 0.008790002048587552
0 0.476603356278747 0.5809519537473514 0.005232144076540237 0.005720477523683982
0 0.4773358564494626 0.5764174288810164 0.005650715602663396 0.0064180967338894135
0 0.47398728424047687 0.5781614769065299 0.005022858313478693 0.006278572891848242
0 0.48842800189172797 0.5777429053804066 0.006278572891848171 0.008231906680423293
0 0.48125996450686787 0.5741850474083594 0.004499643905824655 0.006697144417971401
0 0.46171585111108243 0.5152511261015744 0.006330894332613753 0.007934720896875832
0 0.47007263163013246 0.5230170231495805 0.0045582439194817685 0.008272368594615215
0 0.4746308755496143 0.5222573158296668 0.005571187012699994 0.007428249350266754
0 0.48108838776888035 0.4900963726199894 0.005064715466090988 0.007259425501397061
0 0.48341400687686126 0.49435331854549763 0.004666386108597749 0.006851908716422059
0 0.4840932909306444 0.49982696976149 0.0047254542871877445 0.009135878288562651
0 0.48143522289410134 0.49577095483165395 0.005079863358726726 0.00590681785898461
0 0.4783636776074294 0.4941170458311383 0.00389849978692979 0.007166939002234542
0 0.47623722317819506 0.4959284699745602 0.005906817858984539 0.006536878430609505
0 0.46132171066384814 0.4899971585108537 0.005582001944918957 0.006289579656246716
0 0.4867494509241662 0.4898274391175159 0.005709742433705855 0.008972452395823609
