0 0.42844791412353517 0.4191251966688368 0.00953534444173177 0.013726524070457175
0 0.6966076321072048 0.5042637012622975 0.009876081678602431 0.012694182219328705
0 0.395188479953342 0.3197640171757451 0.009682973225911459 0.012112455014829281
0 0.4098066965738932 0.4045923303674768 0.008050113254123263 0.010653856065538194
0 0.3864151848687066 0.18789535805031105 0.008752017550998263 0.012893959327980325
0 0.46857736375596787 0.538672920509621 0.008878835042317708 0.012119604040075232
0 0.49336833953857423 0.45323250382034863 0.007322820027669271 0.010430710404007525
0 0.4460454728868272 0.6420854921694155 0.00983462863498264 0.013874760380497685
0 0.42212931315104163 0.44600637930410875 0.008714463975694444 0.011757179542824075
0 0.39226438734266494 0.4946042096173322 0.008579254150390625 0.011608434606481482
0 0.45123341878255213 0.4472643816912616 0.008091905381944445 0.010931339970341436
0 0.5528706232706706 0.8392043502242477 0.009748458862304688 0.012494122540509259
0 0.7383046891954208 0.6667432996961806 0.008609602186414931 0.011182431821469907
0 0.49571730295817057 0.22139420685944736 0.00873976813422309 0.011920787669994213
0 0.34348323610093856 0.3390102951614945 0.008894666035970052 0.011498712610315393
0 0.502052370707194 0.6331939414695458 0.009188037448459202 0.012356397840711806
0 0.5753602345784504 0.40284796820746527 0.00922580295138889 0.012351424605758101
0 0.5309917026095919 0.8237297623245804 0.007900492350260416 0.011495123969184028
0 0.28110580444335936 0.3409287205448857 0.007550430297851562 0.011381276448567708
0 0.6121194415622287 0.24212922696714048 0.009226184421115452 0.01238122162995515
0 0.43880574968126085 0.1706146522804543 0.00973523457845052 0.01374932748300058
0 0.2982958263821072 0.5595268532081886 0.0092254638671875 0.012391832139756944
0 0.5612724939982097 0.5183587533456308 0.008538013034396701 0.010955245406539351
0 0.5385033077663846 0.5213101987485532 0.009054480658637152 0.011817875614872686
0 0.6177868101331923 0.4563148215964988 0.008324220445421008 0.010971804018373842
0 0.4459637112087673 0.30483197812680846 0.00895021226671007 0.01206207275390625
0 0.3860620498657227 0.30753066451461225 0.009183120727539063 0.011207976164641203
0 0.503482437133789 0.37300183331524883 0.007786644829644097 0.011533214427806714
0 0.7084902657402887 0.49511882640697336 0.008543184068467881 0.012215056242766203
0 0.5535085254245334 0.2266093006840459 0.009223386976453992 0.01271010504828559
0 0.736855231391059 0.5162116156684027 0.00836910671657986 0.01098011158130787
0 0.7068310207790799 0.5842719184027778 0.008183542887369792 0.011605608904803243
0 0.2630422804090712 0.5791563811125578 0.009852176242404514 0.012959233036747685
0 0.6972565544976129 0.606071443910952 0.008533901638454862 0.011157961244936343
0 0.6774504343668619 0.769091146963614 0.009757826063368056 0.013447683828848377
0 0.292814826965332 0.385224038583261 0.00821944342719184 0.01135875560619213
0 0.6437979380289712 0.6520926298918548 0.008062574598524306 0.010048929850260417
0 0.7603993733723958 0.3321211073133681 0.009223090277777778 0.011883770978009259
0 0.4977655834621853 0.8773381268536603 0.009951909383138021 0.012515993471498843
0 0.3719771279229058 0.4812514693648727 0.008484437730577258 0.01129998101128472
0 0.5125768237643772 0.3434581332736545 0.007090377807617188 0.01019202338324653
0 0.27538185119628905 0.3954755853723597 0.007592434353298611 0.010558319091796876
0 0.5294628779093424 0.5509973596643518 0.008610407511393229 0.011897899486400463
0 0.5520561430189345 0.5554373281973379 0.007778888278537326 0.01039801703559028
0 0.5037231021457249 0.4612516049985533 0.008252037896050347 0.011007633915653936
0 0.41143033769395615 0.147238356978805 0.008129670884874133 0.010885139747902199
0 0.6428534613715278 0.7319293551974826 0.008222537570529515 0.011427024558738426
0 0.2604763560824924 0.47315798158998845 0.009211370680067275 0.01238052933304398
0 0.34340211020575623 0.38907645896629056 0.00868769751654731 0.011368928132233795
0 0.32911991543240016 0.5638922232168693 0.008780076768663195 0.01166732222945602
0 0.5698341581556532 0.2676544754593461 0.007874425252278645 0.010628255208333333
0 0.4933617062038846 0.7781940601490162 0.008329857720269097 0.01116909450954861
0 0.2713847584194607 0.4078274762188947 0.007608307732476128 0.008984318485966435
0 0.7419831169976129 0.46007150720666956 0.009187486436631944 0.012000755027488425
0 0.6044795989990234 0.3452595322220414 0.008639865451388888 0.011077965630425348
0 0.47214967939588753 0.1657960397225839 0.008609135945638021 0.011434512668185763
0 0.7715113321940105 0.44455190587926796 0.00972713894314236 0.01253707320601852
0 0.45205961863199867 0.27654086925365307 0.008899137708875867 0.013131798638237848
0 0.5593809763590495 0.3209619168882017 0.008401150173611111 0.010752218740957754
0 0.6006776597764757 0.7098490114565249 0.008703019883897569 0.011211084436487268
0 0.46658789316813154 0.42771637528030965 0.007638422648111979 0.010731732403790509
0 0.46775247785780166 0.21763444829870152 0.008150100708007812 0.011758210923936632
0 0.6435095893012153 0.7564121387622975 0.008176761203342015 0.011305971498842594
0 0.7309883541531034 0.2483689484772859 0.009785885281032986 0.012638685438368056
0 0.6630902820163302 0.230050207067419 0.009294848971896702 0.012001517966941551
0 0.37238966623942055 0.82866290057147 0.00890151129828559 0.012007536711516205
0 0.336218007405599 0.43925765708640774 0.008332061767578124 0.011885268599898725
0 0.48459495968288846 0.6944258795844185 0.008718575371636285 0.011108567979600694
0 0.623487451341417 0.5927396138509115 0.007611465454101562 0.010753094708478008
0 0.6058425691392687 0.4843856246383102 0.007079527113172743 0.01120933250144676
0 0.4579195658365885 0.4782191947654441 0.007339647081163195 0.009835730658637153
0 0.768233659532335 0.6349081251356337 0.00817074245876736 0.010541167082609954
0 0.5227386474609376 0.7909281695330584 0.008207194010416667 0.010677591959635418
0 0.3671635945638021 0.6193984137641059 0.007093641493055556 0.010239382143373842
0 0.335781118604872 0.4991892779314959 0.009827380710177951 0.01262981273509838
0 0.37468556298149963 0.45382095619484225 0.007535425821940104 0.009980010986328124
0 0.43079187080740683 0.28117242749726 0.010492706298828125 0.013165226689091435
0 0.6883101493177667 0.5342596856513115 0.007459004720052082 0.01058394820601852
0 0.6742231369018554 0.4772020128038194 0.008794275919596355 0.011317952473958332
0 0.4141283882988824 0.7494318361635561 0.008079825507269964 0.011004695185908565
0 0.38401637607150607 0.23677397127504704 0.007866075303819444 0.009833540739836517
0 0.6721087985568576 0.5099612200701678 0.008116828070746528 0.01090099193431713
0 0.4721954345703125 0.5863190544976129 0.008373684353298612 0.010838430899160877
0 0.4914132760201296 0.40679088433063065 0.009591844346788194 0.013762297453703705
0 0.5993375142415364 0.4591031816270616 0.007247077094184028 0.009788880524811921
0 0.27470786836412214 0.4937708536783854 0.007801034715440538 0.011192039207175925
0 0.6502177146314964 0.4876227217064656 0.007977210150824653 0.010308809633608218
0 0.5105287339952256 0.8130165947808159 0.009058295355902777 0.01145347312644676
0 0.7095752080281575 0.36083224261248553 0.008108901977539062 0.010771744339554398
0 0.42400351630316835 0.17243170561613858 0.008144293891059027 0.010603247748480902
0 0.2907914267645942 0.4974092836733217 0.008125729031032987 0.011366328486689815
0 0.4056683010525174 0.7013571280020254 0.008541954888237847 0.010371116355613426
0 0.726805920071072 0.6893286245840567 0.0075757344563802086 0.009096046730324074
0 0.33698744244045686 0.21404675377739799 0.008136600918240018 0.01113231800220631
0 0.4359698689017605 0.28832191786074957 0.00891888936360677 0.011708662245008682
0 0.6012976328531902 0.2347819787484628 0.009691450330946181 0.01163585804126881
0 0.5989212883843316 0.18428625177454067 0.007627020941840278 0.01069806416829427
0 0.6937264124552409 0.21874469474509908 0.00880292256673177 0.01159819143789786
0 0.37408905029296874 0.5911558928313079 0.008534495035807292 0.010969712999131943
0 0.4825911204020182 0.5188525164568866 0.008354356553819444 0.010450575086805556
0 0.3061383777194553 0.4631928620515046 0.008241653442382812 0.011082401982060185
0 0.38990845150417747 0.5918205543800636 0.009058931138780382 0.012190529152199075
0 0.3628324084811741 0.5340600472909434 0.008837933010525174 0.01175830982349537
0 0.4779555214775933 0.527700607864945 0.007233556111653646 0.008691914876302083
0 0.45483478969997826 0.5137296040852865 0.007086859809027778 0.009987555609809028
0 0.5404141108194986 0.6703831142849392 0.007964197794596355 0.011471388075086806
0 0.32609873877631296 0.7844753971806279 0.008914099799262153 0.011756444860387731
0 0.6244338989257813 0.3411232135913991 0.007803599039713543 0.011548162389684606
0 0.6210157394409179 0.7964803907606336 0.01019910176595052 0.013058302137586806
0 0.3012714915805393 0.31888447514286744 0.006941329108344184 0.007839513708043982
0 0.5687295065985786 0.15019362414324727 0.007614008585611978 0.009624382301613136
0 0.4055345959133572 0.6900350217466001 0.00883623758951823 0.00965683548538773
0 0.5031451967027452 0.4897021823459201 0.007945548163519965 0.010566880967881944
0 0.46910678015814883 0.13600297150788485 0.007918675740559896 0.01112860220449942
0 0.5500750223795573 0.5316091749403212 0.007158915201822918 0.00942218921802662
0 0.7009863323635526 0.27738186871563947 0.010470369127061632 0.013107864945023149
0 0.637175793117947 0.5544134634512442 0.008466084798177084 0.010455096209490741
0 0.6287874009874133 0.2312827781394676 0.00965059068467882 0.01283461959273727
0 0.5138418833414713 0.1927488256383825 0.00876922607421875 0.011694364194516782
0 0.28690408535154266 0.6111626169707185 0.006863856546298948 0.01156017944639835
0 0.28636220193999273 0.6183877291247173 0.00794762336939879 0.01156017944639828
0 0.3159851617713882 0.6311520939301154 0.010115157015598477 0.009151808728398549
0 0.31454013934058844 0.6605342166897108 0.00794762336939879 0.012041853589998226
0 0.317430184202188 0.6680001659155097 0.008670134584798674 0.013486876020797922
0 0.35933583469538155 0.6092359203963188 0.007947623369398827 0.010596831159198388
0 0.37378605900337936 0.6036966677449196 0.010115157015598442 0.012041853589998154
0 0.36475466881088076 0.5461366075847285 0.007947623369398827 0.0125235277335981
0 0.4070215749117743 0.5497491636617279 0.01083766823099829 0.017821943313197294
0 0.42851628356992094 0.5752778932725239 0.01119892383869825 0.011078505302798405
0 0.4603067770475161 0.6128484764733182 0.008308878977098786 0.011078505302798334
0 0.4653643555553153 0.6044191789603195 0.009031390192498634 0.013486876020797922
0 0.5177464186718074 0.6114034540425184 0.008308878977098786 0.011078505302798476
0 0.512869467967858 0.6089950833245189 0.008670134584798603 0.011078505302798263
0 0.49968363828681006 0.5747962191289241 0.008308878977098644 0.013968550164397797
0 0.5452018448570031 0.6422305992329137 0.01047641262329833 0.013005201877198048
0 0.4252649831006215 0.49363412593233646 0.009753901407898481 0.014450224307997743
0 0.362406507360831 0.46714204803434056 0.009753901407898552 0.011560179446398209
0 0.37396668680722933 0.46955041875234016 0.008308878977098715 0.014450224307997743
0 0.3651159244185807 0.45341433494174266 0.009392645800198593 0.008188460441198728
0 0.4388120683893694 0.43607406577214536 0.010837668230998361 0.013005201877198048
0 0.5484531453263025 0.6684818400591097 0.009031390192498634 0.014450224307997814
0 0.5820499168423975 0.47533050847553926 0.01119892383869825 0.01734026916959728
0 0.23072883835420122 0.4428175037825443 0.00794762336939879 0.01396855016439794
0 0.25710049771629717 0.4047652464381501 0.007947623369398756 0.012041853589998154
0 0.5009480329137598 0.41512124052554855 0.006502600938598988 0.008670134584798674
0 0.49841924365986023 0.418492959530748 0.007225112153998765 0.009633482871998566
0 0.49607108220981055 0.42234635267954745 0.008308878977098715 0.008670134584798674
0 0.5025736831484096 0.42427304925394715 0.007586367761698795 0.007706786297598853
0 0.49950301048296014 0.4298123019053463 0.007947623369398756 0.008188460441198728
0 0.33892489286033467 0.36358210716035644 0.009031390192498562 0.01156017944639828
0 0.2834721570783932 0.3144513445131639 0.009392645800198522 0.011560179446398174
0 0.3349510811756353 0.3142105074413639 0.009753901407898481 0.011078505302798297
0 0.36078085712618135 0.3084304177181648 0.009392645800198593 0.011078505302798263
0 0.5367123380760545 0.29662940119996667 0.008670134584798603 0.011560179446398209
0 0.5742829212768487 0.27832578374316946 0.007947623369398827 0.010596831159198352
0 0.32519717976773677 0.22702748744977733 0.010476412623298402 0.013005201877198048
0 0.3504850723067329 0.1810276067359844 0.007586367761698866 0.01156017944639828
0 0.37252166437642953 0.19427364568498234 0.009753901407898552 0.011078505302798297
0 0.37179915316102957 0.21257726314177958 0.012643946269498087 0.009151808728398585
0 0.3714378975533297 0.2258233020907775 0.008308878977098715 0.010596831159198388
0 0.3710766419456297 0.24918449805537393 0.010476412623298402 0.01974863988759694
0 0.4310450728238206 0.203184617341581 0.009753901407898481 0.0125235277335981
0 0.43339323427387016 0.19090192667978287 0.009392645800198593 0.011078505302798263
0 0.48613655299806213 0.1318968440887919 0.007225112153998907 0.011560179446398262
0 0.5403248941530538 0.13767693381199103 0.010837668230998361 0.011560179446398226
0 0.5269584366681559 0.17187579800758582 0.010837668230998432 0.0125235277335981
0 0.5081731450677587 0.2116139148545797 0.008670134584798745 0.013968550164397903
0 0.4785501852363632 0.22245158308557803 0.008670134584798603 0.0125235277335981
0 0.3400086596834345 0.19571866811578212 0.009031390192498634 0.013005201877198011
0 0.7209526980030262 0.26580225600957136 0.009392645800198522 0.0125235277335981
0 0.7655677655539693 0.300964468492366 0.01047641262329833 0.014450224307997814
0 0.6871752986830814 0.35322611307295804 0.0075863677616989375 0.012041853589998154
0 0.6891622045254312 0.359969551083357 0.008670134584798603 0.010115157015598513
0 0.6785051640982829 0.36863968566815564 0.009031390192498491 0.011078505302798334
0 0.6931360162101305 0.39850348257135104 0.008670134584798745 0.013005201877197977
0 0.7153532360836772 0.3956134377097515 0.006863856546298877 0.013968550164397868
0 0.7220364648261262 0.3956134377097515 0.007947623369398827 0.012041853589998226
0 0.7032511732257289 0.42258718975134735 0.007947623369398684 0.012041853589998226
0 0.6546622939900862 0.48400064306033797 0.008308878977098715 0.012523527733598029
0 0.6286518902356903 0.49989588979913546 0.009753901407898481 0.0125235277335981
0 0.7187851643568266 0.5381889842153297 0.008670134584798745 0.014931898451597689
0 0.7592457924192203 0.5673302699031253 0.010115157015598442 0.013486876020797994
0 0.6161885717700423 0.5576967870311267 0.007947623369398827 0.01348687602079778
0 0.6123953878891928 0.6410264138739139 0.009031390192498562 0.0144502243079976
0 0.592345701661846 0.6749844409977086 0.013727713092597895 0.01589524673879751
0 0.683201486998382 0.6371730207251144 0.009031390192498634 0.01156017944639835
0 0.6954841776601802 0.6126076394015182 0.008308878977098715 0.014450224307997814
0 0.6976517113063797 0.6345238129353149 0.009753901407898552 0.010115157015598513
0 0.7074056127142783 0.6959372662443053 0.01119892383869825 0.01156017944639828
0 0.7301647159993749 0.6766703005003084 0.008308878977098715 0.011560179446398422
0 0.6483403208553373 0.8211725435802861 0.010837668230998361 0.01156017944639828
0 0.6266649843933405 0.8430887171140831 0.007947623369398827 0.011078505302798192
0 0.48577529739036224 0.8539263853450814 0.007947623369398756 0.009633482871998495
0 0.5170239074564075 0.8481462956218823 0.01119892383869825 0.012523527733598171
0 0.3895006779383269 0.7520523039736969 0.008308878977098644 0.01493189845159776
0 0.39672579009232595 0.6978639628187052 0.009753901407898481 0.011560179446398137
0 0.42960005039302085 0.7313403157989 0.011921435054098168 0.013005201877197977
0 0.34849816646438325 0.791067909605291 0.010115157015598442 0.013005201877198119
0 0.4312257006276705 0.8137065943544876 0.01156017944639835 0.013005201877197977
0 0.43212883964692045 0.8206908694366866 0.01119892383869825 0.010596831159198388
0 0.48613655299806213 0.6229636334889167 0.012282690661798127 0.013005201877198048
0 0.591803818250296 0.5589009723901265 0.009753901407898552 0.013005201877197977
0 0.5386992439184042 0.41415789223834865 0.008308878977098715 0.0125235277335981
