0 0.5063016679551866 0.8240807144730179 0.010362413194444444 0.014523937084056714
0 0.37230979071723097 0.5326172440140337 0.010380638970269095 0.014246622721354164
0 0.5029250038994683 0.6158622176558883 0.009672504001193577 0.012904018825954862
0 0.5514135360717773 0.3658164271601924 0.010936948988172743 0.01465253476743345
0 0.6739279852973091 0.5627260278772424 0.010443200005425347 0.013705952962239582
0 0.5899720933702256 0.8147874620225695 0.009467230902777778 0.013599537037037037
0 0.41538802252875434 0.5339215879087095 0.010126071506076388 0.013764558015046295
0 0.5339340421888563 0.5763016594780815 0.009053081936306424 0.013283227991174769
0 0.3414095984564887 0.5665592900028935 0.010076183742947048 0.014076741536458333
0 0.6124056074354383 0.25987113670066553 0.011080678304036458 0.015422623245804396
0 0.8308457852862684 0.6361040816131025 0.008835517035590278 0.011112354419849537
0 0.34449971516927086 0.44260903817636 0.01031634012858073 0.013678826226128472
0 0.5748054928249783 0.6407453183774595 0.010604434543185763 0.015175826461226852
0 0.3671447541978624 0.34680859601056135 0.008528688218858507 0.011606739185474536
0 0.6513249079386392 0.5821098610206886 0.010034476386176215 0.012560356987847222
0 0.5826831181844075 0.21079591821741175 0.01150372823079427 0.016650447139033565
0 0.5394670274522569 0.48574981689453123 0.009584638807508681 0.012328423394097222
0 0.5156745698716905 0.5306326689543547 0.009571202596028646 0.013105999981915507
0 0.6854995939466688 0.9142877649377894 0.010635672675238714 0.015359157986111111
0 0.38069371117485895 0.350010907208478 0.00987993876139323 0.01218578197337963
0 0.8612265268961589 0.6434390880443432 0.010889434814453125 0.0135244298864294
0 0.30280105595737916 0.6143178284758549 0.008635339869685055 0.009099605454076709
0 0.4627304436100797 0.3349072542611476 0.005197999715906434 0.006757399630678265
0 0.4663690434112142 0.33144192111721 0.007926949566757173 0.0060643330018908155
0 0.4675710808455175 0.3387191207194789 0.004613224747866838 0.008490066202647029
0 0.48784327973755237 0.31017343894629307 0.006692424634229468 0.009789566131623708
0 0.4688056057780453 0.34811883687240963 0.009551324477978013 0.008576699531245496
0 0.47530310542292825 0.35041462008026825 0.005652824691048224 0.011955399346584699
0 0.6299844314860547 0.2084613761391006 0.00581786118202821 0.00932954315676593
0 0.8338062690243818 0.5262658116880189 0.007848216114810498 0.012696669625737655
0 0.8470435935380286 0.5248008113465876 0.006069287128786698 0.012557145783696625
0 0.8516585326845251 0.7090671839249117 0.008299518466136817 0.011365106368043172
0 0.7524007780557272 0.747648729226953 0.009421075015614946 0.009570615888878394
0 0.666938168985508 0.7983430852633561 0.008523829776032414 0.01106602462151571
0 0.6515684198430916 0.9493695301472812 0.006791323011349135 0.0069064301810330166
0 0.5659861115674409 0.8049629500154518 0.006572607878232759 0.012134045313660522
0 0.6246339972501345 0.8123781999293556 0.005898494249696284 0.010336408970896115
0 0.3756885077001138 0.8051541851084099 0.005022858313478693 0.005999525207766112
0 0.38421690254487445 0.8116420437633198 0.005127501195009429 0.005860001365725082
0 0.37914172279063046 0.7859696568277621 0.005232144076540237 0.004743810629396563
0 0.4286335996340779 0.7087700595285716 0.008594948763842964 0.010561113513741702
0 0.3985512789606274 0.7097812299713766 0.008089363542440395 0.012134045313660807
0 0.46538591432897497 0.5712229719645496 0.004090585368931414 0.005834633394444922
0 0.468763025505651 0.5692569541903345 0.0051370141842394905 0.00596147325084587
0 0.458429818997571 0.47077852649080326 0.008299518466136817 0.009869697635405928
0 0.7124623774543253 0.52162242340047 0.005832094057285246 0.009869697635405785
0 0.4755724148812004 0.29195573606226016 0.004819912444037442 0.006426549925383256
