0 0.4573793411254883 0.2196314255396525 0.008101272583007812 0.009986225763956707
0 0.3824215650558472 0.3460300127665202 0.008487987518310546 0.011483192443847656
0 0.433723521232605 0.1846204916636149 0.009188222885131835 0.012204964955647789
0 0.36586188077926635 0.17142898241678875 0.008422064781188964 0.010597928365071613
0 0.6795473337173462 0.5462234814961752 0.007093667984008789 0.009397188822428385
0 0.4688796758651733 0.4851587454477946 0.009123754501342774 0.012174256642659505
0 0.3379984974861145 0.5966728210449219 0.0085587739944458 0.011402638753255208
0 0.6677297455234772 0.4091463052672763 0.008522844314575196 0.010108184814453126
0 0.27244784832000735 0.5843646049499511 0.009168672561645507 0.012631034851074219
0 0.4918638229370117 0.5118071873982748 0.009284114837646485 0.012879180908203124
0 0.7513676404953002 0.3984196821848552 0.009234380722045899 0.012741374969482421
0 0.3266248647786727 0.6918037651018942 0.009525299072265625 0.013188870747884114
0 0.34805073738098147 0.556191889444987 0.007280492782592773 0.009559377034505209
0 0.6274457693099975 0.4101876894632976 0.00790095329284668 0.010492769877115886
0 0.7244112730026245 0.4053656419118245 0.007952070236206055 0.011026096343994141
0 0.6525818109512329 0.2202113072077433 0.008284807205200195 0.011670605341593426
0 0.47599542140960693 0.3473607222239176 0.007412099838256836 0.00932925542195638
0 0.7080157041549683 0.2967395623524984 0.008762788772583009 0.012248198191324867
0 0.6370188474655152 0.23484825293223063 0.009548044204711914 0.01264936129252116
0 0.40737074396002704 0.19306802730129596 0.007970571517944336 0.009806680679321288
0 0.5865248918533326 0.6545964876810708 0.007898092269897461 0.010363578796386719
0 0.5053982973098755 0.22498655319213867 0.008770418167114259 0.01080780029296875
0 0.4554166078567505 0.38313941955566405 0.008633947372436524 0.010696601867675782
0 0.42917909622192385 0.5132407506306967 0.008688831329345703 0.013513819376627606
0 0.4864689826965332 0.8001445134480796 0.008728981018066406 0.011065038045247395
0 0.5360996007919312 0.2671821435292562 0.008858728408813476 0.011847654978434242
0 0.505265974998474 0.6800640106201172 0.007727289199829101 0.00932159423828125
0 0.6602667331695556 0.607512092590332 0.008235359191894531 0.01077868143717448
0 0.4896043062210083 0.8161219914754231 0.00963282585144043 0.012736765543619792
0 0.7259794712066651 0.38643997510274253 0.007140827178955078 0.009724648793538411
0 0.5561103845483256 0.10864747674911208 0.00936422348022461 0.015363756815592449
0 0.38643155097961424 0.26381189823150636 0.009005451202392578 0.011640373865763347
0 0.4947139501571655 0.7547576586405436 0.007502508163452148 0.011304155985514324
0 0.3645186901092529 0.2004494349161784 0.007903051376342774 0.010757923126220703
0 0.5853713750839235 0.2386076847712199 0.007887506484985351 0.01025551160176595
0 0.7456047534942627 0.5845693906148275 0.009285545349121094 0.012231508890787758
0 0.5666286230087281 0.21637975374857585 0.008042669296264649 0.010703563690185547
0 0.32191566228866575 0.46998387972513833 0.0077350854873657225 0.010503864288330078
0 0.37501814365386965 0.3697004954020182 0.00791168212890625 0.010293515523274739
0 0.5421757459640504 0.5180864651997884 0.007968759536743164 0.010340372721354164
0 0.32253180742263793 0.6353822708129883 0.008684229850769044 0.011345799763997395
0 0.6535614728927612 0.7731578509012857 0.009889650344848632 0.012248293558756512
0 0.45849976539611814 0.6819339752197265 0.0073719978332519535 0.008852895100911458
0 0.6394334404763966 0.6491665249472832 0.008391189575195312 0.010814730326334636
0 0.5686861991882324 0.5931296666463216 0.007511615753173828 0.009528096516927083
0 0.6260830640792847 0.2955602804819743 0.00837693214416504 0.011972649892171222
0 0.31188455820083616 0.46593117713928217 0.007604813575744629 0.010830720265706383
0 0.4394200563430786 0.7283656438191731 0.007009458541870117 0.008199818929036458
0 0.44856112003326415 0.6592776298522949 0.009002256393432616 0.01215826670328776
0 0.24599618911743165 0.38169283866882325 0.008338022232055663 0.011026477813720703
0 0.5866531372070313 0.34924654960632323 0.007951927185058594 0.009882259368896484
0 0.3750822901725769 0.6571148872375489 0.007512831687927246 0.009967613220214843
0 0.47888162136077883 0.36894586881001795 0.008238458633422851 0.010445817311604816
0 0.514982032775879 0.667453702290853 0.007072353363037109 0.009937413533528646
0 0.25238757133483886 0.3449077606201172 0.007689142227172851 0.01008485158284505
0 0.68210589275037 0.22594645488974902 0.0061343719256297165 0.012753613789876302
0 0.3599835753440857 0.7285161972045898 0.008699917793273925 0.01142412821451823
0 0.4993791103363037 0.3574166774749756 0.01002035140991211 0.012351004282633464
0 0.5040995836257934 0.1798882563908895 0.00860753059387207 0.012406905492146812
0 0.36012991666793825 0.29054357210795084 0.008255362510681152 0.011167303721110028
0 0.6021684646606446 0.303607177734375 0.009672260284423828 0.011710294087727864
0 0.47599020004272463 0.5923208236694336 0.006718826293945312 0.009220250447591146
0 0.48387832641601564 0.267206350962321 0.00712881088256836 0.010383033752441406
0 0.40642266273498534 0.4572357336680095 0.009062385559082032 0.011478392283121745
0 0.4323365926742554 0.24964523315429688 0.006802701950073242 0.010362879435221356
0 0.6190650463104249 0.31426955858866373 0.007979774475097656 0.010591475168863933
0 0.6378508567810058 0.3538139184316 0.009391212463378906 0.012263266245524089
0 0.5882457971572876 0.5283040046691895 0.006611013412475586 0.008620834350585938
0 0.7286832571029663 0.635602601369222 0.00823521614074707 0.011193148295084636
0 0.5681672573089599 0.6660160064697266 0.007498931884765625 0.010273488362630208
0 0.5486672163009644 0.5822264035542806 0.006525945663452148 0.008074760437011719
0 0.3932929515838623 0.6376379330952961 0.008024787902832032 0.010790061950683594
0 0.33572648763656615 0.501694663365682 0.007749772071838379 0.011755847930908203
0 0.4238441467285156 0.7778941790262857 0.0075958251953125 0.011314837137858073
0 0.32393609285354613 0.41657954851786294 0.007936549186706544 0.010566806793212891
0 0.2625251293182373 0.629697608947754 0.007940721511840821 0.01072985331217448
0 0.4309262990951538 0.5951312065124512 0.007854318618774414 0.009193356831868489
0 0.35211214258562784 0.6825692691181457 0.007072162628173827 0.008690198262532553
0 0.285107696056366 0.65625794728597 0.007427811622619629 0.011041259765625
0 0.31146968012140974 0.43820791661058517 0.0077652215957641595 0.010986518859863282
0 0.2775852324660461 0.39381785942775754 0.006568283776362662 0.010947139627271127
0 0.30188788243858783 0.375864550439033 0.008538768909271433 0.01007136845708935
0 0.2756147473331373 0.4901526881477428 0.0072251121539988715 0.013574453137816108
0 0.22832310414332638 0.4761403494248359 0.011822910797452728 0.011822910797452835
0 0.29499118447340705 0.4890579741850158 0.009195597286907678 0.012260796382543546
0 0.4431059836303844 0.41615002426739056 0.0065682837763625206 0.0126986819676344
0 0.46839387616938055 0.4533702990001121 0.009852425664544029 0.011822910797452693
0 0.4823514791941511 0.46300378187211066 0.010180839853362187 0.010071368457089279
0 0.5063257149778747 0.46278483907956525 0.010180839853362045 0.009633482871998424
0 0.49598066803010354 0.4124279967941184 0.010509254042180274 0.01401233872290689
0 0.5708542916030401 0.439047393791611 0.007553526342816922 0.010947139627271056
0 0.4935175616139676 0.4500861571119308 0.00952401147572587 0.012260796382543617
0 0.4063028581160373 0.29133886580561424 0.007638930351748741 0.010185240468998345
0 0.38704856791436926 0.3036867258262492 0.0084760734039952 0.01199905041553226
0 0.39264696207626726 0.31198839442769305 0.006069287128786698 0.00823190668042333
0 0.40018124954648526 0.3067562503511529 0.006697144417971472 0.012836193467778721
0 0.4146219671977363 0.3246153021324102 0.006906430181033088 0.008092382838382263
0 0.40996535896961545 0.31477887126851456 0.006173930010317506 0.009348097416751919
0 0.4530455559055955 0.2560975752386268 0.006662045903898957 0.01085666739894652
0 0.49153737668367836 0.2460633826426308 0.00814250054920997 0.01315959684720788
0 0.4413252899635509 0.23931908925843676 0.007895758108324671 0.009540707714225717
0 0.45094824515807164 0.238003129573716 0.007402273226554499 0.009540707714225717
0 0.5403923799789377 0.20921651147044876 0.009129470312750456 0.010527677477766275
0 0.4507015027171866 0.11677034361881343 0.012337122044257355 0.017107475901370232
0 0.5410092360811505 0.17796246895833004 0.0078957581083246 0.009869697635405928
0 0.5592681767066514 0.11759281842176392 0.007895758108324671 0.010856667398946503
0 0.6026948463024375 0.19194454060848842 0.007895758108324671 0.012172627083667321
0 0.6863405337625025 0.22089565367234573 0.008389242990094914 0.010856667398946484
0 0.6648739414054947 0.27254707129763667 0.01036318251717617 0.011514647241306868
0 0.6272457191705096 0.30626853821860683 0.00962295519452077 0.01052767747776631
0 0.6670946233734611 0.3539720767897353 0.007402273226554286 0.009211717793045509
0 0.7437081512682994 0.3279818730164999 0.011103409839831642 0.01315959684720788
0 0.5623524572177158 0.406939454099747 0.009129470312750528 0.009869697635405857
0 0.5700014728851553 0.42059253582872524 0.007649015667439585 0.007566768187144532
0 0.583695678354281 0.4233889501587569 0.012337122044257427 0.011185657320126694
0 0.5730857533962197 0.508761834705018 0.007895758108324814 0.009540707714225789
0 0.5790075719774632 0.49132536888246764 0.007895758108324743 0.008882727871865299
0 0.592948519887474 0.458590871725038 0.009622955194520699 0.011843637162487113
0 0.6574716681789403 0.49181885376423795 0.005921818581243628 0.00855373795068509
0 0.6514264783772541 0.4923123386460081 0.003701136613277214 0.006250808502423766
0 0.6489590539684026 0.4932993084095487 0.00419462149504767 0.006908788344784185
0 0.6348947348379492 0.4985631471484319 0.0056750761403583285 0.005592828660063347
0 0.6374855304672432 0.5011950665178735 0.004934848817702857 0.004934848817702928
0 0.6057791268135019 0.538699917532416 0.007649015667439514 0.010198687556586065
0 0.6580885242811532 0.5551494135914258 0.006662045903898957 0.01348858676838809
0 0.6678348506961165 0.5355745132812041 0.013817576689568227 0.011843637162487042
0 0.7149626569051796 0.5482406252466416 0.005428333699473313 0.008224748029504809
0 0.7175534525344736 0.5516950194190338 0.005675076140358471 0.007237778265964394
0 0.6916454962415333 0.5617292120150297 0.010116440076291155 0.010856667398946626
0 0.77825209299222 0.5508725446160833 0.005181591258588156 0.011514647241307045
0 0.701268451436054 0.5183025424192438 0.007649015667439585 0.010856667398946413
0 0.5823385949294128 0.560577747290899 0.006168561022128713 0.008553737950685161
0 0.5792543144183484 0.5627161817785702 0.0059218185812435565 0.007566768187144532
0 0.7142224295825241 0.6546688647484353 0.007402273226554428 0.010527677477766275
0 0.7174300813140312 0.6469376016007007 0.007402273226554286 0.00888272787186537
0 0.7203909906046527 0.6467731066401106 0.004934848817702999 0.009211717793045438
0 0.6310702270042294 0.6740792700980671 0.008882727871865299 0.010527677477766275
0 0.6441475763711422 0.702865888201334 0.0069087883447841135 0.011514647241306903
0 0.6339077650744086 0.7092811916643481 0.01110340983983157 0.011185657320126694
0 0.5849293905587071 0.7383967996887955 0.010856667398946413 0.009540707714225646
0 0.5723455260735644 0.7622485689743597 0.007402273226554357 0.015133536374289065
0 0.6197200747235126 0.7726117514915358 0.006908788344784185 0.014146566610748437
0 0.6397062124352096 0.7768886204668785 0.008389242990094843 0.009540707714225789
0 0.5146077949064397 0.7726117514915358 0.011350152280716942 0.01348858676838816
0 0.48586230054331997 0.7337909407922727 0.008142500549209898 0.014146566610748437
0 0.5357042736021199 0.8240986741562368 0.009129470312750456 0.00921171779304558
0 0.5297824550208764 0.82936251289512 0.007649015667439585 0.009869697635405857
0 0.5365678721452178 0.8356133213975437 0.006415303463013729 0.00921171779304558
0 0.5299058262413189 0.8418641298999674 0.005921818581243485 0.009211717793045722
0 0.4990630211306754 0.7031948781225144 0.0059218185812435565 0.0128306069260276
0 0.3791461948604936 0.7033593730831044 0.008389242990094985 0.011185657320126694
0 0.38556149832350756 0.7112551311914292 0.006908788344784185 0.011185657320126836
0 0.3821071041511154 0.7086232118219877 0.009376212753635614 0.00921171779304558
0 0.3934572564318322 0.71273558583674 0.008389242990095056 0.010198687556586065
0 0.38075002072624714 0.6258822466451681 0.007649015667439585 0.012830606926027811
0 0.3236291456613355 0.6956281099353698 0.0069087883447841135 0.008224748029504951
0 0.48105082294605966 0.6214408827092355 0.006415303463013871 0.014475556531928788
0 0.5716052987509088 0.6202894179851048 0.0064153034630138 0.00888272787186537
0 0.5685210182398444 0.6217698726304157 0.003701136613277285 0.007895758108324671
0 0.5175300960897671 0.614946122861172 0.005179822635774869 0.006752953954787913
0 0.5031992534641233 0.6160204564448882 0.005525144144826371 0.007366858859768684
0 0.5119473983600986 0.5616898723540946 0.005525144144826513 0.010436383384672255
0 0.5270433871194236 0.5675931972680113 0.004887323806891147 0.007190545371058121
0 0.29112435884954907 0.6547979021220831 0.006866842129833692 0.009951945115701051
0 0.2603728484420331 0.6366853620115074 0.0074639588367756814 0.00875771170181693
0 0.31381479371334725 0.5936929591116793 0.008061075543717777 0.010350022920329067
0 0.36382331791974454 0.6018535541065541 0.005971167069420531 0.010748100724957013
0 0.35337377554825855 0.5110918146513613 0.008956750604130832 0.00995194511570098
0 0.3977096910387064 0.49596485807549584 0.008658192250659837 0.011544256334213117
0 0.28246616659888923 0.5112908535536753 0.008061075543717777 0.007165400483304722
0 0.2717180658739322 0.49278023563847156 0.005672608715949537 0.00995194511570091
0 0.4483153319520457 0.5047225697773127 0.006568283776362662 0.011544256334213117
0 0.4445833525336578 0.4840225239366546 0.006269725422891667 0.009155789506444946
0 0.4638403663325391 0.5441322724354885 0.005374050362478542 0.009951945115701051
0 0.44697181936142605 0.6281266892120045 0.009852425664543887 0.017913501208261736
