0 0.6620539665222168 0.3914786338806152 0.00891284942626953 0.0116207758585612
0 0.5765615463256836 0.26855980555216474 0.0074484825134277345 0.00954888661702474
0 0.4029057025909424 0.7739118258158366 0.008292865753173829 0.010902468363444011
0 0.7054941177368164 0.30162580808003747 0.010035896301269531 0.013011328379313151
0 0.5763612508773803 0.3536981264750163 0.007684850692749023 0.010592142740885414
0 0.3199268579483032 0.6447096506754558 0.008662605285644531 0.011133448282877606
0 0.6035647869110107 0.5165802160898845 0.008547496795654298 0.010659567515055339
0 0.5039422988891602 0.29830180803934736 0.006939888000488281 0.009644476572672527
0 0.701863169670105 0.40975122451782225 0.007696676254272461 0.009142303466796875
0 0.4395672082901001 0.71371275583903 0.008466482162475586 0.010302480061848958
0 0.39324519634246824 0.34415882428487143 0.008815336227416991 0.01132637659708659
0 0.4970387935638428 0.13949228922526039 0.007838916778564454 0.011318620045979817
0 0.6240409374237061 0.608000087738037 0.007928943634033203 0.010853894551595052
0 0.3309032917022705 0.4329605897267659 0.007806301116943359 0.009916337331136067
0 0.36445549726486204 0.5027590115865072 0.00809943675994873 0.010254287719726562
0 0.5037765026092529 0.7848710378011069 0.009503459930419922 0.012631607055664063
0 0.32428916692733767 0.6805977503458659 0.01032116413116455 0.01354230244954427
0 0.41119673252105715 0.16331947644551598 0.008172369003295899 0.011529095967610677
0 0.3563661813735962 0.1867692232131958 0.007652568817138672 0.009118254979451497
0 0.587427020072937 0.43002398808797204 0.008303403854370117 0.010585848490397136
0 0.6311598777770996 0.6329867680867514 0.008288097381591798 0.01034698486328125
0 0.7273223161697387 0.517443323135376 0.007978200912475586 0.009942150115966797
0 0.7398688554763794 0.35502444903055824 0.009228754043579101 0.010933017730712891
0 0.4387700080871582 0.5720664978027343 0.007970333099365234 0.010539499918619792
0 0.5399298667907714 0.13293459018071493 0.00879201889038086 0.011517612139383952
0 0.6059582948684692 0.3702727635701497 0.007930898666381836 0.010665448506673177
0 0.4501699447631836 0.28236440022786463 0.00841970443725586 0.011153030395507812
0 0.3346034407615662 0.2489188353220622 0.008741164207458496 0.011029370625813802
0 0.6428834438323975 0.594964599609375 0.007753849029541016 0.009964752197265624
0 0.6520665168762207 0.64666322072347 0.00803375244140625 0.011187362670898437
0 0.5781043767929077 0.3979765256245931 0.007761430740356445 0.010049692789713542
0 0.37269641160964967 0.7184643109639485 0.008089470863342284 0.010000038146972656
0 0.5111078023910524 0.1814342975616455 0.007845067977905273 0.01059087117513021
0 0.34174140691757204 0.6342288970947265 0.00841677188873291 0.010418192545572918
0 0.46998727321624756 0.5314168930053711 0.007821130752563476 0.010456212361653646
0 0.6532281875610352 0.40351406733194983 0.008044242858886719 0.010833930969238282
0 0.5773836612701415 0.7398065884908039 0.007997894287109375 0.010310554504394531
0 0.6240375518798829 0.29428963661193847 0.007439517974853515 0.009253215789794923
0 0.31224770545959474 0.6273576100667317 0.008005285263061523 0.009781392415364583
0 0.5439650058746338 0.7498313903808593 0.00806570053100586 0.010903040568033852
0 0.5194710493087767 0.6767470677693684 0.009125566482543946 0.011643600463867188
0 0.6398556947708129 0.27168008486429845 0.009097909927368164 0.010775915781656901
0 0.6813286542892456 0.34945548375447594 0.008812952041625976 0.011401939392089843
0 0.45822107791900635 0.780418841044108 0.00871901512145996 0.010414759318033852
0 0.49520828723907473 0.3334350903828938 0.007140970230102539 0.009902381896972656
0 0.6898489952087402 0.5765967686971029 0.008357048034667969 0.010449600219726563
0 0.6936170816421509 0.20845427513122558 0.009295988082885741 0.011456712086995441
0 0.32265549898147583 0.4936328411102295 0.00819990634918213 0.009797255198160807
0 0.5977705240249633 0.1316654046376546 0.008312368392944336 0.010815938313802086
0 0.33898932933807374 0.7525622367858886 0.008617258071899414 0.010905138651529948
0 0.6674386946105646 0.21643606573761495 0.008491086959838866 0.011106506983439129
0 0.5381757736206054 0.7187347412109375 0.00923299789428711 0.01178448994954427
0 0.4213343858718872 0.6068628311157227 0.008228158950805664 0.010065714518229164
0 0.7342729091644287 0.4605973720550537 0.007608795166015625 0.00986045201619466
0 0.49001402854919435 0.28921055793762207 0.008908748626708984 0.01145785649617513
0 0.7363901376724243 0.3346438090006511 0.006908273696899414 0.010324160257975258
0 0.3806693315505981 0.4536536852518718 0.008964109420776366 0.011287562052408854
0 0.443432092666626 0.6907614072163899 0.009367942810058594 0.011045519510904949
0 0.5822606325149535 0.6644347508748374 0.00950636863708496 0.012243016560872394
0 0.33938831090927124 0.7150660832722981 0.008527255058288575 0.011200841267903645
0 0.45676209926605227 0.8100024223327636 0.007961130142211914 0.011114438374837242
0 0.6839797258377075 0.48357427914937334 0.009195566177368164 0.010342629750569661
0 0.6945064544677735 0.656400203704834 0.00856189727783203 0.011436907450358073
0 0.5113080263137817 0.2200801452000936 0.007737493515014649 0.009107096989949545
0 0.7152644157409668 0.33211441040039064 0.007413196563720703 0.011199378967285156
0 0.6437299489974976 0.5464144070943197 0.00728154182434082 0.009299023946126302
0 0.4485620498657227 0.40553410847981775 0.006952667236328125 0.008649190266927084
0 0.7561376810073852 0.5214499314626058 0.00680232048034668 0.009147548675537109
0 0.5954879999160767 0.3489833672841389 0.007528543472290039 0.011567529042561848
0 0.5477862119674684 0.3136670907338461 0.007829046249389649 0.010686143239339191
0 0.6055634498596192 0.7933253288269043 0.008716583251953125 0.011562410990397136
0 0.5899435758590699 0.706627623240153 0.007474756240844727 0.00935535430908203
0 0.3913611650466919 0.5152336756388346 0.008573102951049804 0.010816574096679688
0 0.4138413667678833 0.5793377876281738 0.007977533340454101 0.009816296895345052
0 0.3439671516418457 0.6706143379211426 0.008591985702514649 0.010755856831868492
0 0.7182594537734985 0.3663353602091471 0.007730245590209961 0.010715993245442708
0 0.3082639217376709 0.24889580408732093 0.008147478103637695 0.010096327463785809
0 0.27153337001800537 0.4412426789601644 0.007870817184448242 0.010671265920003255
0 0.5327783584594726 0.2936058521270752 0.007220077514648438 0.008736260732014974
0 0.45450692176818847 0.6352846463521322 0.00724334716796875 0.010360399881998696
0 0.5332922220230103 0.32039367357889814 0.005880975723266601 0.007766628265380859
0 0.4708335161209106 0.16525428295135497 0.008283758163452148 0.010922034581502281
0 0.3052414499816769 0.5142552161814454 0.00811762809753418 0.011522452036539711
0 0.42084784507751466 0.7444828669230142 0.008918094635009765 0.012222925821940102
0 0.7599044570617299 0.3986494397430878 0.00867633819580078 0.01097520192464193
0 0.6095430374145507 0.3476035435994466 0.008649730682373047 0.01101977030436198
0 0.36200134754180907 0.21703046162923176 0.008331012725830079 0.01105791727701823
0 0.6150099992752075 0.22458198865254722 0.007311964035034179 0.010316880544026692
0 0.7284121990203858 0.6330458323160807 0.008551311492919923 0.011060587565104167
0 0.5171736717224121 0.2702555735905965 0.008292865753173829 0.009657971064249675
0 0.5220566034317016 0.18802553017934162 0.006484174728393554 0.008169953028361003
0 0.4573336601257324 0.37872929573059083 0.007152748107910156 0.009943930308024089
0 0.35704760551452636 0.6538467407226562 0.007677698135375976 0.010160319010416667
0 0.33664268255233765 0.4930522600809733 0.006590008735656738 0.008530426025390624
0 0.5524130582809448 0.3371146361033122 0.007158899307250976 0.010460249582926432
0 0.4743246078491211 0.48802847862243653 0.008399581909179688 0.010971546173095703
0 0.36432384030249276 0.33975712429291355 0.009524846076965332 0.013268470764160156
0 0.3270415425300598 0.46691055297851564 0.007166266441345215 0.008889452616373698
0 0.5624257063198772 0.30679649590130187 0.008007478713989259 0.010238933563232421
0 0.622391438484192 0.7986453692118327 0.008266305923461914 0.011318270365397136
0 0.2851911783218383 0.24798932075500488 0.009369182586669921 0.012108325958251953
0 0.6238300085067748 0.2052638610204061 0.007244539260864258 0.01062477429707845
0 0.47344284057617186 0.10795565843582153 0.00876474380493164 0.010804168383280436
0 0.46729538440704343 0.5188366889953613 0.00913376808166504 0.010990842183430988
0 0.27480530738830566 0.28780622482299806 0.007522010803222656 0.010146903991699218
0 0.4023934006690979 0.8012920061747232 0.0073289632797241214 0.009547106424967448
0 0.3297451138496399 0.6042352040608725 0.00752570629119873 0.010074106852213542
0 0.38412362337112427 0.47920424143473306 0.008602499961853027 0.011655171712239586
0 0.6707611083984375 0.6756189346313477 0.007973289489746094 0.010562260945638023
0 0.4712505578994751 0.6894057273864747 0.009065198898315429 0.010275713602701823
0 0.6880449056625366 0.4018972714742025 0.007846689224243164 0.012482261657714844
0 0.4018973868637022 0.7071509596608605 0.006702709197998047 0.008277193705240885
0 0.5082880020141601 0.6601621945699057 0.007815742492675781 0.01053269704182943
0 0.35694355964660646 0.4587277094523112 0.007358551025390625 0.009286753336588542
0 0.5304124832153321 0.36402010917663574 0.008623218536376953 0.011401144663492839
0 0.4049556732177734 0.5437221844991048 0.007269954681396485 0.00992743174235026
0 0.4333305835723877 0.5409545580546061 0.008091259002685546 0.010811805725097656
0 0.2672106385231018 0.5789215405782064 0.008907055854797364 0.010252571105957032
0 0.5790841663631473 0.24015026150531876 0.007430744171142578 0.010076173146565755
0 0.38702412843704226 0.2483341058095296 0.009658122062683105 0.013635412851969403
0 0.6273600339889527 0.7455524126688639 0.007869291305541991 0.011713854471842448
0 0.35885894298553467 0.3213862578074137 0.006536054611206055 0.008085346221923828
0 0.6910203819122127 0.43948405033366716 0.007572603225708007 0.010074742635091146
0 0.26872088730737054 0.5245692415959614 0.010105306575909658 0.014727113459465358
0 0.27929620814262485 0.5200257704222966 0.011045335094598912 0.013787084940776068
0 0.28505388281959665 0.5306794269674416 0.010340313705581963 0.010653656545145083
0 0.2416950673950541 0.4633107164613773 0.00869526379787576 0.014413770619902167
0 0.26108315559302026 0.4409067034326164 0.011280342224271217 0.013473742101212877
0 0.3346403871804556 0.4590805881272756 0.007990242408858777 0.011593685063834371
0 0.3455682187102183 0.5009118572089482 0.008695263797875726 0.014413770619902167
0 0.39785730506230904 0.5172056848662288 0.007050213890169488 0.01190702790339742
0 0.411135207888795 0.5347528838817618 0.011515349353943662 0.011907027903397349
0 0.3419256082002974 0.5576269111698674 0.009870299446237353 0.015040456299028265
0 0.32947023032766465 0.5593502967874644 0.01269038500230515 0.0115936850638343
0 0.30749706370330293 0.5565302112313967 0.010575320835254302 0.012847056422086708
0 0.3111396742132239 0.5366329409191404 0.011280342224271251 0.013160399261649686
0 0.3483883042662862 0.5817543098162253 0.009165278057220333 0.011280342224271322
0 0.3526184326003879 0.5914679378426811 0.010105306575909623 0.011280342224271322
0 0.2568530272589185 0.41568260484778763 0.011750356483615824 0.012533713582523589
0 0.3073795601384668 0.38826510638601724 0.010340313705581998 0.012847056422086637
0 0.3729465493170434 0.38920513490470654 0.008460256668203457 0.01096699938470806
0 0.37259403862253493 0.39782206299269146 0.008695263797875726 0.011280342224271251
0 0.3779992026049982 0.40408891978395334 0.006815206760497219 0.011280342224271322
0 0.3842268915413146 0.40440226262351636 0.007520228149514168 0.01190702790339742
0 0.3849319129303316 0.46863754473394986 0.009870299446237425 0.011280342224271322
0 0.4334608852076651 0.4127058478719383 0.007285221019841899 0.010340313705581963
0 0.4332258780779928 0.39562866311574996 0.0072852210198418275 0.012533713582523589
0 0.44145112761652394 0.3970387058937838 0.00634519250115261 0.008460256668203386
0 0.41266275423166504 0.3834082923727894 0.007520228149514168 0.011280342224271251
0 0.416305364741586 0.3760447356430568 0.005405163982463321 0.007833570989077287
0 0.4143078041393713 0.3696212074320134 0.0070502138901696295 0.012533713582523589
0 0.4512039234979251 0.35583412249123747 0.008460256668203457 0.01253371358252366
0 0.44967637715505504 0.3680544932341979 0.007755235279186507 0.010653656545145012
0 0.43992358127365383 0.387011735027765 0.008930270927548065 0.012847056422086708
0 0.36965644950163096 0.329826666807501 0.008460256668203527 0.01190702790339742
0 0.2877564648108283 0.3451804659460925 0.007755235279186472 0.011280342224271251
0 0.2923391038394385 0.34862723718128635 0.007520228149514203 0.012533713582523589
0 0.4425086597000493 0.3154128961875988 0.008930270927548065 0.017547199015532974
0 0.48457493591139417 0.3360935235987628 0.009870299446237282 0.015667141978154504
0 0.37071398158515634 0.274051641365271 0.010575320835254302 0.012533713582523589
0 0.37553162774343885 0.26653141321575685 0.009400285186892603 0.011907027903397349
0 0.34263062958931445 0.29379224025774564 0.010340313705581963 0.010026970866018878
0 0.36436878908400383 0.2820418837741298 0.008695263797875726 0.010340313705581998
0 0.3159573203715064 0.2991190685303182 0.008695263797875726 0.013160399261649828
0 0.3093771207406815 0.29504561161599807 0.007755235279186472 0.013787084940775962
0 0.3331128408375855 0.23128034376490925 0.008225249538531116 0.009713628026455758
0 0.35778858945317893 0.2428740288287436 0.008225249538531045 0.010340313705581927
0 0.37717667765114515 0.20480287382182816 0.007520228149514097 0.010653656545145046
0 0.36836391028843324 0.19195581739974144 0.009635292316565014 0.010653656545145117
0 0.38551943075451234 0.18004878949634404 0.008225249538531116 0.013787084940775927
0 0.3903370769127949 0.17848207529852858 0.009400285186892603 0.012533713582523554
0 0.3331128408375856 0.1889790604238921 0.0119853636132882 0.011593685063834337
0 0.47869975766958633 0.20245280252510497 0.008930270927547994 0.010340313705581927
0 0.48093232540147324 0.2159265446263178 0.009635292316564943 0.013473742101212877
0 0.497735335173044 0.16046486202365093 0.009870299446237353 0.01034031370558198
0 0.4438011989132471 0.1527879624543552 0.010105306575909623 0.011280342224271234
0 0.4345184172911905 0.10390647948251316 0.007520228149514097 0.007520228149514168
0 0.5784602842154851 0.13414406350035135 0.007285221019841899 0.010966999384708132
0 0.5831604268089313 0.16829843301272812 0.007285221019841899 0.01222037074296054
0 0.593970754773858 0.17096184714901444 0.007755235279186436 0.008146913828640336
0 0.579870326993519 0.1797354466567809 0.007285221019841899 0.010653656545145046
0 0.5497894143954623 0.22548350123299216 0.007285221019841827 0.010026970866018914
0 0.6178239784355982 0.19790933135144015 0.007990242408858705 0.010026970866018878
0 0.6094812253322309 0.2065262594394251 0.006815206760497148 0.012847056422086674
0 0.5884480872265585 0.22783357252971523 0.010340313705582034 0.009713628026455723
0 0.5470868324042307 0.20370617388335732 0.011750356483615861 0.011593685063834337
0 0.5855104981056546 0.2538410282134517 0.009165278057220333 0.013473742101212877
0 0.5893881157452477 0.20824964505702212 0.007990242408858777 0.00940028518689271
0 0.6922037349768867 0.2527443282749809 0.010105306575909481 0.014413770619902096
0 0.7028965593769771 0.24318737166830665 0.008460256668203527 0.010340313705581963
0 0.6985489274780393 0.24553744296502983 0.005405163982463251 0.012533713582523554
0 0.7219321368804349 0.31243613921174945 0.008930270927548065 0.012847056422086637
0 0.7179370156760055 0.326066552732744 0.0065801996308248074 0.009400285186892674
0 0.7139418944715762 0.3196430245217006 0.00611018537148027 0.009713628026455794
0 0.7067741770165703 0.33092336674597184 0.00728522101984197 0.0115936850638343
0 0.733799996928887 0.34173369471089843 0.009165278057220547 0.010026970866018843
0 0.58809557653205 0.34800055150216025 0.010105306575909695 0.010026970866018914
0 0.6014909829233721 0.4094157480565258 0.008695263797875797 0.011280342224271251
0 0.6435572591347171 0.40079881996854083 0.007285221019841899 0.013473742101212877
0 0.7401451894300394 0.3704045645309212 0.009165278057220262 0.013473742101212877
0 0.7395576716058588 0.3871684064475464 0.009870299446237282 0.013787084940775927
0 0.7392051609113502 0.3968820344740023 0.008695263797875868 0.011280342224271251
0 0.7299223792892936 0.40957241947630735 0.007990242408858705 0.010966999384708132
0 0.7260447616497003 0.42680627565227736 0.009635292316565085 0.009086942347329555
0 0.7412027215135649 0.4311930754061606 0.009870299446237282 0.0115936850638343
0 0.7641159166566157 0.39249523472011894 0.008695263797875726 0.01190702790339742
0 0.5895056193100839 0.42304616157752023 0.009635292316565014 0.009713628026455794
0 0.6091287146377224 0.45046366003929067 0.007050213890169559 0.014413770619902167
0 0.5971433510244343 0.48618474374948284 0.009870299446237425 0.01253371358252366
0 0.6585977154337453 0.4911982291824923 0.009635292316565227 0.010653656545145012
0 0.6524875300622651 0.4979351002330988 0.006815206760497148 0.008460256668203457
0 0.6283992992708526 0.5115655137540931 0.007520228149514098 0.010026970866018772
0 0.6959638490516437 0.4738077015867408 0.009635292316565085 0.014100427780339118
0 0.7001939773857455 0.48352132961319655 0.010575320835254302 0.010966999384708132
0 0.7231071725287964 0.45281373133601377 0.009870299446237425 0.012220370742960469
0 0.7769238052237571 0.5090587710375885 0.011750356483615861 0.015040456299028336
0 0.7439053035047966 0.5134455707914717 0.010575320835254445 0.013787084940775927
0 0.5097206987863321 0.4167793047862585 0.009870299446237282 0.014727113459465287
0 0.5031404991555073 0.4355798751600439 0.009400285186892746 0.01222037074296054
0 0.5090156773973152 0.4488969458414752 0.008930270927548207 0.010653656545145154
0 0.5131283021665807 0.46158733084378034 0.007285221019841899 0.007833570989077287
0 0.5568396282856318 0.42085276170057867 0.006815206760497148 0.014100427780339047
0 0.561422267314242 0.4210094331203602 0.007050213890169417 0.01128034222427118
0 0.5421516826811119 0.4128625192917198 0.008930270927548065 0.010026970866018914
0 0.4966778030895185 0.4695775732526392 0.009165278057220404 0.009400285186892746
0 0.4885700571158236 0.5176756991255735 0.010340313705581963 0.014727113459465216
0 0.499262881515914 0.5449365261675623 0.01057532083525416 0.012847056422086637
0 0.5635373314812928 0.5468165832049408 0.009400285186892603 0.013473742101212877
0 0.5851579874111461 0.5242558987563983 0.010340313705582034 0.014100427780339047
0 0.7688160592500621 0.5446231833279992 0.00681520676049729 0.010340313705581963
0 0.7676410236017006 0.5593502967874643 0.010105306575909623 0.013473742101212877
0 0.7583582419796442 0.5852010810514193 0.008930270927548065 0.011280342224271251
0 0.7504855031356215 0.6061950513021463 0.009165278057220262 0.013160399261649757
0 0.7366200824849547 0.6135586080318789 0.008225249538531045 0.0115936850638343
0 0.7085367304891128 0.6027482800669524 0.008930270927548065 0.01566714197815443
0 0.7059516520627175 0.6119918938340635 0.007520228149514026 0.010340313705582034
0 0.7007814952099263 0.6101118367966849 0.00658019963082495 0.009086942347329555
0 0.6758707394646606 0.6011815658691368 0.011750356483615861 0.011280342224271322
0 0.6785733214558922 0.5618570395039691 0.010105306575909766 0.014100427780339047
0 0.6728156467789205 0.5638937679611292 0.0070502138901696295 0.016293827657280602
0 0.6620053188139938 0.6072917512406171 0.00658019963082495 0.010340313705582105
0 0.6614178009898132 0.6287557357506888 0.01057532083525416 0.01253371358252366
0 0.6522525229325927 0.6897009180457099 0.010575320835254302 0.012220370742960398
0 0.6436747626995531 0.7385824010175517 0.00987029944623714 0.010340313705581963
0 0.6548376013589882 0.7334122441647608 0.010105306575909766 0.01190702790339742
0 0.6925562456713954 0.7324722156460717 0.010810327964926642 0.01253371358252366
0 0.7206395976672372 0.6549198628542069 0.010575320835254302 0.010340313705581963
0 0.7285123365112597 0.6602466911267794 0.009870299446237282 0.012220370742960398
0 0.7336824933640509 0.660716705386124 0.008460256668203244 0.010026970866018843
0 0.5876255622727055 0.7255786731756837 0.009635292316565014 0.010026970866018843
0 0.5957333082464004 0.7249519874965574 0.009870299446237353 0.010653656545145083
0 0.5662399134725244 0.7503327575011676 0.0072852210198418275 0.01942725605291159
0 0.6401496557544684 0.7909106552245879 0.011280342224271251 0.015980484817717553
0 0.4899800998938575 0.7467293148461923 0.009870299446237282 0.0115936850638343
0 0.5098382023511683 0.7540928715759248 0.011045335094598912 0.011280342224271322
0 0.5167709126765017 0.7544062144154879 0.007520228149514097 0.01253371358252366
0 0.5211185445754396 0.76678325657823 0.010575320835254231 0.013473742101212877
0 0.4913901426718914 0.7674099422573561 0.010340313705581892 0.014727113459465358
0 0.4909201284125468 0.8183281536863584 0.009400285186892746 0.01817388469465925
0 0.51406833068527 0.8363453669612361 0.011045335094598912 0.017233856175970032
0 0.5409766470327504 0.8310185386886634 0.010340313705581963 0.01222037074296054
0 0.4476788165528403 0.8227149534402416 0.01128034222427118 0.015040456299028336
0 0.3700089601961394 0.7622397854045653 0.010575320835254302 0.013160399261649757
0 0.3925696446446817 0.780883684358569 0.00963529231656476 0.013473742101212858
0 0.4141903005745351 0.7965508263367235 0.009165278057220333 0.011593685063834442
0 0.3957422408952581 0.8142546967720381 0.010340313705582034 0.011907027903397278
0 0.3588461215367043 0.6792039329203462 0.011280342224271251 0.012533713582523517
0 0.3695389459367947 0.6464596061860034 0.010105306575909623 0.014100427780339188
0 0.3731815564467157 0.6378426780980184 0.008930270927548065 0.010026970866019056
0 0.37694167052147276 0.632515849825446 0.009870299446237282 0.012533713582523517
0 0.408197618767891 0.6171620506868545 0.010340313705581892 0.013787084940775997
0 0.4238255928911001 0.6596200054476532 0.006815206760497148 0.009713628026455723
0 0.44955887359021857 0.6632234481026282 0.010810327964926779 0.01504045629902833
0 0.46953447961236583 0.673407090388429 0.009400285186892746 0.012220370742960682
0 0.44474122743193634 0.6079184369197433 0.009635292316565014 0.010340313705581963
0 0.45696159817489684 0.6019649229680446 0.009165278057220476 0.0115936850638343
0 0.48057981470696476 0.6130885937725343 0.009400285186892746 0.013160399261649757
0 0.5439142361536543 0.6354926068012952 0.011045335094598912 0.012220370742960469
0 0.5510819536086601 0.6434828492101541 0.009400285186892674 0.011280342224271251
0 0.3501508577388286 0.6096418225373403 0.010340313705581892 0.012533713582523589
0 0.3566135538048173 0.6000848659306661 0.011045335094598983 0.011593685063834158
0 0.30514699240657983 0.7146116737909755 0.013395406391322098 0.013787084940775856
0 0.2650782767974496 0.6582099626696194 0.009400285186892674 0.011280342224271322
0 0.2669583338348282 0.6464596061860034 0.007050213890169524 0.01096699938470806
0 0.2516828704061275 0.6102685082164665 0.009870299446237319 0.015040456299028265
0 0.2590855949908056 0.5953847233372196 0.00869526379787576 0.013473742101212877
0 0.5844529660221292 0.5618570395039691 0.007990242408858705 0.010966999384708132
0 0.566592424167033 0.6091718082779957 0.008930270927547994 0.008460256668203457
0 0.5668274312967053 0.6140286222912237 0.008460256668203457 0.008146913828640407
0 0.5610697566197335 0.601181565869137 0.009635292316565014 0.010653656545145083
0 0.3900715498411783 0.1382089731352904 0.007150125956339011 0.008755256273068194
0 0.3953247036050192 0.12634073685402022 0.008901177210952581 0.008755256273068194
