0 0.600150892469618 0.7772376731589989 0.009336090087890625 0.012931880244502314
0 0.7469915601942274 0.4660936284948278 0.008599175347222222 0.01214692857530382
0 0.34450247022840713 0.7365613866735389 0.009602991739908855 0.013437737358940972
0 0.5615143669976129 0.7801954198766639 0.01023186577690972 0.013293626573350694
0 0.7521002875434027 0.6426865754304109 0.009884982638888888 0.013165961371527778
0 0.7763633304172092 0.52310791015625 0.010047488742404513 0.013821524160879627
0 0.7917337629530166 0.48866786250361693 0.010023922390407987 0.013520982530381944
0 0.6777635774810048 0.31392857630445126 0.010326173570421007 0.015314737955729164
0 0.3573254267374674 0.5584018848560475 0.009592395358615452 0.01220024956597222
0 0.6636911816067165 0.7189337836371528 0.008815638224283854 0.012432635271990742
0 0.7588287353515625 0.3692445401792173 0.010978190104166667 0.01399250736942998
0 0.5895685699085828 0.464590886616573 0.00570019121191834 0.010512758864368308
0 0.7694991862811252 0.5487533895369655 0.01047641262329833 0.009633482871998495
0 0.7756833103514076 0.7769603393633477 0.008257891949574514 0.0096622953423595
0 0.5823469309692778 0.4542077248015098 0.006003689671871868 0.006194282994788409
