0 0.46845226287841796 0.2710451523462931 0.009621047973632812 0.012442827224731445
0 0.3945107936859131 0.5168438911437988 0.009771490097045898 0.012786674499511718
0 0.4008783221244812 0.2767784118652344 0.009740757942199706 0.012791697184244792
0 0.29867881536483765 0.5287460327148438 0.008397364616394043 0.01096051534016927
0 0.5673164606094361 0.6642751057942707 0.008886098861694336 0.011660257975260414
0 0.5816673278808594 0.3970646699269612 0.010416984558105469 0.013515504201253255
0 0.35891571044921877 0.6128552118937174 0.009579849243164063 0.01379559834798177
0 0.2528907895088196 0.3837274551391602 0.00805833339691162 0.011281522115071614
0 0.3040428876876831 0.6279709815979004 0.009800529479980469 0.012727165222167968
0 0.6517178297042847 0.17369154294331868 0.01006627082824707 0.012451744079589844
0 0.3930999875068665 0.39623565673828126 0.009025025367736816 0.011566734313964844
0 0.276552414894104 0.4033468087514241 0.009119606018066407 0.011220391591389973
0 0.34761456251144407 0.5562394777933757 0.00871884822845459 0.011452166239420573
0 0.6236874341964722 0.1487823486328125 0.009776926040649414 0.012429523468017577
0 0.3647968530654907 0.4476736386617024 0.010661935806274414 0.013615735371907552
0 0.641542911529541 0.6044017791748046 0.009101009368896485 0.0124053955078125
0 0.6284784317016601 0.4119472662607829 0.009177589416503906 0.01269095738728841
0 0.6638502836227417 0.6779878298441568 0.00796647071838379 0.010976854960123699
0 0.2980751395225525 0.2674659172693888 0.00832211971282959 0.010610119501749676
0 0.30094916820526124 0.23363145987192788 0.01022648811340332 0.013251129786173503
0 0.44970107078552246 0.26354137261708577 0.009441375732421875 0.011782725652058922
0 0.606020736694336 0.6551755587259929 0.00800943374633789 0.010451316833496094
0 0.4262432098388672 0.6323082923889161 0.010833168029785156 0.015187899271647133
0 0.3613600492477417 0.711371358235677 0.009429931640625 0.012629191080729164
0 0.5610894918441772 0.21410395304361976 0.009432458877563476 0.012991682688395184
0 0.4482173204421997 0.8046729723612468 0.008155393600463866 0.011451657613118489
0 0.40734543462312034 0.13987312454496922 0.009700775146484375 0.015287462870279949
0 0.4683738266961814 0.46317548402939535 0.007868147135704646 0.010490862847606409
0 0.5571090416155188 0.5386514139607858 0.0061196699944371605 0.01107368856136226
0 0.5131785534411669 0.5616730296541442 0.008305266421021713 0.009325211420094561
0 0.6078148787122831 0.48998546686216715 0.009616624276972416 0.013987817130141878
0 0.6069406401416493 0.5200009911205966 0.007868147135704788 0.009908037133850413
0 0.6338234761886405 0.3876995540980049 0.006556789279754014 0.008742385706338568
0 0.3859768414139395 0.30114993560525216 0.006556789279754014 0.00932521142009449
0 0.30576545255828225 0.25860365850107064 0.008742385706338673 0.010490862847606372
0 0.4871699559648095 0.18050501285777856 0.007868147135704788 0.010490862847606409
0 0.6563351193824626 0.39556770123370966 0.00874238570633878 0.010490862847606409
0 0.7391692239500213 0.29736156846583867 0.01005374356228927 0.013404991416385953
0 0.6515268072439764 0.3168862298766617 0.007868147135704788 0.010490862847606372
0 0.7522828025095295 0.3332053498618272 0.009179504991655563 0.011656514275118183
0 0.4568130849518282 0.273083282737276 0.006952324620024725 0.007537099588064251
0 0.457430347418092 0.27815133246028473 0.006237599659087607 0.00710393294507206
0 0.4518934449182626 0.27818185458216815 0.005652824691048153 0.007883632902457976
0 0.6894193414273997 0.1953908499760231 0.0063083909553206755 0.008019969896686624
0 0.6933987624660758 0.19920522590249598 0.006051654114115763 0.00723753380920499
0 0.6881906722587763 0.2038509401719181 0.0059783007309142985 0.007041924787334643
0 0.6915637018958425 0.20534880685598975 0.005929385874752864 0.009627145100834003
0 0.643719891246775 0.3826972070778889 0.0071779619166588305 0.009570615888878465
0 0.6861147288170415 0.43653192145283015 0.007626584536450167 0.011963269861098027
0 0.6784881442805915 0.5204243513537804 0.008972452395823467 0.014056842086790412
0 0.6971059830019254 0.5404628283711197 0.010318320255197052 0.011664188114570706
0 0.5596031500359294 0.6735542055758357 0.010766942874988174 0.01226235160762542
0 0.5240498074174786 0.6731055829560445 0.008748141085927941 0.010168779381933462
0 0.6182605575736259 0.7596897485757418 0.008299518466136746 0.009271534142350789
0 0.5546683012182264 0.7640264339003897 0.006729339296867707 0.010766942874988245
0 0.5538832116335918 0.7940841494263986 0.007850895846345551 0.00927153414235093
0 0.547826806266411 0.7991685391173655 0.007402273226554357 0.00807520715624122
0 0.4883773865408233 0.1938455305094876 0.005898053322645325 0.011415587076087768
0 0.48414410633344074 0.19987042368853394 0.00846656041476507 0.010020348655677082
