0 0.34491672515869143 0.23012457688649499 0.008309698104858399 0.012105035781860351
0 0.48463284969329834 0.15821274916330974 0.007442903518676758 0.010389725367228188
0 0.4576736927032471 0.3800970395406087 0.008641433715820313 0.011830457051595052
0 0.335774302482605 0.31628464063008627 0.009097480773925781 0.012488269805908203
0 0.32773475646972655 0.4989373524983724 0.00914750099182129 0.0128326416015625
0 0.3218478441238403 0.4314589182535807 0.007778739929199219 0.010398101806640626
0 0.651295256614685 0.2103007713953654 0.007247781753540039 0.010590728123982747
0 0.6442095279693604 0.7259502728780111 0.009119510650634766 0.0125363032023112
0 0.6124821901321411 0.3004976749420166 0.009631109237670899 0.012590758005777995
0 0.40095359086990356 0.18444790840148922 0.008478426933288574 0.010631052652994792
0 0.4972752332687378 0.1700042883555094 0.00867447853088379 0.012147776285807292
0 0.415542459487915 0.31641303698221845 0.008924102783203125 0.011867427825927734
0 0.6406707763671875 0.41792974472045896 0.008383846282958985 0.010611470540364583
0 0.5309599399566651 0.5188105901082357 0.007870292663574219 0.01079909006754557
0 0.5454381227493286 0.2299925724665324 0.009708833694458009 0.012561464309692382
0 0.3007330060005188 0.5199640591939291 0.008516240119934081 0.011072794596354164
0 0.3932835578918457 0.6694292068481446 0.008216285705566406 0.010272216796875
0 0.579317855834961 0.26117790540059405 0.009033298492431641 0.012193457285563153
0 0.3288793444633484 0.6263962745666504 0.008942008018493652 0.010999488830566406
0 0.528504467010498 0.3909273465474447 0.008691120147705077 0.01166674296061198
0 0.4141396999359131 0.812792174021403 0.009691715240478516 0.013521893819173176
0 0.706813645362854 0.40715759595235185 0.00820317268371582 0.010877259572347005
0 0.6407140016555786 0.21697055498758952 0.007867574691772461 0.011192893981933594
0 0.3753171801567078 0.28318443298339846 0.0076856851577758786 0.01005261739095052
0 0.4763858079910278 0.6683065096537271 0.008945703506469727 0.012766710917154948
0 0.40983445644378663 0.568286387125651 0.006683206558227539 0.00869598388671875
0 0.31048343181610105 0.2862218221028645 0.007723331451416016 0.009211031595865886
0 0.5687565565109253 0.6140955289204915 0.007080698013305664 0.00975348154703776
0 0.37835792303085325 0.38918897310892736 0.008184075355529785 0.010588296254475911
0 0.26206634044647215 0.4419771353403727 0.008075237274169922 0.010311349232991535
0 0.6409878015518189 0.6593692779541016 0.008957624435424805 0.011867396036783854
0 0.736984658241272 0.667995548248291 0.008012533187866211 0.010481834411621094
0 0.6280010223388672 0.41726500193277993 0.008278846740722656 0.010400962829589844
0 0.744801139831543 0.5070349534352621 0.008407020568847656 0.010337352752685547
0 0.6698847524224399 0.5756210875249917 0.009129714965820313 0.012431653340657552
0 0.42878587245941163 0.6806769371032715 0.007167959213256836 0.00910650889078776
0 0.2938535928726196 0.46153672536214196 0.008274030685424805 0.01200695037841797
0 0.6377778789107144 0.3338537371463394 0.006366586685180664 0.008852068583170574
0 0.5341645002365113 0.704125181833903 0.007270383834838867 0.01000677744547526
0 0.6342291593551637 0.4419461409250895 0.007841920852661133 0.010175164540608723
0 0.4236233472824097 0.7023696899414062 0.007199239730834961 0.00937639872233073
0 0.6226751327514649 0.6156319300333659 0.007952499389648437 0.011115519205729167
0 0.7438798189163208 0.6352183977762859 0.01043248176574707 0.012821133931477864
0 0.3090811729431152 0.5341644763946533 0.00877366065979004 0.011395295461018883
0 0.7008533954620362 0.28422753016153973 0.007330417633056641 0.0090545654296875
0 0.5243334712971321 0.2911815880215897 0.007615566253662109 0.01107915242513021
0 0.32774182558059695 0.44037044843037926 0.0077274560928344725 0.010108852386474609
0 0.5465486526489258 0.3403937816619873 0.007678985595703125 0.010464890797932941
0 0.2705883264541626 0.636619758605957 0.00861659049987793 0.011947886149088543
0 0.3128365993499756 0.5562491734822591 0.008815908432006836 0.013344319661458333
0 0.5422651529312134 0.2776086966196696 0.010103845596313476 0.013684940338134766
0 0.3181572675704956 0.31325022379557294 0.007010841369628906 0.0104736328125
0 0.7402357816696167 0.33019132614135743 0.009586763381958009 0.010797055562337239
0 0.4474997282028198 0.6963872909545898 0.008262872695922852 0.011376317342122395
0 0.6188311338424682 0.660499382019043 0.008336973190307618 0.011041259765625
0 0.530570125579834 0.33896234830220545 0.00845479965209961 0.012508487701416016
0 0.5681750774383546 0.3143109162648519 0.009932899475097656 0.013326485951741539
0 0.35289216433647597 0.2864794217524019 0.007889080047607421 0.010305245717366539
0 0.576683235168457 0.12461405197779339 0.007218837738037109 0.009575502077738444
0 0.4805128574371338 0.39529941876729324 0.009277915954589844 0.01146548589070638
0 0.6696656942367554 0.19079782962799072 0.00986933708190918 0.013115866978963215
0 0.6721642494201661 0.6768092473347983 0.007267284393310547 0.010045369466145836
0 0.6287656443764037 0.28393284623771375 0.007359838485717774 0.009848753611246744
0 0.2966432689863807 0.24866926999795771 0.007417058944702149 0.010192394256591797
0 0.3991008927694201 0.5670758994228108 0.008551645278930663 0.010925865173339844
0 0.3662711977958679 0.45236446062723795 0.008063912391662598 0.011638673146565755
0 0.3933416962623596 0.5078984896341959 0.00820329189300537 0.009674898783365886
0 0.42878644466400145 0.6362492243448893 0.008387517929077149 0.012330881754557292
0 0.4040234088897705 0.26704038778940836 0.007492351531982422 0.011112769444783531
0 0.41293973922729493 0.6495935757954915 0.008194637298583985 0.012022082010904949
0 0.4238362550735474 0.21677656968434655 0.00792241096496582 0.011818679173787434
0 0.6956597805023194 0.6700029691060384 0.008101844787597656 0.009924761454264323
0 0.5332943691453437 0.8146024832475129 0.00843825340270996 0.01100457509358724
0 0.700285005569458 0.4442747116088867 0.0072270393371582035 0.010486094156901042
0 0.5775112583261643 0.6199152035629729 0.007492780685424805 0.009789594014485677
0 0.42449815273284913 0.7316438674926757 0.00829768180847168 0.010271326700846356
0 0.2596638105813716 0.3878363305821963 0.008246326446533203 0.012687778472900391
0 0.43749935626983644 0.7705034573872883 0.00850977897644043 0.011401685078938802
0 0.3539487361907959 0.293081537882487 0.008419322967529296 0.011486180623372396
0 0.2858201309290006 0.36513563594715853 0.007390332221984863 0.009784348805745443
0 0.31419507221244636 0.5651619262443265 0.0073933242994911556 0.01251177958375422
0 0.24637553969596063 0.5805172920971158 0.00881511743400857 0.009099476060912081
0 0.2856170302086442 0.5124607940582104 0.0076776829263945955 0.017819807285953004
0 0.27438486444595583 0.4434564339296268 0.005118455284263099 0.00872033122504078
0 0.28078293355128464 0.44307728909375543 0.00540281391116661 0.007203751881555504
0 0.2806407542378329 0.4372005441377497 0.007962041553298107 0.009099476060912152
0 0.30708610653985874 0.41103955046262725 0.0073933242994910844 0.008341186389169409
0 0.2999771408672712 0.4121769849702413 0.005118455284263135 0.006824607045684133
0 0.2607356503545876 0.4032670813272648 0.011374345076140173 0.010236910568526198
0 0.23087799452971963 0.43189251643555093 0.007962041553298107 0.011374345076140173
0 0.2332950428583994 0.41028126079088467 0.008246400180201584 0.011374345076140173
0 0.3578441214421342 0.45028104097531085 0.006540248418780621 0.010236910568526056
0 0.43405223345227334 0.5317971806876487 0.005971531164973669 0.0072037518815555755
0 0.4390285094230847 0.5044987525049123 0.0073933242994911556 0.01554493827072477
0 0.4447156819611548 0.5008968765641346 0.00853075880710506 0.012890924419625591
0 0.46661129623272457 0.4392858407350421 0.009668193314719176 0.010995200240268801
0 0.3321096657073671 0.2307561810058057 0.006824607045684133 0.01251177958375422
0 0.3363750451109196 0.18715452488060172 0.0068246070456840615 0.009478620896783453
0 0.34547452117183175 0.18412136619363104 0.00625588979187711 0.010236910568526164
0 0.48537896560835586 0.21559038757095217 0.009099476060912081 0.010236910568526127
0 0.43391005413882155 0.13919270314287735 0.00853075880710513 0.009857765732654827
0 0.4350474886464356 0.12743921323086585 0.00625588979187711 0.00985776573265479
0 0.4641942479040448 0.11037769561665563 0.00881511743400864 0.009099476060912135
0 0.4613506616350097 0.10469052307858552 0.0071089656725875725 0.009099476060912152
0 0.609785864878639 0.1537897793239239 0.007677682926394524 0.014028358927239531
0 0.685425259634971 0.1869649524626661 0.007677682926394738 0.01289092441962552
0 0.6960887081438524 0.20630133909210435 0.008530758807104917 0.01289092441962552
0 0.6936716598151728 0.2781492854897231 0.00824640018020176 0.012511779583754183
0 0.6904015356057823 0.29009234781967025 0.009668193314719105 0.012132634747882847
0 0.7053303635182161 0.35189295606669846 0.0071089656725875725 0.010616055404397499
0 0.7009228048012119 0.3680066115912304 0.010805627822333009 0.010995200240268801
0 0.7154250947732907 0.39530503977396675 0.009668193314719105 0.014028358927239495
0 0.7248089294611063 0.44914360646769685 0.007962041553298178 0.01327006925549682
0 0.7653300337948556 0.4893329590700588 0.009383834687815664 0.010236910568526127
0 0.5588856706629117 0.4459208753627905 0.0071089656725875725 0.007582896717426735
0 0.5516345256768723 0.44857488921388994 0.0073933242994911556 0.0068246070456840615
0 0.546089532452254 0.4533141996622816 0.006540248418780692 0.007962041553298178
0 0.5520610636172276 0.4559682135133809 0.006540248418780621 0.008720331225040852
0 0.5583169534091047 0.4567265031851237 0.005971531164973527 0.006445462209812689
0 0.561587077618495 0.4510393306470536 0.0073933242994910844 0.007203751881555433
0 0.5914447334433629 0.5026030283255557 0.007962041553298178 0.009478620896783524
0 0.5917290920702665 0.575209264394917 0.007962041553298035 0.009099476060912152
0 0.6304018653291429 0.6081948651157235 0.0051184552842629925 0.007582896717426735
0 0.6932451218748173 0.6061095685184311 0.00853075880710506 0.009478620896783384
0 0.6886953838443611 0.6550192523458338 0.006255889791876967 0.01099520024026873
0 0.6986479357859838 0.6451614866131792 0.007393324299491013 0.009478620896783384
0 0.6943825563824313 0.6343558587908459 0.008530758807105202 0.012132634747882988
0 0.6579846521387829 0.6990000533069092 0.008530758807105202 0.009478620896783524
0 0.6584111900791382 0.6938815980226459 0.005971531164973527 0.007582896717426735
0 0.5385540288393111 0.6582419834507403 0.006824607045684133 0.007582896717426735
0 0.5368478770778902 0.6677206043475238 0.00625588979187711 0.009099476060912224
0 0.5762315469040253 0.757009213195224 0.0076776829263945955 0.014028358927239566
0 0.5759471882771219 0.7259193366537741 0.0071089656725875725 0.00872033122504078
0 0.6127716304611258 0.7221278882950608 0.0073933242994911556 0.013270069255496963
0 0.5450942772580918 0.6745452113932078 0.0051184552842629925 0.007582896717426735
0 0.4609241236946545 0.6045929891749457 0.00625588979187711 0.010236910568526127
0 0.49717984862485126 0.5797590024253733 0.009383834687815736 0.012890924419625591
0 0.5270375044497193 0.5435506705996603 0.005971531164973598 0.010236910568526198
0 0.3159012239738674 0.579190285171566 0.009099476060912118 0.009478620896783453
0 0.48711989211414797 0.5736061376141235 0.008866152300469991 0.011821536400626798
0 0.5483517564392693 0.5758226756892411 0.00831201778169067 0.011821536400626798
0 0.6921496640625182 0.43802789201943537 0.008866152300469991 0.014038074475744225
0 0.5577720432585187 0.3892640543668501 0.00831201778169067 0.009604998325509229
