0 0.34511512517929077 0.3715740680694581 0.007915282249450683 0.010997740427652995
0 0.44145095348358154 0.60060609181722 0.008715486526489258 0.011310323079427082
0 0.43010170459747316 0.6032615979512532 0.007322263717651367 0.00921179453531901
0 0.35398922303270214 0.6836861250606721 0.009704303741455079 0.013689422607421875
0 0.40109800100326537 0.1572183926900228 0.009048104286193848 0.011572710673014323
0 0.31033519506454466 0.5570970217386882 0.008281922340393067 0.010822359720865886
0 0.4120680809020996 0.4047459602355957 0.009460067749023438 0.012859598795572918
0 0.4387784242630005 0.3600459098815918 0.00991806983947754 0.013573137919108073
0 0.36549829244613646 0.6557533264160156 0.009456562995910644 0.0122528076171875
0 0.7282144546508789 0.292550261815389 0.007564258575439453 0.010512383778889973
0 0.2824073672294617 0.6079980214436849 0.00859220027923584 0.011493810017903646
0 0.40411264896392823 0.30564753214518225 0.00753169059753418 0.010725148518880208
0 0.4389098882675171 0.7126425107320151 0.006971311569213867 0.009217770894368489
0 0.3081308245658875 0.2998798688252767 0.009504246711730956 0.012540499369303383
0 0.3605778932571411 0.38875066439310707 0.009075450897216796 0.01121664047241211
0 0.39372280836105344 0.5283944447835287 0.00823662281036377 0.010275777180989583
0 0.43290369510650634 0.654893970489502 0.008781003952026366 0.011809857686360677
0 0.6523087024688721 0.7185067176818848 0.007992172241210937 0.009979057312011718
0 0.4491065263748169 0.705549653371175 0.008120203018188476 0.011131095886230468
0 0.6679325580596924 0.7290850003560384 0.009088611602783203 0.012049420674641926
0 0.7344387769699097 0.4078901131947836 0.007826471328735351 0.010195891062418617
0 0.4134249448776245 0.5909358660380045 0.008178472518920898 0.010310045878092448
0 0.6148034572601319 0.7448959032694499 0.007256698608398437 0.010178565979003906
0 0.6234973430633545 0.6040115356445314 0.007058906555175781 0.00979461669921875
0 0.5877988576889038 0.7166234652201335 0.007631540298461914 0.010155423482259113
0 0.5045027494430542 0.3061507225036621 0.007570505142211914 0.010571988423665364
0 0.5018675088882446 0.3720482190450032 0.008844995498657226 0.011227162679036458
0 0.4945329189300537 0.30895172754923506 0.007340335845947265 0.011084047953287761
0 0.5109602451324463 0.6288293838500977 0.008255290985107421 0.010070037841796876
0 0.6144462823867798 0.799883238474528 0.007627534866333008 0.010604667663574218
0 0.6614124774932861 0.3086740334828695 0.00834484100341797 0.010894362131754558
0 0.6414857625961303 0.4076258182525635 0.007961130142211914 0.011090691884358723
0 0.2825220108032227 0.553817621866862 0.00827341079711914 0.009851710001627604
0 0.541795802116394 0.6445804913838704 0.008182668685913086 0.009748268127441406
0 0.6326820135116578 0.330587641398112 0.006315851211547851 0.008269055684407552
0 0.6208899958210717 0.3295257280092869 0.006993627548217775 0.009737682342529298
0 0.7058722734451294 0.5807010968526205 0.008119916915893555 0.010067558288574219
0 0.2930586814880371 0.5318965593973796 0.009032249450683594 0.011703681945800782
0 0.5855591535568238 0.3217852910359701 0.008824872970581054 0.011011759440104164
0 0.6423815727233887 0.753093942006429 0.006867027282714844 0.009315554300944011
0 0.5225019931793213 0.3117141087849935 0.008334541320800781 0.011480204264322917
0 0.6886429786682129 0.21107788880666095 0.008630847930908203 0.011608552932739259
0 0.6244877099990845 0.19407806396484376 0.006915616989135742 0.009807586669921875
0 0.48504512310028075 0.6939249674479165 0.007766008377075195 0.010568491617838542
0 0.5869856119155884 0.3952595074971517 0.007675695419311524 0.010162734985351562
0 0.45762267112731936 0.4083031495412191 0.009025287628173829 0.010908794403076173
0 0.3661309599876404 0.3126262664794922 0.008446240425109863 0.011695671081542968
0 0.5494598627090455 0.5303222974141439 0.007329034805297852 0.010085868835449218
0 0.43728368282318114 0.5284342130025228 0.008257818222045899 0.010200309753417968
0 0.4218436241149902 0.20099168618520102 0.008147621154785156 0.01026762326558431
0 0.7289936542510986 0.3367610454559326 0.00878000259399414 0.010269641876220703
0 0.4973225831985474 0.1974639892578125 0.006905889511108399 0.009274133046468099
0 0.7163637638092041 0.2759789307912191 0.007568645477294922 0.010730711619059245
0 0.4098912239074707 0.5467659950256347 0.00808420181274414 0.010501162211100262
0 0.7170079469680786 0.4702088991800944 0.006745195388793946 0.008378982543945312
0 0.4708876371383667 0.5316133658091227 0.009221029281616212 0.011665058135986329
0 0.6402124404907227 0.27908126513163245 0.008527565002441406 0.011401526133219401
0 0.30915058851242067 0.4485267321268717 0.008148837089538574 0.011169052124023438
0 0.23833422660827636 0.43360344568888354 0.00857686996459961 0.011911455790201824
0 0.5491335868835449 0.714730707804362 0.007368278503417969 0.009599685668945312
0 0.44114768505096436 0.28703392346700035 0.007275915145874024 0.010292911529541015
0 0.5504581928253174 0.17111883958180743 0.007989120483398438 0.010033496220906575
0 0.33084855079650877 0.5452337900797527 0.007610893249511719 0.010187403361002606
0 0.5584972381591797 0.47761896451314284 0.008464241027832031 0.010270023345947265
0 0.5417570114135742 0.47076533635457357 0.007921791076660157 0.010180918375651042
0 0.38654385805130004 0.506864086786906 0.007419943809509277 0.009951559702555339
0 0.5475470542907714 0.808219051361084 0.008057975769042968 0.010805066426595051
0 0.3678695797920227 0.7600966771443685 0.00867307186126709 0.012571334838867188
0 0.72739098072052 0.5095400810241699 0.00825638771057129 0.010361735026041667
0 0.7133321285247802 0.39077645937601724 0.00886087417602539 0.011635684967041015
0 0.4878798484802246 0.6203785578409832 0.0069561958312988285 0.009486643473307292
0 0.6375333487403608 0.1433225983196982 0.010191583633422851 0.01254417896270752
0 0.6228533267974854 0.17003605365753174 0.00722503662109375 0.01007860501607259
0 0.38152121305465697 0.7788995742797852 0.007363343238830566 0.008916600545247396
0 0.6266059875488282 0.2344006856282552 0.006278419494628906 0.008444563547770182
0 0.3364333987236023 0.34378350575764977 0.0073177099227905275 0.009662882486979166
0 0.4231100559234619 0.2963971455891927 0.007167243957519531 0.009612210591634114
0 0.6501391172409058 0.508375883102417 0.008394479751586914 0.009723313649495443
0 0.43230204582214354 0.806413968404134 0.00772390365600586 0.010507456461588542
0 0.3346900224685669 0.7381862004597983 0.008299875259399413 0.01104138692220052
0 0.5190834045410156 0.3536708037058512 0.009622859954833984 0.012368106842041015
0 0.44765775203704833 0.5722399075826009 0.008105802536010741 0.01083787282307943
0 0.3008765697479248 0.65744047164917 0.008034944534301758 0.009888267517089844
0 0.27237302064895624 0.2683248122533163 0.007080721855163574 0.00955214500427246
0 0.4276946783065796 0.6902168909708659 0.007916975021362304 0.009873580932617188
0 0.4558809041976929 0.49271909395853675 0.008723115921020508 0.011206531524658203
0 0.6097867012023926 0.5683105786641439 0.008141803741455077 0.011007754007975261
0 0.7656786918640137 0.468684720993042 0.007461261749267578 0.009911060333251953
0 0.7086171627044677 0.31129933993021647 0.007321929931640625 0.010091431935628255
0 0.6889114379882812 0.7161033312479655 0.00820159912109375 0.010518455505371093
0 0.3763187050819397 0.31647191047668455 0.006830573081970215 0.011174742380777996
0 0.7654909200807442 0.3788206920047438 0.007003355026245117 0.00852514902750651
0 0.5779256820678711 0.3477539857228597 0.006938934326171875 0.00890493392944336
0 0.4188976287841797 0.7353012084960937 0.008268165588378906 0.010823694864908855
0 0.32143884897232056 0.24445389906565348 0.00709688663482666 0.009477504094441732
0 0.6555376052856445 0.35559493700663247 0.00846099853515625 0.011275005340576173
0 0.32417752742767336 0.735979429880778 0.008077907562255859 0.010777219136555988
0 0.5839248180389405 0.33704047203063964 0.00843219757080078 0.010625108083089191
0 0.5852018315910495 0.6893326770115112 0.006915283203125001 0.010815238952636719
0 0.7295666456222534 0.2652406930923462 0.007748651504516602 0.011241674423217773
0 0.3706751108169556 0.3550281206766764 0.009868621826171875 0.011765480041503906
0 0.5754733800888061 0.17144506772359214 0.009025239944458007 0.011193402608235677
0 0.38164873123168946 0.4209019978841146 0.007578039169311523 0.009628677368164062
0 0.3493566751480103 0.3497454484303792 0.009017038345336913 0.01130069096883138
0 0.6866010192186681 0.3268882808605689 0.008854913711547851 0.011804930369059245
0 0.678058409690857 0.40190971692403155 0.009183645248413086 0.012554963429768883
0 0.5410386323928834 0.4159381866455078 0.007731103897094726 0.009729448954264324
0 0.5864872455596923 0.6655061403910318 0.007765865325927735 0.009805742899576824
0 0.2445736289024353 0.37184042930603034 0.008012127876281739 0.011188093821207683
0 0.6338065122705072 0.6024946103212497 0.006283235549926758 0.010196749369303386
0 0.4146616220474243 0.3318703333536784 0.007842016220092774 0.01221631368001302
0 0.3806055175384417 0.33864944389769946 0.00823507308959961 0.009478505452473958
0 0.5315803766250611 0.48669393857320153 0.008741998672485351 0.012568251291910809
0 0.5631588697433472 0.6392326672871907 0.007844972610473632 0.010586357116699219
0 0.590704870223999 0.21807714303334552 0.007693958282470703 0.011297909418741862
0 0.2978448033332825 0.5993521690368653 0.008774304389953613 0.012559572855631508
0 0.2784151792526245 0.5757298151652018 0.008888816833496094 0.010918680826822917
0 0.3317213153090377 0.6701712284533058 0.010322218156597174 0.010843542305920266
0 0.33015734286106846 0.6858109529329985 0.010947807135784941 0.012928838903212636
0 0.4053844176083905 0.6916497834054173 0.01063501264619113 0.013762957542129613
0 0.3351620546945702 0.6505694404387576 0.007194273260658619 0.0116776609448371
0 0.3379772051009149 0.6443135506468805 0.01094780713578487 0.01000942366700336
0 0.36049840835167246 0.5788352374919004 0.010947807135784941 0.00834118638916948
0 0.36190598355484466 0.5713281697416478 0.0075070677502525026 0.01000942366700336
0 0.36143679182045396 0.5500581444492656 0.009696629177409478 0.01000942366700329
0 0.4103891294418922 0.560067568116269 0.008132656729440128 0.010843542305920337
0 0.41648862198897235 0.528371059837425 0.008445451219033942 0.012511779583754148
0 0.47013287695431843 0.6357638345979818 0.008758245708627897 0.012094720264295802
0 0.4777963419493678 0.6270055888893539 0.008445451219034084 0.01709943209779745
0 0.3963133774101688 0.4897930727875163 0.008758245708627967 0.011260601625378754
0 0.36049840835167246 0.4916698397250795 0.00907104019822178 0.013345898222671125
0 0.3243706448035822 0.48729071687076553 0.010635012646191022 0.011260601625378754
0 0.31326644042300034 0.48061776775942994 0.007819862239846386 0.009592364347544872
0 0.2865225115627258 0.5010536744128952 0.010009423667003326 0.015431194819963422
0 0.26056056892643586 0.48708218721103635 0.01126060162537879 0.01251177958375429
0 0.23068869517022272 0.48207747537753465 0.010322218156597208 0.015848254139421983
0 0.2699444036142515 0.542342547039284 0.01438854652131738 0.01209472026429566
0 0.29543715451615066 0.5260772335804035 0.009696629177409478 0.012094720264295731
0 0.4515216048234841 0.49500631428074726 0.009071040198221709 0.009175305028086455
0 0.4848342179652295 0.5223236997052773 0.0075070677502525026 0.01209472026429566
0 0.48921334081954343 0.5166933988925879 0.006255889791877181 0.009175305028086455
0 0.26619086973912526 0.44308242900816736 0.01000942366700336 0.010426482986461778
0 0.2375701739412876 0.372182344700227 0.008445451219034047 0.012094720264295802
0 0.2471104058739001 0.33172759071275515 0.009383834687815628 0.008758245708627897
0 0.4027256644468428 0.4660206915783834 0.006568684281470922 0.011260601625378683
0 0.4025692672020459 0.4762386449051159 0.0075070677502525026 0.010843542305920408
0 0.5153316807006305 0.4720680517105313 0.007819862239846315 0.009175305028086455
0 0.49187209398109133 0.41680769188228356 0.008445451219034084 0.011260601625378754
0 0.4954692306114207 0.4020020860415077 0.008758245708627897 0.012511779583754148
0 0.5015687231585008 0.395120607270443 0.008445451219034084 0.009592364347544872
0 0.67720282906545 0.47394481864809435 0.0068814787710648065 0.013762957542129755
0 0.5265922823260092 0.47102540341188504 0.00719427326065869 0.00959236434754473
0 0.5455163489464374 0.39553766658990147 0.007507067750252574 0.00792412706971092
0 0.5506774580247358 0.3928267810134207 0.007819862239846416 0.009175305028086372
0 0.5456727461912343 0.38907324713829516 0.008445451219034155 0.011677660944837243
0 0.5728858667858997 0.4032532639998832 0.009696629177409407 0.015014135500505005
0 0.5101705716223317 0.2962775485587849 0.010635012646190987 0.012094720264295766
0 0.43228474371346204 0.2900216587669079 0.008758245708627897 0.010426482986461849
0 0.4058536093427813 0.3267228788792535 0.009696629177409549 0.013762957542129542
0 0.37738931078974064 0.2816804723777384 0.007819862239846386 0.011260601625378754
0 0.3886499124151193 0.38073206074912563 0.008445451219034013 0.012511779583754148
0 0.3515837653982476 0.18116917638824653 0.010635012646190987 0.010426482986461778
0 0.46059264502170594 0.22746276084813702 0.009071040198221709 0.008758245708627967
0 0.46262580920406593 0.21036332875033964 0.007507067750252574 0.009592364347544837
0 0.453867563495438 0.2053586169168379 0.01063501264619113 0.008758245708627932
0 0.5081374074399717 0.18867624413849904 0.008445451219034013 0.012094720264295694
0 0.4662229458343953 0.18158623570770502 0.009696629177409478 0.011260601625378754
0 0.5555257726134407 0.12695146485864506 0.009383834687815664 0.012928838903212636
0 0.6000989873805651 0.20765244317385956 0.009071040198221851 0.00917530502808642
0 0.520805584268523 0.21995569309788446 0.0081326567294402 0.008758245708627897
0 0.4910901077571067 0.2295480574454294 0.011260601625378825 0.011260601625378754
0 0.5383220756857787 0.2576995615088763 0.010009423667003432 0.012511779583754148
0 0.5517722387383145 0.2537374979740208 0.009383834687815664 0.009592364347544837
0 0.58508485188006 0.24935837511970682 0.01094780713578487 0.012511779583754254
0 0.5911843444271402 0.25540573525185467 0.008758245708627897 0.012094720264295731
0 0.5269050768156031 0.10046819807303205 0.009696629177409478 0.012511779583754165
0 0.520649187023726 0.10192790569113672 0.011573396114972568 0.012928838903212654
0 0.634506381235889 0.16990857476286778 0.009696629177409549 0.010426482986461814
0 0.6398238875589844 0.327139938198712 0.009071040198221709 0.011260601625378683
0 0.6456105856164709 0.25123514205727 0.006881478771064878 0.008758245708628003
0 0.6349755729702798 0.2107803880697981 0.008758245708627967 0.009592364347544872
0 0.6282504914440119 0.20994626943088116 0.006568684281470922 0.012094720264295694
0 0.707543894556054 0.303367556989579 0.011260601625378683 0.010426482986461814
0 0.5198672007997412 0.2543630869532085 0.009383834687815664 0.010009423667003397
0 0.5968146452398295 0.3617558617137652 0.008758245708627897 0.012094720264295731
0 0.6157387118602577 0.3780211751726456 0.009071040198221709 0.012094720264295731
0 0.6163643008394452 0.38865618781883654 0.009696629177409544 0.01000942366700346
0 0.6227765878761194 0.3869879505410027 0.008758245708627967 0.012511779583754148
0 0.6163643008394455 0.426817115549287 0.010322218156597174 0.012928838903212708
0 0.6373215316422337 0.43307300534116405 0.01094780713578487 0.012928838903212708
0 0.6398238875589844 0.4747789372870113 0.008445451219034084 0.012094720264295731
0 0.578516167598589 0.47603011524538674 0.007819862239846315 0.012094720264295802
0 0.7220888383221683 0.4318218273827886 0.00969662917740962 0.017099432097797376
0 0.7482071782032551 0.39595472590936 0.00813265672944027 0.010426482986461849
0 0.771979559412388 0.39282678101342144 0.010635012646191058 0.014180016861588172
0 0.7145817705719157 0.44224831036925044 0.009696629177409478 0.010426482986461849
0 0.7087950725144294 0.4476700815222106 0.009383834687815522 0.009592364347544872
0 0.7158329485302911 0.4507980264181491 0.007819862239846457 0.009175305028086455
0 0.7078566890456479 0.4881248355096824 0.009383834687815807 0.011260601625378897
0 0.6914349783419705 0.49896837781560266 0.010322218156597387 0.012928838903212708
0 0.5553693753686438 0.519404284469068 0.009696629177409407 0.011260601625378754
0 0.5283126520187754 0.5279540005179666 0.007507067750252574 0.01000942366700336
0 0.6440466131685016 0.6117829237291196 0.008758245708628038 0.009175305028086526
0 0.6739184869247147 0.6005223221037409 0.009696629177409478 0.015014135500505005
0 0.685961074774078 0.5642381613108537 0.01188619060456645 0.018350610056172768
0 0.703477566191334 0.5583993308384351 0.009383834687815522 0.013345898222671054
0 0.7508659313648028 0.552143441046558 0.009696629177409478 0.009175305028086243
0 0.7627521219693694 0.5625699240330198 0.01094780713578487 0.011677660944837243
0 0.7752639015531235 0.5308734157541758 0.005943095302283296 0.00834118638916948
0 0.7777662574698744 0.5252431149414865 0.005943095302283155 0.00792412706971085
0 0.7799558188970314 0.5216981107260894 0.005943095302283155 0.00834118638916948
0 0.7286575226036394 0.5704940511027309 0.008445451219034084 0.013345898222671196
0 0.696752484665066 0.5460960809144102 0.006568684281471064 0.007924127069710992
0 0.7367901793330794 0.5623613943732906 0.012198985094160264 0.012094720264295518
0 0.5412936233369203 0.5460960809144101 0.00907104019822178 0.010426482986461778
0 0.6232457796105103 0.6278397075282708 0.008445451219034084 0.011260601625378825
0 0.6274685052200273 0.6345126566396063 0.008132656729440128 0.012928838903212779
0 0.5731986612754935 0.5567310935606011 0.006568684281470922 0.009175305028086243
0 0.709420661493617 0.6730906436895151 0.01251177958375422 0.012511779583754361
0 0.546298335170422 0.6943606689818972 0.00719427326065869 0.010843542305920266
0 0.6011937680941435 0.7183415798507593 0.009383834687815664 0.011260601625378825
0 0.6201178347145716 0.7275168848788457 0.007194273260658548 0.008758245708628038
0 0.6026013432973159 0.7454504356155601 0.010322218156597103 0.012928838903212636
0 0.6351319702150767 0.7804834184500717 0.009071040198221709 0.01209472026429566
0 0.6277812997096209 0.797791380207597 0.00938383468781534 0.010843542305920247
0 0.677515623555044 0.7504551474490617 0.01188619060456631 0.010426482986461991
0 0.7131741953687435 0.7039530333294419 0.0075070677502525026 0.01418001686158803
0 0.5430139930296866 0.739194545823683 0.010009423667003432 0.01209472026429566
0 0.5522414304727054 0.7283510035177627 0.009696629177409549 0.012928838903212779
0 0.5330045693626831 0.7846540116446564 0.01000942366700329 0.010426482986461849
0 0.43838423626054224 0.8215637614167314 0.009696629177409478 0.010843542305920266
0 0.427905620859148 0.8284452401877962 0.0081326567294402 0.013762957542129613
0 0.3517401626430444 0.783402833686281 0.009071040198221851 0.014597076181046588
0 0.3653467229403771 0.7884075455197828 0.010635012646191058 0.01209472026429566
0 0.3315649180642409 0.7100003934615898 0.009383834687815664 0.015431194819963565
0 0.47373001358464767 0.17136828238097246 0.007819862239846315 0.011677660944837208
