0 0.4307990180121528 0.23226923059534144 0.008628421359592013 0.011765148021556713
0 0.27058417002360025 0.546836824770327 0.009609349568684896 0.012758212619357638
0 0.717300542195638 0.6041195622196904 0.008814748128255208 0.011756444860387731
0 0.4401459587944878 0.19541666949236836 0.009043375651041666 0.011641467059100116
0 0.31649962531195747 0.44217840124059604 0.009790420532226562 0.013261017975983795
0 0.4827138900756836 0.2634841918945312 0.009427685207790798 0.012636707447193286
0 0.4470423168606228 0.48918490939670145 0.008770709567599826 0.01251785843460648
0 0.3683537589179145 0.7644236811885128 0.007760408189561632 0.011077428747106481
0 0.6242180930243598 0.6993197123209635 0.007936138576931423 0.011183392560040507
0 0.41806748708089186 0.7989542078088832 0.008156543307834201 0.01007667824074074
0 0.44587508307562934 0.3822321291323062 0.00870700412326389 0.011710668493200231
0 0.434337658352322 0.5902545222529659 0.010442521837022569 0.013537541142216437
0 0.6267396079169381 0.5316851863154658 0.009368599785698786 0.013289331506799769
0 0.596257570054796 0.6116386413574219 0.008978356255425347 0.013208290382667824
0 0.4645727581448025 0.7636811998155382 0.008452394273546007 0.011075733326099537
0 0.6233396530151367 0.8138587386519821 0.00845324198404948 0.01208648681640625
0 0.5755475997924805 0.4465557946099175 0.008399751451280382 0.010861629909939236
0 0.3731649398803711 0.45598082365813075 0.006602435641818576 0.009449315954137732
0 0.45093282063802076 0.8797516434280961 0.007930755615234375 0.009898998119212963
0 0.38426873948838974 0.5454967074924045 0.00907864040798611 0.012366005226417825
0 0.5711216396755642 0.8259996767397282 0.008941565619574652 0.012843379267939815
0 0.35730389489067926 0.5430135656286168 0.009688356187608507 0.012229410807291667
0 0.5438964654395851 0.688100032812409 0.010398313734266494 0.015879313151041668
0 0.41870365142822275 0.6617548342104311 0.007799233330620659 0.011232898853443286
0 0.4738500171237522 0.663428384286386 0.00892779032389323 0.012290728533709489
0 0.5305145687527126 0.7793936552824797 0.008462693956163194 0.011792952926070601
0 0.6126277711656359 0.7000177454065394 0.00809618631998698 0.01219742386429398
0 0.34503108130560983 0.47108694005895546 0.007745530870225694 0.009797103316695602
0 0.6559601889716253 0.6800016897696036 0.008086607191297742 0.010794915093315972
0 0.6775414360894096 0.34484644289369937 0.008880191379123263 0.01193731802481192
0 0.5815381368001302 0.7413433498806424 0.0089263916015625 0.011331515842013888
0 0.6136312839800555 0.39251281967948487 0.00793469746907552 0.010004735876012732
0 0.3483489566379123 0.652196220115379 0.007143953111436631 0.01005706787109375
0 0.5509456210666233 0.6613003200954861 0.008655971950954862 0.012187929506655093
0 0.48717532687717013 0.4688367349130136 0.007550557454427082 0.010367584228515626
0 0.6849141468792888 0.2834757988062741 0.007242541842990452 0.010754846643518518
0 0.35618809636974236 0.7649164256163032 0.00788646274142795 0.011197295012297454
0 0.7887499491373697 0.5956909744827835 0.009250556098090277 0.011982670536747685
0 0.6360235214233398 0.8761383339210793 0.008053970336914063 0.009940422905815972
0 0.5117027706570095 0.21878556851987485 0.008228895399305556 0.010734233149775752
0 0.6718852149115668 0.6721234639485677 0.009159766303168403 0.01246795654296875
0 0.25221737755669493 0.45977037217881944 0.008656819661458334 0.012532439055266204
0 0.42807634141710066 0.38784128824869796 0.009198676215277778 0.012477903012876157
0 0.5909836451212565 0.8887846770109954 0.008941438462999132 0.012549167209201389
0 0.675109397040473 0.7691413596824362 0.009386698404947916 0.01212474681712963
0 0.40408104790581606 0.2561421147099248 0.0072863260904947914 0.009258411548755787
0 0.3802125930786132 0.6681151496039496 0.010023795233832466 0.012676041214554396
0 0.591495810444134 0.2939434857435387 0.008728832668728299 0.011390968605324075
0 0.3552238782246907 0.5924234460901332 0.007563124762641059 0.009819991500289352
0 0.4457318200005425 0.33462371826171877 0.008265855577256944 0.010090580692997685
0 0.7659655253092449 0.4847178423846209 0.00792694091796875 0.010826789008246528
0 0.6026331159803602 0.4593707190619574 0.008792453342013888 0.010932555022063079
0 0.37878659566243494 0.47761175367567277 0.009156968858506944 0.011409816035517939
0 0.4470880932278103 0.8515792281539352 0.006924396091037326 0.009532787181712963
0 0.5526409896072706 0.3902715849780309 0.010181636783287101 0.01081518178002522
0 0.37919398413764105 0.6667586715133104 0.01047952440049913 0.013545283564814815
0 0.5246429867214626 0.3102434652822989 0.006796942816840278 0.009357452392578125
0 0.32706521352132156 0.4229137561939381 0.008965810139973959 0.010694828739872686
0 0.32508438958062064 0.6457895067003038 0.008853361341688367 0.011129139087818287
0 0.34371906051318957 0.5803873711666123 0.0068814787710648065 0.010551600782299459
0 0.3426868386975299 0.5748821881497606 0.007569626648171379 0.008716539776682098
0 0.3378698035577845 0.575570336026867 0.006193330893958233 0.00825777452527781
0 0.3099998145349721 0.6241994526757249 0.008257774525277775 0.01009283553089496
0 0.4429843917857994 0.6356685839608328 0.007913700586724488 0.011010366033703605
0 0.49046659530614645 0.644614506363217 0.00860184846383106 0.012386661787916609
0 0.4995845546778074 0.6409443843519825 0.009634070279490814 0.011469131285107893
0 0.5188526952367888 0.6198411827873838 0.006193330893958376 0.008716539776682098
0 0.5171323255440226 0.5959853897143592 0.006881478771064735 0.013304192290725325
0 0.500616776493467 0.5810755190437188 0.00825777452527781 0.011927896536512392
0 0.49046659530614645 0.5551552823393747 0.00447296120119212 0.010551600782299246
0 0.48599363410495433 0.5542377518365661 0.005849256955405053 0.007799009273873309
0 0.4854775231971245 0.5457505946855862 0.0075696266481712375 0.00825777452527781
0 0.4839291904736349 0.5397866464173301 0.005849256955404982 0.007340244022469236
0 0.5109389946500643 0.5230417147410723 0.006881478771064735 0.011469131285107964
0 0.4496938335875875 0.45032742239348766 0.006193330893958233 0.012845427039320895
0 0.39722255795821854 0.41385558490684415 0.0072255527096179864 0.015139253296342475
0 0.3764060846757474 0.4317474297116127 0.0061933308939583044 0.008716539776682098
0 0.3327086944794859 0.5326757850205631 0.00894592240238424 0.010551600782299388
0 0.3382138774963378 0.5294644282607328 0.006881478771064735 0.008716539776682169
0 0.3564497962396595 0.5028560436792822 0.0068814787710648065 0.009634070279490814
0 0.24324947045564355 0.46271408418140425 0.011010366033703676 0.01376295754212947
0 0.4643169759761003 0.38839411345390445 0.006537404832511627 0.012845427039320966
0 0.37244923438238514 0.2808136619995914 0.007913700586724488 0.010551600782299388
0 0.35834220290170227 0.24021293725030904 0.007913700586724559 0.01009283553089503
0 0.4056523694527728 0.24388305926154363 0.0075696266481712375 0.011010366033703676
0 0.4164906985171999 0.23103763222222262 0.00928999634093742 0.013762957542129648
0 0.5240138043150874 0.2984761241786577 0.006881478771064948 0.009175305028086384
0 0.5247019521921938 0.2739321832285266 0.0075696266481712375 0.011469131285107964
0 0.596613405349821 0.22415615345115789 0.006881478771064664 0.010092835530895065
0 0.6293004295123787 0.25397589479243865 0.009634070279490743 0.012845427039320966
0 0.6511491246105094 0.29985241993287065 0.005849256955405053 0.008257774525277739
0 0.600971345365135 0.30159329447447064 0.009840514642622722 0.010597477307439825
0 0.5676649881131813 0.2826692278540424 0.009083551977805512 0.011102119083984547
0 0.6740182425199879 0.28594939940158326 0.007569626648171521 0.010597477307439825
0 0.6617175992167094 0.28494011584849377 0.009462033310214082 0.009588193754350272
0 0.7357106997025837 0.3179941522121751 0.008326589312988518 0.012111402637074064
0 0.7608797083077533 0.43532336525883 0.010975958639848358 0.012616044413618752
0 0.7746942769406658 0.49537573666765555 0.009840514642622509 0.011606760860529306
0 0.6075947686822848 0.3979798737945184 0.008705070645396945 0.013625327966708269
0 0.5177054522352509 0.6727573211231359 0.007569626648171308 0.013120686190163582
0 0.5583921954691715 0.7204459690066151 0.008705070645397085 0.011606760860529306
0 0.5746668927627396 0.7095961708109028 0.007948107980579877 0.012111402637074064
0 0.6359808686129271 0.5584559587357494 0.010975958639848429 0.015643895072887375
0 0.6899144584811475 0.6235547479100225 0.008326589312988375 0.010597477307439788
0 0.7037290271140602 0.6492914785138049 0.007948107980579948 0.012616044413618823
0 0.6876435704866963 0.653580933614435 0.009083551977805512 0.011102119083984547
0 0.7147049857539085 0.6462636278545364 0.00643418265094553 0.011606760860529306
0 0.7527423596609691 0.6571134260502487 0.0075696266481712375 0.011102119083984547
0 0.773369592277236 0.6722526793465912 0.007948107980579664 0.012111402637074064
0 0.7332505710419283 0.7068206410399065 0.011732921304665354 0.012616044413618823
0 0.7218961310696713 0.6475252322958983 0.006434182650945388 0.011102119083984547
0 0.6952131971348675 0.7784797733092614 0.009083551977805512 0.0136253279667082
0 0.6102441380091448 0.5925192786525203 0.00946203331021401 0.011102119083984476
0 0.615732117329069 0.6008458679655087 0.009083551977805584 0.009588193754350272
0 0.5723960047682884 0.5713243240376406 0.010218995975031292 0.014129969743253028
0 0.48610226097913567 0.7378561102974089 0.007948107980579877 0.012111402637074064
0 0.4859130203129314 0.7522384009289343 0.007569626648171308 0.009588193754350414
0 0.4821282069888458 0.7646021244542809 0.008326589312988375 0.01009283553089503
0 0.4792895969957815 0.783526191074709 0.01021899597503122 0.009588193754350272
0 0.5101358255870795 0.7497151920462107 0.006812663983354241 0.009588193754350272
0 0.5112712695843052 0.7227168570010665 0.006055701318537032 0.008074268424715996
0 0.5074864562602196 0.7194366854535255 0.006055701318536961 0.0075696266481712375
0 0.5067294935954024 0.7434071698394012 0.007569626648171308 0.009083551977805512
0 0.5008630329430698 0.7434071698394012 0.007948107980579948 0.008074268424715854
0 0.4917794809652642 0.8723431437465855 0.008705070645396945 0.01261604441361868
0 0.5593383988001929 0.9011077250096363 0.009083551977805512 0.014634611519797574
0 0.6066485653512634 0.8688106513107724 0.006812663983354241 0.012616044413618823
0 0.5998359013679092 0.8819313375009358 0.0068126639833541 0.009588193754350272
0 0.6632315245463437 0.8155709438853009 0.00643418265094553 0.015139253296342475
0 0.6607713958856881 0.7141379467998056 0.006812663983354241 0.01009283553089503
0 0.7480113430058621 0.6457589860779918 0.007948107980579948 0.011606760860529164
0 0.6410903666004427 0.6631691273687856 0.007569626648171308 0.015139253296342475
0 0.4270591731233997 0.9016123667861811 0.008705070645397085 0.01059747730743993
0 0.47739719033373873 0.8930334565849202 0.007948107980579877 0.009588193754350414
0 0.4624471777036004 0.9119575232053485 0.007569626648171308 0.00908355197780537
0 0.4090813098339929 0.7363421849677746 0.008326589312988446 0.013120686190163582
0 0.4115414384946485 0.7270063121016969 0.008705070645396945 0.01362532796670834
0 0.4204357498062498 0.6775514180003112 0.007569626648171308 0.009588193754350272
0 0.3884540772177262 0.7393700356270432 0.007948107980579735 0.013120686190163582
0 0.3833445792302105 0.7368468267443194 0.007569626648171308 0.012111402637074064
0 0.37747811857787766 0.7368468267443194 0.007948107980579877 0.012111402637074064
0 0.3049989434216377 0.7729287137672691 0.010597477307439825 0.012616044413618823
0 0.3602572179532881 0.7328096925319614 0.006055701318537032 0.008074268424715996
0 0.3583648112912452 0.7600603484653781 0.00681266398335417 0.01009283553089503
