0 0.44240894317626955 0.41794839081940827 0.011215760972764756 0.015211119475188077
0 0.5685052871704102 0.526772760461878 0.010449176364474826 0.014597405327690972
0 0.5962176640828452 0.20918018906204788 0.011192025078667536 0.014925737734194155
0 0.8217400868733725 0.6802025971589265 0.010847557915581597 0.013872104220920138
0 0.6440994474622939 0.42745556301540794 0.009993531968858507 0.013632597746672455
0 0.7247659047444662 0.8126740349663629 0.01134431627061632 0.014819844563802082
0 0.7640579647488065 0.803615372269242 0.00990999009874132 0.013531720196759259
0 0.7630044301350912 0.41906661987304694 0.009345753987630209 0.011735139069733795
0 0.6253634982638889 0.5668192545572917 0.010142262776692708 0.014133368598090277
0 0.4991647508409288 0.6398769237377026 0.010285780164930557 0.013413492838541667
0 0.6087659623887803 0.6738928335684317 0.009419928656684028 0.013552630389178241
0 0.5202453613281249 0.8865655687120225 0.009493001302083333 0.012333453143084492
0 0.40963333977593325 0.8308770073784721 0.009187740749782985 0.01180431224681713
0 0.6736633512708876 0.41428137885199656 0.011072074042426215 0.014222999855324074
0 0.6277410295274523 0.4619439019097223 0.010309855143229164 0.014298615632233795
0 0.4544914881388346 0.26524213155110676 0.009671317206488715 0.01259118539315683
0 0.72652464972602 0.522741303620515 0.008892228868272569 0.01171253345630787
0 0.651223055521647 0.6590488292552807 0.010873709784613715 0.013431859899450232
0 0.6547290378146701 0.37817248591670277 0.008398013644748265 0.012196208812572338
0 0.7878377702501085 0.3638025637026187 0.009154001871744791 0.012696442780671295
0 0.3175731509328601 0.6348870434564681 0.008523829776032414 0.010467861128460711
0 0.34202308371147927 0.5810523290815267 0.00807520715624122 0.009271534142351072
0 0.30231998185996 0.5448634377517051 0.007177961916658866 0.007477043663186364
0 0.3220593771307718 0.5595184433315502 0.0067293392968676355 0.010467861128460924
0 0.36826178840268187 0.3331971675598285 0.007229868666056163 0.007909599908163898
0 0.7329993935428232 0.34382569243642386 0.010381349879465205 0.013841799839287034
0 0.7350385872691466 0.401170291770613 0.008898299896684421 0.009392649890944753
0 0.7021334157761987 0.42564061648649526 0.0053760561875802184 0.009392649890944753
0 0.8330125767566 0.4499873537038127 0.007971393657446556 0.012605924853636381
0 0.8000147146397283 0.760315562600685 0.006488343674665771 0.00790959990816404
0 0.5990918916592529 0.8920095550025446 0.004430113394238333 0.0060643330018908155
0 0.5972607781229677 0.8778331921409819 0.007974204109629141 0.008899605574203377
0 0.5885186876916707 0.8923639640740837 0.004548249751418112 0.00677315114496892
0 0.5936871533182821 0.8937422215745133 0.005197999715906221 0.006536878430609505
0 0.46456786941714995 0.8865239815156645 0.005896480927731318 0.011216417053639986
0 0.48324005902163236 0.9219552802458544 0.007075777113277582 0.009119890501557678
0 0.553574159854896 0.6231014645922804 0.008863252065659069 0.015654575077008275
0 0.5592144111694064 0.6126650812076082 0.008402823386923544 0.012278098099614354
0 0.5912717579263684 0.5672361182390349 0.005525144144826513 0.008287716217239805
0 0.5891422752872165 0.5710730238951643 0.0063308943326136815 0.007673811312259105
0 0.40698190506967324 0.45139812160086024 0.0057115511529024585 0.007875757145312648
