0 0.5400156021118164 0.44835030237833656 0.008438682556152344 0.0114962895711263
0 0.471279501914978 0.20816527207692462 0.01020359992980957 0.013228813807169594
0 0.6116394418262796 0.2221226601691721 0.010438966751098632 0.012459882100423177
0 0.3353112816810608 0.5024283409118653 0.008032488822937011 0.010213025410970052
0 0.7355948448181152 0.5659532864888509 0.008721256256103515 0.012066459655761719
0 0.5614469051361084 0.19897837638854982 0.010425281524658204 0.014209047953287762
0 0.48582618236541747 0.16330403486887612 0.009659528732299805 0.012303018569946289
0 0.6326586961746216 0.18826324144999187 0.008108186721801757 0.010621293385823566
0 0.5527287244796752 0.7436394691467285 0.007566404342651367 0.009704526265462239
0 0.47695443315088853 0.6738452997534746 0.007259225845336914 0.010052808125813802
0 0.6183838844299316 0.261486291885376 0.00826091766357422 0.010424073537190754
0 0.4921947717666626 0.39319356282552076 0.008544492721557616 0.010915883382161458
0 0.617815637588501 0.3234579722086589 0.007005500793457031 0.009537951151529948
0 0.7544634580612183 0.3744955062866211 0.009159231185913086 0.011600748697916668
0 0.44560129642486573 0.2444553057352702 0.00959792137145996 0.011962413787841797
0 0.5301162481307984 0.7750677108764649 0.007616662979125976 0.009771092732747396
0 0.3966595530509949 0.3080001354217529 0.00878918170928955 0.012624454498291016
0 0.6438727140426634 0.6954827626546224 0.008310365676879882 0.010965601603190106
0 0.34754639863967896 0.23240528901418053 0.008748364448547364 0.0105530579884847
0 0.5250462293624878 0.6453019142150879 0.007961320877075195 0.010342852274576824
0 0.6039534568786621 0.6713766098022461 0.008516979217529298 0.010985946655273438
0 0.30121556520462034 0.6037998835245768 0.009077000617980956 0.012811533610026042
0 0.6323797941207886 0.6616185824076335 0.008021306991577149 0.01176865895589193
0 0.6165724754333496 0.6549412409464519 0.007721805572509765 0.009892018636067708
0 0.3442593216896057 0.7404843330383301 0.00905764102935791 0.011169370015462239
0 0.3364540696144104 0.29483819007873535 0.00753939151763916 0.009857590993245442
0 0.28312003612518305 0.2734987258911133 0.008095073699951171 0.010777982076009114
0 0.663881778717041 0.16813708146413167 0.009019947052001953 0.012469911575317382
0 0.4235887289047241 0.5292054812113444 0.007993555068969727 0.010680198669433594
0 0.519831371307373 0.5587720553080241 0.008814811706542969 0.011681048075358073
0 0.5906728029251098 0.5321127732594808 0.008349370956420899 0.010015201568603516
0 0.5416265964508057 0.2391034523646037 0.00943288803100586 0.012174717585245768
0 0.6244108438491822 0.6320049921671549 0.00852808952331543 0.011048507690429688
0 0.4877004146575928 0.5926230112711588 0.00782184600830078 0.011013539632161458
0 0.2681396484375 0.5969865481058757 0.009839487075805665 0.012504514058430989
0 0.4176393985748291 0.3110669612884521 0.008203220367431641 0.01164865493774414
0 0.41500818729400635 0.423030424118042 0.008426904678344727 0.010377597808837891
0 0.3440337323113175 0.61979067924389 0.00698244571685791 0.008712323506673177
0 0.3830006837844849 0.4549211025238037 0.006519174575805664 0.008713499704996745
0 0.7172900199890136 0.3368246237436931 0.008270263671875 0.010361258188883464
0 0.6168926239013671 0.23592922687530518 0.007730674743652344 0.009486913681030273
0 0.4911039352416992 0.6596770922342937 0.008547210693359375 0.011798413594563802
0 0.5940634965896606 0.795128345489502 0.00890507698059082 0.011865679423014324
0 0.7028458118438721 0.2716143449147542 0.00917816162109375 0.011458492279052735
0 0.6467058056824322 0.6793535455577202 0.008383893966674804 0.011205991109212242
0 0.5095711469650268 0.7787192026774088 0.008360815048217774 0.01238848368326823
0 0.2668582365812122 0.43772312537061575 0.007755235279186472 0.01102966795262077
0 0.28740961007105637 0.4332423227648636 0.009047774492384199 0.006893542470387998
0 0.3320022129263787 0.48459921416925394 0.008789266649744719 0.009650959458543084
0 0.2859878169365389 0.40721919993914896 0.007755235279186507 0.010684990829101437
0 0.29697440024871974 0.40635750713035046 0.008013743121826025 0.008272250964465542
0 0.28534154732994005 0.3858492182809462 0.008013743121826025 0.008616928087984945
0 0.28353199243146315 0.3967065476718073 0.010081805862942446 0.009650959458543155
0 0.40839128042636547 0.3393178066058274 0.008013743121826025 0.01206369932317898
0 0.4239017509847385 0.33897312948230807 0.010598821548221551 0.01206369932317891
0 0.49020901262178285 0.36913237779025543 0.005687172538070158 0.010340313705581963
0 0.3040833659213073 0.3139840380271516 0.005687172538070051 0.007582896717426735
0 0.3070562061116621 0.31002025110667847 0.0069797117512677784 0.009306282335023716
0 0.3436350658451584 0.29967993740109655 0.007755235279186507 0.010684990829101402
0 0.5479855154517221 0.10528203973615546 0.008013743121826096 0.010684990829101383
0 0.5562577664161877 0.10217994562448088 0.008013743121826025 0.009995636582062595
0 0.5954217045760793 0.12958177694427309 0.010340313705582034 0.009650959458543173
0 0.5809452653882645 0.20558308268030057 0.007755235279186507 0.011374345076140173
0 0.577196901669991 0.20558308268030057 0.004911649010151393 0.00999563658206256
0 0.5880542310608523 0.4039447672657147 0.007496727436546777 0.008272250964465471
0 0.5943876732055212 0.4099766169273041 0.006204188223349192 0.011374345076140173
0 0.590510055565928 0.41531911234185487 0.006721203908628297 0.008272250964465542
0 0.5912855790938465 0.4227296704975218 0.006721203908628297 0.007238219593907402
0 0.7394105729263083 0.5051075030186583 0.007238219593907331 0.011374345076140244
0 0.7176055911132445 0.4437155083910481 0.004484968379756111 0.007574613263588361
0 0.7155126058693583 0.4394630939272793 0.00647828765964789 0.006777285551631635
0 0.6826274359378182 0.5375335863886768 0.007990242408858705 0.012220370742960469
0 0.7409092040965528 0.587355097879208 0.00658019963082495 0.012847056422086708
0 0.7398516720130275 0.6103857965870951 0.006815206760497148 0.008146913828640407
0 0.7292763511777732 0.5928385975715622 0.00634519250115261 0.008773599507766577
0 0.723988690760146 0.6288730241213175 0.008460256668203386 0.010026970866018985
0 0.6398561383374565 0.6523737370885492 0.008460256668203457 0.013787084940775856
0 0.5979073656909478 0.7206824761133009 0.007285221019841795 0.011907027903397548
0 0.666176936860756 0.7598503310586889 0.008930270927547923 0.010653656545145083
0 0.6290458103725298 0.7905579293358719 0.008930270927548065 0.007520228149514168
0 0.6130653255548122 0.7993315288436383 0.007520228149514168 0.010653656545145083
0 0.6023725011547217 0.7654905021708247 0.012455377872632739 0.01253371358252366
0 0.5608937427675578 0.8123352566855067 0.008930270927548065 0.011593685063834442
0 0.48028629728995287 0.7170790334583274 0.007050213890169488 0.007833570989077429
0 0.4847514327537269 0.7115955337659733 0.008460256668203386 0.0100269708660187
0 0.43551743908737633 0.7360362752518942 0.006345192501152539 0.01128034222427118
0 0.49767682488570436 0.6313797668378223 0.00611018537148027 0.008773599507766577
0 0.49344669655160267 0.7122222194450994 0.00658019963082495 0.01065365654514494
0 0.5134223025737497 0.6841780353042028 0.00611018537148027 0.009713628026455865
0 0.4084916191750599 0.594561983189159 0.008695263797875726 0.014727113459465216
0 0.2563245027122343 0.601142182819984 0.010340313705581998 0.007206885309951048
0 0.247981749608867 0.5541407568855206 0.007755235279186507 0.008460256668203457
0 0.2973332468400537 0.5348701722523905 0.00634519250115261 0.008146913828640407
0 0.30109336091481076 0.5365935578699876 0.004935149723118712 0.00658019963082495
0 0.37347555685388456 0.5613476421954716 0.0072852210198418275 0.009086942347329697
0 0.4910966252548794 0.49601566014656734 0.00564017111213559 0.006893542470387928
0 0.4993218747934106 0.48536200360142223 0.004700142593446373 0.007520228149514168
0 0.49109662525487946 0.5052592739136784 0.0065801996308248074 0.01096699938470806
0 0.5552535716554222 0.41752327883601326 0.005640171112135661 0.008460256668203457
0 0.6307028693443184 0.5683985370579673 0.005953511358786728 0.010380481343525432
0 0.5686489624892722 0.7225792158368028 0.007327398595429813 0.008548631694668104
0 0.5036182999548326 0.7018182531497515 0.008243323419858513 0.009769864793906465
0 0.3721830876493107 0.7757028556536687 0.007327398595429813 0.009769864793906465
