0 0.744662857055664 0.6149415757921006 0.010643259684244793 0.013908668800636575
0 0.734873284233941 0.7974200495967159 0.009977043999565973 0.013327308937355325
0 0.498539670308431 0.8815427709508825 0.01044052971733941 0.013866113733362268
0 0.4984654108683268 0.6326174135561342 0.010307269626193575 0.013694932725694444
0 0.6225071377224392 0.3648747620759187 0.011121114095052086 0.01441545839662905
0 0.4330448362562392 0.836476813422309 0.008865059746636286 0.012485080295138888
0 0.33181521097819017 0.5754472803186488 0.009519068400065105 0.013233495641637732
0 0.7888423495822482 0.6961182770905672 0.010853746202256945 0.013440732602719907
0 0.6298278172810873 0.4445585745352287 0.011128446790907118 0.015195493344907407
0 0.4520653194851345 0.2636466697410301 0.009927876790364583 0.012853947392216436
0 0.6057336383395725 0.4186672351978444 0.00954238043891059 0.012904414424189815
0 0.8261961195203993 0.5097729435673466 0.008777194552951388 0.010720881709346064
0 0.71826294793023 0.7208108972620082 0.010505421956380207 0.014140602394386574
0 0.3987529754638672 0.6867735120985243 0.010190243191189236 0.013870804398148149
0 0.7168288481754201 0.8318293005313907 0.006682361335649829 0.009145164286165328
0 0.5652351803249782 0.3816499356870298 0.010587734646267362 0.013486141628689236
0 0.6026710350671184 0.5859059491475378 0.009421075015614733 0.009869697635405928
0 0.6107462422233596 0.5426886367743211 0.006729339296867707 0.010766942874988245
0 0.546593207593221 0.4812273378629298 0.005832094057285389 0.009869697635405928
0 0.6994613652870646 0.46268426957822767 0.006953650606763375 0.013458678593735342
0 0.7027138792805507 0.4359164532640209 0.008523829776032414 0.010766942874988245
0 0.6569543720618508 0.2068198354239929 0.0076265845364500255 0.009570615888878465
0 0.6815489271575149 0.28963006357529536 0.005525144144826442 0.01074333583716264
0 0.8029839141836621 0.5494246729068941 0.008748141085928012 0.011365106368043243
0 0.7113868177262185 0.8236979531803549 0.00702153735071704 0.009362049800955959
0 0.5128862597749947 0.8833825316448415 0.007200759213914836 0.009805289142351938
0 0.5108179565965298 0.7566287417942277 0.005515475142573152 0.01123522714227832
0 0.48808213237517817 0.704986006956749 0.007402273226554499 0.010856667398946484
