0 0.4776480197906494 0.29335700670878095 0.009731197357177734 0.013122463226318359
0 0.452946138381958 0.6451650301615396 0.010242462158203125 0.012619209289550782
0 0.4436311721801758 0.46145421663920083 0.011574172973632812 0.015129947662353515
0 0.37749476432800294 0.7632325808207193 0.008750057220458985 0.011805407206217448
0 0.5702539443969726 0.4784871737162273 0.009441375732421875 0.011867586771647136
0 0.5230608283381337 0.28775220558464004 0.010108423233032227 0.014435291290283203
0 0.49733383655548097 0.20913004080454506 0.009151601791381836 0.012060658137003582
0 0.3460177659988403 0.3259454886118571 0.009255313873291015 0.012235927581787109
0 0.6695234298706054 0.5803666114807128 0.009804916381835938 0.011947186787923177
0 0.5975632667541504 0.6300168355305991 0.00959634780883789 0.012763468424479167
0 0.6130352020263671 0.31209009488423667 0.008762931823730469 0.011066722869873046
0 0.5298913240432739 0.5867087364196777 0.009578561782836914 0.012838681538899742
0 0.23596724271774291 0.42317156791687005 0.008606648445129395 0.010909493764241536
0 0.2845559597015381 0.3035419464111328 0.008995532989501953 0.012149302164713542
0 0.31485184059617344 0.41125088622760086 0.008142500549209864 0.012501617004847532
0 0.34273373641619514 0.38838608670557717 0.008635985430980214 0.010198687556586065
0 0.3644470712140881 0.39710431961685244 0.010609924958061328 0.016449496059009833
0 0.2415693356532846 0.388057096784397 0.007155530785669306 0.010856667398946413
0 0.23873179758310542 0.44892023220273347 0.007895758108324706 0.007566768187144532
0 0.25045206352514987 0.35400663994224657 0.011103409839831607 0.011185657320126694
0 0.2630359280102924 0.3036711820016765 0.008635985430980143 0.009869697635405891
0 0.4805393896505501 0.1990523870663739 0.007402273226554357 0.015133536374289101
0 0.5077881960373104 0.1649802857828255 0.005064715466090988 0.008103544745745489
0 0.5104471716570081 0.16075968956108305 0.009116487838963678 0.009116487838963714
0 0.517727700139514 0.15586379794386182 0.00671074799257056 0.006415306257048527
0 0.5062687813974832 0.15518850254838298 0.005317951239395455 0.01046707862992127
0 0.5017105374780013 0.15214967326872844 0.0063308943326136815 0.007765897048006121
0 0.5841836128236292 0.20621846497411167 0.0076006311617513945 0.013347449845026773
0 0.6347926934860224 0.2647989392939513 0.008342156153141857 0.010875699873725466
0 0.648232833954973 0.30101007637351473 0.010752112375160579 0.010628524876595442
0 0.7050014957466371 0.213883973160396 0.009616624276972345 0.01165651427511822
0 0.7598599660539123 0.3601732273131297 0.010053743562289412 0.01282216570263003
0 0.7699137096162016 0.38581755871838974 0.0065567892797538715 0.010490862847606338
0 0.7380476655857694 0.3941316497572366 0.004418299758520305 0.0082301662168517
0 0.7501005274270273 0.39863658284435544 0.006302574655536404 0.008749966188442357
0 0.7473066025797276 0.3823062004035496 0.006432524648434139 0.006064333001890745
0 0.5468604524294465 0.5391862439013454 0.006953650606763233 0.009869697635405785
0 0.6092189965804201 0.42867553855945206 0.010094008945301524 0.011963269861098027
0 0.6221168968994164 0.6184429067311202 0.007626584536450096 0.01226235160762556
0 0.7401046459044962 0.6368364341425584 0.0076265845364500255 0.012561433354152954
0 0.47250125319905867 0.7980414955208548 0.00807520715624122 0.008374288902768683
0 0.3980298983137232 0.6676418540348859 0.010318320255197052 0.010168779381933462
0 0.32198836425911864 0.72641141722753 0.00807520715624122 0.011664188114570493
0 0.49554232837766443 0.3881067215158715 0.008712918648837019 0.011122874870855668
0 0.4418246750549261 0.26672739251660876 0.009421075015614662 0.010168779381933285
0 0.383770614440522 0.3311403935962198 0.011059117918518381 0.013463273987761539
