0 0.6742712497711182 0.3805148601531983 0.009705162048339844 0.011981169382731117
0 0.39161808490753175 0.6388847351074219 0.00965709686279297 0.013410441080729167
0 0.614362645149231 0.6339902877807618 0.009119367599487305 0.011876551310221355
0 0.6063964366912843 0.43139967918395994 0.007460975646972656 0.009890333811442057
0 0.7449532270431518 0.4195561408996582 0.008281850814819336 0.010884984334309894
0 0.421039342880249 0.5163611729939778 0.0075817108154296875 0.009944407145182292
0 0.7348957777023315 0.33754884401957197 0.007968759536743164 0.010981718699137367
0 0.5248772621154785 0.3116246859232585 0.007771492004394531 0.010858599344889324
0 0.5392082214355469 0.564121691385905 0.007318878173828125 0.010282135009765625
0 0.36406368017196655 0.7182729721069336 0.007580065727233886 0.010099538167317708
0 0.436142635345459 0.462752628326416 0.008203411102294922 0.011244964599609376
0 0.6530688047409058 0.34466328620910647 0.009082651138305664 0.013529237111409504
0 0.598456621170044 0.3298055966695149 0.008852672576904298 0.01169751485188802
0 0.3629986047744751 0.14767829577128092 0.00767970085144043 0.009988880157470703
0 0.5395625591278076 0.173014505704244 0.007378768920898437 0.00983885129292806
0 0.5497785568237304 0.27193915843963623 0.008445453643798829 0.011615419387817382
0 0.3081497550010681 0.22253367900848392 0.008189892768859864 0.011315139134724934
0 0.7088405370712281 0.45550781885782876 0.007890653610229493 0.010100746154785156
0 0.4469440517677289 0.36102765401204423 0.00762939453125 0.010474332173665364
0 0.5873208999633789 0.5087211926778157 0.007519054412841797 0.009415054321289062
0 0.46788504123687746 0.6705032030741375 0.007981157302856446 0.010870424906412761
0 0.5051175832748414 0.39404993057250975 0.00786595344543457 0.009847768147786458
0 0.5685585021972657 0.32934762636820475 0.007553958892822265 0.010784943898518883
0 0.5877277851104736 0.5329527695973715 0.007940101623535156 0.010837904612223307
0 0.4144537687301636 0.2673828681310018 0.00840601921081543 0.011130539576212566
0 0.6787508964538574 0.48994151751200354 0.00798177719116211 0.010444927215576171
0 0.7053331136703491 0.5028955459594726 0.008930635452270509 0.010894012451171876
0 0.3784481883049011 0.16758579413096109 0.009004950523376465 0.013089577356974282
0 0.5276008129119873 0.39098079999287916 0.00770273208618164 0.010228570302327473
0 0.39421758651733396 0.3453852812449137 0.008404350280761719 0.011666202545166015
0 0.2562962532043457 0.484889539082845 0.008641242980957031 0.01201337178548177
0 0.44973695278167725 0.22623883088429766 0.008613920211791993 0.012274853388468425
0 0.4552666664123535 0.5933229764302572 0.00866403579711914 0.010380363464355469
0 0.4154327392578125 0.808751424153646 0.008148193359375 0.010610707600911458
0 0.7094797849655151 0.6187344551086426 0.00830216407775879 0.01055609385172526
0 0.4616884708404541 0.8149956385294596 0.00905609130859375 0.011058298746744792
0 0.7262725591659546 0.5854503949483236 0.010425138473510741 0.013787651062011718
0 0.36525958776474 0.3324338595072428 0.008549141883850097 0.010633595784505208
0 0.44922552108764646 0.31002713839213053 0.008844470977783203 0.010381348927815755
0 0.27359172105789187 0.5333351612091064 0.008569645881652831 0.011815929412841797
0 0.5337843418121337 0.8057840665181479 0.009015750885009766 0.011630566914876302
0 0.4920471668243408 0.33777810732523605 0.008572673797607422 0.011028067270914715
0 0.6934339185670341 0.735884635011474 0.009613323211669921 0.013121477762858073
0 0.6364014148712159 0.16895269552866618 0.007767581939697265 0.011128950119018554
0 0.375245201587677 0.41064349810282386 0.008329463005065919 0.011257966359456383
0 0.5970868587493897 0.3933513323465983 0.008395004272460937 0.010840415954589844
0 0.6830527544021606 0.6647233327229817 0.007816457748413086 0.010369364420572917
0 0.5788680076599122 0.23707526524861652 0.00775299072265625 0.009601211547851563
0 0.4411069393157959 0.3743582884470622 0.007810401916503906 0.011352443695068359
0 0.4169741612153181 0.4592881225443708 0.01036849021911621 0.014296150207519532
0 0.4375962018966675 0.6291588465372722 0.007687997817993164 0.009197616577148437
0 0.6279052257537842 0.5175540447235106 0.00808572769165039 0.010283501942952473
0 0.39105401039123533 0.2994369665781657 0.009414243698120116 0.012379868825276691
0 0.2969919443130493 0.44548212687174477 0.009501123428344726 0.012326304117838542
0 0.4949977397918701 0.251477042833964 0.008914661407470704 0.012133423487345378
0 0.46964206695556643 0.20824733575185142 0.007607078552246094 0.010441446304321289
0 0.4605576992034912 0.33848387400309243 0.008294200897216797 0.011980247497558594
0 0.6266590118408203 0.5962231953938801 0.007653141021728515 0.010884602864583336
0 0.6628122568130493 0.2547793388366699 0.007725763320922852 0.010689163208007812
0 0.2284875253274564 0.44412026677733996 0.008588790893554688 0.011718559265136718
0 0.4713219881057739 0.2406345129013062 0.008255720138549805 0.010742648442586262
0 0.6545216560363769 0.19201535383860271 0.009163475036621094 0.012494834264119466
0 0.4296040296554565 0.7772224108378093 0.008512639999389648 0.010838635762532552
0 0.3263217806816101 0.2794256687164307 0.0096268892288208 0.012671756744384765
0 0.5614423990249634 0.11029824813206991 0.007748556137084961 0.012611858050028483
0 0.49180171489715574 0.45930377642313647 0.008806085586547852 0.010256163279215495
0 0.3274786114692688 0.22428834438323972 0.007649016380310058 0.009673039118448893
0 0.6061676740646363 0.6579759915669761 0.007113122940063476 0.009848721822102864
0 0.6503961324691773 0.607833735148112 0.008687353134155274 0.01123199462890625
0 0.2859102845191956 0.2667039394378662 0.008168244361877441 0.010738849639892578
0 0.4684758186340332 0.2751618226369222 0.007445430755615235 0.010067399342854817
0 0.5113036394119262 0.3133170445760091 0.007582235336303711 0.010501289367675781
0 0.5230235815048219 0.35001681645711263 0.008485174179077149 0.011529541015625
0 0.6069838762283325 0.25492691198984785 0.009549188613891601 0.01215074857076009
0 0.501406979560852 0.2752454916636149 0.008539438247680664 0.011344432830810547
0 0.5879130363464355 0.22156511942545573 0.0070819854736328125 0.00911105473836263
0 0.24483413696289064 0.43277797698974607 0.008350610733032227 0.0105743408203125
0 0.6813932418823242 0.32233945528666175 0.00667572021484375 0.009013843536376954
0 0.431541895866394 0.5896178563435872 0.008120107650756835 0.009796524047851562
0 0.4751670122146606 0.7745644569396972 0.006853437423706055 0.010037676493326824
0 0.48567298935866726 0.6891207183730947 0.008610916137695313 0.011588986714680989
0 0.5894900321960449 0.7776734034220378 0.007685947418212891 0.01111297607421875
0 0.6865087270736694 0.4210936864217122 0.008713579177856446 0.01016095479329427
0 0.2824900150299072 0.5097132364908854 0.008307838439941406 0.010961659749348958
0 0.5747847318649292 0.48146451314290367 0.00910496711730957 0.010875574747721354
0 0.5699565649032593 0.5561736106872559 0.008826684951782227 0.011657524108886718
0 0.48995442390441896 0.49805431365966796 0.00922536849975586 0.011586507161458336
0 0.5077927827835083 0.11903363466262817 0.008081674575805664 0.011115765571594239
0 0.511212158203125 0.22146898110707602 0.008349800109863281 0.011334975560506187
0 0.606471872329712 0.2509101072947184 0.009031391143798828 0.01212615966796875
0 0.6682569503784179 0.6983845392862955 0.0089569091796875 0.012137603759765626
0 0.4194176435470581 0.18067413171132404 0.008439874649047852 0.011613162358601888
0 0.4298338651657104 0.41081509590148924 0.008401060104370117 0.010494454701741535
0 0.5634418487548828 0.5926481564839681 0.009498023986816406 0.011408297220865886
0 0.6834117650985718 0.2585048834482829 0.007711935043334961 0.010109138488769532
0 0.4661210060119629 0.10909791390101115 0.006839561462402344 0.009623344739278157
0 0.5883419513702393 0.3596922238667806 0.007349967956542969 0.009049415588378906
0 0.5930089473724365 0.4753683408101399 0.010151100158691407 0.01334088643391927
0 0.4030561804771423 0.7314155260721842 0.00981762409210205 0.012071800231933594
0 0.6978046894073486 0.5390036265055339 0.008373546600341796 0.010815302530924477
0 0.2698180317878723 0.5968778928120931 0.008374190330505371 0.010601488749186198
0 0.27978811496976114 0.4459797747844607 0.010635012646191058 0.012511779583754148
0 0.2308357773483229 0.4053164911372596 0.00907104019822178 0.012928838903212565
0 0.23177416081710447 0.3913450039354008 0.009071040198221745 0.01418001686158803
0 0.24616270733842177 0.392387652234047 0.009696629177409441 0.01376295754212947
0 0.2427219679528894 0.36194232191357856 0.010322218156597174 0.011260601625378754
0 0.2582052951877851 0.5602540283160822 0.011886190604566487 0.01251177958375429
0 0.26195882906291146 0.5517043122671835 0.008758245708627932 0.012094720264295731
0 0.24835226876557875 0.5279319310580506 0.007819862239846351 0.013762957542129613
0 0.3739392563375114 0.4226244528947863 0.008758245708627897 0.01000942366700329
0 0.3232665490233069 0.38175263958785594 0.010635012646191058 0.010843542305920337
0 0.39614766509867505 0.43159122826314344 0.009383834687815664 0.011260601625378825
0 0.4319626341571714 0.5049936684878347 0.007819862239846315 0.009592364347544943
0 0.4712183426012001 0.5074960244045855 0.0081326567294402 0.010426482986461707
0 0.4815405607577973 0.434719173159082 0.008758245708627897 0.01000942366700336
0 0.48998601197683145 0.4393068256731252 0.008132656729440342 0.015014135500505147
0 0.5115688317588074 0.38216969890731434 0.007507067750252574 0.013345898222671125
0 0.5089100785972596 0.3707005676222064 0.009696629177409549 0.011260601625378825
0 0.43352660660514064 0.3540181948438675 0.008445451219034084 0.012928838903212708
0 0.40130877417697364 0.464747444160092 0.00907104019822178 0.010843542305920266
0 0.402403554890552 0.4889368846886834 0.008758245708627967 0.010843542305920266
0 0.39833722652583203 0.49873777869595753 0.01000942366700329 0.009592364347544943
0 0.3936453091819242 0.4895624736678711 0.010635012646191058 0.009592364347544801
0 0.34172142390934435 0.4851833508135572 0.009383834687815664 0.011677660944837243
0 0.3407830404405628 0.4968610117583944 0.0062558897918770385 0.01000942366700336
0 0.34140862941975053 0.5064533761059393 0.009383834687815664 0.01000942366700329
0 0.3709677086863698 0.5085386727032316 0.00907104019822178 0.010843542305920195
0 0.37722359847824694 0.5125007362380871 0.009696629177409549 0.012928838903212708
0 0.3783183791918253 0.5248039861621121 0.011260601625378825 0.010009423667003432
0 0.3604890932849756 0.5262636937802168 0.0068814787710648065 0.010426482986461849
0 0.34140862941975053 0.5527469605658298 0.010635012646191058 0.011677660944837171
0 0.3335887671799041 0.5729743375595657 0.010635012646191058 0.01209472026429566
0 0.297304606387017 0.3592314363370984 0.01000942366700329 0.015848254139421983
0 0.2611768428389268 0.3292031653360884 0.010322218156597208 0.013345898222671125
0 0.29433305873587545 0.2551751361322095 0.007819862239846386 0.009592364347544872
0 0.30027615403815866 0.21263508554744526 0.008445451219034047 0.011260601625378754
0 0.3495412861491907 0.21868244567959308 0.009383834687815593 0.010843542305920302
0 0.35501518971708323 0.24871071668060318 0.009696629177409549 0.01251177958375422
0 0.36189666848814794 0.2474595387222277 0.006568684281470993 0.016682372778338818
0 0.39083015877557953 0.13631323008654472 0.00813265672944027 0.007924127069710973
0 0.3906737615307826 0.17259739087943188 0.007194273260658619 0.01126060162537879
0 0.36893454450400975 0.19282476787316782 0.00813265672944027 0.013345898222671088
0 0.417886882125448 0.20283419154017113 0.008445451219034084 0.011677660944837243
0 0.4563606043454921 0.1567491367400099 0.007194273260658619 0.012928838903212636
0 0.471531137090794 0.16967797564322254 0.008758245708628038 0.01126060162537879
0 0.48357372494015743 0.1498676579689451 0.008445451219034084 0.010009423667003343
0 0.48748365606008065 0.15695766639973913 0.007507067750252574 0.010009423667003326
0 0.47278231504916945 0.14673971307300657 0.009383834687815593 0.010426482986461814
0 0.47919460208584347 0.13839852668383712 0.00719427326065869 0.010426482986461814
0 0.4788818075962496 0.11858820900955966 0.013450163052535729 0.014180016861588048
0 0.5245498030769524 0.19574418310937708 0.008445451219034084 0.010009423667003326
0 0.5267393645041094 0.22035068295742696 0.00719427326065869 0.014180016861588065
0 0.5445686504109591 0.2514216022570832 0.009071040198221851 0.015431194819963459
0 0.5237678168529678 0.29542136045995204 0.009383834687815807 0.013345898222671125
0 0.583355167120597 0.2599713183059819 0.009696629177409407 0.013345898222671125
0 0.46073972719980605 0.25100454293762475 0.008445451219034084 0.008758245708627932
0 0.4615217134237907 0.2558007251113972 0.005630300812689342 0.006672949111335527
0 0.5714689765160306 0.19574418310937708 0.010947807135784941 0.010843542305920302
0 0.5775684690631107 0.18573475944237372 0.01000942366700336 0.010843542305920302
0 0.5821039891622216 0.1792703399907674 0.00969662917740962 0.009592364347544872
0 0.5905494403812557 0.17405709849753653 0.007819862239846457 0.011677660944837243
0 0.4666828225020892 0.10002906929365761 0.00907104019822178 0.008758245708627915
0 0.5487913760204761 0.10315701418959616 0.0081326567294402 0.012511779583754202
0 0.6582694473783252 0.15883443333730227 0.010009423667003432 0.009592364347544837
0 0.5988384943554927 0.1721803315599734 0.0075070677502525026 0.009592364347544872
0 0.6038432061889945 0.17739357305320427 0.0075070677502525026 0.009175305028086384
0 0.6099426987360745 0.18177269590751827 0.007819862239846315 0.01126060162537879
0 0.6490420099353065 0.1707206239418687 0.008445451219034084 0.013345898222671125
0 0.6596770225814974 0.17384856883780728 0.007819862239846315 0.012928838903212636
0 0.6632741592118268 0.22931745832578415 0.0075070677502525026 0.01126060162537872
0 0.6917384577648675 0.24308041586791376 0.008758245708628038 0.019601788014548198
0 0.7227051122346592 0.25350689885437544 0.01000942366700329 0.0129288389032126
0 0.6416913394298508 0.289165470668075 0.010635012646191058 0.015014135500505076
0 0.6385633945339123 0.29521283080022287 0.008758245708627897 0.012928838903212671
0 0.61322704087681 0.3552693728022429 0.010635012646190987 0.012928838903212636
0 0.570374195802452 0.37737351673354197 0.011886190604566521 0.012928838903212708
0 0.6509187768728697 0.35234995756603354 0.010322218156597245 0.010426482986461778
0 0.732088946922475 0.32002786030800195 0.009383834687815664 0.011677660944837243
0 0.7253638653962069 0.3642361481706001 0.011573396114972639 0.009175305028086384
0 0.5772556745735169 0.3965582454286316 0.011260601625378683 0.010426482986461778
0 0.5458198283693345 0.4328424062215188 0.009696629177409549 0.011260601625378754
0 0.5509809374476331 0.46370479586144575 0.0075070677502525026 0.009592364347544872
0 0.5484785815308822 0.5108324989602532 0.0081326567294402 0.011260601625378612
0 0.5553600603019471 0.5385669437042416 0.009383834687815664 0.01000942366700329
0 0.5971181246627267 0.42825475370747557 0.009071040198221851 0.012094720264295731
0 0.5852319340581602 0.39926913100511174 0.007819862239846315 0.010843542305920195
0 0.5921134128292249 0.4009373682829457 0.008445451219034084 0.010843542305920337
0 0.6149474105695764 0.4159515037834507 0.011573396114972639 0.014180016861588101
0 0.658738639112716 0.5143775031756502 0.009696629177409478 0.010843542305920337
0 0.6540467217688082 0.5229272192245489 0.00719427326065869 0.009592364347544872
0 0.6582694473783252 0.5216760412661735 0.006881478771064735 0.009592364347544943
0 0.6684352682901255 0.5262636937802168 0.010322218156597103 0.011260601625378825
0 0.6312127240284567 0.5387754733639709 0.009696629177409478 0.011260601625378897
0 0.6596770225814975 0.5402351809820755 0.009696629177409478 0.010843542305920195
0 0.6861081569521781 0.47496539748682454 0.009383834687815664 0.011260601625378754
0 0.729742988250521 0.413657677526429 0.012824574073348033 0.013762957542129613
0 0.7772877506687869 0.41178091058886596 0.009071040198221709 0.014180016861588101
0 0.7628992041474695 0.49581836345974817 0.009071040198221709 0.012928838903212494
0 0.7693114911841434 0.5510787232879957 0.008758245708627897 0.010843542305920337
0 0.7366244670215856 0.6146802695054129 0.008445451219033942 0.012928838903212565
0 0.7291173992713332 0.612177913588662 0.010322218156597103 0.013762957542129613
0 0.7034682511246371 0.6092584983524527 0.010322218156597245 0.009592364347544872
0 0.6751603498163934 0.5733913968790241 0.009383834687815664 0.01209472026429566
0 0.7217667287658776 0.6776562267436422 0.01000942366700329 0.012928838903212636
0 0.7036246483694342 0.6601397353263863 0.009383834687815664 0.011260601625378825
0 0.7050322235726064 0.6651444471598882 0.010947807135785012 0.008758245708628038
0 0.7009658952078862 0.6709832776323066 0.00656868428147078 0.009592364347544872
0 0.6377814083099277 0.6244811635126869 0.010947807135784941 0.009175305028086384
0 0.6542031190136051 0.6482535447218197 0.009383834687815807 0.011677660944837243
0 0.6452884760601801 0.6759879894658084 0.011573396114972568 0.01209472026429566
0 0.6312127240284567 0.6857888834730823 0.012198985094160406 0.012511779583754077
0 0.61119387669445 0.6728600445698699 0.008445451219034155 0.010009423667003432
0 0.5871087009957233 0.6757794598060792 0.00907104019822178 0.011677660944837243
0 0.5911750293604433 0.6857888834730823 0.00907104019822178 0.009175305028086455
0 0.5702177985576551 0.7099783240016738 0.010322218156597245 0.013345898222671054
0 0.5561420465259317 0.7045565528487137 0.010947807135784941 0.013345898222671196
0 0.5431610752077866 0.6820353495979563 0.01000942366700336 0.011677660944837243
0 0.5647438949897626 0.6636847395417834 0.011260601625378825 0.01251177958375422
0 0.5628671280521995 0.6357417651380657 0.010635012646191058 0.015014135500504865
0 0.5897674541572709 0.5967467187686986 0.011260601625378754 0.012928838903212636
0 0.5864831120165356 0.585694646803049 0.011573396114972568 0.012511779583754148
0 0.5287725286864694 0.5464910707739525 0.01188619060456645 0.014180016861588242
0 0.5270521589937033 0.5779790493930672 0.012824574073348033 0.012928838903212708
0 0.5182939132850752 0.5929931848935722 0.009696629177409549 0.011260601625378754
0 0.47982019106503115 0.6807841716395808 0.007819862239846386 0.009175305028086172
0 0.4818533552473913 0.6545094345136968 0.007507067750252432 0.011677660944837243
0 0.4860760808569083 0.6597226760069279 0.009696629177409549 0.010426482986461707
0 0.48936042299764376 0.6092584983524527 0.0075070677502525026 0.012928838903212636
0 0.49436513483114547 0.608632909373265 0.00813265672944027 0.01584825413942191
0 0.5450378421453498 0.7593998533575029 0.0081326567294402 0.012928838903212636
0 0.5287725286864693 0.7639875058715461 0.008758245708628038 0.008758245708627897
0 0.5278341452176878 0.7871342981014913 0.011886190604566381 0.01668237277833896
0 0.5109432427796197 0.79568401415039 0.008758245708627897 0.013762957542129613
0 0.49686749074789627 0.7865087091223036 0.013137368562941986 0.010426482986461849
0 0.4860760808569083 0.7848404718444698 0.008445451219034013 0.011260601625378825
0 0.5042181612533517 0.8350961198392156 0.007819862239846315 0.013345898222671196
0 0.4591757547518368 0.7854660608236574 0.010322218156597174 0.011677660944837243
0 0.46558804178851076 0.7800442896706974 0.01000942366700329 0.01000942366700329
0 0.4285218947716389 0.8094469716925196 0.00907104019822178 0.014597076181046588
0 0.4130385675367431 0.79026224299743 0.01000942366700336 0.012094720264295802
0 0.4075646639688507 0.7860916498028451 0.008445451219034013 0.009592364347544872
0 0.4074082667240539 0.7318739382732438 0.01000942366700336 0.01376295754212947
0 0.35251283380033227 0.6826609385771439 0.007819862239846386 0.011260601625378825
0 0.3462569440084552 0.6872485910911871 0.00907104019822178 0.01209472026429566
0 0.30793961903320805 0.6732771038893283 0.012511779583754183 0.01251177958375422
0 0.40631348601047534 0.617391155081893 0.009696629177409549 0.012511779583754148
0 0.40584429427608454 0.586528765441966 0.009383834687815593 0.010843542305920337
