0 0.4968124177720811 0.5314627470793547 0.009948348999023438 0.012901758264612269
0 0.6608519236246745 0.2827764723036024 0.00983428955078125 0.01302851924189815
0 0.47458570268419054 0.8113048694751881 0.007481765747070312 0.011337449815538194
0 0.320838557349311 0.3054933759901259 0.010078578525119357 0.014072926839192708
0 0.5154708014594184 0.33114115397135413 0.009731631808810764 0.012950473361545138
0 0.5904949612087673 0.48029550623010697 0.009166293674045138 0.012576802571614582
0 0.4749870088365343 0.7776887399178964 0.009076733059353298 0.011524511266637732
0 0.5241532431708441 0.5090797141746238 0.009465408325195313 0.012868245442708336
0 0.3410453584459093 0.49310158623589406 0.008574591742621528 0.010597681116174769
0 0.27893797556559247 0.40213001392505787 0.010091612074110244 0.01346390335648148
0 0.27495100233289926 0.5267627009639033 0.009447733561197916 0.012964601869936343
0 0.38609210120307075 0.35534966080277053 0.007718446519639757 0.010272866708260995
0 0.6422209209865994 0.6539660701045285 0.00808575948079427 0.011168698911313658
0 0.4473706987169054 0.8509807445384838 0.0085174560546875 0.011338636610243057
0 0.6959724002414279 0.6653661092122395 0.00965118408203125 0.013175907841435186
0 0.279268741607666 0.6825501901132088 0.008784336513943142 0.011263077347366899
0 0.5447092056274414 0.7521968417697482 0.008563359578450521 0.011116706000434028
0 0.5142796834309895 0.5309774045591001 0.008412679036458334 0.011187235514322914
0 0.4222986645168728 0.3820831298828125 0.008058293660481771 0.010580274793836806
0 0.38014308081732856 0.6330444618507668 0.008453157212999132 0.011359942400896989
0 0.6431220372517903 0.829928136754919 0.008148490058051214 0.011953057183159723
0 0.2904317855834961 0.6881179527000144 0.007784949408637153 0.010543088559751158
0 0.5963116115993923 0.8371984976309317 0.008604939778645833 0.01177074291087963
0 0.37667096455891924 0.7336099412706163 0.008746507432725694 0.012737302426938657
0 0.5585029390123155 0.46815192611129197 0.008440526326497395 0.011533468740957755
0 0.44879141913519965 0.3122010548909505 0.008270094129774306 0.01148351033528646
0 0.4772928449842665 0.3228915461787471 0.008491939968532987 0.01097903781467014
0 0.48905724419487845 0.37137154473198775 0.008485921223958333 0.011890383119936343
0 0.3203094058566623 0.5189324555573641 0.008031633165147569 0.010557217068142362
0 0.7574801550971137 0.4926020869502315 0.009009212917751737 0.01198662651909722
0 0.3634814341893043 0.5497109362997165 0.007065539889865451 0.008924187554253473
0 0.5296818415323894 0.8531047114619501 0.008519193861219618 0.010773835358796295
0 0.6062373055352105 0.5214153713650174 0.007613584730360243 0.0107421875
0 0.4809622828690713 0.6612042308154251 0.007098600599500868 0.009394779911747685
0 0.6217764748467339 0.7140292697482639 0.008989842732747395 0.011462741427951388
0 0.7641636742485893 0.5213098596643518 0.00812589857313368 0.010533424660011574
0 0.26687140994601777 0.5979016056767216 0.009421073065863716 0.012890455457899306
0 0.7016526540120444 0.35372489646629046 0.008641560872395834 0.011357512297453704
0 0.4043433719211154 0.44440754078052663 0.00775485568576389 0.010917381004050925
0 0.36238263176432217 0.4437018257709341 0.00714556376139323 0.009826264558015047
0 0.2785963466155826 0.5517906311520623 0.008162477281358507 0.010353766547309028
0 0.6599278979831271 0.5008156105324074 0.008689583672417536 0.012204092520254627
0 0.7740371280246312 0.5806038467972368 0.006953175862630208 0.009066263834635416
0 0.5301605436537001 0.9180203190556279 0.008400938245985243 0.011573339391637731
0 0.770999717425854 0.6684500476816619 0.00943239000108507 0.012548545554832176
0 0.530209732055664 0.6171520657009549 0.006933339436848959 0.009051061559606482
0 0.4861497455173069 0.2584506705955223 0.008843019273546008 0.011600720440899886
0 0.6998430675930447 0.5641409697356048 0.008469772338867188 0.011372714572482638
0 0.6419786241319444 0.21269950160273798 0.008538309733072917 0.011006574277524595
0 0.41570946765879796 0.6349848778994419 0.007488971286349826 0.010228870533130787
0 0.5484327312106142 0.7756647098924043 0.010848320855034722 0.015221263744212963
0 0.7766976674397786 0.5542884826660157 0.009835391574435763 0.012023756239149306
0 0.6770180172390409 0.39854886090313946 0.009067111545138888 0.011654889142071759
0 0.48296120961507155 0.455565826981156 0.00868695576985677 0.011756247061270255
0 0.7092381159464519 0.4171528145118996 0.007123608059353298 0.009686590124059606
0 0.41093079611561373 0.8384280171308582 0.00679497913986447 0.00984621438324471
0 0.40837145911322703 0.7694366455078123 0.008809280395507813 0.012123051396122686
0 0.6970680872599283 0.6364458154748986 0.009519068400065105 0.01293860541449653
0 0.4646927774806157 0.369598899223211 0.009129470312750456 0.016449496059009833
0 0.45655027693140565 0.369763394183801 0.006662045903899028 0.011514647241306903
0 0.44865451882308105 0.3536428880459714 0.007649015667439584 0.010198687556586136
0 0.5469813815158123 0.22533681878569464 0.011843637162487184 0.014146566610748508
0 0.6057060824464776 0.2536299520071916 0.007895758108324671 0.009540707714225683
0 0.6033620292580687 0.23421954665755995 0.0056750761403583285 0.011514647241306903
0 0.5848563461916825 0.20477494871193233 0.009622955194520699 0.013817576689568298
0 0.639139683186415 0.32337581529739334 0.010609924958061328 0.013488586768388018
0 0.619770401576931 0.324527280021524 0.01036318251717617 0.010527677477766275
0 0.6180432044907351 0.33818036175050215 0.00888272787186537 0.010856667398946484
0 0.5953428999293015 0.3342324826963398 0.010856667398946413 0.010198687556586065
0 0.6470354412947398 0.3617031411148862 0.009622955194520841 0.009869697635405857
0 0.7764518515389999 0.4293105699174167 0.007402273226554428 0.014146566610748437
0 0.6308663517366322 0.5372805154587481 0.009345666213804265 0.01348227257073404
0 0.6733048688058747 0.5493328500295559 0.007813589785311735 0.01184805771367543
0 0.6621207108778794 0.5529076950293716 0.008426420356708916 0.01286944199933707
0 0.668325620413274 0.5712926121712819 0.00888604328525659 0.01613787171345436
0 0.6452678701644617 0.5735396575997375 0.010571327356598204 0.01041811971374905
0 0.6551497631282385 0.5937630664558387 0.011030950285146019 0.01041811971374905
0 0.6370712612720268 0.5715990274569803 0.007966797428161173 0.01103095028514609
0 0.7118365909824614 0.5932523743130079 0.009498873856653631 0.00939673542808741
0 0.7035633782686019 0.5603638003147019 0.00888604328525659 0.011848057713675359
0 0.7393373628739021 0.5578103396005476 0.007507174499613427 0.011643780856542989
0 0.7637739819083578 0.5864090995990746 0.009498873856653774 0.013277995713601741
0 0.739889929218984 0.6848504643218041 0.009196763705719207 0.011365106368043172
0 0.7363009482606547 0.689187149646452 0.008748141085928012 0.010467861128460924
0 0.7351793917111767 0.7108705762696924 0.007402273226554428 0.011963269861097955
0 0.697943714268509 0.7397319648095914 0.009196763705719207 0.01226235160762556
0 0.6298652317151979 0.8369335324310131 0.009869697635405928 0.01106602462151571
0 0.5900499742087308 0.7712850890682376 0.006953650606763304 0.008374288902768683
0 0.6035086528024662 0.7223852235109992 0.007850895846345551 0.01226235160762542
0 0.5167001758728733 0.9045260071462172 0.009196763705719136 0.012860515100680345
0 0.5002132945955475 0.8094180117504877 0.008523829776032343 0.011664188114570635
0 0.5232052038598454 0.79506208791717 0.007850895846345551 0.014056842086790198
0 0.4773335409861975 0.7223852235109993 0.00807520715624122 0.013458678593735129
0 0.4612952823286628 0.8396252681497601 0.009196763705719136 0.014056842086790198
0 0.4175545768990231 0.8505417518980122 0.010542631565092648 0.014355923833317803
0 0.39344111108524726 0.8759637003528457 0.009869697635405999 0.01016877938193332
0 0.3691033339615759 0.8155491875543004 0.007850895846345622 0.011963269861097955
0 0.3667480652076722 0.8068758169050042 0.0076265845364500255 0.01016877938193332
0 0.32356813805277135 0.7771171831255228 0.009645386325510258 0.013458678593735413
0 0.36506573038345536 0.5387490311431438 0.007850895846345551 0.009869697635405928
0 0.3913101536412391 0.5854057836014265 0.007850895846345551 0.008673370649296217
0 0.3920952432258737 0.5789755260510862 0.007626584536450096 0.01016877938193339
0 0.5208499351059414 0.6129213042819522 0.008972452395823536 0.011066024621515598
0 0.49819449280648725 0.6691486726291128 0.00897245239582368 0.01226235160762556
0 0.56212321612673 0.6002103300545353 0.009421075015614733 0.01016877938193339
0 0.5631326170212602 0.5958736447298871 0.008299518466136888 0.009869697635405857
0 0.49000712999529816 0.5815177208965694 0.009645386325510258 0.013458678593735342
0 0.45994941446928933 0.5906397141656567 0.01368298990363087 0.010766942874988245
0 0.4792401871203099 0.644474428540598 0.007850895846345622 0.009570615888878465
0 0.48888557344582023 0.6434276424277519 0.007402273226554357 0.010467861128460782
0 0.46286546149793195 0.6003598709277989 0.006056405367180844 0.008673370649296075
0 0.44357468884691137 0.5083922338706075 0.011439876804675038 0.015552250819427514
0 0.36077503834607894 0.47817127724148584 0.012103403785090876 0.0122566114279401
0 0.3672863631671721 0.473983601670273 0.008273212713859479 0.01164378085654306
0 0.40754645616013546 0.2801068470864594 0.008299518466136746 0.01016877938193339
0 0.5494552943617844 0.18080131452114628 0.010752112375160437 0.010875699873725502
0 0.5574171663188382 0.3096273260842553 0.007868147135704717 0.011073688561362332
