0 0.7525329351425171 0.381804100672404 0.007863378524780274 0.010301939646402995
0 0.25403701066970824 0.4046959082285563 0.008283686637878419 0.011206658681233723
0 0.4106332302093506 0.3921167214711507 0.008592796325683594 0.011929925282796223
0 0.716240406036377 0.42149974505106613 0.007012844085693359 0.00916592280069987
0 0.5040728330612183 0.14528653621673585 0.008423280715942384 0.010883283615112305
0 0.7439766645431518 0.3593559900919597 0.008063840866088866 0.010465431213378906
0 0.35546969175338744 0.7481565793355306 0.008865571022033692 0.012402534484863281
0 0.3231972575187683 0.2813186486562093 0.01031792163848877 0.013679981231689453
0 0.3358628273010254 0.24248966375986736 0.008815336227416991 0.011888106664021812
0 0.3653134822845459 0.6409237543741862 0.009704303741455079 0.012922159830729167
0 0.521961760520935 0.4925405184427897 0.00827631950378418 0.011508878072102864
0 0.5215728282928467 0.4456641991933186 0.009123134613037109 0.012006219228108723
0 0.3429521918296814 0.3575033028920492 0.010956501960754395 0.014118607838948567
0 0.5298290967941284 0.5637542406717935 0.009169530868530274 0.011976178487141926
0 0.35650097131729125 0.5529968897501627 0.008603835105895996 0.010962804158528648
0 0.383894944190979 0.545379384358724 0.008490180969238282 0.00995343526204427
0 0.6350402593612671 0.3226019223531087 0.009342622756958009 0.01286608378092448
0 0.5528184652328492 0.1701338211695353 0.008755254745483398 0.010028378168741863
0 0.7643528699874877 0.4455554962158203 0.008907175064086914 0.011475944519042968
0 0.5292802572250366 0.6646282513936361 0.008729791641235352 0.011314328511555989
0 0.5693628311157226 0.2978703339894613 0.00868520736694336 0.012451267242431641
0 0.30196892023086547 0.3813105424245198 0.00873239040374756 0.010906823476155599
0 0.6875470399856567 0.6646133104960125 0.00839543342590332 0.011405881245930989
0 0.31861276626586915 0.5665085474650066 0.008569097518920899 0.011852137247721354
0 0.4552845239639282 0.40451124509175623 0.009389257431030274 0.012050851186116535
0 0.3821180462837219 0.7701606114705405 0.00833432674407959 0.010869344075520836
0 0.5683513641357423 0.6465001424153647 0.008823966979980469 0.011326344807942708
0 0.4785778522491455 0.169935409228007 0.007293033599853516 0.01011474927266439
0 0.6708306074142456 0.4324948310852051 0.007915639877319336 0.010451698303222656
0 0.46751813888549804 0.6296139399210613 0.008543777465820312 0.011287943522135418
0 0.5116343021392822 0.39343562126159676 0.008502674102783204 0.010517088572184245
0 0.49643380641937257 0.8137728691101074 0.007001543045043945 0.008640225728352864
0 0.34715609550476073 0.2738481680552165 0.008660507202148438 0.01038516362508138
0 0.6406735897064209 0.45336386362711595 0.008228588104248046 0.01061388651529948
0 0.44964075088500977 0.7530343373616537 0.007979488372802735 0.010254669189453124
0 0.6449166774749756 0.269648814201355 0.008347415924072265 0.011029418309529622
0 0.4786542892456055 0.15126708348592122 0.008556747436523437 0.010796101888020833
0 0.2907715439796448 0.31086705525716146 0.009000754356384278 0.012377230326334636
0 0.5732154607772827 0.22479374408721925 0.009650468826293945 0.013962920506795247
0 0.6056680202484132 0.6216726303100586 0.008239078521728515 0.0105621337890625
0 0.5592417478561401 0.26435394287109376 0.009198904037475586 0.01250108083089193
0 0.4846418142318726 0.39262445767720533 0.008736753463745117 0.011764176686604818
0 0.33496785163879395 0.5479594230651856 0.008990478515625 0.01145521799723307
0 0.47759213447570803 0.3226522286732992 0.008657741546630859 0.011959298451741535
0 0.40094469785690307 0.28868651390075684 0.008849167823791504 0.011278247833251953
0 0.7337659120559692 0.39964923858642576 0.00888514518737793 0.012334950764973958
0 0.3661877870559692 0.7677629152933756 0.008182382583618164 0.009708595275878907
0 0.44029543646759106 0.5025224817374712 0.009702301025390625 0.013181813557942708
0 0.3997530698776245 0.16193667252858482 0.009685659408569336 0.011831903457641601
0 0.473828125 0.4910761356353759 0.008118915557861327 0.010206826527913411
0 0.33910969495773313 0.18947765827178956 0.008559775352478028 0.011365334192911782
0 0.554432725906372 0.41882475217183435 0.01007537841796875 0.012001705169677735
0 0.5878764152526855 0.37685457865397143 0.01024770736694336 0.01380621592203776
0 0.7025437355041504 0.4108483473459879 0.00861949920654297 0.010703372955322265
0 0.6961274147033691 0.5377721309661865 0.009545230865478515 0.012537988026936848
0 0.4567223787307739 0.33834263483683263 0.00910792350769043 0.011804771423339844
0 0.5058054447174073 0.6751220067342123 0.008711147308349609 0.01224377950032552
0 0.5459362983703613 0.689276123046875 0.00818338394165039 0.01079851786295573
0 0.46467227935791017 0.5992449442545573 0.00905780792236328 0.012508392333984375
0 0.39332056045532227 0.434998877843221 0.00984940528869629 0.012861474355061847
0 0.43819035087372105 0.5481567216391557 0.00878129005432129 0.011913172403971354
0 0.7249836206436158 0.4978667259216308 0.008035993576049805 0.011059315999348958
0 0.4072880503345251 0.24631346332636617 0.005943095302283296 0.006672949111335562
0 0.4093212145168852 0.24339404809015683 0.005630300812689413 0.005838830472418657
0 0.5014391917022754 0.2502755268612217 0.009071040198221709 0.009592364347544872
0 0.521614436281079 0.2158681330058977 0.004379122854313949 0.00834118638916948
0 0.5275575315833622 0.21795342960319006 0.0043791228543138775 0.00917530502808642
0 0.5377233524951625 0.18000103153246902 0.007819862239846457 0.012511779583754148
0 0.5572730080947784 0.2321334464647781 0.006255889791877181 0.01000942366700336
0 0.7319687305329461 0.3036591197519061 0.00719427326065869 0.012928838903212671
0 0.721333717886755 0.3541232974063814 0.008445451219034084 0.010426482986461849
0 0.663466737311892 0.4116774834916507 0.006568684281471064 0.008758245708627967
0 0.6700354215933629 0.41605660634596453 0.005943095302283155 0.009175305028086455
0 0.7613714125547685 0.3403603398642518 0.007194273260658548 0.010426482986461778
0 0.6256186040710355 0.44545928836778687 0.00719427326065869 0.007090008430794015
0 0.6171731528520015 0.4692316695769198 0.00719427326065869 0.007924127069711063
0 0.6163911666280169 0.4767387373271723 0.007507067750252432 0.008758245708627897
0 0.7752907673416951 0.46443548740314744 0.0075070677502525026 0.01668237277833896
0 0.6859879405626497 0.5908044611990646 0.00656868428147078 0.012511779583754148
0 0.639694356102759 0.6168706686652192 0.008445451219034013 0.00792412706971092
0 0.5669696372721879 0.56202736815643 0.007507067750252574 0.011677660944837171
0 0.5591497750323415 0.6719224988337377 0.011260601625378825 0.012094720264295802
0 0.5913676074605085 0.7088322486058125 0.0075070677502525026 0.010843542305920266
0 0.52818312056255 0.6412686388535398 0.007507067750252432 0.010843542305920266
0 0.5466379954485874 0.6177047873041362 0.0050047118335015735 0.0070900084307941565
0 0.6098224823465459 0.7757702693788974 0.008132656729440342 0.009592364347544872
0 0.5320930516824731 0.762215841496497 0.006568684281470922 0.01251177958375422
0 0.5220836280154697 0.7288510959398192 0.007819862239846457 0.00834118638916948
0 0.5263063536249867 0.734898456071967 0.006881478771064878 0.007090008430793944
0 0.482827919571441 0.8397888749157729 0.006881478771064735 0.009175305028086455
0 0.41244915941282373 0.8222723834985171 0.0068814787710648065 0.010843542305920266
0 0.4271505004237349 0.8097606039147628 0.009383834687815664 0.013345898222671054
0 0.41745387124632544 0.6760930920283224 0.0081326567294402 0.00959236434754473
0 0.48861461762892733 0.6237521474362839 0.005317506323095529 0.011677660944837243
0 0.2820138572521864 0.6785954479450731 0.01063501264619113 0.01209472026429566
0 0.265748543793306 0.6120744864914468 0.008758245708627932 0.011677660944837243
0 0.44607456704416315 0.547847351294842 0.006568684281470922 0.0075070677502525026
0 0.444354197351397 0.5413829318432357 0.00813265672944027 0.007924127069711063
0 0.4649986336645914 0.48695669065390496 0.0075070677502525026 0.009175305028086313
0 0.47797960498273623 0.46506107638233524 0.00719427326065869 0.009592364347544872
0 0.47907438569631483 0.4738193220909631 0.005630300812689413 0.00792412706971092
0 0.4753208518211885 0.47361079243123383 0.005004711833501716 0.006672949111335598
0 0.5245859839322207 0.5215726141689582 0.008445451219034084 0.01251177958375429
