0 0.5710153818130492 0.19826478958129884 0.008565092086791992 0.011694622039794923
0 0.47535412311553954 0.23721555868784583 0.008450555801391601 0.011583344141642254
0 0.5811996936798096 0.6448439598083496 0.008333683013916016 0.011375363667805989
0 0.39311923980712893 0.6516493479410806 0.008115005493164063 0.011882654825846354
0 0.4066263914108276 0.26264405250549316 0.009842920303344726 0.011947218577067058
0 0.44988193511962893 0.6308213551839192 0.008163070678710938 0.01191876729329427
0 0.6364775657653808 0.5883165041605631 0.00910501480102539 0.012944857279459633
0 0.3733140826225281 0.18302816549936932 0.008407950401306152 0.012078364690144859
0 0.6057770252227783 0.6282706260681152 0.009066295623779298 0.01269830067952474
0 0.5160460233688354 0.5211974620819092 0.008114480972290039 0.010130532582600911
0 0.4953397512435913 0.5055527687072754 0.007868528366088867 0.009858131408691406
0 0.7164949417114258 0.31611496607462564 0.007940196990966797 0.011661084493001302
0 0.4407609224319458 0.44505648612976073 0.007401895523071289 0.01074368158976237
0 0.6625877380371094 0.224404772122701 0.008796977996826171 0.012168550491333007
0 0.3775774598121643 0.39571126302083337 0.007257390022277832 0.009417978922526042
0 0.4658155918121338 0.563937250773112 0.007836151123046874 0.010760116577148437
0 0.577666449546814 0.6664124806722006 0.008400678634643555 0.01129926045735677
0 0.5805475473403932 0.4102201143900553 0.00990900993347168 0.013410504659016926
0 0.39428130388259885 0.2715921481450399 0.007611298561096191 0.010266542434692383
0 0.6238609552383422 0.5292835394541422 0.008554792404174805 0.010629749298095703
0 0.7164047241210938 0.5403171857198079 0.008661460876464844 0.011247571309407551
0 0.7602024555206299 0.4792623519897461 0.009713363647460938 0.01183147430419922
0 0.671734881401062 0.445752461751302 0.006935262680053711 0.009443410237630208
0 0.5024221897125244 0.19303879737854004 0.007409286499023437 0.010777123769124349
0 0.6692383289337158 0.20745773315429689 0.008469486236572265 0.010851637522379559
0 0.28670926094055177 0.3405424435933431 0.008014440536499023 0.01061541239420573
0 0.5900103092193604 0.16091566085815429 0.007313919067382812 0.010181427001953125
0 0.4408250093460083 0.15875211556752522 0.008004140853881837 0.010313526789347332
0 0.5216212034225464 0.43549675941467286 0.007740640640258789 0.010952790578206383
0 0.6738307237625122 0.28194348017374676 0.008632230758666991 0.011909294128417968
0 0.4209924221038818 0.7256379127502441 0.0075890541076660155 0.009442710876464843
0 0.698122215270996 0.5974565505981445 0.008195114135742188 0.011960983276367188
0 0.7368049621582031 0.5955723762512207 0.008750343322753906 0.011689313252766927
0 0.2733261942863464 0.32369321187337236 0.007563900947570801 0.010101064046223957
0 0.3815752983093262 0.2686696767807007 0.008486795425415038 0.011541350682576496
0 0.4869143724441528 0.17325252691904705 0.009233427047729493 0.012600183486938477
0 0.34988353252410886 0.43041321436564134 0.007738733291625976 0.010467147827148438
0 0.4046734571456909 0.693638833363851 0.007346010208129883 0.010428555806477864
0 0.48369081020355226 0.25416776339213054 0.007674169540405273 0.011464532216389973
0 0.5203891992568971 0.25843029022216796 0.008520269393920898 0.011347262064615886
0 0.437443470954895 0.5619666735331217 0.008483457565307616 0.0110995610555013
0 0.3574683427810669 0.2470426877339681 0.006900644302368164 0.009669176737467448
0 0.30985684394836427 0.5840139389038086 0.007732248306274414 0.009871800740559896
0 0.36622328758239747 0.21750082969665527 0.008357715606689454 0.011379146575927734
0 0.40637788772583006 0.48115669886271156 0.009063053131103515 0.011412239074707032
0 0.26674809455871584 0.52182985941569 0.008796977996826171 0.011550140380859376
0 0.6067424297332763 0.14556562105814616 0.007929515838623048 0.009634113311767578
0 0.33930442333221433 0.29652202924092613 0.007542657852172852 0.010979175567626953
0 0.6814880132675171 0.5311693668365478 0.008683252334594726 0.012229442596435547
0 0.29149776697158813 0.44366068840026857 0.006629490852355957 0.008258851369222005
0 0.28813503980636596 0.5324660460154216 0.009386134147644044 0.012926387786865234
0 0.6071972131729126 0.16312103271484374 0.008302450180053711 0.010794734954833985
0 0.3924349308013916 0.5188145478566488 0.00693058967590332 0.009143797556559245
0 0.4399049520492554 0.4275227228800456 0.008576917648315429 0.011448542277018227
0 0.33696619272232053 0.3961757977803548 0.007456469535827637 0.010391426086425782
0 0.5989220142364502 0.28235565821329756 0.006816196441650391 0.008821932474772136
0 0.47645571231842043 0.3245806058247884 0.007161283493041992 0.010100364685058594
0 0.567052125930786 0.2644500414530436 0.008764362335205078 0.011732673645019532
0 0.38707181215286257 0.3642428874969482 0.008917498588562011 0.013353506724039711
0 0.4703757524490356 0.10299385786056518 0.008906221389770508 0.01292264461517334
0 0.5650112423121691 0.12961410644057597 0.008776235580444335 0.011397274335225423
0 0.7197019815444946 0.4523348331451416 0.007838773727416991 0.011110464731852211
0 0.5231898069381713 0.715013853708903 0.008594655990600586 0.010729153951009117
0 0.4682790517807007 0.5203487078348795 0.0071793079376220705 0.009608141581217448
0 0.4548551797866821 0.5992218653361002 0.009034204483032226 0.012476348876953125
0 0.3957203269004822 0.6150593121846517 0.006949734687805176 0.009921073913574219
0 0.7337421894073486 0.38822719256083166 0.00835418701171875 0.010656579335530597
0 0.43103342056274413 0.6064016977945964 0.007784366607666016 0.009731292724609375
0 0.4257498025894165 0.5290164470672607 0.010528135299682616 0.011668237050374348
0 0.5923653841018676 0.3776735782623291 0.009914255142211914 0.012636470794677734
0 0.6148160219192504 0.6614365577697754 0.008159494400024414 0.012022844950358073
0 0.3662887096405029 0.5436136563618977 0.007549571990966797 0.009906959533691407
0 0.32859413623809813 0.4794616222381592 0.00732569694519043 0.009645430246988933
0 0.5788840293884276 0.16075910727183026 0.00715341567993164 0.010206333796183268
0 0.5356969356536865 0.23537246386210126 0.00813150405883789 0.010581874847412109
0 0.3175261497497559 0.5088843822479248 0.007461118698120117 0.009824784596761067
0 0.4223958969116211 0.640259806315104 0.006558036804199219 0.009113311767578125
0 0.40917603969573973 0.22642163435618085 0.008837270736694335 0.011457363764444985
0 0.6343841552734374 0.674649461110433 0.008658504486083985 0.010915311177571614
0 0.6910451173782348 0.4730376561482747 0.008176469802856445 0.01064713795979818
0 0.5668017148971558 0.6374958356221517 0.008002042770385742 0.01131140391031901
0 0.5338531494140625 0.42224138577779136 0.007049560546875 0.008759593963623047
0 0.23770802309712571 0.4078224976857503 0.008566975593566895 0.011884721120198567
0 0.5572125434875488 0.6391611099243163 0.007249355316162109 0.010113271077473958
0 0.6253859758377075 0.704577604929606 0.007803487777709961 0.009899202982584636
0 0.5473376989364624 0.38952635129292806 0.008146524429321289 0.011050764719645183
0 0.3627436876296997 0.517416206995646 0.008761882781982422 0.010174783070882161
0 0.3946876525878906 0.534807538986206 0.007594919204711914 0.010340086619059245
0 0.7344339921603641 0.33082857535034305 0.006633615493774414 0.008684508005777995
0 0.3574610114097595 0.6294398625691732 0.006604933738708496 0.00875104268391927
0 0.5194541692733764 0.7687877972920737 0.009982538223266602 0.013085492451985677
0 0.3936142325401306 0.4228383700052897 0.0077373266220092775 0.01041762034098307
0 0.7672015190124511 0.5047956307729086 0.008323001861572265 0.010308361053466797
0 0.4170504093170166 0.1759352525075277 0.00973215103149414 0.01216290791829427
0 0.6370482206344604 0.22533767223358153 0.007799196243286133 0.009866698582967123
0 0.6792171478271485 0.6634755452473958 0.007420158386230469 0.009496434529622396
0 0.49636044502258303 0.6917939186096191 0.007351493835449219 0.010243542989095052
0 0.34641471714099675 0.23901703758721468 0.008954071998596191 0.012014420827229817
0 0.5105467081069945 0.5068960189819336 0.008501672744750976 0.01046339670817057
0 0.45005438327789304 0.3180300394694011 0.006711053848266602 0.00958112080891927
0 0.4212965726852417 0.34170543352762855 0.007848787307739257 0.010866260528564453
0 0.5265511274337769 0.3557636578877767 0.00923781394958496 0.01174799601236979
0 0.5611336469650268 0.20996455351511634 0.008529329299926757 0.011221710840861003
0 0.3452134966850281 0.3177483558654785 0.007583260536193848 0.009607315063476562
0 0.30233962535858155 0.29219247500101725 0.006625986099243164 0.010451602935791015
0 0.5066060543060302 0.4142012437184652 0.008613491058349609 0.011202780405680339
0 0.6015658855438233 0.2626355648040772 0.008661746978759766 0.010990937550862633
0 0.5868510723114014 0.31865819295247394 0.007094192504882813 0.00926831563313802
0 0.5589503765106202 0.1984246253967285 0.007497119903564453 0.009887218475341797
0 0.47990832328796384 0.2756540139516195 0.007933712005615235 0.010966968536376954
0 0.3965355396270752 0.7509719848632812 0.0076735496520996095 0.010189692179361977
0 0.323336136341095 0.6204097112019857 0.009233880043029784 0.010638936360677082
0 0.5001726388931275 0.4714711348215739 0.010009241104125977 0.012153339385986329
0 0.5471858978271484 0.48868621190389 0.007972240447998047 0.010943857828776042
0 0.24601614475250244 0.6008848508199056 0.008686017990112305 0.01231975555419922
0 0.4680973291397095 0.7521010716756185 0.007701730728149414 0.010270309448242188
0 0.7535961866378784 0.36706631978352866 0.007039117813110352 0.01002794901529948
0 0.713106918334961 0.2655176242192586 0.009024715423583985 0.012582000096638997
0 0.743364953994751 0.5826125780741374 0.00837564468383789 0.01108252207438151
0 0.41248064041137694 0.5349815209706624 0.008061885833740234 0.011139202117919921
0 0.47926208972930906 0.14657012621561688 0.00690302848815918 0.00942694346110026
0 0.44858386516571047 0.4699362595876058 0.008793306350708009 0.012238025665283203
0 0.5138063669204712 0.4004230340321859 0.00777583122253418 0.012102667490641277
0 0.7210689067840577 0.5028048197428385 0.008902931213378906 0.010952695210774738
0 0.24645330967401782 0.5508774132159678 0.009852425664543958 0.014012338722907103
0 0.3100014552103263 0.5624813812208751 0.012808153363907166 0.014450224307997814
0 0.33840928254309466 0.5143139668608825 0.010509254042180203 0.014450224307997814
0 0.3157487035146436 0.4924196876063403 0.010509254042180309 0.009195597286907713
0 0.30819517717182654 0.4974553718348851 0.009195597286907713 0.012260796382543689
0 0.29932799407373706 0.4908870880585223 0.009852425664543923 0.013136567552725253
0 0.24530386001315435 0.4884787173405228 0.009524011475725836 0.013574453137816108
0 0.3057320707556906 0.45695095521398216 0.010180839853362187 0.011822910797452764
0 0.3625477254212275 0.5055562551590655 0.010180839853362045 0.014450224307997814
0 0.3878356179602235 0.4799399484312514 0.006239869587544575 0.010509254042180203
0 0.5226496424700664 0.4608919254797997 0.009195597286907713 0.0126986819676344
0 0.361398275760364 0.44250073090598435 0.008538768909271468 0.01007136845708942
0 0.36024882609950043 0.4234527079545327 0.0095240114757258 0.01401233872290689
0 0.32100333053573366 0.43133464848616787 0.009852425664543958 0.01138502521236191
0 0.3420218386200941 0.4065941129285353 0.007225112153998907 0.011822910797452693
0 0.38767141086581447 0.41162979715708 0.007881940531635151 0.01138502521236191
0 0.41558661691535564 0.410097197609262 0.009195597286907713 0.01269868196763447
0 0.42675269933517207 0.39433331654599174 0.006568283776362591 0.009195597286907642
0 0.3980164578135856 0.38426194808890235 0.008867183098089483 0.011822910797452693
0 0.3096730410215082 0.3634623827970873 0.00755352634281703 0.012260796382543546
0 0.294237574147056 0.3798830922379939 0.008867183098089555 0.010947139627271056
0 0.27765265761174035 0.3945522593385371 0.007881940531635151 0.013136567552725253
0 0.28963977550360215 0.4306778201085317 0.008210354720453275 0.01620176664836116
0 0.25154372960069893 0.4302399345234407 0.01018083985336208 0.0126986819676344
0 0.24218392521938215 0.43724610388489427 0.009195597286907678 0.013574453137816108
0 0.24349758197465468 0.3873271471845382 0.0072251121539988715 0.014450224307997743
0 0.2375861265759283 0.3628055544194511 0.008538768909271396 0.014450224307997814
0 0.5269190269247023 0.4114108543645345 0.009195597286907713 0.014450224307997743
0 0.4978543712142976 0.36674652468526875 0.006896697965180749 0.010947139627271056
0 0.48307573271748167 0.3413491607499999 0.01083766823099829 0.017953308988724503
0 0.5549984400686525 0.3150760256445493 0.0095240114757258 0.013574453137816071
0 0.5609098954673788 0.3218632522134574 0.007553526342817065 0.014888109893088667
0 0.5827494390237845 0.3098213986234592 0.007881940531635151 0.010947139627271021
0 0.5771663978138764 0.30215840088436946 0.007881940531635222 0.010509254042180203
0 0.46353508848280284 0.29646588827818854 0.008538768909271396 0.012260796382543581
0 0.3106582835879626 0.35076370082945296 0.008867183098089591 0.013136567552725182
0 0.3768337426348161 0.3461659021859991 0.010509254042180203 0.014450224307997814
0 0.3147634609481892 0.32470950851654784 0.008538768909271396 0.012698681967634436
0 0.29144605354210185 0.2896786617092805 0.009852425664543923 0.0126986819676344
0 0.2778168647061494 0.2916491468421893 0.00886718309808952 0.014012338722906961
0 0.36189089704359106 0.3039099432247328 0.0095240114757258 0.010509254042180166
0 0.3638613821764999 0.3104782270010955 0.006239869587544505 0.008757711701816823
0 0.32001808796927933 0.2270610230412901 0.010509254042180238 0.013574453137816071
0 0.5395629731942002 0.2599024419231032 0.00821035472045331 0.010947139627271056
0 0.5321736539457923 0.2649381261516479 0.007881940531635294 0.011385025212361875
0 0.3431712882809576 0.16772752626148096 0.008867183098089555 0.010509254042180203
0 0.34891853658527494 0.19159229064893185 0.008538768909271468 0.011822910797452764
0 0.35680047711691004 0.20188260189856663 0.010509254042180274 0.01138502521236191
0 0.3274074072176873 0.2034152014463846 0.007553526342817065 0.010947139627271056
0 0.4385756101326248 0.20078788793583954 0.009195597286907713 0.011822910797452728
0 0.44580072228662376 0.20166365910602124 0.007881940531635222 0.012698681967634436
0 0.4612361891610759 0.16663281229875387 0.010509254042180274 0.013574453137816125
0 0.5042584478962511 0.18086409381420623 0.008538768909271396 0.010509254042180166
0 0.4543394911958951 0.2533341581467406 0.009852425664543958 0.010947139627271056
0 0.5907955866498288 0.331058849500365 0.007553526342816994 0.010509254042180203
0 0.6147698224335524 0.17976937985147912 0.009524011475725729 0.011822910797452728
0 0.6169045146608703 0.18765132038311427 0.007225112153998765 0.010071368457089384
0 0.6674802997388625 0.17101166814966232 0.008538768909271396 0.010947139627271056
0 0.6742127906096342 0.18874603434584142 0.010837668230998219 0.01138502521236191
0 0.6919471568058134 0.20122577352093038 0.007553526342816923 0.01445022430799778
0 0.7162498067783549 0.3542667855101797 0.008867183098089697 0.014888109893088596
0 0.7239675402155811 0.35120158641454374 0.007225112153999049 0.01138502521236191
0 0.7600931009855756 0.3608350692865423 0.00919559728690757 0.011385025212361838
0 0.7648551067234385 0.41184873994962545 0.00821035472045338 0.01269868196763447
0 0.7022922037535844 0.35098264362199844 0.007225112153998907 0.009195597286907642
0 0.6981870263933578 0.3573319846058156 0.010837668230998219 0.014012338722906961
0 0.6906335000505408 0.35317207154745256 0.00952401147572587 0.014450224307997814
0 0.6627182940009996 0.38820291835471993 0.00821035472045338 0.013574453137816108
0 0.5986775271814639 0.3404733895798182 0.0095240114757258 0.01269868196763447
0 0.6162476862832339 0.40112054311489975 0.007881940531635151 0.01138502521236191
0 0.6679729210220896 0.39017340348762874 0.007553526342816923 0.010509254042180203
0 0.6681371281164988 0.39849322960435474 0.008538768909271539 0.01138502521236191
0 0.6679729210220897 0.40965931202417116 0.008867183098089697 0.010071368457089279
0 0.6617330514345451 0.44644170117180193 0.00821035472045338 0.010947139627271056
0 0.6743769977040432 0.4775315777132517 0.009195597286907713 0.0126986819676344
0 0.6525374541476375 0.46264346782016313 0.008210354720453238 0.011822910797452693
0 0.6126351302062345 0.46242452502761766 0.009195597286907642 0.010509254042180274
0 0.5684634218101958 0.4880408317554319 0.00821035472045331 0.009195597286907713
0 0.5682992147157868 0.49395228715415834 0.007225112153998907 0.007881940531635222
0 0.6504027619203196 0.5313915046794253 0.010509254042180203 0.013574453137816179
0 0.6628825010954086 0.5348945893601521 0.010509254042180345 0.013574453137816037
0 0.6952312986939946 0.5318293902645161 0.010180839853362045 0.015325995478179522
0 0.7027848250368116 0.5246042781105172 0.008867183098089412 0.009633482871998637
0 0.7126372507013556 0.5180359943341546 0.008867183098089555 0.012260796382543617
0 0.5602530670897425 0.5502205848383315 0.0095240114757258 0.01269868196763447
0 0.5694486643766502 0.5633571523910567 0.007553526342817065 0.011822910797452835
0 0.5756885339641947 0.5758368915661457 0.0095240114757258 0.013136567552725253
0 0.5770021907194672 0.586346145608326 0.010180839853362045 0.01226079638254376
0 0.6006480123143727 0.6005774271237783 0.008867183098089555 0.0126986819676344
0 0.6198602423602333 0.5644518663537837 0.011822910797452693 0.013136567552725182
0 0.645969170371275 0.6108677383734131 0.00952401147572587 0.012260796382543617
0 0.6717496841934982 0.6371408734788636 0.010509254042180203 0.013136567552725253
0 0.6618972585289542 0.6500584982390433 0.009852425664543887 0.013574453137816108
0 0.6533584896196828 0.6375787590639544 0.011822910797452693 0.012260796382543617
0 0.646297584560093 0.6437091572552263 0.010180839853362045 0.014012338722906819
0 0.7173992564392185 0.5819672897574175 0.009195597286907713 0.013136567552725253
0 0.7224896763658996 0.5751800631885096 0.00952401147572587 0.01620176664836123
0 0.5277400623967475 0.5874408595710531 0.008867183098089555 0.010071368457089492
0 0.5413692512327001 0.604080511804505 0.008538768909271396 0.011822910797452693
0 0.5561478897295159 0.616560250979594 0.007225112153998907 0.009633482871998637
0 0.5435039434600178 0.6301347041174101 0.012151324986270851 0.012260796382543475
0 0.5293821333408382 0.6483069558986801 0.008867183098089555 0.013574453137816108
0 0.5131256309943406 0.6402060725744996 0.008538768909271396 0.010509254042180203
0 0.631190531874459 0.6969122558437636 0.01083766823099829 0.014450224307997814
0 0.606066846429872 0.785584086824659 0.011822910797452835 0.016639652233452012
0 0.6540153179973192 0.7665360638732074 0.010509254042180203 0.011822910797452835
0 0.6285632183639138 0.7538373819055729 0.01083766823099829 0.017077537818542793
0 0.5658361082996508 0.7737611760272063 0.0095240114757258 0.014012338722907032
0 0.5904671724610107 0.8217096475946535 0.00821035472045331 0.0126986819676344
0 0.4587730827449399 0.6864030018015832 0.008867183098089555 0.01357445313781625
0 0.4873451171721173 0.7728854048570245 0.010180839853362116 0.012260796382543617
0 0.5198581218651124 0.7952175696966576 0.008867183098089555 0.010509254042180203
0 0.5177234296377945 0.811638279137564 0.009852425664543816 0.00919559728690757
0 0.44974169255244134 0.7207770202312145 0.010509254042180274 0.01401233872290689
0 0.4085257118557658 0.8030995102282926 0.0095240114757258 0.015763881063270303
0 0.39834487200240365 0.7315052170659401 0.008867183098089555 0.014450224307997814
0 0.411809853743947 0.7212149058163052 0.010837668230998361 0.01138502521236191
0 0.39111975984840475 0.698225912599036 0.012151324986270851 0.01007136845708942
0 0.38126733418386083 0.7227475053641232 0.008867183098089555 0.011822910797452835
0 0.4722380644864832 0.7341325305764852 0.0095240114757258 0.011822910797452693
0 0.359263583533046 0.7579972949639361 0.008210354720453238 0.014888109893088454
0 0.34399232375300287 0.7343514733690306 0.009852425664543887 0.012260796382543617
0 0.3715791156137259 0.6629761229992233 0.008538768909271396 0.01401233872290689
0 0.3377524541654584 0.6537805257123156 0.009852425664543958 0.012260796382543475
0 0.40425632740113004 0.6113056239585039 0.00821035472045331 0.013136567552725182
0 0.40425632740113004 0.6494016698614072 0.0095240114757258 0.013136567552725324
0 0.4085257118557658 0.6575025531855877 0.0095240114757258 0.0126986819676344
0 0.40540577706199343 0.669106521190495 0.009195597286907642 0.012260796382543617
0 0.4055699841564025 0.6809294319879479 0.008867183098089483 0.01138502521236191
0 0.44383023715371495 0.6537805257123156 0.009852425664543958 0.013136567552725324
0 0.2737116873459227 0.6868408873866741 0.009852425664543923 0.0126986819676344
0 0.28635563361542077 0.5760558343586911 0.00952401147572587 0.013574453137816108
0 0.29456598833587405 0.5745232348108732 0.011494496608634606 0.016639652233452082
0 0.5553268542574705 0.4836619759045234 0.006896697965180749 0.009195597286907642
0 0.5520427123692891 0.4799399484312514 0.006896697965180678 0.007881940531635151
0 0.5710907353207408 0.10970768623694437 0.008867183098089555 0.01182291079745271
