0 0.5306980344984267 0.3590091564037181 0.010088729858398437 0.01290119312427662
0 0.493429946899414 0.39234790095576527 0.009209357367621528 0.011273052074291088
0 0.3660061306423611 0.8632586161295573 0.009399159749348959 0.013113911946614583
0 0.4681467692057291 0.7982390227141204 0.009984758165147569 0.014025652850115741
0 0.45545569525824653 0.7251406916865597 0.009762234157986112 0.01301659478081597
0 0.596931372748481 0.7975164060239439 0.010118696424696181 0.013874590838396992
0 0.5766012264271909 0.601194197671877 0.009929063585069444 0.014355129665798612
0 0.4423530578613281 0.6635684543185764 0.010454220241970487 0.014441257052951389
0 0.603060531616211 0.9010544388382523 0.010481092664930556 0.015219568323206019
0 0.4368904113769531 0.7313458195439091 0.009788937038845487 0.013122389051649306
0 0.3275628089904785 0.506031573260272 0.008899116516113281 0.011501397026909723
0 0.4504112879435221 0.5571802209924769 0.00977338155110677 0.013654355649594907
0 0.4694725884331597 0.9416595741554542 0.010583665635850694 0.013281193485966436
0 0.4219719780815973 0.8371328283239294 0.008338250054253472 0.010902461299189814
0 0.5867365095350479 0.8267576994719329 0.009674326578776041 0.012891642252604167
0 0.5295040130615234 0.21217126493100763 0.010159979926215278 0.013354308516890914
0 0.47384991115993924 0.5659144648799189 0.009791056315104166 0.013159631799768519
0 0.5097793791029188 0.23564443941469548 0.010538016425238715 0.015322324964735243
0 0.5372123331848557 0.5991559231068275 0.008097457885742187 0.010643287941261575
0 0.2553329255845812 0.6534123456036603 0.009278784857855903 0.011713946307146991
0 0.446389283074273 0.23461739575421364 0.010558785332573786 0.0143394046359592
0 0.5610436545477974 0.9339849683973525 0.00943616231282552 0.013137986924913194
0 0.30757804446750214 0.7711317839445891 0.010507583618164062 0.013798240379050926
0 0.4832601547241211 0.49991644400137436 0.009994718763563368 0.01368572093822338
0 0.3096200942993164 0.36944243819625283 0.009473588731553819 0.012497513382523149
0 0.5935632493760851 0.5384264062952112 0.010433620876736112 0.013955971046730324
0 0.41885555771834954 0.34767262003110827 0.007731084238282464 0.009561392020837467
0 0.7288761562771268 0.6255373354311343 0.010819837782118057 0.012782570167824074
0 0.7304286532931857 0.6403854935257524 0.010453287760416667 0.01310481318721065
0 0.48483920627170135 0.46219506440339264 0.009724256727430556 0.012340319598162614
0 0.6846967909071181 0.8060743261266637 0.01013861762152778 0.012646314832899306
0 0.36717611948649087 0.4608310416892723 0.01003701951768663 0.012245828134042245
0 0.37797728644476997 0.5994787993254486 0.009562344021267362 0.013463620786313657
0 0.7260496775309245 0.44207790516040935 0.008199479844835069 0.01077250727900752
0 0.5714641147189671 0.45875424985532404 0.00839903089735243 0.011997929325810185
0 0.6526890224880643 0.8964756718388311 0.009707302517361112 0.01362858525028935
0 0.5719335767957899 0.48332700376157406 0.008631981743706597 0.013031005859375
0 0.5949392530653211 0.43817710876464844 0.011518266465928819 0.014524756537543402
0 0.7719367133246527 0.47911026566116893 0.008451673719618056 0.01144443088107639
0 0.747035641140408 0.6160518222384983 0.008990139431423612 0.011636974193431713
0 0.2630782869127061 0.7412373578106916 0.008544201321072049 0.012128194173177086
0 0.5459833568996854 0.8778737951208043 0.010855738321940105 0.013666449652777777
0 0.4053384780883789 0.5323498478642216 0.010367372300889757 0.012653096516927082
0 0.6753552126636965 0.66821768678136 0.0059375544048441975 0.009135803424484315
0 0.6426938798692491 0.2762942278826678 0.010312143961588542 0.01396636962890625
0 0.31282516055636933 0.5059046427408854 0.009665171305338541 0.012711136429398149
0 0.7260134379069011 0.7324039035373263 0.00868954128689236 0.01125499584056713
0 0.4280564202202691 0.612231953938802 0.009353807237413194 0.01303066677517361
0 0.31672939334041533 0.6903425211130796 0.006955189175075954 0.009197263364438657
0 0.6124115414089626 0.6233688354492187 0.011209021674262153 0.014595201280381944
0 0.4942043863388502 0.9385845292080117 0.008189010620117187 0.011006673177083336
0 0.5254806094699436 0.4737961239284939 0.008995903862847222 0.012806560375072338
0 0.41802170332449173 0.8172366300283538 0.007873238457573786 0.010941455982349538
0 0.49771872626410585 0.5592243335865161 0.008147345648871528 0.010489343713831019
0 0.4762496100531684 0.3583598384150752 0.008104112413194444 0.011200516312210649
0 0.3020838101704915 0.45026452806260847 0.011115031772189669 0.014259818748191551
0 0.5468457539876302 0.7250709816261575 0.009747399224175347 0.012847335250289351
0 0.34959751513049137 0.550376921275313 0.00448382277311545 0.007444818954865842
0 0.35401809926513184 0.7332597065140254 0.007003360324435766 0.01045215747974537
0 0.6232090420193142 0.36490882590964996 0.00948910183376736 0.01263427734375
0 0.5241750297325624 0.5824096313236077 0.00711212158203125 0.010253171567563658
0 0.6715816643377782 0.7662972991136721 0.006527632022028132 0.009009542335360506
0 0.7015892028808594 0.728676661738643 0.007947031656901042 0.011006842719184028
0 0.5813461727566189 0.48795900698061345 0.010142601860894097 0.014118901005497685
0 0.4964903089735243 0.44170537877965854 0.009159935845269097 0.012609806767216436
0 0.5152494430541992 0.7806260568124277 0.008220121595594617 0.011776789912471063
0 0.7363796657986111 0.3584106727882668 0.008740573459201388 0.011248157642505786
0 0.6041277920870207 0.2539618712396809 0.0060930529538874316 0.007294792971865322
0 0.4185459560818142 0.38825158013237854 0.008840179443359375 0.011580855758101851
0 0.6316478517320421 0.9171734562626591 0.009119372897677952 0.011695183648003472
0 0.7734210968017579 0.6821933039912471 0.009741634792751737 0.01168670654296875
0 0.49994153596081164 0.3838074558626752 0.00807520715624115 0.012561433354153025
0 0.6117607239437627 0.24129500364234446 0.007402273226554428 0.009271534142350966
0 0.5944887530818024 0.2441362802343552 0.006505027986972109 0.0071779619166588305
0 0.5954981539763325 0.25340781437670623 0.004934848817702999 0.007776125409713721
0 0.5953859983213847 0.25834266319440913 0.005159160127598526 0.0056825531840215505
0 0.5993114462445576 0.23935097228991598 0.005832094057285246 0.008972452395823538
0 0.7105698559527696 0.3518057089842378 0.008523829776032414 0.009570615888878465
0 0.723916378891557 0.4280715543487379 0.00471053750780726 0.007177961916658902
0 0.7205517092431232 0.4312119126872762 0.005159160127598455 0.006878880170131368
0 0.674904357679371 0.676758026586314 0.005383471437494194 0.006280716677076441
0 0.661782146050479 0.6673369515706993 0.006056405367180844 0.007776125409713757
0 0.6680628627275556 0.7655853053049672 0.0038132922682250128 0.008673370649296004
0 0.4962403993475345 0.9510159881519872 0.005607782747389791 0.008673370649296004
0 0.44218137366269766 0.821364051032337 0.008299518466136817 0.009570615888878536
0 0.5738521125714082 0.610212337983956 0.00874814108592787 0.010766942874988245
0 0.48491267819780726 0.6190352495065159 0.005832094057285246 0.005682553184021586
0 0.4871557912967631 0.6230728530846364 0.0058320940572853175 0.005981634930549049
0 0.4983713567915426 0.6235214757044276 0.004934848817702857 0.006878880170131368
0 0.4828938764087471 0.644606738834613 0.0053834714374941224 0.005383471437494052
