0 0.32917559146881104 0.44316161473592125 0.008587312698364259 0.011121686299641926
0 0.37722368240356446 0.3703071117401123 0.009213781356811524 0.012029552459716797
0 0.39510871171951295 0.6031039237976075 0.009436631202697754 0.011231803894042968
0 0.3288061261177063 0.7324070612589518 0.009065985679626465 0.011768849690755208
0 0.35568737983703613 0.3357891877492269 0.008782768249511718 0.011737410227457683
0 0.5960915565490723 0.33766174316406244 0.007526683807373047 0.011106808980305992
0 0.43611712455749513 0.2934900919596354 0.009495735168457031 0.011906750996907552
0 0.4881643533706665 0.7423691749572754 0.009885168075561524 0.014349810282389323
0 0.7168056249618531 0.4033339500427246 0.008873510360717773 0.012395032246907552
0 0.6309668779373169 0.422192128499349 0.009817075729370118 0.014401181538899738
0 0.5029902935028077 0.7686015129089355 0.009138202667236328 0.011688041687011718
0 0.5490450382232667 0.21138150691986085 0.009543228149414062 0.01243761380513509
0 0.3366487979888916 0.40910921096801756 0.008511924743652343 0.0111236572265625
0 0.4920100927352905 0.504459794362386 0.009442853927612304 0.012427457173665364
0 0.5049621343612671 0.7920809110005697 0.00949110984802246 0.013439750671386719
0 0.37640507221221925 0.7277446428934734 0.009305191040039063 0.012656593322753906
0 0.65546133518219 0.5897777239481609 0.00994563102722168 0.013723055521647133
0 0.2744035005569458 0.36925524075826005 0.008072996139526367 0.010991509755452473
0 0.3455015063285828 0.5179684480031331 0.008269715309143066 0.010505962371826171
0 0.6287509679794311 0.17012197971343995 0.009302091598510743 0.012464157740275065
0 0.5597980260848999 0.6754949887593586 0.008724069595336914 0.012156105041503907
0 0.5996030092239379 0.5144282182057699 0.008500242233276367 0.011643568674723305
0 0.7656714677810669 0.48427882194519045 0.008577394485473632 0.012761974334716797
0 0.7173896789550781 0.3465237935384115 0.009196949005126954 0.011978340148925782
0 0.4207634449005127 0.13653156359990437 0.009106826782226563 0.012390955289204914
0 0.6904292583465577 0.42102559407552076 0.008156681060791015 0.010481834411621094
0 0.7523289203643799 0.44507220586140955 0.007114124298095703 0.010263697306315106
0 0.36866484880447387 0.6783744812011718 0.0085921049118042 0.011872227986653645
0 0.49176075458526614 0.36768646240234376 0.009400892257690429 0.012286567687988281
0 0.36264207363128664 0.18404990832010903 0.00961613655090332 0.012591902414957683
0 0.44008166790008546 0.8234390258789063 0.00901026725769043 0.012032572428385417
0 0.6208207613229269 0.18837911836395319 0.01032710075378418 0.014442141850789387
0 0.4023216962814331 0.5195786158243816 0.008071470260620116 0.011379496256510418
0 0.4170284986495972 0.5601347923278809 0.008411264419555664 0.011005846659342448
0 0.3745525717735291 0.7037117640177409 0.007616400718688965 0.009542465209960938
0 0.5065176725387572 0.48179794947306315 0.007909917831420898 0.010101127624511718
0 0.5055608987808228 0.5627929369608562 0.008581399917602539 0.0120150883992513
0 0.6316574335098267 0.6633485476175944 0.008563566207885741 0.010573387145996094
0 0.39197627305984495 0.44472365379333495 0.008002734184265137 0.010977840423583985
0 0.6365962266921997 0.5336298783620199 0.008423566818237305 0.01218118667602539
0 0.7111799478530884 0.49816093444824217 0.009013128280639649 0.012149175008138023
0 0.3584660771826426 0.6442784951321714 0.007234644889831543 0.00969537099202474
0 0.3224538087844849 0.5951340993245443 0.008175182342529296 0.00943145751953125
0 0.7521592378616333 0.5231114069620769 0.00841832160949707 0.011433156331380208
0 0.45497219562530516 0.5233972708384197 0.009090662002563477 0.011510880788167317
0 0.3432254433631897 0.45930612881978355 0.008620429039001464 0.012377707163492839
0 0.5922620534896851 0.19054096539815266 0.01054072380065918 0.013558419545491536
0 0.36896189451217654 0.39780963261922203 0.008858704566955566 0.010939788818359376
0 0.7473104000091553 0.6462726275126138 0.010010910034179688 0.012681643168131508
0 0.4879442691802979 0.46297469139099123 0.00825653076171875 0.010444736480712891
0 0.46301530180767597 0.11068873050100286 0.006969881057739257 0.009552192687988282
0 0.36583892107009885 0.34877328872680663 0.008306002616882325 0.01065050760904948
0 0.3532983183860779 0.577004623413086 0.007674193382263184 0.009856033325195312
0 0.36500386000729645 0.6463343780122631 0.006141345330899099 0.006743438010398961
0 0.361933187341847 0.6265857381246661 0.007225112153998907 0.008670134584798745
0 0.47392242572882975 0.691611747510656 0.008670134584798603 0.015413572595197848
0 0.49595901779852647 0.6969101630902553 0.007947623369398827 0.012523527733598029
0 0.5078804528526245 0.7002818820954547 0.006502600938598988 0.008670134584798745
0 0.519079376691323 0.646816052155863 0.00939264580019838 0.013486876020797922
0 0.5147443093989237 0.7106378761828531 0.007947623369398827 0.011078505302798192
0 0.3413416177029501 0.561078054595076 0.0065026009385990595 0.008670134584798745
0 0.3460379406030494 0.5591513580206764 0.006502600938598988 0.007706786297598853
0 0.23802251390076595 0.5779366496210735 0.008670134584798674 0.010596831159198388
0 0.24597013727016473 0.5610780545950761 0.00794762336939879 0.013486876020798065
0 0.23621623586226623 0.5059263651528845 0.010115157015598442 0.010115157015598442
0 0.26312977863591214 0.4748583828906892 0.006863856546298948 0.006743438010399032
0 0.26890986835911124 0.4724500121726896 0.008308878977098715 0.005780089723199211
0 0.2606009893820125 0.46498406294689076 0.006863856546298983 0.009151808728398549
0 0.3055773125406556 0.4430678894130942 0.008670134584798674 0.013486876020797851
0 0.23477121343146642 0.43198938411029586 0.00794762336939879 0.009633482871998566
0 0.23748063048921605 0.4170574856586981 0.006141345330899099 0.008670134584798674
0 0.46615543016328104 0.4493296532798932 0.006141345330899099 0.008670134584798674
0 0.5093254752834244 0.4498113274234931 0.007225112153998836 0.009633482871998495
0 0.5004747128947759 0.44065951869509445 0.006141345330899028 0.009633482871998566
0 0.3308652050796518 0.490031118414087 0.007225112153998907 0.00915180872839862
0 0.24271883680086526 0.3712984420167052 0.0072251121539988715 0.009633482871998566
0 0.25554341087421323 0.3751518351655046 0.006863856546298948 0.009633482871998495
0 0.2662004513013616 0.3717801161603051 0.00794762336939879 0.010596831159198388
0 0.40817390512743984 0.36190579621650665 0.007225112153998836 0.013968550164397868
0 0.4701292418479804 0.352994824559908 0.007586367761698795 0.013486876020797922
0 0.4612784794593317 0.3370995778211104 0.007225112153998836 0.010596831159198388
0 0.4616397350670317 0.32192684229771273 0.005780089723199069 0.010115157015598442
0 0.4636266409093813 0.3149425672155139 0.006141345330899099 0.010596831159198423
0 0.446286371739784 0.26484845628112147 0.009031390192498705 0.010596831159198352
0 0.4688648472210306 0.4045339579251001 0.007225112153998907 0.009633482871998495
0 0.48024439886357884 0.39851303113010106 0.005418834115499252 0.007225112153998836
0 0.46444357876331566 0.3837566566011428 0.006406865064605114 0.007428249350266825
0 0.4701540454513332 0.3900706685488695 0.004735508960795016 0.0070568368827532875
0 0.4754466731133982 0.39034922789950455 0.005292627662065001 0.007985368051536738
0 0.479137584509312 0.39072064036701787 0.00543190733738264 0.008356780519050063
0 0.48213209752863834 0.3910920528345312 0.004735508960795016 0.008356780519050134
0 0.4851962503856233 0.4067842295869697 0.005571187012699994 0.006685424415240107
0 0.47934650402228823 0.406319964002578 0.004735508960795087 0.006499718181483444
0 0.46388646006204565 0.3946204712759079 0.005014068311430151 0.007985368051536738
0 0.5543332215615372 0.15566855383969558 0.008061075543717848 0.009951945115700961
0 0.5453764709574063 0.16104260420217412 0.009255308957601897 0.013534645357353287
0 0.5398531414181923 0.1640281877368844 0.007165400483304865 0.012340411943469166
0 0.5753815854812447 0.2392648928115836 0.011942334138841063 0.013136567552725253
0 0.6415122607750776 0.3019621470404996 0.011643775785370068 0.011146178529585028
0 0.6971933936974246 0.2846457625391799 0.007762517190246854 0.012340411943469186
0 0.6101636336606197 0.3521199504236324 0.007463958836775788 0.013534645357353341
0 0.7340653503510964 0.42735665549833174 0.008658192250659766 0.009553867311072892
0 0.7651154191120836 0.4586057631616326 0.008061075543717919 0.015525034380493494
0 0.7778041491346022 0.4647759691333673 0.008956750604130832 0.009553867311072892
0 0.7713851445349751 0.5179193560512103 0.011643775785370281 0.010748100724957013
0 0.7503367806152675 0.5553386696862459 0.008359633897188842 0.013136567552725253
0 0.7667574900561742 0.5748444821130199 0.007165400483304722 0.012340411943469291
0 0.6991340229949862 0.6238080520822684 0.009255308957601755 0.013932723161981358
0 0.6667404416433795 0.6484888759692069 0.008956750604130832 0.011544256334212974
0 0.6970441145206889 0.6725725831492031 0.009852425664543887 0.012738489748097237
0 0.5601551094542223 0.7599506612650577 0.008359633897188842 0.010748100724957084
0 0.5456750293108773 0.7716939565015848 0.006866842129833657 0.011146178529585028
0 0.4676020198782034 0.783039173933484 0.009553867311072892 0.00995194511570091
0 0.4702890450594427 0.8286190825633943 0.0077625171902466405 0.015126956575865335
0 0.4758123745986566 0.8320027439027327 0.006866842129833657 0.009951945115700767
0 0.4716325576500623 0.8417556501161195 0.007463958836775646 0.010350022920328996
