0 0.47587122917175295 0.35495481491088865 0.008038997650146484 0.010419273376464843
0 0.32694942951202394 0.2715982913970947 0.009558629989624024 0.012972609202067059
0 0.36895768642425536 0.7514292081197104 0.008793926239013672 0.010763486226399742
0 0.5590538978576661 0.6796185493469238 0.007410430908203125 0.010581652323404946
0 0.41918492317199707 0.26862516403198244 0.009264755249023437 0.012698046366373698
0 0.6731099605560302 0.247508438428243 0.008262062072753906 0.011145416895548503
0 0.5036124944686889 0.6396194458007813 0.008384275436401366 0.010798136393229164
0 0.5663732528686523 0.5380096276601155 0.009875679016113281 0.01330073674519857
0 0.29400458335876467 0.26037259896596265 0.009375333786010742 0.013470856348673503
0 0.2740747094154358 0.5047534783681233 0.007651114463806152 0.009593041737874348
0 0.3713313460350037 0.2436983029047648 0.0093855619430542 0.012458244959513344
0 0.32161585092544553 0.660189437866211 0.007964539527893066 0.011480077107747394
0 0.4399716854095459 0.31265018781026205 0.009027481079101562 0.012318070729573567
0 0.33022462129592894 0.5524989128112793 0.009298110008239746 0.011588478088378906
0 0.4887411117553711 0.2350273052851359 0.00859661102294922 0.011023823420206707
0 0.743181586265564 0.3053949515024821 0.007503366470336914 0.010637823740641277
0 0.5844995975494385 0.6390671094258625 0.009347248077392577 0.012601407368977864
0 0.36467639207839964 0.2643796920776367 0.008952593803405762 0.01208368937174479
0 0.4036713242530823 0.6024208386739095 0.008083319664001465 0.01082019805908203
0 0.3506116151809692 0.7289259910583497 0.009419488906860351 0.011583646138509117
0 0.4390642881393433 0.24538965225219728 0.006921148300170899 0.009840043385823567
0 0.7486016273498535 0.5586297353108725 0.00845508575439453 0.01019757588704427
0 0.5513243436813354 0.18103907108306883 0.009061765670776368 0.012290589014689128
0 0.7481086015701294 0.33335046768188475 0.009335851669311524 0.011312294006347656
0 0.3070842146873474 0.6628041903177898 0.007789254188537598 0.011416053771972657
0 0.3134410262107849 0.24772582848866778 0.009185099601745605 0.012220780054728188
0 0.5002542742642607 0.26054387891901576 0.007137298583984375 0.009195582071940104
0 0.32200720310211184 0.7045549392700196 0.007936191558837891 0.011951192220052082
0 0.5285582794286767 0.2583691010729628 0.008734560012817383 0.01184827486673991
0 0.6244708776474 0.7796648661295573 0.007221364974975586 0.008261617024739583
0 0.5794677734375 0.40232391357421876 0.008660507202148438 0.011536216735839844
0 0.6728230953216553 0.26194661458333335 0.008616828918457031 0.011162694295247395
0 0.5457704067230225 0.48703745206197097 0.0077991485595703125 0.010894680023193359
0 0.5482462882995605 0.7404596646626791 0.007983589172363281 0.010609372456868488
0 0.5711238145828247 0.28088234265645345 0.00735926628112793 0.010548686981201172
0 0.4134110927581787 0.6447623888651529 0.007939338684082031 0.010725466410319011
0 0.665257707793699 0.7637758630403596 0.010136938095092774 0.012464014689127605
0 0.43211352825164795 0.7810136477152505 0.008568143844604493 0.012413469950358073
0 0.6435133457183838 0.5679934819539387 0.007404327392578125 0.009710693359375
0 0.5633981466293335 0.44558607737223305 0.008729696273803711 0.011426671346028644
0 0.49567837715148927 0.34862847328186036 0.00906076431274414 0.012367407480875649
0 0.27231405973434425 0.3352740052205425 0.00884974002838134 0.007901365983068022
0 0.5576601982116699 0.6461957613627115 0.00824146270751953 0.010902849833170573
0 0.6451658964157104 0.2789888699849447 0.007753705978393555 0.012009429931640624
0 0.27898477315902714 0.5791922569274903 0.007808136940002442 0.009504763285319011
0 0.36037871837615965 0.4391160170237223 0.008817529678344727 0.011761887868245441
0 0.3867884039878845 0.2878274440765381 0.007352757453918457 0.010071976979573566
0 0.6900571107864379 0.5311065355936687 0.008223390579223633 0.010648155212402343
0 0.5379347562789917 0.2312968651453654 0.008916521072387695 0.010826667149861656
0 0.5887410879135132 0.4336982091267904 0.009008169174194336 0.012033526102701824
0 0.6221540927886963 0.765616512298584 0.00810413360595703 0.009975242614746093
0 0.6670586347579956 0.4426962693532308 0.009583806991577149 0.012651220957438153
0 0.7457908845677289 0.506408249733486 0.007756280899047853 0.009543323516845703
0 0.4147752523422241 0.4710062344868978 0.009152078628540039 0.013239351908365886
0 0.38397074937820436 0.7747279167175293 0.007410407066345215 0.009439531962076824
0 0.530119342000518 0.43541921298071024 0.007020187377929687 0.009321244557698567
0 0.4645771741867065 0.8345664660135905 0.008540582656860352 0.011421521504720054
0 0.5288269758224488 0.16783565680185955 0.0077136516571044925 0.010610310236612956
0 0.7238543272018433 0.5344887097676595 0.008290338516235351 0.010236167907714843
0 0.42984778881073 0.6290313402811686 0.007347822189331055 0.009432665506998698
0 0.610194444656372 0.49022626876831055 0.009119129180908203 0.011596870422363282
0 0.27262854228213773 0.3282523391980224 0.010180761091159838 0.0085344632466634
0 0.4418492317199707 0.5093236764272053 0.0073948860168457035 0.010037453969319661
0 0.547794485092163 0.36740172704060875 0.007861518859863281 0.010473251342773438
0 0.48429582118988035 0.7939454078674316 0.008792734146118164 0.011613273620605468
0 0.48398015036521225 0.43862596869261716 0.008110618591308594 0.010668913523356117
0 0.2691828846931458 0.43636406262715655 0.008098959922790527 0.011032199859619141
0 0.6433557271957397 0.7411910057067872 0.008960580825805664 0.011893781026204427
0 0.2707404255867005 0.5868797620137532 0.008235716819763183 0.010835838317871094
0 0.5313191175460816 0.42236571311950677 0.007425642013549805 0.010372575124104817
0 0.6068666219711304 0.25209483305613195 0.009660482406616211 0.013495556513468425
0 0.4535301923751831 0.3903076648712158 0.008391332626342774 0.010752900441487629
0 0.6899209452102926 0.522322537839868 0.008411741256713868 0.011230373382568359
0 0.5811758518218995 0.31235898335774737 0.008045196533203125 0.011201985677083333
0 0.24168385171622056 0.5079679305734655 0.006568684281470958 0.008758245708628038
0 0.333176239922423 0.43831902422390046 0.01000942366700336 0.01209472026429566
0 0.453758515660854 0.43685931660579574 0.007819862239846386 0.011677660944837243
0 0.4359292297540043 0.5801191928397812 0.010322218156597245 0.008758245708627967
0 0.4273273812901733 0.5540529853736266 0.00625588979187711 0.00834118638916948
0 0.4309245179205026 0.5528018074152513 0.005317506323095529 0.007507067750252574
0 0.2380867150858913 0.3820160160970067 0.008758245708627932 0.011260601625378683
0 0.5349286857104593 0.3776368932426927 0.009383834687815664 0.013345898222671125
0 0.5410281782575393 0.37847101188160964 0.007819862239846315 0.011677660944837314
0 0.45985800820793415 0.2890117878577672 0.008758245708627826 0.013762957542129648
0 0.5357106719344439 0.24772291523137846 0.007819862239846315 0.009592364347544909
0 0.4688221784825011 0.10865141959844303 0.006906851304824713 0.009501488567483634
0 0.47397490882102106 0.11018627544395962 0.006029790821672308 0.011109432786596258
0 0.458133003844082 0.11968776401144325 0.005481628019702072 0.008185897842755132
0 0.4625183062598437 0.11815290816592665 0.005262362898913935 0.00745501410679486
0 0.4667391598350143 0.11873761515469489 0.005152730338520044 0.00745501410679486
0 0.4655332016706798 0.12290365244966849 0.004494934976155705 0.007016483865218675
0 0.4618605108974794 0.12239203383449627 0.005481628019702072 0.005993246634874279
0 0.47452307162299123 0.12429233154799299 0.005152730338519902 0.007455014106794824
0 0.6029924192566342 0.15245758541106827 0.008225249538531045 0.011280342224271217
0 0.6462337311163406 0.15371095676932064 0.007755235279186507 0.011280342224271234
0 0.6531664414416738 0.1922521260355807 0.007990242408858848 0.013160399261649794
0 0.7381579449233159 0.27693772857009924 0.009952551941622687 0.01327006925549682
0 0.6808596816022597 0.3243308330540165 0.007393324299491013 0.009478620896783453
0 0.5709550723040554 0.3146626397392974 0.0076776829263945955 0.012132634747882882
0 0.6448883152989666 0.36698462708954227 0.0088151174340085 0.009099476060912152
0 0.7509540831339736 0.3616765993873435 0.009383834687815522 0.012132634747882919
0 0.6757412263179967 0.3830982826140741 0.009099476060912081 0.010995200240268873
0 0.5851730036492306 0.5108700923027153 0.005971531164973527 0.007203751881555433
0 0.5418083130464463 0.5142823958255573 0.005118455284263135 0.007962041553298035
0 0.5399599819715735 0.5118179543923936 0.004834096657359553 0.006066317373941459
0 0.523609360924622 0.4395908631589036 0.004549738030456041 0.007962041553298107
0 0.5210501332824905 0.48925883665804887 0.007393324299491013 0.009478620896783453
0 0.5250311540591395 0.5741872798932289 0.00853075880710506 0.011753489912011403
0 0.559722906541367 0.5870782043128544 0.0073933242994911556 0.01023691056852627
0 0.6805753229753563 0.5830971835362054 0.010805627822333151 0.011374345076140173
0 0.7381579449233158 0.46196040847531256 0.009952551941622829 0.010236910568526127
0 0.7365939724753465 0.5095430853771655 0.004549738030456183 0.009099476060912081
0 0.7590583040007235 0.6168410739287545 0.00853075880710506 0.01289092441962552
0 0.7118547719347419 0.6333338742891577 0.007393324299491013 0.014028358927239637
0 0.6750303297507381 0.6553242747696955 0.009952551941622687 0.010236910568526127
0 0.657826632823076 0.6331443018712222 0.00625588979187711 0.012890924419625449
0 0.6525659982253612 0.6001587011504157 0.00881511743400864 0.00682460704568399
0 0.6103387421301908 0.6670777646817069 0.009668193314719176 0.01327006925549682
0 0.6055046454728311 0.6697317785328062 0.0062558897918770385 0.01023691056852627
0 0.5237515402380738 0.6357983157223215 0.008246400180201618 0.00834118638916948
0 0.5273060230743676 0.6401584813348419 0.0068246070456840615 0.00872033122504078
0 0.5778734085408308 0.7069078304670728 0.006976617479620799 0.007852469890482468
0 0.5754723648627795 0.6970016376821567 0.0050739036215424705 0.0061611686833015255
0 0.5738414672701408 0.7000822220238075 0.004530271090662979 0.006765204828723199
0 0.5710326991939298 0.7020755413036991 0.004349060247036363 0.006644397599638978
0 0.5606130756854052 0.7020755413036993 0.005436325308795489 0.005919554225132799
0 0.5462521163280037 0.712585770234037 0.005526930730608797 0.0061611686833015255
0 0.5544972097130103 0.7293175714622187 0.00697661747962087 0.009422963868578904
0 0.45041880951080043 0.7206981292510938 0.0060208438180511335 0.01320701224604747
0 0.4536234521881503 0.7206981292510938 0.004272856903133118 0.011653246099453724
0 0.3186400182028109 0.6108986548917962 0.005826623049726862 0.009063635855130557
0 0.33514878351037036 0.6282490435287607 0.01009947995285998 0.01113532405058912
0 0.30650122018254655 0.5073142451188738 0.006409285354699605 0.00802779175740156
0 0.3099971940123827 0.5102922968998452 0.005632402281402662 0.008804674830698361
