0 0.4184004545211792 0.23226714134216309 0.008334112167358399 0.010507138570149739
0 0.3104377985000611 0.6034703890482586 0.008038711547851563 0.01008726755777995
0 0.3751895308494568 0.308569065729777 0.008338236808776855 0.010652573903401692
0 0.6321884393692018 0.46553745269775393 0.008496904373168945 0.011409823099772136
0 0.5588442087173462 0.8029410044352212 0.007914495468139649 0.010586802164713542
0 0.7545632123947144 0.5764238993326823 0.00890040397644043 0.01190656026204427
0 0.6241859380367056 0.2604948186113971 0.010423385309647246 0.011023061241172956
0 0.40331684350967406 0.5534034093221029 0.008616137504577636 0.01030120849609375
0 0.38078017234802247 0.626007080078125 0.010045433044433593 0.012529373168945312
0 0.7195124864578247 0.45796662966410323 0.00771021842956543 0.010012213389078777
0 0.6062890529632569 0.36788533528645834 0.007444858551025391 0.008613777160644532
0 0.6335992336273193 0.7272873878479004 0.00830078125 0.010001309712727864
0 0.38274188041687013 0.18886975447336835 0.009087467193603515 0.011145989100138344
0 0.5203017473220825 0.29950661659240724 0.00917954444885254 0.011128902435302734
0 0.532534146308899 0.681146494547526 0.008380746841430664 0.010648600260416667
0 0.32423852682113646 0.6347559928894043 0.0090317964553833 0.011383247375488282
0 0.47517483234405516 0.48611764907836913 0.008936929702758788 0.011869176228841144
0 0.522577404975891 0.2714176575342814 0.007856225967407227 0.009682575861612955
0 0.6168207883834839 0.41973975499471033 0.008940935134887695 0.011368370056152344
0 0.4032572865486145 0.8062027931213379 0.008934664726257324 0.012714322408040364
0 0.5861671924591064 0.7607667287190755 0.008325958251953125 0.010992050170898438
0 0.35708447694778445 0.7311545372009277 0.008096623420715331 0.011215019226074218
0 0.4264237403869629 0.7272711753845216 0.009799003601074219 0.011786969502766927
0 0.5041428144560125 0.12223146633338335 0.008508634567260743 0.011284128824869793
0 0.6520230293273925 0.5472724596659342 0.008550262451171875 0.01125926971435547
0 0.3563271164894104 0.345949141184489 0.008169960975646973 0.010507265726725258
0 0.33683372735977174 0.29515161514282223 0.008294987678527831 0.010492388407389324
0 0.5214703083038329 0.63547789255778 0.008487796783447266 0.013251241048177083
0 0.6519793748855591 0.1961362838745117 0.007302999496459961 0.009106286366780599
0 0.4698262453079224 0.17108469804128013 0.008857011795043945 0.011850341161092121
0 0.6223764657974243 0.6304496765136719 0.008376550674438477 0.01048736572265625
0 0.35394753217697145 0.403984530766805 0.00912773609161377 0.011095015207926433
0 0.7655448913574219 0.41911069552103675 0.006552791595458985 0.009305413564046223
0 0.692458963394165 0.20892234643300372 0.008779430389404297 0.01247706413269043
0 0.6409873962402344 0.44407958984375 0.007659339904785156 0.010201454162597656
0 0.3561844229698181 0.6775602022806804 0.006864476203918457 0.008144187927246093
0 0.37752342224121094 0.25573527018229164 0.007203912734985352 0.010762723286946614
0 0.4418895721435547 0.371968952814738 0.007434844970703125 0.009664630889892578
0 0.48563787937164304 0.2185026963551839 0.008472871780395509 0.011718177795410156
0 0.3648208975791931 0.2120343844095866 0.009093165397644043 0.011640485127766926
0 0.5619367599487304 0.2360105593999227 0.008886241912841797 0.012278509140014649
0 0.6087486028671265 0.2987634181976318 0.006997251510620117 0.010384718577067055
0 0.27190995216369623 0.6657549222310384 0.009266901016235351 0.012078285217285156
0 0.7144973039627075 0.6188383420308431 0.008042669296264649 0.011650021870930989
0 0.5239753723144531 0.729973856608073 0.006389617919921875 0.009556325276692708
0 0.325478196144104 0.4630465507507324 0.008403158187866211 0.011371739705403646
0 0.2952498555183411 0.6672330220540365 0.009794020652770996 0.012923812866210938
0 0.6929482221603394 0.5081766764322917 0.009338617324829102 0.012695757548014323
0 0.4764032602310181 0.7445085207621257 0.007619333267211914 0.010207939147949218
0 0.764487361907959 0.3960416793823242 0.006998443603515625 0.00913397471110026
0 0.568041590731784 0.5527598824569657 0.008355522155761718 0.010637728373209636
0 0.49212303960061327 0.4916737353704413 0.008333683013916016 0.011490345001220703
0 0.43726205825805664 0.19144872824350995 0.007990074157714844 0.011234331130981445
0 0.4567945241928101 0.6553174336751302 0.007379961013793945 0.010993194580078126
0 0.548359990119934 0.2142220417658488 0.008279657363891602 0.010811789830525715
0 0.4283982038497925 0.36966797510782884 0.006928491592407227 0.008844820658365886
0 0.7610761642456054 0.4321852207183838 0.008162879943847656 0.009086513519287109
0 0.5806755304336548 0.7376271247863768 0.007740163803100586 0.010336748758951823
0 0.6029236316680909 0.6657479604085286 0.008891487121582031 0.01192614237467448
0 0.4030336976051331 0.41159273783365885 0.008383059501647949 0.010619163513183594
0 0.3344870686531067 0.6672739028930664 0.008606600761413574 0.010541915893554688
0 0.29432377815246585 0.32376290957132975 0.008623266220092773 0.012643718719482422
0 0.360300087928772 0.6398889859517416 0.009549808502197266 0.0112979253133138
0 0.5777782917022705 0.34393199284871423 0.00689401626586914 0.010027503967285157
0 0.46755232810974123 0.12627406120300294 0.0076010704040527345 0.011034647623697914
0 0.5394269943237304 0.36603005727132154 0.00799093246459961 0.011253102620442707
0 0.3260637879371643 0.5352354685465496 0.008408284187316895 0.01124102274576823
0 0.5062267065048218 0.5705869992574055 0.007291555404663086 0.009156608581542968
0 0.6558933973312377 0.3782728036244711 0.008899831771850586 0.011240545908610027
0 0.4788776636123657 0.6579671541849773 0.00784144401550293 0.010348065694173176
0 0.4004728078842163 0.43725382486979164 0.00814070701599121 0.010351943969726562
0 0.4667607069015503 0.5292311827341716 0.007066488265991211 0.009150091807047527
0 0.5704570293426514 0.5105391025543213 0.0068341255187988285 0.010264174143473309
0 0.7072085557101842 0.6214222114033747 0.008055496215820312 0.011699867248535157
0 0.4421829700469971 0.5412924448649088 0.006911659240722656 0.008780543009440105
0 0.48481297492980957 0.5454933166503906 0.008234786987304687 0.009630711873372395
0 0.4942810535430908 0.1808251937230428 0.00922079086303711 0.012248627344767253
0 0.4015663146972656 0.27415173848470054 0.007307815551757813 0.010539372762044273
0 0.31557767391204833 0.34149367014567056 0.008872699737548829 0.011115201314290364
0 0.4828073024749756 0.3981845060984293 0.009296989440917969 0.012427616119384765
0 0.6175317996997661 0.4894798119862875 0.00940876007080078 0.012383556365966797
0 0.6855698108673096 0.6685681343078613 0.00979318618774414 0.012096850077311198
0 0.25006052255630495 0.4586090723673502 0.008808350563049317 0.01187604268391927
0 0.3110967516899109 0.5179540793100992 0.0060680627822875975 0.007992776234944661
0 0.47618794441223145 0.3698213259379069 0.009598350524902344 0.01201629638671875
0 0.585563564300537 0.48207087516784664 0.00733652114868164 0.009357674916585287
0 0.4298251628875732 0.5350898583730062 0.006779289245605469 0.010399913787841797
0 0.7558661460876465 0.4208249568939209 0.005620288848876953 0.00747531255086263
0 0.513929533958435 0.6097681363423666 0.00873703956604004 0.011766370137532551
0 0.6382717370986938 0.14934082825978595 0.009983491897583009 0.013065671920776368
0 0.7018217802047729 0.41639558474222815 0.008180379867553711 0.010292148590087891
0 0.7027082771542869 0.48616682623107693 0.007726907730102539 0.01053946812947591
0 0.5715102434158326 0.4669216156005859 0.0064013957977294925 0.007459767659505209
0 0.25774904489517214 0.4939537366231282 0.009846806526184082 0.01262524922688802
0 0.5783404588699341 0.4364341417948405 0.007390642166137695 0.010113207499186198
0 0.5804186820983886 0.5466322580973306 0.007378768920898437 0.01030591328938802
0 0.7386702775955201 0.3410348892211914 0.00916600227355957 0.012380027770996093
0 0.3226653218269348 0.41970038414001465 0.008199477195739746 0.010780620574951171
0 0.6614104553365628 0.4882414725484305 0.007935428619384765 0.01146084467569987
0 0.23662987188310375 0.42553957020999067 0.01008180586294241 0.01413176206429533
0 0.24787496303792417 0.44553084337411575 0.012408376446698384 0.01688917905245056
0 0.31586252565212564 0.4363968996008517 0.010857329390861103 0.010340313705581963
0 0.2986717541165956 0.41175248526921465 0.00956479017766327 0.012753053570217786
0 0.315087002124207 0.40761635978698196 0.011374345076140135 0.01206369932317898
0 0.31625028741608496 0.39831007745195807 0.01008180586294241 0.010684990829101437
0 0.35089033832978456 0.43967133227428595 0.010081805862942375 0.01206369932317898
0 0.3132774472257301 0.4617306681795275 0.009306282335023787 0.014821116311334067
0 0.30422967273334595 0.503264261563615 0.012925392131977489 0.009650959458543155
0 0.4099593803729216 0.49378564066683167 0.009306282335023824 0.012753053570217715
0 0.41241520487799727 0.4846516968935676 0.00749672743654699 0.008961605211504419
0 0.4098301264516017 0.47775815442317965 0.006979711751267743 0.011719022199659647
0 0.422884772504899 0.4407053636448442 0.008272250964465542 0.012753053570217786
0 0.43529314895159743 0.4405330250830845 0.010340313705582034 0.009650959458543155
0 0.43723195777139395 0.4484605989240306 0.00956479017766334 0.009650959458543155
0 0.4550689989135229 0.409856761089858 0.007496727436546777 0.012408376446698312
0 0.4716135008424541 0.4267459401423085 0.006979711751267885 0.012408376446698455
0 0.43400060973839966 0.3888314565551746 0.007755235279186507 0.01102966795262077
0 0.4100886342942413 0.35574245269731236 0.011115837233500656 0.008272250964465542
0 0.40569400096936903 0.352468020023878 0.008013743121826096 0.009306282335023753
0 0.36937364907851233 0.3653934121558555 0.010857329390860997 0.012408376446698384
0 0.37221723534754747 0.3350618252861484 0.009823298020302858 0.013787084940776068
0 0.27721560317751304 0.3080046710898755 0.01059882154822148 0.01206369932317898
0 0.26429021104553546 0.29128783059918467 0.01111583723350062 0.013097730693737226
0 0.40698654018256675 0.30162814430476664 0.007496727436547061 0.012408376446698349
0 0.3240055226952714 0.22476514575994067 0.011115837233500656 0.012408376446698349
0 0.33253628150237646 0.2290736098039332 0.011115837233500656 0.009306282335023753
0 0.3912175617815542 0.2538903626973299 0.00853075880710506 0.011374345076140173
0 0.3895372608043971 0.2633689835941134 0.009306282335023753 0.011719022199659576
0 0.3771288843576987 0.2778454227819281 0.008789266649744719 0.011029667952620805
0 0.3665300628094772 0.28508364237583556 0.010857329390861068 0.010340313705582034
0 0.40685728626124684 0.28249856394944006 0.008789266649744647 0.011374345076140173
0 0.43593941855819623 0.25113294570917477 0.010081805862942375 0.012063699323179015
0 0.4373612116927137 0.22666086993929738 0.009823298020302858 0.014821116311334172
0 0.42779642151505043 0.21838861897483183 0.009823298020302858 0.01206369932317898
0 0.39677548039830457 0.17271890010851146 0.010340313705582034 0.012408376446698349
0 0.42779642151505043 0.13807884919481186 0.008789266649744647 0.010684990829101348
0 0.4652800586977851 0.27784542278192814 0.009306282335023824 0.013787084940775962
0 0.47704216553788453 0.28542831949935493 0.00956479017766334 0.013097730693737191
0 0.48402187728915236 0.29180484628446385 0.010081805862942446 0.012063699323178944
0 0.4966887615784903 0.28215388682592063 0.008013743121826096 0.01413176206429533
0 0.4806612753348382 0.2569924568090045 0.011115837233500585 0.014821116311334172
0 0.5337846369972656 0.10964298650446146 0.013959423502535628 0.01378708494077598
0 0.45881736263179634 0.13187466097146266 0.009823298020302929 0.013442407817256523
0 0.6601949720480053 0.18564429224048895 0.008272250964465542 0.012753053570217752
0 0.6528274985327781 0.1565190753030997 0.008530758807105202 0.012408376446698366
0 0.6704060318322673 0.17237422298499205 0.006979711751267814 0.008961605211504348
0 0.6127587829236479 0.2521669770797329 0.010598821548221622 0.014821116311334138
0 0.5958265192307575 0.250960607147415 0.008272250964465471 0.010340313705581998
0 0.6042280241165429 0.2623349522235552 0.008530758807105202 0.01309773069373712
0 0.5741118604490353 0.2788794541524864 0.009306282335023681 0.013787084940776033
0 0.5719145437865991 0.3262725586364037 0.010081805862942375 0.008616928087984945
0 0.5945339800175597 0.3376469037125438 0.008272250964465613 0.01206369932317898
0 0.6093981809693337 0.32644489719816344 0.012149868604058867 0.008961605211504348
0 0.5872957604236523 0.3428170605653349 0.01085732939086121 0.010684990829101366
0 0.5951802496241586 0.3269619128834425 0.008013743121826096 0.012753053570217786
0 0.6846239631774427 0.312313135133868 0.010598821548221622 0.011719022199659541
0 0.5604109447891392 0.3616019637971421 0.008789266649744647 0.008961605211504348
0 0.5531727251952319 0.37900815853487174 0.010340313705581892 0.011374345076140173
0 0.5911733780632455 0.3643593807852973 0.009306282335023681 0.009650959458543227
0 0.5900100927713676 0.38211025264654636 0.007496727436546848 0.013442407817256523
0 0.557050342834825 0.41606094931320714 0.011374345076140244 0.01102966795262077
0 0.6400313603221204 0.37849114284959273 0.007755235279186507 0.013097730693737262
0 0.6093981809693338 0.4631093766736051 0.010081805862942446 0.01413176206429533
0 0.7005221954997749 0.43863730090372777 0.011374345076140173 0.010684990829101366
0 0.6993589102078969 0.4282969871981458 0.010598821548221622 0.014131762064295401
0 0.7152571425302292 0.41778433493080414 0.007238219593907331 0.01102966795262077
0 0.7213320768322586 0.42433320027767274 0.006979711751267814 0.008272250964465542
0 0.7298628356393637 0.42347150746887424 0.00956479017766327 0.011374345076140244
0 0.7292165660327652 0.44001600939780544 0.008789266649744576 0.011374345076140173
0 0.6769979818195759 0.43898197802724714 0.006721203908628297 0.010684990829101366
0 0.7368425473906316 0.44415213488003813 0.010598821548221622 0.012753053570217786
0 0.7385228483677886 0.4563881727649768 0.008789266649744719 0.010340313705582034
0 0.7620470620479876 0.3591892239325063 0.010340313705581963 0.009650959458543155
0 0.7430467356139807 0.409856761089858 0.011115837233500656 0.008961605211504419
0 0.7355500081774338 0.35350205139443625 0.011115837233500656 0.011374345076140173
0 0.5465807752079234 0.4925792707345137 0.009047774492384307 0.009650959458543227
0 0.5879420300302511 0.49413031779035094 0.006979711751267885 0.011374345076140173
0 0.5915611398272048 0.4974047504637853 0.008013743121825954 0.008272250964465542
0 0.6206432721241542 0.48361766552300933 0.007755235279186365 0.010340313705581892
0 0.6994881641292168 0.47758581586141985 0.01034031370558182 0.009306282335023753
0 0.7683805041926566 0.520498117739585 0.00956479017766327 0.012408376446698384
0 0.6286570152459803 0.5287703687040506 0.013442407817256452 0.013787084940775997
0 0.6660113985073951 0.6054610286871168 0.01163285291877969 0.012753053570217858
0 0.6578684014642494 0.6147673110221406 0.008789266649744576 0.008616928087984945
0 0.6567051161723714 0.6061503829341557 0.005945680380709888 0.00999563658206263
0 0.6308543319084162 0.6018419188901631 0.013183899974617006 0.013787084940775856
0 0.7699315512484938 0.550312688924013 0.008013743121826025 0.014821116311334138
0 0.6250379054490265 0.5856420940847513 0.009306282335023895 0.012408376446698384
0 0.6022892152967462 0.6178694051338153 0.011374345076140173 0.011374345076140102
0 0.5945339800175597 0.6204544835602107 0.010340313705582034 0.0110296679526207
0 0.573207082999797 0.5534147830356876 0.007496727436546919 0.012753053570217858
0 0.7453733061977368 0.6142502953368616 0.011632852918779548 0.011719022199659647
0 0.7484754003094113 0.6078737685517527 0.005945680380709461 0.011374345076140102
0 0.7252096944718519 0.6530264717327938 0.011115837233500656 0.015510470558372872
0 0.5779894780886285 0.6351032613097852 0.007238219593907331 0.009306282335023824
0 0.576567684954111 0.6413074495331343 0.006979711751267743 0.011374345076140173
0 0.5331383673906668 0.6487180076888015 0.010081805862942446 0.009650959458543298
0 0.543220173253609 0.6516477632387165 0.0126668842893379 0.0099956365820627
0 0.5461930134439641 0.6402734181625762 0.011374345076140173 0.011374345076140102
0 0.5640300545860929 0.6787049174349892 0.011374345076140173 0.016544501928931084
0 0.6114662437104501 0.6866324912759353 0.010081805862942375 0.015165793434853612
0 0.512328486058183 0.735059627130411 0.010340313705581963 0.011374345076140031
0 0.5035392194084384 0.7574636401591718 0.01085732939086114 0.011374345076140173
0 0.570234242809442 0.7221342349984334 0.009306282335023753 0.010340313705581963
0 0.620772526045474 0.7233406049307513 0.011115837233500585 0.01413176206429526
0 0.6473988338373475 0.7314405173334572 0.013700915659896111 0.015165793434853612
0 0.6782905210327737 0.7216172193131544 0.009823298020302787 0.012753053570217786
0 0.6087519113627349 0.7247193134248291 0.01034031370558182 0.01206369932317898
0 0.6206432721241542 0.7721124179087462 0.012408376446698384 0.011719022199659576
0 0.5352064301317832 0.658196628585585 0.00956479017766327 0.012753053570217644
0 0.48156605278407666 0.7073131186870992 0.011374345076140173 0.011029667952620628
0 0.5346894144465041 0.7843484557936853 0.00853075880710506 0.014821116311334209
0 0.4575248234185985 0.8034780361490118 0.008789266649744719 0.013097730693737191
0 0.4342591175810391 0.7777995904468165 0.008789266649744719 0.011374345076140316
0 0.43464687934499835 0.7688379852353121 0.00956479017766334 0.013442407817256594
0 0.40440146175617114 0.7821080544908089 0.010598821548221551 0.013787084940775856
0 0.39599995687038586 0.7864165185348014 0.009823298020303 0.012063699323178839
0 0.35838706576633145 0.7800399917496924 0.01163285291877969 0.013097730693737191
0 0.38914949904043783 0.7431595395331166 0.01059882154822148 0.012408376446698384
0 0.3498563069592262 0.7440212323419152 0.011115837233500585 0.011374345076140173
0 0.34003300893892346 0.73557664281569 0.012666884289337972 0.011719022199659576
0 0.3308559805252195 0.7290277774688215 0.009306282335023753 0.013097730693737191
0 0.34042077070288274 0.7238576206160304 0.01085732939086114 0.011719022199659434
0 0.3678226020226749 0.688528215455292 0.009306282335023681 0.013442407817256452
0 0.37454380593130326 0.6873218455229742 0.006721203908628297 0.012408376446698384
0 0.4810490370987976 0.6132162639663032 0.010340313705581963 0.012408376446698384
0 0.4917771125683389 0.6135609410898227 0.009047774492384307 0.013787084940775927
0 0.4621779645861105 0.6344139070627465 0.006721203908628368 0.01206369932317898
0 0.4811782910201174 0.5556551843385636 0.006979711751267885 0.012408376446698312
0 0.47251827829169246 0.52911504582757 0.005687172538070158 0.013097730693737191
0 0.5115529625302646 0.5248065817835776 0.008789266649744647 0.010684990829101366
0 0.33357031287293465 0.6168353737632571 0.008013743121826025 0.011374345076140173
0 0.32633209327902735 0.6187310979426137 0.011115837233500585 0.013787084940775927
0 0.2888484560962927 0.5747847646938904 0.01059882154822148 0.014821116311334209
0 0.2843245688501006 0.5365256039832371 0.009823298020302892 0.01206369932317898
0 0.3702784265277507 0.5890888653199454 0.008013743121826025 0.011719022199659576
0 0.4232725342688583 0.5802995986702006 0.009047774492384307 0.010684990829101437
0 0.4234017881901781 0.5122258667751194 0.010857329390861068 0.01516579343485354
0 0.4345176254236787 0.5108471582810419 0.009823298020303 0.013787084940775997
0 0.24180002873589473 0.5825399999730769 0.010598821548221551 0.01654450192893137
0 0.5048317586216361 0.49981749032842104 0.008789266649744647 0.013787084940775997
0 0.48932128806326314 0.5547934915297651 0.007755235279186507 0.009306282335023681
0 0.5180156585962531 0.5208427948631045 0.009823298020302929 0.011719022199659576
0 0.5078045988119909 0.4794815400407764 0.008013743121826167 0.011719022199659576
0 0.5854862055251755 0.14083626618296705 0.00878926664974479 0.011374345076140156
