0 0.5851033449172973 0.16847800413767497 0.009119653701782226 0.01225756009419759
0 0.49398508071899416 0.5693010648091634 0.008392906188964844 0.01188831329345703
0 0.3670769453048706 0.4211384614308675 0.008719968795776366 0.011258538564046223
0 0.5064259052276611 0.691577657063802 0.008736801147460938 0.011142857869466146
0 0.42139172554016113 0.7627093315124513 0.009353351593017579 0.012333615620930988
0 0.4228088140487671 0.13715407450993855 0.007283926010131836 0.010105347633361817
0 0.5108262300491332 0.7509346326192221 0.009125089645385743 0.011743481953938801
0 0.501952075958252 0.3621701876322428 0.008430767059326171 0.011922200520833336
0 0.5317033052444458 0.10834908088048298 0.008148908615112305 0.01068265438079834
0 0.3205251932144165 0.22554126580556233 0.009162330627441406 0.012232033411661784
0 0.6965882778167725 0.5076051870981853 0.009521484375 0.012503910064697265
0 0.4243428945541382 0.21873432000478107 0.008452177047729492 0.010967302322387695
0 0.4348616123199463 0.19163962999979653 0.009346294403076171 0.011977767944335938
0 0.3358951807022095 0.6915001551310221 0.008277606964111329 0.010773213704427083
0 0.520286512374878 0.6653396288553872 0.00858621597290039 0.011675326029459636
0 0.35831302404403687 0.2575486660003662 0.008501839637756348 0.011845811208089191
0 0.6179829835891723 0.27943232854207356 0.009249067306518555 0.012521680196126301
0 0.31120593547821046 0.5419647852579753 0.007585668563842773 0.010126749674479164
0 0.4868285655975342 0.6188147862752279 0.006797504425048828 0.009395090738932292
0 0.4207418918609619 0.5521932601928711 0.007578372955322266 0.009932327270507812
0 0.31808443069458003 0.4352405548095703 0.008582782745361329 0.010394922892252604
0 0.46985878944396975 0.5780351003011068 0.00874481201171875 0.01220080057779948
0 0.3935123562812805 0.6822773297627768 0.00886690616607666 0.011660321553548176
0 0.483904767036438 0.5950158119201661 0.008240175247192384 0.010543378194173177
0 0.3289594292640686 0.17651122411092124 0.009157109260559081 0.01268924077351888
0 0.5506600379943847 0.4045165220896403 0.007756614685058593 0.010779857635498047
0 0.5119282722473144 0.37239397366841637 0.008646678924560548 0.011741034189860026
0 0.33872989416122434 0.4899138450622559 0.008537793159484863 0.011988321940104164
0 0.3110129237174988 0.25681205590566003 0.006694579124450683 0.009394152959187826
0 0.39349745512008666 0.5917725245157877 0.008482623100280761 0.01148846944173177
0 0.6787516117095947 0.3618986288706461 0.008255577087402344 0.010426553090413411
0 0.542016577720642 0.4348422368367513 0.007852411270141602 0.009567832946777344
0 0.3625970005989075 0.3228947639465332 0.008837676048278809 0.012436930338541667
0 0.3916381478309631 0.544121233622233 0.006787610054016113 0.009098561604817708
0 0.6618031978607177 0.2509103854497274 0.00893993377685547 0.011755959192911785
0 0.40553858280181887 0.5638632774353027 0.008136320114135741 0.011102739969889324
0 0.6099793910980226 0.6329495429992676 0.009120368957519531 0.01074682871500651
0 0.43609931468963625 0.11655044158299764 0.00794205665588379 0.010665329297383626
0 0.45107996463775635 0.7015988032023113 0.007184076309204102 0.009796524047851562
0 0.5781326770782471 0.6694867769877115 0.00863351821899414 0.013092231750488282
0 0.30801987648010254 0.5266115506490072 0.008805036544799805 0.010998407999674477
0 0.5458115577697754 0.48764894803365066 0.009010028839111329 0.011664676666259765
0 0.6258054494857788 0.38455886840820314 0.006603384017944336 0.008574485778808594
0 0.28973892589976663 0.45026463531320077 0.008405280113220216 0.011616452534993486
0 0.5034515857696533 0.6205578486124674 0.006701183319091797 0.008799489339192708
0 0.3862015724182129 0.7041870752970376 0.007626867294311524 0.010808054606119792
0 0.2713847279548645 0.47279931704203293 0.007049298286437989 0.010330740610758464
0 0.6670031330172 0.6675881268945889 0.007559871673583985 0.008907572428385416
0 0.28495713472366335 0.48766816457112633 0.008183741569519043 0.011127408345540364
0 0.5135188341140746 0.27326834996541344 0.00827803611755371 0.011845588684082031
0 0.6945502758026123 0.31855508486429845 0.010299396514892579 0.012550067901611329
0 0.35643824338912966 0.5216863950093588 0.0074489831924438475 0.00949567159016927
0 0.7266243696212769 0.41194882392883303 0.008531618118286132 0.011278247833251953
0 0.4337197780609131 0.6396805445353191 0.008267784118652343 0.009978103637695312
0 0.4531599760055542 0.11525874535242718 0.008037710189819336 0.01028327147165934
0 0.47362728118896485 0.15252781709035237 0.009186649322509765 0.011618471145629883
0 0.4215881109237671 0.5232950846354167 0.008561658859252929 0.011596298217773438
0 0.668505072593689 0.5455664952596029 0.008149194717407226 0.009965133666992188
0 0.27728493213653566 0.3987573623657227 0.009764337539672851 0.01221815745035807
0 0.3010960936546326 0.43429338137308754 0.008929228782653809 0.010642337799072265
0 0.7207300424575805 0.5207404931386312 0.010609674453735351 0.013090356190999347
0 0.38791302442550657 0.4271844863891602 0.009398293495178223 0.012566248575846352
0 0.6381200075149536 0.420485782623291 0.009320878982543945 0.012329673767089844
0 0.6769408226013184 0.5619883537292482 0.007715988159179688 0.010684394836425781
0 0.6011211156845093 0.5870596249898274 0.008398866653442383 0.010947100321451823
0 0.5261386394500732 0.7099552790323894 0.007982444763183594 0.011432266235351563
0 0.4884029388427734 0.21543325583140058 0.007816028594970704 0.011201270421346029
0 0.37805991172790526 0.2902695337931315 0.007868099212646484 0.01049054463704427
0 0.4067589044570923 0.1825655460357666 0.009334707260131836 0.011575635274251301
0 0.3285346508026123 0.2758009592692058 0.008106374740600586 0.010434850056966144
0 0.2611871242523193 0.4250644683837891 0.009315013885498047 0.012280782063802086
0 0.5443867444992067 0.789000129699707 0.00790419578552246 0.01054509480794271
0 0.5385369074476716 0.2401098731159483 0.011385488510131835 0.015223757425944014
0 0.4024585008621216 0.5843373298645019 0.007432985305786133 0.011534055074055992
0 0.524027331588021 0.14091178405299837 0.008486413955688478 0.011639253298441572
0 0.4065143346786499 0.2577397346496582 0.009370756149291993 0.010640748341878255
0 0.6067380428314209 0.6041992505391438 0.007008266448974609 0.009220314025878907
0 0.5793196201324463 0.767988141377767 0.008845996856689454 0.011779022216796876
0 0.5041732164590652 0.10781351159390265 0.007136726379394531 0.010418971379597984
0 0.6577560710132857 0.5768654357281391 0.006615400314331055 0.00946667989095052
0 0.5884978908876659 0.5704142881020436 0.006755399703979492 0.009125137329101562
0 0.6464592933654785 0.38066787719726564 0.007587146759033203 0.00982526143391927
0 0.4781593561172485 0.6212080001831055 0.007274198532104492 0.010734939575195312
0 0.38917088508605957 0.3216902732849121 0.009940338134765626 0.012367757161458333
0 0.23632960319519042 0.5063672383626302 0.008547163009643555 0.011883036295572918
0 0.5287645578384399 0.7399071375528972 0.009157323837280273 0.012173716227213542
0 0.6306667804718018 0.5501456578572591 0.008964824676513671 0.012394587198893227
0 0.34026710987091063 0.7020211219787598 0.00841832160949707 0.01084728240966797
0 0.5529551982879639 0.12271877527236938 0.007044315338134766 0.009765060742696126
0 0.2597783327102661 0.5736223220825195 0.010512399673461913 0.013856124877929688
0 0.3011577010154724 0.6197876930236816 0.00782463550567627 0.009714190165201824
0 0.6594065189361572 0.676658821105957 0.007857131958007812 0.011264165242513023
0 0.23137167472145478 0.5212331661709624 0.009316104820454712 0.013249571300202235
0 0.2802812250288418 0.4740315684139921 0.010247715302500175 0.009109080268888974
0 0.2562146209093339 0.4522939904995979 0.01055825212984871 0.008695031165757712
0 0.22609254865653047 0.43821632099313307 0.008073957511060713 0.012835522197070902
0 0.22438459610611378 0.4522939904995978 0.01086878895719714 0.012007423990808307
0 0.2958080663962662 0.4421497874728806 0.007142347029015248 0.014905767712727567
0 0.28804464571255406 0.458297702495002 0.010868788957197104 0.010765276681414235
0 0.35543113724717623 0.5069484721129319 0.012110936266591068 0.010351227578282973
0 0.4088434715511163 0.46657868455762835 0.006521273374318284 0.009937178475151711
0 0.4007695140400556 0.45291506415429483 0.007142347029015212 0.013249571300202235
0 0.22485040134713652 0.4038502454332336 0.006210736546969784 0.008695031165757712
0 0.25388559470422023 0.3727965626983847 0.0077634206837122475 0.008695031165757712
0 0.2510907632580839 0.36555070339358664 0.009626641647803176 0.007452883856363783
0 0.3335382909191077 0.37714407828126356 0.007452883856363783 0.010765276681414306
0 0.4170726974758513 0.4077837119129811 0.0049685892375758555 0.008280982062626308
0 0.3386621485703578 0.4274510443117188 0.007142347029015212 0.009523129372020307
0 0.41916189830795303 0.3995883301284682 0.007375084018144733 0.008253070210781033
0 0.4185034086634758 0.39133525991768714 0.00684829230256291 0.008955459164889988
0 0.4308828551013731 0.252288962396662 0.006148629181500098 0.009109080268889009
0 0.43617750800766486 0.29305209659994036 0.007173400711750091 0.01047544230922238
0 0.48109666008362384 0.27278439300166224 0.008881353262166769 0.013663620403333495
0 0.48126745533866555 0.2980620907478293 0.007173400711750091 0.01047544230922238
0 0.4768267787075821 0.3101771668104841 0.007856581731916848 0.01011107770853144
0 0.4457420422899983 0.22222899750932826 0.007856581731916848 0.010930896322666826
0 0.4056051573552061 0.1680299699094386 0.008881353262166769 0.010019988295777936
0 0.32242786814991325 0.19991175085055016 0.007856581731916777 0.009109080268889045
0 0.37093372058174723 0.15322771447249395 0.008539762752083463 0.012297258363000196
0 0.5309688745557912 0.15800998161366067 0.008198172242000012 0.01639634448400024
0 0.42234309234928974 0.10381095401377104 0.0075149912218334695 0.009109080268889009
0 0.658040544306793 0.14730681229771608 0.004782267141166585 0.009564534282333455
0 0.6638475829782098 0.14457408821704937 0.006148629181500098 0.010475442309222345
0 0.6624812209378763 0.26686349082688443 0.010247715302500212 0.010930896322666826
0 0.6582113395618348 0.275517117082329 0.009222943772250289 0.010019988295777865
0 0.6769988176164182 0.2869034674184403 0.008539762752083534 0.012752712376444677
0 0.7234551269877523 0.31309207319149623 0.007856581731916777 0.012297258363000161
0 0.7514655488145859 0.2864480134049958 0.00717340071175002 0.010930896322666861
0 0.6573573632866263 0.36205337963677464 0.009564534282333313 0.010019988295777936
0 0.6614564494076263 0.37480609201321924 0.007514991221833327 0.009109080268889045
0 0.6650431497635014 0.4130642291425532 0.009906124792417046 0.011841804349555715
0 0.7593221305465028 0.3982619737056085 0.008539762752083534 0.012297258363000125
0 0.6100470776400839 0.42399512546521995 0.007173400711749949 0.011841804349555786
0 0.6225151312581257 0.3672911007913859 0.008198172242000083 0.008653626255444493
0 0.6493299862996678 0.35112248331410784 0.009906124792416903 0.008198172242000154
0 0.5664942876044583 0.4914023194549986 0.006831810201666784 0.011841804349555715
0 0.5647863350540416 0.5348981777389438 0.0075149912218334695 0.014119074416777977
0 0.5791331364775419 0.5276109135238325 0.007514991221833398 0.009564534282333384
0 0.7504407772843359 0.5854535732312778 0.011272486832750133 0.013208166389889229
0 0.6544538439509178 0.6419298708983896 0.011955667852916747 0.010475442309222417
0 0.6476220337492512 0.6011667366951114 0.005807038671416791 0.009109080268888974
0 0.5830614273435002 0.6733561978260567 0.009222943772250075 0.010475442309222417
0 0.6208071787077091 0.6913466313571126 0.007514991221833398 0.010019988295777865
0 0.6706793931798763 0.6822375510882236 0.009564534282333455 0.010930896322666826
0 0.5374590942473746 0.6842870941487236 0.008198172242000012 0.011386350336111377
0 0.5806702937729169 0.7077429758411128 0.007173400711750091 0.008198172242000226
0 0.5866481276993752 0.7202679612108353 0.006148629181500169 0.011386350336111234
0 0.6199532024325008 0.7159411480831127 0.01195566785291689 0.012752712376444464
0 0.468628606465582 0.8061210427451141 0.011955667852916818 0.014574528430222245
0 0.5290901267503328 0.7965565084627806 0.009222943772250075 0.013663620403333568
0 0.42763774525558135 0.7951901464224472 0.009222943772250075 0.010930896322666684
0 0.41124140077158117 0.7853978851333917 0.008539762752083391 0.009564534282333455
0 0.4623091820290402 0.7248225013452796 0.007514991221833327 0.015029982443666939
0 0.4617967962639152 0.677455283947057 0.010589305812583518 0.011386350336111234
0 0.4211475255639979 0.6357812417168897 0.008539762752083463 0.010930896322666826
0 0.46077202473366513 0.623028529340445 0.0064902196915834764 0.014574528430222458
0 0.3241358207003299 0.67062347374539 0.009906124792416761 0.009564534282333313
0 0.29902891820920463 0.6799602810210014 0.009564534282333526 0.012752712376444606
0 0.2877564313764545 0.6442071409656119 0.0075149912218334695 0.008653626255444706
0 0.45223226198158173 0.5633640535792219 0.009906124792416832 0.015485436457111278
0 0.44659601856520664 0.5462845280750551 0.0068318102016666415 0.009564534282333526
0 0.45479419080720673 0.5348981777389438 0.008198172242000083 0.010475442309222345
0 0.48673290349999887 0.5777108550027221 0.008539762752083463 0.014119074416778048
0 0.5536846434763332 0.5501558871893327 0.009222943772250218 0.011841804349555715
0 0.4924937710465374 0.40180002553930455 0.0062148252645759785 0.007861488368865252
0 0.5214166117009099 0.42021630569767654 0.006692888746466394 0.010836105589516976
0 0.5396627012597288 0.4175230022770351 0.007489661216283636 0.009136324320573123
0 0.49400763873919046 0.3856521034843381 0.006692888746466324 0.010411160272281067
0 0.4937686069982453 0.3802340506895797 0.01003933311969952 0.005949234441303517
0 0.4912189350948296 0.376090833846529 0.005577407288721972 0.009986214955045085
0 0.4705028508795766 0.3520814234226974 0.008127079192137714 0.010411160272280996
0 0.47281349104204706 0.33019673958504553 0.006055470770612388 0.012535886858460757
0 0.483968305619491 0.32881566730402867 0.007649015710247227 0.009348796979191078
0 0.49145796683577475 0.33380877478155113 0.007649015710247298 0.009136324320573194
0 0.44548419532730954 0.32817824932817474 0.006533534252502875 0.01019868761366304
0 0.6091654691152012 0.3992667083815802 0.008266490344016688 0.009368689056552384
0 0.6356182382160549 0.36482299861484363 0.006613192275213393 0.01102198712535568
0 0.34795704956892115 0.2526375298188354 0.005649841149614474 0.009078377231859136
0 0.3458564676030389 0.2556314627357251 0.005504973427829541 0.007339964570439328
0 0.34904355748230853 0.2620056424942645 0.006084444314969346 0.012362045592318793
