0 0.38329272270202636 0.25175084273020426 0.010184669494628906 0.013303867975870768
0 0.43784949779510496 0.12919124364852905 0.011354589462280273 0.013877256711324054
0 0.5775075674057006 0.4450774828592936 0.00963435173034668 0.01270154317220052
0 0.5673212766647339 0.2700507958730062 0.010037565231323242 0.012207889556884765
0 0.5212029218673706 0.338226334253947 0.010319185256958009 0.01266972223917643
0 0.5971738338470459 0.5891050020853679 0.009594249725341796 0.013069597880045573
0 0.4126476526260376 0.09445458650588989 0.009044027328491211 0.012024156252543132
0 0.7627691030502319 0.4369504928588867 0.01018214225769043 0.012877273559570312
0 0.7610087871551514 0.5187213420867921 0.009836578369140625 0.013029956817626953
0 0.5072031797441361 0.6936711148493777 0.00801987648010254 0.01009833017985026
0 0.6341255903244019 0.1175626556078593 0.010268735885620116 0.014328996340433754
0 0.4477067812141108 0.6488178054827478 0.007895758108324671 0.009869697635405857
0 0.41451992291505846 0.6986597785415475 0.008635985430980285 0.009540707714225646
0 0.3972479520530981 0.7448828624673652 0.008635985430980214 0.011843637162487113
0 0.6252379674309746 0.7108324056252147 0.006662045903898957 0.010856667398946484
0 0.6624960760046318 0.7244854873541929 0.008142500549209756 0.008553737950685161
0 0.7029618363097961 0.6626353821723159 0.009129470312750528 0.013159596847207808
0 0.6608922501388784 0.6098324998228943 0.00888272787186537 0.011514647241306832
0 0.7520635820459404 0.5395931516509224 0.006662045903898957 0.010527677477766346
0 0.754531006454792 0.5478178996804273 0.006662045903898957 0.013159596847207737
0 0.6275820206193835 0.4677088538730493 0.008389242990094985 0.012830606926027742
0 0.6231406566834508 0.46359647985829683 0.008389242990095056 0.010527677477766346
0 0.6478149007719657 0.2400478284163531 0.008882727871865228 0.013488586768388053
0 0.5555332278809203 0.221459897869672 0.006415303463013871 0.014475556531928682
0 0.36097681324298136 0.25682631439654313 0.008142500549209827 0.01283060692602767
0 0.30114177132833314 0.27163086084965193 0.006908788344784185 0.009540707714225646
0 0.38170317827733385 0.4030623343611406 0.006662045903899028 0.010527677477766346
0 0.3933000729989358 0.4106291025482851 0.006662045903899028 0.007895758108324671
0 0.5110663518661164 0.45384776159373713 0.008360694277926512 0.014682194829529465
0 0.534858863827243 0.19695591156570236 0.008217500843732637 0.012442317661696763
0 0.6780207654965387 0.4786863642752391 0.0081567749052941 0.009639824888074884
