0 0.2795577791002061 0.4339835838035301 0.011079576280381944 0.015243699815538194
0 0.21519942813449436 0.548158038104022 0.011148113674587673 0.014319299768518519
0 0.2712790807088216 0.6897855970594619 0.010795508490668402 0.014720436378761574
0 0.7257462819417317 0.8247862921820746 0.011079321967230903 0.015199618869357638
0 0.6015106836954752 0.8283194647894965 0.011422771877712673 0.01534446433738426
0 0.6697886149088542 0.7814345748336227 0.010251786973741319 0.014025652850115741
0 0.410243648952908 0.5402894761827257 0.009893035888671875 0.013322166160300925
0 0.5718260659111871 0.640054377803096 0.00916794670952691 0.013218858506944445
0 0.5232988781399197 0.5586541917588975 0.008806059095594619 0.012981103967737268
0 0.5283383051554362 0.21485028443513093 0.00924542744954427 0.012252482661494502
0 0.44491668277316626 0.7871168631094474 0.01133104960123698 0.016153236671730326
0 0.6965605841742623 0.4101972085458261 0.009160359700520834 0.011313911720558449
0 0.2897909800211589 0.7811429624204282 0.007854673597547743 0.010272781937210646
0 0.6508588155110676 0.6036281444408276 0.009637875027126735 0.012271457248263888
0 0.7524821618734775 0.5598107585738884 0.008544790836379417 0.011975252962173744
0 0.7579080369737413 0.6859067563657407 0.010195244683159722 0.014081036603009259
0 0.6151788923475476 0.3695032331678602 0.008205159505208334 0.01109294184932002
0 0.4894681718614366 0.4023607748526114 0.01016362508138021 0.01446004796911169
0 0.2330675548977322 0.41850081549750434 0.009796227349175348 0.012923431396484376
0 0.3255214903089735 0.30379423918547455 0.009965811835394965 0.01357257984302662
0 0.3914363225301107 0.7512555722837095 0.008225462171766493 0.012215734411168981
0 0.47278310987684463 0.29017601013183597 0.009457058376736112 0.012284822817201968
0 0.7138580322265625 0.40048460783781825 0.010450575086805556 0.013201847782841437
0 0.3181178409232973 0.38203906770286494 0.010355631510416664 0.01290644892939815
0 0.3220902783005409 0.3413126304151841 0.005534830097497156 0.009109407868797277
0 0.32775483097844804 0.3381416340051597 0.004410567733943082 0.005996065938955084
0 0.3317762309711608 0.3413702848953663 0.004497049454216366 0.007379773463329471
0 0.34164498780733493 0.21817987991915672 0.006361052152340463 0.008290809546870647
0 0.75458369735801 0.3240556431503958 0.005739241436325051 0.008700585191141244
0 0.7510064989285197 0.322954966710553 0.005346142707809634 0.00985367479478647
0 0.7477341820550049 0.3005560156695576 0.0069064301810330166 0.009627145100834084
0 0.7464261460358699 0.3154153048469319 0.006383215773379192 0.00948762125879302
0 0.7590356132603319 0.30927625579712464 0.006487858654909786 0.00892952589062869
0 0.7985563207961639 0.4839941300963105 0.00676129813046515 0.007861974570308447
0 0.7988314899061245 0.49028370975255725 0.006682678384762113 0.009329543156765964
0 0.7310391211249943 0.560089038290319 0.006741136285366877 0.010785818056587288
0 0.676376498887554 0.7592633450324341 0.004073932277341612 0.006003689671871939
0 0.6744824777410702 0.7565473901808732 0.004860129734372545 0.005527206364580781
0 0.6769840151043505 0.7485424706183772 0.006146634664059292 0.007051952947913236
0 0.6810936836297391 0.7539743803214995 0.004788657238278802 0.007814326239579259
0 0.685096143410987 0.7545938086209784 0.005789272183590697 0.007528436255204554
0 0.6849174621707528 0.7463982957355659 0.005717799687497091 0.007337842932287941
0 0.6799501236922398 0.7374404095584873 0.005932217175778049 0.007147249609371329
0 0.674722552447441 0.7324654348060164 0.0075247701497541146 0.00939527277109112
0 0.3046847531624953 0.831845518658527 0.008894644930118432 0.012138574257573396
0 0.2994002876451897 0.8266133745819869 0.007325001707156354 0.011161907363285905
0 0.2739197459924388 0.7848259838906856 0.0063832157733791205 0.0076738113122588915
0 0.27423367463703113 0.7902674137302873 0.00596464424725589 0.007394763628176832
0 0.28475028423087706 0.7979412250425463 0.005441429839601817 0.008510954364505495
0 0.27768688972754774 0.8021967022247992 0.008057501877872042 0.006139049049807142
0 0.2765881394714743 0.7973133677533616 0.006278572891848242 0.006697144417971543
0 0.40247689870080405 0.7483819538342057 0.005711551152902316 0.006313623496655509
0 0.40086594837562656 0.7439884529473576 0.006199717918107766 0.005467467770299805
0 0.3596801023488369 0.6223963681908066 0.004717184742185125 0.006289579656246786
0 0.36030906031446164 0.6171026386467988 0.005346142707809705 0.006813711294267222
0 0.35350845231114486 0.6197757100007038 0.005739241436325102 0.007757148242704233
0 0.35814701730762677 0.6303631690887189 0.005424762453512813 0.008176453553120666
0 0.371512374077151 0.6314114323647602 0.006839917876168258 0.009434369484370179
0 0.37131582471289337 0.6232349788116394 0.005188903216403489 0.00670888496666322
0 0.37607231932793 0.625593571182732 0.005267522962106668 0.008281279880724952
0 0.3738316565753921 0.6400071912282974 0.00550338219921592 0.007337842932287799
0 0.4338604622501904 0.5786764841807077 0.007799661817780006 0.009471017921590103
0 0.43574073786697676 0.5702268505447794 0.006546144739922539 0.0081710742852934
0 0.5297075329203129 0.4120083030329061 0.006146634664059434 0.008862589515620413
0 0.5292429616957038 0.40486105342353484 0.006503997144527745 0.007719029578120953
0 0.5219170308460983 0.4173925644052991 0.00528896471093475 0.007623732916662646
0 0.5933887727436636 0.37017148888765705 0.0059322171757781915 0.008386106208328883
0 0.5869712634195868 0.3753282629061225 0.0054319073373824975 0.006499718181483374
0 0.5951887642633195 0.3624216796600341 0.00459622928547752 0.006314011947726712
