0 0.559708743625217 0.8046366091127749 0.010958947075737847 0.01507415771484375
0 0.3176261266072591 0.3100477995695891 0.009519873725043402 0.013666901765046296
0 0.5483424928453233 0.8667880870677807 0.010563023885091146 0.015436638726128472
0 0.7209712558322482 0.6765634889955874 0.010098436143663195 0.013894370750144675
0 0.4740490171644423 0.1750751424718786 0.009664620293511285 0.01399899235478154
0 0.48726861741807725 0.656834891990379 0.010309939914279514 0.013847577130353011
0 0.4829974916246202 0.2869631308096427 0.009632068210177952 0.012543204978660301
0 0.4377936469184027 0.7319298638237847 0.009644995795355903 0.012896502459490741
0 0.5234703275892469 0.6189220004611544 0.00909987555609809 0.012190811722366898
0 0.6339147779676648 0.2766959437617549 0.010018497043185763 0.013662747983579282
0 0.4916005876329211 0.39270102889449504 0.010346476236979167 0.014117403383608219
0 0.6408017052544488 0.47368715074327256 0.009975009494357638 0.013216202347366899
0 0.38073255750868057 0.5399605645073785 0.00827085706922743 0.011734573929398149
0 0.5112454732259115 0.3747958289252387 0.009214104546440973 0.01220683345088252
0 0.6534492704603406 0.48063704879195596 0.00888964335123698 0.012608506944444445
0 0.5498525195651585 0.20170999456335 0.00994402567545573 0.012506315443250869
0 0.40584210289849176 0.2754100658275463 0.009138446384006077 0.012667451081452546
0 0.4160055160522461 0.2945436407018591 0.009814071655273437 0.01291128087926794
0 0.26117953194512267 0.3898959548385054 0.00901448991563585 0.012586890326605902
0 0.2862874984741211 0.7661737230088975 0.010777579413519967 0.013547148527922454
0 0.7493558671739368 0.4192345513237848 0.009581078423394097 0.012246421531394675
0 0.630796750386556 0.6189288951732494 0.009754308064778646 0.012960080747251157
0 0.4178886625501844 0.4044791610152634 0.00904494391547309 0.012001998336226852
0 0.5388105644691256 0.6210186296439953 0.006309509277343749 0.007891450104890046
0 0.3954085456000434 0.23033611862747758 0.007665422227647569 0.011789491441514756
0 0.5271306143866644 0.5747039794921875 0.009831195407443576 0.013609031394675926
0 0.2881184311956372 0.6300725787932218 0.0050140683114300085 0.006685424415240107
0 0.291523453790046 0.6259931513006047 0.005003074726559867 0.006575469640621563
0 0.2938820461611385 0.6157011118631102 0.004002459781247936 0.005622503026038856
0 0.2899510588759843 0.6197512199750872 0.00586074467968448 0.006289579656246716
0 0.28108846936036397 0.6197035716443581 0.005431909703122102 0.005241316380205703
0 0.2842689954365342 0.6078391372928017 0.004645712246091342 0.005908393010413562
0 0.2889504439306724 0.6128898603500907 0.004574239749997595 0.006289579656246786
0 0.27004596871388536 0.6077914889620726 0.004359822261716424 0.006766062963538104
0 0.2653287839717004 0.5999295143917641 0.00493160223046619 0.007242546270829564
0 0.25868184183498505 0.598214174485515 0.005360437207028426 0.006670766302079869
0 0.2749775709443515 0.5797742704933373 0.0039309872851542235 0.00505072305728909
0 0.2768358558427881 0.5842532135818765 0.004645712246091307 0.005431909703122244
0 0.26775884883888657 0.589446881631353 0.004073932277341612 0.005336613041663796
0 0.27072495742677566 0.5892562883084365 0.0034306798124981697 0.006098986333330245
0 0.27233308858888416 0.5983094711469734 0.003930987285154259 0.004764833072914243
0 0.27415563723927383 0.6023595792589505 0.0038595147890604408 0.005241316380205632
0 0.27708600957911605 0.5953552746417666 0.004145404773435324 0.006670766302079869
0 0.4037872513026722 0.5598960980645278 0.004028449779827531 0.005197999715905735
0 0.4054766012103418 0.5624950979224804 0.0033786998153391323 0.005197999715906434
0 0.40632127616417657 0.5481139653751395 0.0045482497514180405 0.00502473305870943
0 0.6197011667944089 0.23702773168181746 0.004874424233591199 0.00765232191510016
0 0.6106205861657028 0.24074906631176343 0.004795804487888091 0.005031663724997344
0 0.6116033329869913 0.23556016309535988 0.0036165083023419697 0.004926837397393271
0 0.6119964317155068 0.23063332569796663 0.004088226776560404 0.0063944059838508234
0 0.6093626702344533 0.22953264925812347 0.004481325505075802 0.007547495587496051
0 0.6037020485438314 0.24043458732895112 0.004481325505075731 0.006079927001038463
0 0.5993779625301617 0.23687049219041129 0.004481325505075802 0.006708884966663149
0 0.5867594933448167 0.23058091253416457 0.005346142707809705 0.00691853762187133
0 0.5879387895303629 0.22502511717114665 0.004559945250778839 0.006499232311454932
0 0.586484324234856 0.21496178972115193 0.005739241436325102 0.007337842932287799
0 0.6108780122924403 0.33321854699528003 0.007920835135306276 0.007864658999594881
0 0.7791536268159155 0.4891634997301045 0.005055852214025265 0.007415249913903921
0 0.6903391562562046 0.5291609083566157 0.006067022656830261 0.008314068085286053
0 0.6653126877967793 0.592527589439066 0.008257891949574657 0.009662295342359429
0 0.670874125232207 0.6007293052529292 0.00724672150676966 0.006741136285367091
0 0.6636274037254375 0.599830487081547 0.004887323806891147 0.005842318113984746
0 0.6487126396940629 0.6635342249782655 0.007415249913903779 0.011459931685124047
0 0.6925300255489489 0.7467872581025486 0.008089363542440395 0.013482272570734182
0 0.604642461228476 0.8791382338385886 0.007583778321037826 0.017077545256263135
0 0.6110465406995746 0.8834076201526544 0.007246721506769518 0.014830499827807557
0 0.5241180387574899 0.8989243575966728 0.006468832676449665 0.010147188512078173
0 0.535057976372074 0.8940410231252354 0.005137014184239561 0.00799091095326162
0 0.5242131686497906 0.8871282509513821 0.00456623483043515 0.006341992820048858
0 0.5299685271339849 0.8853524929617685 0.0069444821379534005 0.008371430522464465
0 0.5215019667192198 0.8895382082230006 0.004661364722735968 0.006341992820048717
0 0.5123694970583496 0.8967046601096559 0.005422403861141661 0.006722512389251705
0 0.5069470931972078 0.8902358274332061 0.005041884291938743 0.004946754399637996
0 0.5060433592203509 0.8700048703372505 0.005517533753442407 0.01014718851207803
0 0.5100388146969815 0.8699414504090501 0.0034246761228263977 0.006722512389251705
0 0.5134634908198079 0.8595405821841701 0.00456623483043515 0.0064688326764498075
0 0.5184578101655962 0.857447724553554 0.005232144076540166 0.007103031958454551
0 0.5215019667192198 0.8785665606443164 0.004661364722735968 0.005961473250845728
0 0.5245461232728431 0.8772981620803065 0.004280845153532909 0.00596147325084587
0 0.5252595974650986 0.8710830091166588 0.004756494615036715 0.006722512389251705
0 0.3851223737334526 0.7708723878179657 0.006685424415240036 0.009471017921589891
0 0.38644553064896897 0.7602871324938357 0.00766038214246258 0.008728192986563528
0 0.3945237518173839 0.7615870761301323 0.007938941493097573 0.009099605454076851
0 0.3941059127914314 0.7536017080785956 0.006267585389287547 0.007613955584023273
0 0.4253741999002104 0.753137442494204 0.006963983765874957 0.011142374025399988
0 0.4062427129832318 0.668677221209873 0.007005019342144791 0.007379773463329542
0 0.40944253663334734 0.6742697057875523 0.005794275258317256 0.006803228661506892
0 0.4128153237240096 0.6797468814048674 0.005275384936676914 0.00668791970114242
0 0.41346393662606007 0.6685619122495087 0.006053720419137463 0.007149155542600312
0 0.5753372451588753 0.690964935369653 0.006313165579957598 0.0058807569785906825
0 0.5760723397811993 0.6951160579427759 0.005361866656950269 0.005419521137132506
0 0.5700186193620618 0.6925792608147563 0.005534830097497121 0.007495082423694015
0 0.5678133354950903 0.7034183030890213 0.005275384936676914 0.008186936185881137
0 0.5636189720618308 0.7054362098954005 0.006226683859684314 0.008994098908432733
0 0.5683754666768673 0.7134501826407349 0.005534830097497121 0.00795631826515205
0 0.5643973075442914 0.6969033468284258 0.005188903216403631 0.006918537621871366
0 0.48201273821013485 0.4408986193703205 0.007136644520400921 0.014119812814556525
0 0.4816674167010831 0.41672611373670465 0.005755358484194275 0.008441192443484909
0 0.48690479292169997 0.4212536624109374 0.0058704656538781565 0.007980763764749384
0 0.4889191683911679 0.41181487449685883 0.005064715466090988 0.007213382633523509
0 0.5740619416304569 0.3544257078255385 0.010002813045529635 0.01063590247879091
