0 0.3016448126898872 0.5399198744032119 0.008474561903211806 0.011393907335069444
0 0.512966431511773 0.2509498878761574 0.008565563625759548 0.011557176378038193
0 0.29989308251274954 0.3940170570656105 0.007754558987087674 0.01076592339409722
0 0.5675846099853515 0.5431243896484376 0.007375250922309028 0.009962406864872686
0 0.39669573042127815 0.3943669637044271 0.008236482408311633 0.011164742928964123
0 0.6423290040757921 0.5873828746654369 0.008938810560438368 0.012730068630642362
0 0.5951318740844727 0.5343918694390191 0.008639738294813367 0.01149715847439236
0 0.30907904307047523 0.5769571940104167 0.007276323106553819 0.009583762839988425
0 0.6008615493774414 0.3083552466498481 0.009944788614908854 0.011868427417896413
0 0.7118495093451607 0.31841894079137734 0.00904786851671007 0.011012437608506944
0 0.3650352901882596 0.41162075466579856 0.008416239420572917 0.011273136845341435
0 0.5595611784193252 0.4562278888843677 0.00795885721842448 0.011192971688729745
0 0.4383199267917209 0.4070413660120081 0.007198460896809897 0.010226044831452546
0 0.6029292636447483 0.4891106782136139 0.007795121934678819 0.011185427065248842
0 0.632416025797526 0.25899259779188366 0.00642734103732639 0.008693949381510416
0 0.28589184019300673 0.5954192267523871 0.009371715121799046 0.01311504222728588
0 0.32547098795572915 0.44886423746744797 0.008728239271375868 0.011248270670572914
0 0.3075899018181695 0.7776584766529224 0.009240616692437066 0.011659975405092593
0 0.44946943918863935 0.261109048348886 0.008436287773980035 0.011666361490885417
0 0.5816517512003581 0.2876420056378399 0.0081382327609592 0.0107813799822772
0 0.6703587002224393 0.5762500339084202 0.007569207085503472 0.01124007613570602
0 0.4735099580552843 0.7060563546639901 0.008446884155273438 0.011071381745515045
0 0.4782104916042752 0.5906766538266782 0.006293741861979166 0.008039686414930556
0 0.6383480141843046 0.21068443479818733 0.007504018147786458 0.01044605396412037
0 0.2629935582478841 0.6129150955765336 0.007645204332139757 0.010913311993634258
0 0.3297068807813856 0.48144076312029804 0.007607205708821615 0.009714366771556713
0 0.45658730400933156 0.606390380859375 0.007398817274305556 0.010363543475115741
0 0.3902789009941949 0.5513628359194155 0.007868999905056424 0.01035224066840278
0 0.336364311642117 0.5136900442617911 0.00906929439968533 0.01151264331958912
0 0.6762943691677517 0.3387508533619068 0.007942454020182291 0.01063690185546875
0 0.39836531745062936 0.588613552517361 0.007863277859157986 0.010497029622395833
0 0.5972043991088868 0.25493029841670284 0.008122465345594618 0.011216877124927662
0 0.5171566009521484 0.5029351411042391 0.008051554361979166 0.010305051450376157
0 0.4297259012858073 0.4855017768012152 0.006696065266927082 0.009734316225405092
0 0.5161521911621094 0.8427244115758826 0.00782716539171007 0.010389935528790507
0 0.6554289711846245 0.6102917141384548 0.007572046915690103 0.011067821361400464
0 0.6069046020507812 0.6453510708279079 0.008532799614800347 0.012009401674623842
0 0.7081867853800454 0.4090441385904948 0.006632444593641493 0.00980235912181713
0 0.4254534615410699 0.6155320061577692 0.009272978040907117 0.010763832374855325
0 0.38729983435736764 0.41113534150300196 0.008076095581054687 0.010079927797670718
0 0.3586244159274631 0.6794463546187789 0.00703748067220052 0.010502794053819445
0 0.5903763665093316 0.6138184158890335 0.008193291558159722 0.009848700629340278
0 0.27556644015842013 0.4331088454635055 0.006845728556315104 0.009814594410083912
0 0.7307059393988716 0.480353433114511 0.009248860677083333 0.010254866988570602
0 0.2478096023149915 0.5730144668783274 0.011524053885628263 0.012716197391038122
0 0.25992972795332464 0.5571192201395299 0.007947623369398719 0.011656514275118254
0 0.2633074678853191 0.5674511305197483 0.01072929154868838 0.010066989601238347
0 0.2597310373690896 0.5849359019324255 0.008345004537868732 0.011126672717158287
0 0.2871503379935154 0.471019966971043 0.0075502422009288495 0.011126672717158358
0 0.30940368342783203 0.4630723436016442 0.010729291548688416 0.010066989601238419
0 0.33483607820990813 0.5277130136727542 0.009934529211748427 0.01642508829675755
0 0.40556992619755733 0.5263884097778545 0.007550242200928778 0.013775880506957917
0 0.4027882580182677 0.4993664903218986 0.006755479863988896 0.012716197391038051
0 0.4170939800831856 0.6355357707175977 0.0075502422009288495 0.011656514275118112
0 0.4176900518358904 0.5968573369865238 0.007947623369398684 0.013775880506957917
0 0.28039485812952647 0.4130023163744319 0.00913976687480865 0.014835563622877785
0 0.4244455316998794 0.458038848801025 0.006358098695519061 0.012716197391038051
0 0.41391493073542607 0.4487666215367263 0.0075502422009288495 0.012186355833078153
0 0.40219218626556286 0.444527889073047 0.008742385706338639 0.012186355833078153
0 0.4548451910878298 0.4204200981858708 0.009934529211748427 0.01589524673879758
0 0.44451328070761137 0.4532702747793857 0.009934529211748498 0.012716197391038051
0 0.4546465005035948 0.4998963318798586 0.009537148043278449 0.011656514275118183
0 0.4910068774185942 0.5536752500127904 0.005960717527049155 0.01218635583307801
0 0.33284917236755845 0.6122227421673614 0.01072929154868838 0.011656514275118183
0 0.26807604190695833 0.46890060073920325 0.007550242200928885 0.016425088296757408
0 0.23946459777712278 0.522414598093155 0.009139766874808579 0.01218635583307801
0 0.49319247384517895 0.48241156046718126 0.0071528610324589435 0.011656514275118183
0 0.4852448504757801 0.5142020539447764 0.006358098695519061 0.010596831159198388
0 0.49180163975553415 0.5160564993976361 0.008345004537868732 0.012186355833078153
0 0.49239771150823897 0.5253287266619346 0.006358098695519132 0.009537148043278449
0 0.4808736576226108 0.5324815876943936 0.006358098695519061 0.01324603894899802
0 0.4804762764541408 0.5216198357562152 0.007947623369398756 0.010596831159198317
0 0.48067496703837587 0.5142020539447764 0.006755479863988967 0.009537148043278662
0 0.3251002395823946 0.37220451641151814 0.00953714804327852 0.009537148043278449
0 0.32768321717744925 0.3639919722631393 0.008345004537868732 0.011126672717158287
0 0.3362269122995529 0.274978590525873 0.009537148043278662 0.012186355833078153
0 0.40417909210791253 0.242128413932358 0.00874238570633878 0.009007306485318622
0 0.4109345719719015 0.34412291383964244 0.008742385706338568 0.010596831159198317
0 0.41371624015119113 0.3502160917561815 0.007947623369398756 0.00900730648531855
0 0.4534543569981849 0.2312666619941797 0.005563336358579108 0.013775880506957883
0 0.5025309313042224 0.2763031944207728 0.009934529211748427 0.008477464927358689
0 0.5146510569425555 0.2770979567577127 0.007947623369398756 0.009007306485318622
0 0.5309436848498231 0.2982916190761094 0.011126672717158287 0.012186355833078118
0 0.5547865549580194 0.313921945035927 0.00953714804327852 0.010596831159198388
0 0.6368457662470619 0.23788968146867867 0.009139766874808544 0.015365405180837613
0 0.6545292282439742 0.2363001567947989 0.007152861032458872 0.014305722064917852
0 0.622540044182144 0.3684956255057986 0.005960717527049155 0.00953714804327852
0 0.6193609948343846 0.3759134073172375 0.008345004537868803 0.012716197391038051
0 0.5470376221728557 0.38041706055989677 0.007550242200928921 0.007947623369398756
0 0.5416729763985114 0.3833311891286763 0.007152861032458801 0.01059683115919846
0 0.4782906800275562 0.36929038784273854 0.0075502422009288495 0.00900730648531855
0 0.4834566352176653 0.3732641995274379 0.007550242200928921 0.008477464927358725
0 0.47491294009556173 0.3833311891286763 0.005563336358579037 0.008477464927358725
0 0.44709625830266586 0.3642568930421193 0.005563336358579037 0.008477464927358725
0 0.43775780084362237 0.3658464177159991 0.009139766874808686 0.00953714804327852
0 0.4429237560337315 0.3714097540745782 0.005960717527049013 0.005828257137559092
0 0.4453080430445512 0.38200658523377656 0.0051659551901091305 0.007947623369398898
0 0.43636696675397757 0.38624531769745585 0.007152861032458872 0.007947623369398756
0 0.43934732551750216 0.3928683371719549 0.008345004537868732 0.008477464927358654
0 0.6489658918853951 0.2802770061054721 0.008742385706338639 0.01324603894899795
0 0.6670467350507774 0.4283677215552694 0.009934529211748498 0.00953714804327852
0 0.6376447249449566 0.44873560922068384 0.013022649642186223 0.0122566114279401
0 0.6313632115881372 0.45721309879167576 0.006894343928216315 0.008783904856690441
0 0.6332783071237529 0.4632392660770796 0.006128305713970121 0.00939673542808741
0 0.6296013236953708 0.4635456813627782 0.00612830571397005 0.00878390485669037
0 0.6311334001238633 0.4770279539335122 0.00766038214246258 0.00796679742816103
0 0.6787809770499805 0.4580302062202051 0.006128305713970264 0.007966797428161101
0 0.6832239986926087 0.4498591319349117 0.00674113628536702 0.0083753511424257
0 0.6810790916927192 0.44199447293531674 0.007047551571065468 0.008579627999558071
0 0.6774787120857618 0.42789936979318566 0.008426420356708774 0.01021384285661675
0 0.6753338050858723 0.4421987497924491 0.008120005071010326 0.0081710742852934
0 0.673954936300229 0.447612086506456 0.006587928642517795 0.0083753511424257
0 0.6698183299432992 0.4458757332208312 0.007507174499613285 0.008579627999558
0 0.6656817235863695 0.4471013943636252 0.005975098071120896 0.00817107428529333
0 0.6583277567296055 0.442096611363883 0.008120005071010326 0.008783904856690441
0 0.7188447756550599 0.4034882853658718 0.005362267499723714 0.00837535114242577
0 0.7183085489050874 0.41482565093671636 0.00674113628536702 0.008579627999558071
0 0.7455029055108295 0.4205454029364218 0.0065879286425176535 0.00939673542808741
0 0.5847567365006499 0.5569918067371092 0.007507174499613143 0.008579627999558071
0 0.5301558062007846 0.42891407005520504 0.009753901407898552 0.013005201877198048
0 0.5774802908094773 0.48647413021539626 0.006863856546298948 0.008670134584798745
0 0.6905532960195601 0.59268327887918 0.006863856546299019 0.00915180872839862
0 0.7882729379023953 0.5625786449041847 0.007947623369398684 0.011560179446398209
0 0.7573855834440499 0.513447882256992 0.0075863677616989375 0.009633482871998495
0 0.7521473771324005 0.4927358940821952 0.006502600938598988 0.011560179446398209
0 0.6813412780232113 0.5958141608125795 0.007225112153999049 0.008670134584798816
0 0.7850216374330955 0.6044842953973781 0.007947623369398827 0.009633482871998495
0 0.730833296278104 0.6565051029061703 0.012282690661798056 0.010596831159198246
0 0.7492573322708012 0.6475941312495718 0.007947623369398827 0.012041853589998226
0 0.5827184971211264 0.6699919789269683 0.007947623369398827 0.010596831159198388
0 0.5418966134510328 0.65867263655237 0.008670134584798603 0.012041853589998083
0 0.567003878186179 0.6278454913619747 0.00686385654629909 0.010115157015598371
0 0.5247369720852854 0.5671545492683839 0.008308878977098644 0.011078505302798263
0 0.6033832191644065 0.680787119229019 0.007626584536450096 0.007776125409713899
0 0.6050655539886234 0.6845256410606123 0.007402273226554428 0.007477043663186151
0 0.6065235775029447 0.6887127855119967 0.0067293392968676355 0.00807520715624122
0 0.7018558842085699 0.7299860665327847 0.008523829776032272 0.01226235160762556
0 0.6564451530378438 0.7043267488590027 0.009537148043278591 0.010596831159198388
0 0.6862487406730893 0.7967841007230085 0.014305722064917745 0.013246038948998092
0 0.6637967046545376 0.8479138110661407 0.008345004537868874 0.009537148043278734
0 0.6572399153747835 0.8555965136565595 0.011921435054098168 0.01324603894899795
0 0.6252507313129534 0.8039369617554674 0.007550242200928921 0.013775880506957777
0 0.621276919628254 0.8015526747446476 0.005960717527049084 0.01006698960123856
0 0.6141240585957951 0.7859223487848302 0.0075502422009288495 0.010596831159198388
0 0.5857113050501945 0.7912207643644293 0.010331910380218403 0.011656514275118183
0 0.5801479686916153 0.7824783786580906 0.008742385706338708 0.01006698960123856
0 0.5010691161660975 0.7093602436596217 0.008742385706338568 0.010066989601238419
0 0.49848613857104285 0.7143937384602411 0.00834500453786859 0.01059683115919853
0 0.457953259387109 0.6807487995297862 0.008345004537868732 0.009007306485318622
0 0.45099908893888513 0.668827364475688 0.010331910380218474 0.011656514275118468
0 0.44464099024336606 0.7104199267755417 0.007947623369398756 0.009007306485318622
0 0.48159743891107043 0.8100301396720064 0.00635809869551899 0.012186355833078153
0 0.4303352681784483 0.8137390305777259 0.00953714804327852 0.012186355833078153
0 0.6630019423175978 0.8227463370630446 0.007550242200928921 0.01006698960123856
0 0.6822749289883899 0.8312238019904032 0.007152861032459015 0.017484771412677277
0 0.6868448124257941 0.8349326928961227 0.005165955190109202 0.012186355833078153
0 0.5082219771985563 0.8807639876596557 0.007947623369398827 0.013775880506957917
0 0.5177591252418349 0.9059314616627517 0.009537148043278662 0.01006698960123856
0 0.5348465154860422 0.8807639876596557 0.007947623369398827 0.009537148043278449
0 0.4235797883144592 0.8895063733659945 0.00953714804327852 0.012186355833078153
0 0.43987241622172674 0.8879168486921146 0.0071528610324589435 0.009007306485318622
0 0.44305146556948627 0.871756681174337 0.008742385706338639 0.010596831159198388
0 0.4476213490068906 0.8603650876781986 0.0075502422009288495 0.007947623369398827
0 0.35503153675339477 0.7594302708868342 0.006755479863988967 0.008477464927358654
0 0.3448983169574113 0.7231361241665798 0.008742385706338708 0.012186355833078153
0 0.3739071422557169 0.7300240644200587 0.006358098695519061 0.009007306485318622
