0 0.4754897223578559 0.25676457440411604 0.009848700629340278 0.012974407054759838
0 0.37346462673611114 0.7622270654748988 0.010408613416883681 0.013697136773003472
0 0.5174941168891058 0.44854814034921153 0.01017032199435764 0.013713780155888311
0 0.44151717291937936 0.4070062284116392 0.010221099853515625 0.014049190945095486
0 0.6164947509765625 0.44452627676504625 0.010372331407335069 0.013325896086516204
0 0.3910399119059245 0.4198442388463903 0.010133616129557292 0.012984466552734376
0 0.47975548638237847 0.6556047792787905 0.009571075439453125 0.013869335033275462
0 0.819627931382921 0.5834676954481337 0.009066687689887153 0.011865969057436343
0 0.7943297068277996 0.6005223309552228 0.009250810411241319 0.013188284414785877
0 0.867418458726671 0.5580986305519386 0.009399668375651041 0.011079576280381944
0 0.6845732582939996 0.588292807119864 0.00979626973470052 0.012756743254484953
0 0.5307841240272989 0.4985081610759849 0.006321500551602952 0.011691377364254976
0 0.4937727578945268 0.511694947172877 0.0073410974147647325 0.011963269861097955
0 0.513117291894623 0.2383701367093588 0.0055175337534425495 0.009386149373672232
0 0.5121184280254653 0.2277155887716769 0.005802923430344649 0.008625110235266327
0 0.5069814138412257 0.23335996238152032 0.00485162450733732 0.007990910953261477
0 0.532371101690335 0.8959479258727603 0.008217500843732494 0.010956667791643327
0 0.4052087581254564 0.5884184027717179 0.011838772401987612 0.013556555064236663
0 0.6680240640061865 0.5837384312861156 0.008371430522464323 0.012810825496498453
0 0.6975618955655637 0.6082819434997044 0.008847079983967917 0.011669266788889701
0 0.6589391592914666 0.5950271785058024 0.007325001707156389 0.0062151529636478384
0 0.6569414315531512 0.6028278296744624 0.005612663645743226 0.007103031958454622
0 0.6628394848757967 0.6117066196225306 0.007325001707156531 0.004819914543237189
0 0.6624589653065937 0.6076477442176994 0.007515261491757741 0.004058875404831284
0 0.5647630836102071 0.9175200181793192 0.005055852214025265 0.007966797428161101
