0 0.4430204153060913 0.24405601024627685 0.009504079818725586 0.012641668319702148
0 0.7545193433761597 0.41742169062296547 0.008915948867797851 0.01158002217610677
0 0.7143041133880615 0.3942474365234375 0.010082817077636719 0.013468615214029948
0 0.5215664625167846 0.7060606002807616 0.008516168594360352 0.012383524576822917
0 0.392046320438385 0.6807247797648113 0.00921180248260498 0.012848663330078124
0 0.5068003177642822 0.3682886600494385 0.007960128784179687 0.011336994171142579
0 0.39016673564910886 0.762271817525228 0.009297847747802734 0.012076314290364583
0 0.35453014373779296 0.5878015200297038 0.010857200622558594 0.015001614888509117
0 0.3745793581008911 0.5048051993052165 0.007605457305908203 0.009227975209554037
0 0.47706191539764403 0.3831754048665365 0.007885122299194336 0.010141626993815106
0 0.4938529968261719 0.5344644069671631 0.008389472961425781 0.011246840159098305
0 0.6898626804351806 0.24509608745574948 0.008292579650878906 0.010797897974650063
0 0.26366931200027466 0.6043686866760255 0.00808098316192627 0.010567156473795573
0 0.36810373067855834 0.4688931147257487 0.008712220191955566 0.011393038431803386
0 0.2857438802719116 0.4033647537231445 0.009804201126098634 0.013501294453938802
0 0.3839837431907654 0.571495532989502 0.00780799388885498 0.00970287322998047
0 0.5685697317123413 0.35820086797078454 0.007691717147827149 0.010789934794108074
0 0.42399489879608154 0.4064661184946696 0.007937383651733399 0.010143248240152995
0 0.46923706531524656 0.45694723129272463 0.007968759536743164 0.011266644795735676
0 0.6527240753173829 0.3600131829579671 0.007791042327880859 0.009638055165608724
0 0.26425575017929076 0.3940542062123617 0.009942030906677246 0.013844712575276691
0 0.3754870414733887 0.33550564448038744 0.008305931091308593 0.010599199930826824
0 0.3641289472579956 0.5689771970113118 0.008265876770019531 0.013163312276204426
0 0.5019236140287429 0.2700936775304235 0.008014965057373046 0.01287841796875
0 0.49469614028930664 0.7397790273030599 0.009284400939941406 0.011560440063476562
0 0.3944876313209534 0.4073107560475668 0.006957793235778808 0.008722273508707683
0 0.5948686838150025 0.5034822463989258 0.009720563888549805 0.012468401590983074
0 0.4885364770889282 0.7764707565307617 0.007520723342895508 0.010073089599609375
0 0.27881399393081663 0.24468862215677897 0.0090498685836792 0.011414051055908203
0 0.5488840103149415 0.36780687967936193 0.006308650970458985 0.008787091573079426
0 0.6692932844161987 0.4000608603159587 0.009551191329956054 0.012087790171305339
0 0.6315341472625733 0.39102276166280103 0.009303092956542969 0.012440903981526691
0 0.43493430614471434 0.5225127379099529 0.010382699966430663 0.013009166717529297
0 0.4271180868148804 0.0933099071184794 0.009811830520629884 0.012656172116597496
0 0.5875281572341919 0.27549878756205237 0.008764886856079101 0.012272485097249349
0 0.3567590951919556 0.4213897705078125 0.007976102828979491 0.010193697611490886
0 0.6894162178039551 0.33254656791687004 0.009063148498535156 0.011364968617757161
0 0.31321095894283174 0.17548798818864508 0.008565187454223633 0.013092803955078124
0 0.5361936330795288 0.27968177795410154 0.008925390243530274 0.01115570068359375
0 0.6071269989013671 0.7029782295227051 0.009686660766601563 0.012357521057128906
0 0.47799727916717527 0.6080645243326823 0.008410406112670899 0.009841156005859376
0 0.7081849575042725 0.6064260482788086 0.007667827606201172 0.009762446085611979
0 0.6050148010253905 0.4158076445261637 0.008765316009521485 0.011502869923909505
0 0.5599678573499768 0.6594770021160012 0.009685516357421875 0.013126118977864582
0 0.6343778610229492 0.31904691060384116 0.007842159271240235 0.010251935323079426
0 0.39464391469955445 0.48164583841959635 0.007978224754333496 0.010252761840820312
0 0.5956058067390875 0.3769560781488151 0.007187032699584961 0.009569835662841798
0 0.6729928255081177 0.5421955426534018 0.007067632675170898 0.010154660542805989
0 0.6318749189376831 0.5378894329071044 0.009054136276245118 0.012445418039957683
0 0.6607879514023155 0.6523056717124527 0.010599040985107422 0.014101028442382812
0 0.5567033701647979 0.3814362850424098 0.009273099899291991 0.012522474924723309
0 0.7353396892547608 0.24401933352152508 0.009085464477539062 0.012719186147054036
0 0.608295488357544 0.37283274332682287 0.007979774475097656 0.010447311401367187
0 0.7387575149536133 0.5250268618265788 0.009696102142333985 0.013040415445963542
0 0.4984479797430912 0.7938784995157594 0.00895686149597168 0.013593165079752605
0 0.5493670463562011 0.6885351181030274 0.008465194702148437 0.011971282958984374
0 0.5040381351736567 0.10734393065720825 0.009107351303100586 0.011975749333699543
0 0.6717623949050904 0.21189960638682045 0.006573724746704102 0.008284393946329753
0 0.5833180311598122 0.32155984057601444 0.010056114196777344 0.01428670883178711
0 0.5666127045118214 0.4113010922614807 0.007538270950317383 0.009763272603352864
0 0.7067689895629883 0.22023169994354247 0.0073394775390625 0.010144694646199543
0 0.30165050029754636 0.6999331792195638 0.00917959213256836 0.011774826049804687
0 0.5767754316329956 0.4020045598347982 0.008250761032104491 0.011928621927897136
0 0.2701458334922791 0.5833532015482584 0.007852625846862794 0.010255877176920574
0 0.2597101557158844 0.39780776716850497 0.009852425664543958 0.015525034380493494
0 0.4164532912881744 0.41930396861841907 0.0068668421298335855 0.013932723161981358
0 0.3924193438337566 0.43900881994750696 0.008956750604130832 0.01353464535735327
0 0.38346259322962567 0.4149251127675106 0.0065682837763625206 0.009951945115700838
0 0.3882395268851622 0.35441728646404885 0.010748100724957084 0.014728878771237462
0 0.39973402349379683 0.3534220919524787 0.008061075543717777 0.012738489748097237
0 0.4003311402007389 0.32794511245628427 0.011643775785370139 0.008757711701816788
0 0.3241987600656266 0.3183912451452114 0.006269725422891597 0.01592311218512151
0 0.32837857701422096 0.3233672177030619 0.006269725422891597 0.010748100724957084
0 0.3353946983207902 0.30983257234570855 0.007762517190246783 0.009155789506444911
0 0.3419629820971528 0.3046575608855441 0.005971167069420602 0.009155789506444911
0 0.36420557943074444 0.2656459360319963 0.006866842129833657 0.00995194511570098
0 0.30180688355529944 0.2091188877748149 0.011046659078428042 0.01472887877123739
0 0.35211396611516776 0.23817856751266167 0.006568283776362662 0.010748100724957013
0 0.35286036199884535 0.24375165677745422 0.008061075543717777 0.008359633897188808
0 0.40943716998160534 0.2644517026181122 0.008956750604130832 0.009155789506444877
0 0.46093848595535775 0.3522278585385946 0.0068668421298335855 0.011146178529585028
0 0.4646704653737456 0.3476499637853722 0.010150984018014952 0.009155789506444946
0 0.35435315376620047 0.137464882941768 0.008061075543717777 0.009155789506444911
0 0.5136340353429943 0.09865229699053427 0.007165400483304722 0.008757711701816842
0 0.5911099280687262 0.18523421949713265 0.008061075543717705 0.009155789506444858
0 0.5885721820642225 0.14005238867185027 0.010748100724957155 0.013534645357353324
0 0.5074022782045788 0.09006548843315604 0.005817861182028139 0.006289579656246716
0 0.5105863779055538 0.08796896188107381 0.004795804487888162 0.007337842932287834
0 0.5049650660877834 0.08571519583758541 0.008648172027339243 0.008700585191141278
0 0.6497620159124738 0.15940081801693662 0.00943759079951377 0.012808158942197405
0 0.6652666293688182 0.16704077247368598 0.006741136285366878 0.011010522599432875
0 0.6965562538452963 0.22936362230802865 0.009869697635405714 0.010198687556586102
0 0.7398595522206398 0.2913782224504957 0.011103409839831642 0.015791516216649447
0 0.7216006115951388 0.2739417566279453 0.006168561022128784 0.014475556531928717
0 0.7249316345470882 0.27180332214027403 0.006415303463013941 0.01480454645310882
0 0.5678800709236919 0.3884302491986539 0.0071555307856693414 0.00855373795068509
0 0.7486189088720622 0.3413846904698857 0.005921818581243628 0.011185657320126694
0 0.7523200454853398 0.3400687307851649 0.005921818581243628 0.009869697635405928
0 0.7492357649742754 0.33348893236156096 0.008142500549209898 0.010527677477766275
0 0.7220459570266924 0.41355570296406724 0.007225112153998907 0.013486876020797922
0 0.5399022909911422 0.4131760814940174 0.011128084083920058 0.010132889572350052
0 0.6826674672872887 0.4470126948874007 0.007328250494288824 0.010494778485648197
0 0.7324724289799556 0.5002103651422385 0.00705683380931518 0.009771000659051907
0 0.6677395496137372 0.48374441958716974 0.008956750604130832 0.013028000878735853
0 0.7031594270028001 0.4967724204659055 0.008142500549209756 0.01230422305213942
0 0.640597881116371 0.4721639743616268 0.007328250494288966 0.006514000439367891
0 0.6403264644313973 0.4792208081709418 0.0067854171243415355 0.008323445005858972
0 0.7402078045017051 0.5872446487904596 0.008413917234183544 0.010856667398946413
0 0.6107420457692682 0.62162409555379 0.007328250494289037 0.01013288957234991
0 0.5831932522444414 0.5624552582295317 0.005971167069420602 0.011942334138841276
0 0.5868573774915858 0.5680645363856541 0.0067854171243415355 0.01230422305213935
0 0.5386809159087608 0.7108297126818006 0.009771000659051907 0.009771000659051765
0 0.5430235828683394 0.716438990837923 0.008685333919157259 0.007961556092560756
0 0.7130661360043388 0.659441486993454 0.013299417563709426 0.011218556312244771
0 0.6248557133878986 0.6623365982998396 0.008413917234183473 0.011218556312244771
0 0.6275698802376352 0.6697553210224529 0.007328250494288966 0.00940911174575362
0 0.62051304642832 0.6683077653692601 0.008413917234183544 0.013751778705332356
0 0.5994782533428611 0.7956926628502324 0.010313834028999196 0.01013288957234991
0 0.5872645025190464 0.7875501623010226 0.011399500768893702 0.010494778485648197
0 0.5868573774915857 0.7955117183935831 0.011670917453867488 0.010494778485648339
0 0.4438207845104657 0.801844774376302 0.01004241734402555 0.010132889572350052
0 0.37759511337689206 0.736704769982623 0.011670917453867488 0.014475556531928646
0 0.4552202852793594 0.6851355998376272 0.006785417124341606 0.010494778485648197
0 0.43269270042654556 0.7260290470403257 0.011670917453867488 0.012666111965437637
0 0.44368507616797886 0.7462948261850256 0.007599667179262468 0.009771000659051765
0 0.35479611183910437 0.636461540999017 0.008956750604130903 0.011580445225543058
0 0.3267044849443303 0.5888731489003015 0.009228167289104548 0.009771000659051765
0 0.3279258600267118 0.5827210373742318 0.008413917234183544 0.009771000659051907
0 0.33552552720597434 0.512876477107676 0.007871083864236255 0.009771000659051907
0 0.40025840657219275 0.5074481434082028 0.0070568338093152504 0.009771000659051907
0 0.41043653225870513 0.5389324788651476 0.015470751043498794 0.009047222832455404
0 0.41586486595817845 0.5651694250792683 0.006242583754394175 0.011580445225542847
0 0.4225145747400332 0.5649884806226193 0.007599667179262468 0.011942334138840991
0 0.5165604560834072 0.5924920380332837 0.009499583974078121 0.009047222832455404
0 0.26183589723562506 0.5747594812816711 0.008142500549209793 0.01338988979203414
0 0.2371369789030217 0.5172191440672546 0.0075996671792625745 0.010494778485648339
0 0.506055880277958 0.34412024699617433 0.004874788636112583 0.006314011947726783
0 0.5030613672586317 0.3417060659573376 0.004456949610160024 0.0074282493502666825
