0 0.4423882590399848 0.8002685264304833 0.009978612263997396 0.012973757143373843
0 0.49787445068359376 0.13577016194661456 0.00915340847439236 0.012263686568648726
0 0.3630711449517145 0.21753639645046657 0.00917629665798611 0.01266540244773582
0 0.7528005811903212 0.43593218768084496 0.00942535400390625 0.012523679380063657
0 0.7171653323703342 0.354894044664171 0.008996497260199653 0.013541412353515626
0 0.5870960023668078 0.3080845020435475 0.009541193644205729 0.013579587583188658
0 0.6266409979926215 0.4808122705530237 0.009496646457248265 0.01268157958984375
0 0.5622304068671332 0.4765324486626519 0.008302688598632812 0.01243611088505498
0 0.6597753100925021 0.6280055010760272 0.010043377346462674 0.012765220359519675
0 0.39246626959906683 0.7638975637930411 0.008325280083550348 0.011321738914207175
0 0.7047539181179471 0.714563496907552 0.009567430284288194 0.014051423249421298
0 0.7341010199652778 0.4800451490614149 0.00941619873046875 0.012969009964554398
0 0.7444507175021701 0.5776100441261575 0.008756510416666667 0.011319986979166667
0 0.4136748631795247 0.5769708704065394 0.009046893649631077 0.012204431604456018
0 0.4666806115044488 0.7861751415111401 0.00884950425889757 0.01210869683159722
0 0.5582929399278429 0.1342335241812247 0.008051130506727431 0.01144176059299045
0 0.6561520046657986 0.5317214400679977 0.009163750542534722 0.012414324725115743
0 0.5907512029012045 0.7747446130823207 0.00942370096842448 0.01218273021556713
0 0.4555077446831597 0.6769307454427085 0.008655548095703125 0.011214644820601851
0 0.6052899890475802 0.784935223614728 0.009493213229709202 0.012906674985532407
0 0.2976844787597656 0.48995686283817996 0.009860017564561632 0.012704637315538194
0 0.5730019887288411 0.1883959028455946 0.009206136067708334 0.012860192192925345
0 0.43129403856065535 0.2747371673583985 0.00879762437608507 0.011672832347728588
0 0.24565137227376305 0.4726581008345992 0.009615156385633681 0.012925691957826968
0 0.6933662626478407 0.5422103034125434 0.009271960788302952 0.011477265534577546
0 0.5537240770128038 0.5155153627748842 0.008497789171006945 0.01241217719184028
0 0.30993421342637806 0.5393395883065684 0.008675469292534722 0.011806007667824074
0 0.370670993780103 0.6471261871241851 0.009976980421278212 0.013286844889322918
0 0.4549504597981771 0.5193039788140191 0.00850736829969618 0.011076015896267362
0 0.4342095269097222 0.7094608730740016 0.00872955322265625 0.011495802137586806
0 0.641107177734375 0.5288981402361835 0.007892778184678819 0.010423052752459493
0 0.5498662948608398 0.8153249104817708 0.009625540839301215 0.012772171585648149
0 0.26314081615871854 0.5414704216851128 0.01057991451687283 0.015096876356336806
0 0.37787011464436854 0.1869155177363643 0.008959579467773437 0.013291196469907406
0 0.3622569190131293 0.2937814783166956 0.009032185872395833 0.01191909224898727
0 0.29038515090942385 0.38571240460431133 0.009348699781629775 0.011448443377459492
0 0.4600056330362956 0.5411383169668692 0.0072125328911675345 0.008848515263310186
0 0.3349196010165744 0.7672401710792823 0.009367349412706163 0.011521402994791667
0 0.5238580915662977 0.48370618466977716 0.007575141059027778 0.009610380949797454
0 0.5523514641655817 0.6270324989601418 0.008326212565104166 0.010568293818721064
0 0.6279142591688368 0.7993041144476996 0.009263780381944444 0.012053482620804398
0 0.3398409843444824 0.5600453977231626 0.009898991054958768 0.012996362756799768
0 0.48994973500569666 0.49891360247576677 0.009783977932400174 0.012913287127459492
0 0.5115392684936523 0.2877394499602141 0.008563783433702257 0.011231203432436342
0 0.26394218868679475 0.36314709981282545 0.008704884847005209 0.011650000678168402
0 0.3066029972500271 0.6630141081633392 0.009560839335123698 0.012700398763020836
0 0.49744718339708116 0.3520967978018302 0.00891125996907552 0.01308172720449942
0 0.6989454693264432 0.2308396304095233 0.008627700805664062 0.013195221512405961
0 0.47927070193820526 0.5386610808195891 0.008909903632269966 0.012665699146412038
0 0.560176510281033 0.37485303525571473 0.008480580647786458 0.011708860044126157
0 0.5417769749959309 0.6337041784215857 0.008117972479926214 0.012404265227141205
0 0.7170814090304904 0.5420788235134548 0.007974836561414931 0.010059158890335646
0 0.6236847559611003 0.8240405047381365 0.009392335679796008 0.01325141059027778
0 0.49557367960611987 0.42324676513671877 0.007948133680555556 0.010576770923755786
0 0.621321317884657 0.731520250108507 0.009317186143663194 0.012092872902199075
0 0.7753629048665364 0.5631844979745371 0.009574381510416667 0.012939227068865739
0 0.2835781945122613 0.29861169037995516 0.007978227403428819 0.010780871355975117
0 0.39641647338867186 0.6468767801920573 0.008630964491102431 0.011940454553674769
0 0.26907467312282984 0.6086331402813946 0.008335240681966146 0.010936369719328704
0 0.6965943654378256 0.7593762433087384 0.008385552300347222 0.011108850549768519
0 0.4707886589898003 0.7036098621509694 0.008201344807942709 0.010580726906105325
0 0.6395060009426541 0.5943172030978733 0.009705310397677951 0.01268090142144097
0 0.5212396621704102 0.4123294689037182 0.007699457804361979 0.011497214988425925
0 0.43445684644911026 0.36195250617133246 0.008599175347222222 0.010938149911385996
0 0.35914129681057405 0.26958379392270687 0.0085285398695204 0.011496282506872107
0 0.3625945621066623 0.5187744423195167 0.008424123128255209 0.011068103931568287
0 0.3676882849799263 0.3480271233452691 0.009179009331597222 0.012042292842158565
0 0.43572786119249135 0.44906792817292385 0.009599897596571181 0.011582918520326968
0 0.3740089416503906 0.4125515266701027 0.007914988199869792 0.011399813051576968
0 0.6610644022623698 0.3052929489700882 0.0071040683322482635 0.009836182770905672
0 0.5750763999091254 0.42711995442708334 0.008554967244466145 0.011507557056568286
0 0.67175415886773 0.5276411833586516 0.00764041476779514 0.009839658383969907
0 0.3263635211520725 0.6584327415183737 0.007383982340494793 0.01049488208912037
0 0.4199631161159939 0.7786847997594762 0.00780122545030382 0.01059711597583912
0 0.30326114230685763 0.683392079671224 0.007728152804904515 0.01138458251953125
0 0.26608476638793943 0.3481248502378111 0.007241037156846788 0.0103978192364728
0 0.375846290588379 0.23588516094066478 0.007926644219292536 0.010687891642252605
0 0.5568052291870117 0.21422326829698352 0.009665298461914062 0.011985496238425925
0 0.33170214834786343 0.6713755630331895 0.006896697965180749 0.008319826116726006
0 0.313146746679639 0.5975918419453826 0.011166082419816483 0.012260796382543475
0 0.2642130325457374 0.532784775351938 0.010509254042180238 0.010509254042180132
0 0.2895009250847335 0.5511759699257534 0.00788194053163508 0.009633482871998637
0 0.29048616765118795 0.545264514527027 0.009852425664543923 0.01007136845708942
0 0.36618563817376726 0.48220899027394565 0.0095240114757258 0.01007136845708942
0 0.37488861417744773 0.4795816767634007 0.007225112153998907 0.009195597286907642
0 0.46470989481920666 0.5559927113617525 0.00689669796518082 0.013136567552725324
0 0.45847002523166225 0.4916235303533988 0.00821035472045331 0.012260796382543617
0 0.510195259970518 0.4942508438639439 0.007881940531635294 0.016639652233452082
0 0.48704205965883973 0.612917837423562 0.008867183098089555 0.011385025212361838
0 0.5390957085865136 0.6100715811204717 0.011822910797452835 0.015325995478179593
0 0.24582183797192209 0.4270354065524996 0.009195597286907642 0.015325995478179522
0 0.3624088750023587 0.45090017093995044 0.008538768909271468 0.012260796382543617
0 0.37423178579981153 0.46140942498213067 0.010509254042180274 0.016639652233452012
0 0.46405306644157046 0.45287065607285926 0.008867183098089555 0.013574453137816179
0 0.5085531890264273 0.446521315089042 0.011822910797452764 0.012260796382543617
0 0.4661877586688884 0.43579311825431644 0.010509254042180132 0.010947139627271056
0 0.43137585465416634 0.3963834155961406 0.009852425664543958 0.011822910797452764
0 0.42710647019953063 0.40163804261723074 0.007881940531635222 0.008319826116726006
0 0.42710647019953074 0.3930992737079593 0.007225112153998978 0.013136567552725324
0 0.31331095377404805 0.2602009986328887 0.00952401147572587 0.013574453137816071
0 0.33859884631304427 0.252538000893799 0.007553526342816994 0.012260796382543581
0 0.592955635552687 0.39441293046323184 0.01116608241981659 0.012260796382543689
0 0.5916419787974145 0.28756884770106633 0.00919559728690757 0.014012338722906961
0 0.425300192161031 0.1557652865887229 0.008867183098089626 0.014888109893088633
0 0.4356452391088021 0.20108644464562503 0.007225112153998907 0.012698681967634436
0 0.4546932620602538 0.2225428383150763 0.007881940531635222 0.010947139627271056
0 0.487534680942067 0.16671242621599394 0.009852425664543958 0.014888109893088615
0 0.49147565120788445 0.15532740100363207 0.007225112153998907 0.00875771170181686
0 0.5106878812537452 0.1577357717216317 0.00821035472045331 0.010947139627271056
0 0.5384388802088773 0.15576528658872288 0.007225112153999049 0.0122607963825436
0 0.5080605677432001 0.2037137581561701 0.00821035472045331 0.010947139627271056
0 0.5185698217853804 0.20261904419344298 0.008867183098089483 0.01313656755272529
0 0.5295716971107878 0.19057719060344483 0.006568283776362662 0.009195597286907678
0 0.5546953825553749 0.19626970320962578 0.008210354720453238 0.008319826116726006
0 0.5088816032152454 0.23874460496343744 0.010509254042180345 0.010071368457089384
0 0.5661898791640094 0.23064372163925687 0.010180839853362045 0.012260796382543546
0 0.669968762830539 0.2634851405210701 0.006239869587544575 0.008757711701816894
0 0.655025917239314 0.2772785364514316 0.009195597286907713 0.010071368457089384
0 0.6614299939212676 0.28078162113215827 0.010180839853362045 0.010947139627271056
0 0.7307253877618933 0.26676928240925135 0.009524011475725729 0.011822910797452764
0 0.7226792401358492 0.38018164894777945 0.008538768909271396 0.013574453137816108
0 0.7684930194759785 0.3578494841081465 0.012151324986270994 0.020580622499269622
0 0.6159446287699564 0.42375126466431823 0.010509254042180132 0.012260796382543617
0 0.647472390896497 0.42681646375995413 0.005911455398726418 0.01138502521236191
0 0.655025917239314 0.4303195484406808 0.005911455398726418 0.008757711701816788
0 0.6670130351311758 0.4110525826966838 0.008210354720453238 0.009633482871998566
0 0.6103615875600481 0.46797770875849326 0.009195597286907784 0.009633482871998566
0 0.6939429986142627 0.5189913794215764 0.006896697965180749 0.01269868196763447
0 0.7028101817123522 0.5137367524004862 0.007553526342816923 0.009195597286907784
0 0.7458324404475275 0.46272308173740323 0.006239869587544575 0.013136567552725182
0 0.6987050043521255 0.5161451231184858 0.006568283776362591 0.008757711701816788
0 0.7042880455620337 0.6240839198433784 0.007225112153998765 0.010947139627271056
0 0.6679982776976303 0.6978676409311854 0.007553526342816923 0.00788194053163508
0 0.7745686819691139 0.6085389815726536 0.00788194053163508 0.014012338722907032
0 0.7785096522349315 0.6026275261739273 0.009195597286907713 0.015325995478179593
0 0.7798233089902041 0.6113852378757442 0.007225112153999049 0.008319826116726006
0 0.7455040262587093 0.6932698422877315 0.006896697965180749 0.010071368457089279
0 0.6067490314830486 0.6847310733784601 0.007881940531635151 0.012260796382543617
0 0.5384388802088772 0.7136315219944557 0.009852425664543887 0.010509254042180203
0 0.5382746731144682 0.7221702909037271 0.0095240114757258 0.0126986819676344
0 0.5300643183940149 0.8627315637178873 0.0095240114757258 0.009195597286907713
0 0.500507041400383 0.8320795727615284 0.007553526342816994 0.011822910797452835
0 0.5018206981556556 0.8559443371489792 0.008210354720453167 0.01401233872290689
0 0.4904904086414301 0.8530980808458889 0.0059114553987263466 0.009195597286907713
0 0.48326529648743116 0.8583527078669789 0.008538768909271468 0.01007136845708942
0 0.48030956878806796 0.8699566758718862 0.0052546270210901014 0.01138502521236191
0 0.41232783170271475 0.7453782269135418 0.007225112153998907 0.01007136845708942
0 0.3982060215835351 0.6994002404790032 0.008538768909271468 0.011822910797452693
0 0.48737047384765786 0.7037790963299119 0.007553526342816994 0.009195597286907713
0 0.4840863319594766 0.7088147805584565 0.0062398695875444336 0.010509254042180203
0 0.35042175711049695 0.7497570827644501 0.007553526342816994 0.008319826116726148
0 0.5382746731144681 0.49972441367757925 0.007553526342817136 0.008319826116726077
0 0.6113468301265026 0.41236623945195633 0.007881940531635151 0.013136567552725182
