0 0.30260772705078126 0.36820935849790215 0.009764777289496528 0.01243342646846065
0 0.7272791052775802 0.44769552489976483 0.010157267252604164 0.013972331859447337
0 0.3371368514166938 0.2410562020760995 0.009875255160861546 0.013929352936921298
0 0.7189220428466797 0.40965646814416956 0.009460703531901041 0.012930128309461806
0 0.34682138231065535 0.76273597434715 0.008254284328884549 0.010461482295283564
0 0.47947839101155604 0.7911645959924768 0.007724210951063368 0.010498838071469906
0 0.45761453840467664 0.8123194094057437 0.00746506585015191 0.00932498508029514
0 0.6161354700724284 0.397121740270544 0.008493762546115452 0.011871903030960649
0 0.609270265367296 0.7601435908564814 0.009039984809027778 0.012699155454282407
0 0.42276761796739365 0.28350065725821033 0.00842696295844184 0.011312216299551505
0 0.27204501893785266 0.6196416501645688 0.008068360222710503 0.011356325502748843
0 0.7499632093641493 0.38498779579445164 0.0091949462890625 0.0119105303729022
0 0.6868590248955619 0.39766690289532697 0.00879469977484809 0.010980959291811343
0 0.5115290535820854 0.13534505632188584 0.008990266587999132 0.011793419166847513
0 0.5953854031032987 0.17509283136438442 0.008467356363932291 0.011909583762839989
0 0.3026510662502713 0.3876826816134982 0.009889390733506944 0.01338111029730903
0 0.2988679567972819 0.3171314098216869 0.008045599195692274 0.01098717583550347
0 0.5863896475897895 0.576785984745732 0.007284503512912327 0.010440006962528937
0 0.39394022623697916 0.7980689154730902 0.008917405870225695 0.011740564416956019
0 0.3843458599514431 0.6147052906177662 0.008095084296332464 0.010938291196469907
0 0.45109081268310547 0.6623854177969473 0.008178499009874132 0.011906546133535877
0 0.5848037295871311 0.7969326160572194 0.00958709716796875 0.013025523998119213
0 0.49603184594048394 0.6675274884259261 0.008252334594726563 0.010292222764756944
0 0.5487726423475476 0.3555128733317057 0.006716664632161458 0.010175436514395255
0 0.7519428253173828 0.4172260849564164 0.009028371175130208 0.010812632242838542
0 0.6438368691338434 0.4769058651394314 0.008890491061740452 0.011973543520326969
0 0.32946980794270836 0.6430455243145978 0.008586374918619792 0.012383524576822917
0 0.6981193118625216 0.23204643814652054 0.0077936808268229164 0.010819131356698495
0 0.3829733318752712 0.41893371299461085 0.009449132283528646 0.012889522976345486
0 0.4208505206637912 0.8028366371437357 0.007989798651801215 0.010761571813512732
0 0.694648700290256 0.36302211902759696 0.008556789822048612 0.01118703771520544
0 0.6988780763414171 0.6205269425003618 0.008793597751193576 0.011290995279947917
0 0.6157572428385416 0.5993740223072193 0.008860948350694444 0.012741484465422453
0 0.5894243664211697 0.7170481363932292 0.008595148722330729 0.012343569155092594
0 0.3956889470418294 0.5658226295753761 0.006963645087348091 0.008958604600694444
0 0.6704785876803928 0.7936169094509549 0.008130094740125868 0.011369493272569444
0 0.6424442927042644 0.5794927526403356 0.007990222507052952 0.01044921875
0 0.32608418994479704 0.5607420179578992 0.00907586415608724 0.012747531467013889
0 0.4523840602907392 0.7433149524708916 0.008143530951605903 0.01057586669921875
0 0.45394897460937494 0.19059860794632524 0.009053548177083334 0.012045683684172455
0 0.505293337504069 0.7700312013979311 0.00879868401421441 0.01173598678023727
0 0.6353849589241274 0.6732112415736775 0.009822591145833334 0.012339556658709491
0 0.6901848051283095 0.7058908533166957 0.00724440680609809 0.00956737377025463
0 0.41439314948187933 0.6641573305483217 0.007363637288411457 0.009800663700810185
0 0.5351773367987739 0.3241734822591145 0.008426793416341146 0.011755032009548612
0 0.43443688286675347 0.43441629763002754 0.008497026231553819 0.010868015995732061
0 0.624929173787435 0.43131335223162615 0.007509867350260418 0.009461296929253472
0 0.6613594055175781 0.25600498340747974 0.007073296440972222 0.009597326208043981
0 0.45713511572943794 0.7630137408221209 0.00735825432671441 0.00944694236472801
0 0.5729116863674587 0.505920014558015 0.008980094061957464 0.010341163917824074
0 0.7073428048027887 0.6790451897515192 0.008226140340169271 0.01026763916015625
0 0.7920246548122829 0.4486559408682364 0.008991834852430556 0.012182362874348958
0 0.23846784167819554 0.5193324618869357 0.008397356669108073 0.01122962103949653
0 0.6037766774495443 0.35973437273943865 0.007545895046657985 0.010142856174045138
0 0.4312120225694444 0.16864568922254772 0.00783598158094618 0.01093150951244213
0 0.7278903961181641 0.48401752048068575 0.008180999755859375 0.010812999584056713
0 0.6305850982666016 0.40750666017885556 0.00872802734375 0.011238861083984374
0 0.48952742682562933 0.8600739373101127 0.009144253200954862 0.013161722819010417
0 0.557151476542155 0.8503765247486256 0.008536571926540799 0.010640066641348377
0 0.7499669392903645 0.3853118190058955 0.010725233289930556 0.014853781240957755
0 0.5977755736490815 0.41660073087415006 0.008266872829861112 0.010837894015842014
0 0.6326817830403646 0.5186226738823784 0.008326805962456597 0.01079757125289352
0 0.5619759453667535 0.25659131650571465 0.006902313232421875 0.009259146231192129
0 0.2569072723388672 0.37331275939941405 0.008505503336588541 0.011667802598741318
0 0.421063232421875 0.6521623399522569 0.007196384006076389 0.009128711841724537
0 0.5383840137057835 0.6838537993254485 0.008548609415690104 0.011605891474971064
0 0.6385197533501519 0.3362254531295211 0.008049180772569444 0.010710567898220487
0 0.571363173590766 0.6438605979636864 0.008113818698459202 0.011342705620659723
0 0.3969092686971029 0.7314735412597657 0.008279461330837673 0.010525569209346063
0 0.5471171273125544 0.5581711097999856 0.008872265285915799 0.010024741843894675
0 0.5544583850436741 0.24510276229293257 0.008717134263780383 0.010454446298104745
0 0.48656722174750433 0.6312163458930121 0.007416619194878472 0.009545954951533564
0 0.7767306857638888 0.5155965451841001 0.009151373969184027 0.011102916576244213
0 0.2878455268012152 0.6380614951804832 0.007744386461046007 0.010587169505931714
0 0.41768716176350906 0.24056065877278646 0.007912233140733508 0.011049567328559027
0 0.7250173780653211 0.7150008307562934 0.006887647840711806 0.009090112756799768
0 0.7298689524332683 0.5443309077510128 0.008645714653862848 0.01171253345630787
0 0.40265257093641493 0.7674922801830151 0.007119920518663194 0.00932628490306713
0 0.5414091211035217 0.3317141676533029 0.010810301038953994 0.014647137677228007
0 0.3658846961127387 0.32833479422110096 0.008578999837239584 0.011823498761212385
0 0.4387944751315647 0.26135847303602433 0.007733790079752604 0.01025305853949653
0 0.5645404815673828 0.7117637069137008 0.007794019911024306 0.010150994194878473
0 0.24163488126726804 0.5359283783846186 0.010115157015598477 0.011078505302798263
0 0.24181550907111807 0.5267765696562201 0.008308878977098715 0.009151808728398478
0 0.2835405317604617 0.5161797384970217 0.009392645800198593 0.011078505302798334
0 0.2873337156413111 0.5327974964512192 0.010476412623298365 0.011560179446398209
0 0.29600385022610975 0.4949860761786249 0.009753901407898552 0.011078505302798263
0 0.34784402993105185 0.5332791705948191 0.010115157015598442 0.012523527733598029
0 0.4455636718138869 0.5219598282202209 0.009753901407898552 0.011078505302798263
0 0.4959588290880291 0.5229231765074206 0.009392645800198593 0.013005201877197906
0 0.4247914743711398 0.5051012331942233 0.008670134584798674 0.00915180872839862
0 0.3617523708274997 0.4338134599414343 0.009753901407898481 0.013005201877197977
0 0.42334645194034026 0.5226823394356207 0.008670134584798603 0.008670134584798816
0 0.42009515147104076 0.5296666145178196 0.008670134584798745 0.010115157015598442
0 0.41052187786699224 0.5390592603180182 0.006141345330899028 0.013486876020797994
0 0.4820504881915813 0.37529005149404326 0.008308878977098715 0.0125235277335981
0 0.48439864964163093 0.35674559696544605 0.008670134584798674 0.012041853589998154
0 0.49216564520717976 0.37625339978124317 0.006141345330899099 0.010596831159198317
0 0.4739222370183325 0.34374039508824805 0.007225112153999049 0.010115157015598442
0 0.5013776632035281 0.4653631163472294 0.007225112153998978 0.009633482871998495
0 0.5151053762961262 0.43838936430563363 0.007225112153998907 0.008670134584798745
0 0.31135721355335744 0.31845250254925195 0.006502600938598988 0.013486876020797922
0 0.31695667547270656 0.3160441318312524 0.007586367761698866 0.012523527733598029
0 0.32508492664595534 0.30568813774385395 0.009392645800198593 0.012041853589998154
0 0.44104797671763757 0.3121907386824529 0.007225112153998765 0.013486876020797957
0 0.4455636718138869 0.3119499016106529 0.006863856546298877 0.011078505302798297
0 0.46254268537578425 0.31146822746705305 0.01119892383869825 0.013005201877198011
0 0.4871080666993805 0.30303892995405435 0.006863856546299019 0.009633482871998495
0 0.49216564520717976 0.30544730067205395 0.006141345330899099 0.012523527733598137
0 0.5571916545931699 0.29557298072825544 0.006863856546299019 0.010115157015598442
0 0.5393095020120225 0.35963564182704566 0.00939264580019845 0.011078505302798334
0 0.5599010716509194 0.3555414116064463 0.010115157015598442 0.011560179446398209
0 0.5618879774932691 0.36589740569384477 0.009753901407898552 0.010115157015598513
0 0.4296684250750893 0.26209662774806064 0.006863856546299019 0.011560179446398245
0 0.3801764068201969 0.2637824872506604 0.012643946269498087 0.011078505302798297
0 0.379273267800947 0.2772693632714583 0.009392645800198522 0.008188460441198692
0 0.4018517432821936 0.16335342831007574 0.010476412623298402 0.00867013458479871
0 0.4213595460979906 0.1544424566534771 0.006863856546298948 0.013005201877197994
0 0.5402126410312724 0.1590183610176764 0.008308878977098715 0.01637692088239749
0 0.5544822375354203 0.15805501273047654 0.008670134584798674 0.01348687602079794
0 0.5199823270000755 0.2105574943828685 0.009753901407898552 0.013486876020797922
0 0.5378644795812226 0.25463067852226173 0.008670134584798674 0.012041853589998154
0 0.4446605327946371 0.12602368218108148 0.009392645800198593 0.012041853589998137
0 0.4632651965911842 0.1265053563246814 0.008308878977098715 0.013005201877198011
0 0.516731026530776 0.1467356703558783 0.009753901407898481 0.011078505302798334
0 0.5402126410312724 0.12795037875548118 0.008308878977098715 0.015895246738797563
0 0.7094608932386965 0.21874595482406725 0.014450224307997814 0.01637692088239749
0 0.7067514761809468 0.25270398194786203 0.009753901407898552 0.011078505302798297
0 0.648047439929706 0.2584840716710612 0.006502600938598988 0.013005201877198011
0 0.6406416999718572 0.291960424651256 0.007586367761698866 0.009633482871998531
0 0.6308877985639586 0.3047247894566541 0.006863856546298948 0.011078505302798369
0 0.6242045698215096 0.30641064895925385 0.007947623369398827 0.0125235277335981
0 0.608670578690412 0.33747863122144905 0.008670134584798603 0.011078505302798334
0 0.6599688749838041 0.32640012591865075 0.009392645800198664 0.011078505302798263
0 0.634861610248658 0.36156233840144536 0.009031390192498562 0.01589524673879758
0 0.6381129107179574 0.3598764788988456 0.006863856546298877 0.013486876020797922
0 0.7239111175466943 0.34349955801644816 0.011560179446398137 0.014450224307997814
0 0.7226467229197442 0.3560230857500462 0.009031390192498776 0.012523527733598029
0 0.7302330906814433 0.3736041919914436 0.008308878977098715 0.013005201877198048
0 0.6202307581368102 0.44970870668023183 0.009392645800198522 0.012041853589998154
0 0.6070449284557622 0.46825316120882904 0.006863856546298877 0.010596831159198317
0 0.6117412513558613 0.4701798577832287 0.009031390192498634 0.010596831159198388
0 0.5254011611155747 0.4063580337562385 0.007586367761698866 0.011078505302798334
0 0.5308199952310738 0.402986314751039 0.009031390192498562 0.011078505302798263
0 0.5533984707123203 0.4422427574544331 0.008670134584798674 0.0125235277335981
0 0.62167578056761 0.4769232957936278 0.008670134584798603 0.007706786297598783
0 0.6233014308022596 0.4807766889424272 0.01047641262329833 0.008670134584798674
0 0.5615267218855691 0.5222006652920208 0.007586367761698866 0.009633482871998637
0 0.6130056459828114 0.5270174067280202 0.007947623369398827 0.012523527733598171
0 0.6545500408683048 0.5116038341328225 0.010837668230998219 0.014450224307997672
0 0.698623225007698 0.5094363004866227 0.008670134584798745 0.015895246738797438
0 0.7304137184852932 0.5070279297686231 0.007947623369398969 0.01493189845159776
0 0.7354712969930923 0.5070279297686231 0.006502600938598988 0.010115157015598371
0 0.7419738979316916 0.5072687668404231 0.008670134584798745 0.010596831159198388
0 0.7780994587016861 0.4540437739726312 0.007225112153998765 0.010115157015598371
0 0.790924032775034 0.5424309793232177 0.011198923838698392 0.013486876020797994
0 0.7858664542672347 0.5523052992670162 0.008308878977098715 0.011078505302798476
0 0.7927303108135338 0.5515827880516163 0.009031390192498634 0.009633482871998566
0 0.517453537746176 0.6096245223554074 0.007586367761698866 0.011078505302798334
0 0.5521340760853707 0.5901167195396103 0.006863856546298948 0.014450224307997743
0 0.5393095020120225 0.6040852697040082 0.007947623369398898 0.010596831159198388
0 0.5745319237627671 0.5874675117498108 0.009031390192498634 0.011078505302798334
0 0.5842858251706656 0.5554361812004157 0.009753901407898481 0.008670134584798603
0 0.5888015202669149 0.5621796192108146 0.008670134584798674 0.006743438010398961
0 0.6160763186482607 0.5592895743492151 0.007586367761698866 0.009633482871998566
0 0.6131862737866612 0.5650696640724142 0.007586367761699009 0.010596831159198388
0 0.6290815205254588 0.6240747466634052 0.011921435054098168 0.013005201877198048
0 0.6175213410790605 0.6524935211358008 0.006863856546299019 0.013005201877197977
0 0.62185640837146 0.6522526840640009 0.007586367761698795 0.010596831159198388
0 0.7883952435211344 0.5725356132982131 0.00758636776169908 0.016858595025997403
0 0.7596754227089889 0.6992159130649935 0.010837668230998361 0.012041853589998226
0 0.601445466536413 0.7076452105779925 0.009392645800198593 0.012523527733598029
0 0.6101156011212118 0.7040326545009928 0.009392645800198593 0.0101151570155983
0 0.6476861843220061 0.7348597996913883 0.006502600938598988 0.01493189845159776
0 0.6881468123843998 0.7346189626195883 0.009392645800198522 0.015413572595197848
0 0.6485893233412559 0.7806188433333813 0.008308878977098573 0.012041853589998083
0 0.6525631350259553 0.7661686190253835 0.006863856546298877 0.009151808728398549
0 0.6579819691414545 0.769058663886983 0.006863856546298877 0.010115157015598585
0 0.4914431339917799 0.6895824301929951 0.007586367761698866 0.0101151570155983
0 0.46796151949128345 0.6462317572690017 0.008308878977098644 0.009151808728398549
0 0.44881497228318634 0.7336556143323884 0.006863856546298948 0.010596831159198388
0 0.49957138516502864 0.7418440747735872 0.009392645800198593 0.012523527733598171
0 0.5185373045692757 0.7334147772605882 0.011921435054098168 0.013005201877198119
0 0.6762253773303015 0.7326922660451884 0.008670134584798603 0.012523527733597889
0 0.5725450179204175 0.8384197405653724 0.008670134584798816 0.01493189845159776
0 0.5376838517773728 0.8519066165861702 0.008308878977098715 0.010115157015598442
0 0.5116734480229768 0.7933832081387792 0.01047641262329833 0.01348687602079778
0 0.49090125058022993 0.8025350168671779 0.009392645800198593 0.016376920882397457
0 0.4545950620063855 0.7904931632771798 0.009753901407898552 0.01156017944639828
0 0.4455636718138868 0.8160218928879759 0.009031390192498634 0.015413572595197706
0 0.42569461339038994 0.8321579766985733 0.009753901407898481 0.011078505302798334
0 0.4349066313867385 0.8475715492937711 0.007947623369398684 0.01493189845159776
0 0.4074512052015427 0.7738754053229823 0.008670134584798745 0.008188460441198657
0 0.49650071249957917 0.7305247323989889 0.008308878977098644 0.013005201877197977
0 0.35579165330045065 0.7497916981429859 0.012282690661798056 0.011078505302798334
0 0.3182210700996564 0.7329331031169883 0.009392645800198522 0.012041853589998226
0 0.3261686934690552 0.7336556143323884 0.009392645800198522 0.011560179446398137
0 0.32327864860745564 0.7437707713479869 0.010115157015598477 0.012523527733598029
0 0.30359021798780866 0.7541267654353853 0.009031390192498599 0.012041853589998083
0 0.30286770677240876 0.6823573180389962 0.012643946269498087 0.012041853589998226
0 0.3052158682224584 0.6712788127361979 0.00939264580019863 0.013968550164397868
0 0.31027344673025764 0.6587552850025999 0.00867013458479871 0.013968550164397868
0 0.3091896799071578 0.6483992909152013 0.009392645800198558 0.014450224307997672
0 0.2985326394800094 0.6284098139558045 0.012643946269498052 0.013005201877198119
0 0.36084923180824985 0.6300956734584041 0.010115157015598371 0.014450224307997672
0 0.4630845687873342 0.6380432968278029 0.008670134584798674 0.010115157015598513
0 0.46940654192208325 0.6353940890380034 0.008308878977098786 0.010596831159198388
0 0.28209550932966193 0.5619387821390146 0.011560179446398137 0.012041853589998083
0 0.2689096796486139 0.5653105011442141 0.006141345330899064 0.009151808728398549
0 0.4065480661822929 0.5470068836874169 0.006141345330898957 0.011078505302798405
