0 0.442500008477105 0.4081285971182364 0.012173546685112845 0.014136787697120949
0 0.48781954447428383 0.49147409509729456 0.01166661580403646 0.01569434271918403
0 0.29103421105278865 0.7909476668746384 0.010434934828016494 0.014079736780237268
0 0.4311606725056966 0.42919383578830295 0.01153763665093316 0.01663018685800058
0 0.7192994859483507 0.7241235238534434 0.011407131618923611 0.014397402162905092
0 0.366855345831977 0.5875780741373697 0.010906431410047743 0.014828321668836806
0 0.603832287258572 0.4355787771719474 0.010873328314887153 0.01455773247612847
0 0.3860820982191298 0.604390236183449 0.010321426391601562 0.01256702564380787
0 0.3089418623182509 0.6700424194335938 0.011236402723524306 0.015658117223668982
0 0.6442478815714519 0.45743615892198347 0.00878156026204427 0.012052550139250577
0 0.4349354637993706 0.48543217976888026 0.012324439154730905 0.017369983814380787
0 0.34689032236735023 0.42207833749276624 0.010650634765625 0.014661040129484954
0 0.5087203131781685 0.6328139128508391 0.011013624403211806 0.015566225405092593
0 0.6441091961330838 0.3772188539858217 0.01061108907063802 0.013850176775896991
0 0.5331805123223199 0.6013751842357494 0.009833992852105036 0.012877344202112269
0 0.2543383280436198 0.5677673622413917 0.010404798719618056 0.014484151204427082
0 0.7328701019287109 0.684075927734375 0.010128021240234375 0.012869714807581019
0 0.4001765992906359 0.7386917679398148 0.01080674065483941 0.014767116970486112
0 0.35478224224514426 0.3524306685836227 0.010120116339789497 0.013626324688946761
0 0.2434437433878581 0.4638097127278646 0.01110805935329861 0.014613398799189815
0 0.5606956270005967 0.6573078296802661 0.009234407212999132 0.011510213216145836
0 0.7461820390489367 0.6716360304090712 0.010289764404296875 0.012612067328559028
0 0.4378290812174479 0.81525633070204 0.008622572157118055 0.011142137315538194
0 0.4034657584296333 0.7086155079029224 0.00988570319281684 0.012402569806134259
0 0.4289576212565104 0.6134928667986835 0.007862514919704862 0.011136824996383101
0 0.7578829871283637 0.38692971688729744 0.010172102186414931 0.012444107620804399
0 0.620462142270962 0.4710246116365448 0.007962841457790798 0.010701327853732638
0 0.358117930094401 0.7894568549262153 0.009494611952039931 0.012810035988136575
0 0.7111166000366212 0.41425962094907404 0.009247377183702258 0.01255950927734375
0 0.5281409157647028 0.8685933430989583 0.010489696926540799 0.012763468424479167
0 0.43527132670084634 0.4872179667154948 0.010431586371527777 0.013785411693431712
0 0.7392935434977214 0.4553812945330584 0.008908165825737847 0.011836864330150463
0 0.6860843762497592 0.8790036437664637 0.009151967366536458 0.012226980703848377
0 0.766879354841402 0.5061895756479164 0.006347952948676215 0.00840900562427662
0 0.5293896885035199 0.314057657738408 0.0065254199242352935 0.009244344892666696
0 0.6134044700280495 0.46849259594531034 0.0065254199242352935 0.009788129886352977
0 0.7616532502621292 0.5097865833850924 0.006368199401949965 0.008700585191141244
0 0.7595305171281461 0.4978363820382236 0.006839917876168187 0.007861974570308305
0 0.7494278798052997 0.5050693986429075 0.004402705759372765 0.006604058639059147
0 0.7438458778603807 0.4983081005124421 0.006132340164840571 0.006289579656246716
0 0.7440424272246385 0.5028680457632211 0.004638564996481876 0.006184753328642643
0 0.7405831584137027 0.5074279910139999 0.006682678384762113 0.009015064173953747
0 0.7429810606576467 0.4815883012595863 0.00550338219921585 0.008700585191141315
0 0.7415265953621396 0.47225875810282036 0.006839917876168329 0.008071627225516593
0 0.7346866774859714 0.46727950754162506 0.008884031264448424 0.009434369484370037
0 0.7366914810014 0.4735166740340697 0.005346142707809776 0.007442669259891943
0 0.7929606119474403 0.5758630074892301 0.006918537621871366 0.008648172027339243
0 0.7888527302344542 0.5792646218199835 0.007350946223238566 0.007841009304787505
0 0.7883338399128138 0.5876245214464114 0.00856169030706596 0.010262497472442575
0 0.6016836292931333 0.6724475607742708 0.012213750823814777 0.011580445225542918
0 0.6292260594828886 0.5857322400705233 0.005692024482294258 0.008734930652073985
0 0.6252255328420309 0.5871283970190107 0.00456435925466991 0.007947354937542813
0 0.6272123715764165 0.5920328457867735 0.005423532761431247 0.007589365976392131
0 0.6190770724342697 0.5847298709793018 0.006014214547329786 0.007016583638551311
0 0.6209296653082239 0.5886677495519581 0.00456435925466991 0.006157410131789973
0 0.616257909365209 0.5895269230587195 0.005316136073086142 0.007589365976392272
0 0.6107166580277702 0.5901382622467918 0.005546072721132731 0.010882859679203705
0 0.623430768133763 0.6114156481580554 0.006278572891848313 0.012138574257573254
0 0.6209716604177891 0.6158804111033697 0.005336786958071045 0.009069049732669754
0 0.6178488386398094 0.6143633751357632 0.005005293691884987 0.008651124899554432
0 0.7760482121014196 0.738524203841185 0.009553895083762427 0.009055097348465609
0 0.5591600606407215 0.8461850272509054 0.006210959910543608 0.009958501122390544
0 0.5476422678952197 0.8360692866371084 0.006761298130465221 0.008386106208328954
0 0.5406451105276452 0.837432028895962 0.007075777113277582 0.008805411518745388
0 0.5441436892114324 0.8419395609829388 0.006525438893355968 0.008805411518745388
0 0.5467381408196342 0.8557766362266815 0.006368199401949753 0.009644022139578254
0 0.25134520364466495 0.7226566064593394 0.007468875841792943 0.008910237846349674
0 0.25386103550716366 0.7356550710822493 0.006682678384762113 0.007861974570308376
0 0.4208418263090238 0.6119821503491906 0.008712918648836877 0.010381349879465276
0 0.5047516670830663 0.4013246651895361 0.006970045073601767 0.01118357514634404
0 0.5134282197948492 0.37106767676998087 0.004449149948342282 0.007909599908164111
0 0.506661804248412 0.3887406890647849 0.0053760561875802184 0.006673724922513387
0 0.49859771996704166 0.36946103928863505 0.005561437435427905 0.0081567749052941
0 0.5023053449239936 0.3730450767470219 0.005190674939732674 0.006920899919643517
0 0.513057457299154 0.36254013936899154 0.006302962426818155 0.009145474893814622
