0 0.4194749196370442 0.2594011518690321 0.008418189154730903 0.011128376148365163
0 0.38211256663004556 0.42999199761284723 0.008676189846462673 0.011402553982204862
0 0.7094067679511177 0.27227588229709204 0.009349102444118924 0.012706841362847223
0 0.6046016693115235 0.21811263472945605 0.009240044487847222 0.012878135398582175
0 0.30717135535346135 0.5404538755063658 0.008445315890842013 0.01123612015335648
0 0.5628343370225695 0.6267799942581741 0.00948333740234375 0.011761870207609954
0 0.5161003112792969 0.8639040911639178 0.010025787353515624 0.01233497902199074
0 0.42118865119086374 0.43700519137912325 0.008839162190755208 0.011963455765335649
0 0.3490426275465224 0.23427807136818213 0.009565628899468315 0.011992574621129919
0 0.46508666144476996 0.6398700855396412 0.008666568332248263 0.011113258644386574
0 0.6437255435519748 0.5774920145670573 0.008358425564236112 0.010626277217158565
0 0.3577358033921984 0.491129896375868 0.007085884941948784 0.009421454535590278
0 0.516385735405816 0.14409218540898075 0.009834798177083333 0.013193158750180844
0 0.5347483740912543 0.7289710998535156 0.007345326741536459 0.011139876754195602
0 0.40090626610649954 0.5793821546766492 0.007642152574327257 0.010124489113136575
0 0.35482941733466256 0.3870613945855035 0.008426390753851997 0.012182334617332176
0 0.6085626602172851 0.3607297261555989 0.00849011739095052 0.012688248245804399
0 0.5045967313978407 0.4305776807996962 0.007728703816731772 0.009349116572627315
0 0.2715444776746962 0.40023275304723677 0.00904189215766059 0.012664229781539351
0 0.5861343171861437 0.7323170132107204 0.008403650919596354 0.011486759892216435
0 0.5567668279012045 0.5627757884837963 0.009202618069118923 0.012438738787615741
0 0.5817689259847004 0.6861465736671729 0.008942159016927083 0.011352143464265047
0 0.578053347269694 0.8267855891474971 0.008559036254882812 0.011441435637297454
0 0.3306876182556152 0.6544241163465712 0.008015802171495225 0.010685277868200232
0 0.261032411787245 0.49203101264105903 0.008723428514268662 0.0112762451171875
0 0.4560904184977213 0.7736926326045284 0.009197235107421875 0.012172727231626157
0 0.5297023349338108 0.4345158471001519 0.008442603217230903 0.011475937454788775
0 0.37302169799804685 0.4232488420274522 0.009031083848741319 0.012644082528573495
0 0.6781760109795465 0.6898090503833914 0.010536744859483506 0.013655146846064815
0 0.4186714808146159 0.4180155436197917 0.00819384256998698 0.011472744411892362
0 0.6038924111260308 0.14773857681839556 0.009121916029188368 0.012225143997757523
0 0.2561736212836372 0.6270037898310908 0.00815934075249566 0.011082232439959492
0 0.42378359900580514 0.15638494844789858 0.008382882012261285 0.011567250004521124
0 0.47189246283637154 0.687162611219618 0.008611467149522569 0.011057535807291664
0 0.3824315812852647 0.5927195513689959 0.008060709635416666 0.010861827709056714
0 0.5523591571384007 0.4470915335196036 0.008617952134874133 0.012179339373553241
0 0.535855589972602 0.2966785148338036 0.008749008178710938 0.011403316921657986
0 0.43667801751030816 0.4296479260479963 0.008282216389973958 0.0097569500958478
0 0.47297477722167974 0.8098560474537038 0.008015526665581597 0.010787059642650462
0 0.646534072028266 0.629491141990379 0.008887693617078992 0.012152495207609955
0 0.33616887198554146 0.7281566761158131 0.007261551751030815 0.009442534270109954
0 0.5317406526658429 0.21960408173493762 0.009027693006727431 0.01217885900426794
0 0.41978558434380425 0.2976206885443793 0.008227157592773437 0.011271074083116318
0 0.2911776012844509 0.602021309181496 0.007516437106662327 0.009800268102575232
0 0.6342475679185656 0.6498941492151331 0.00836533440483941 0.011772438331886575
0 0.5971621407402886 0.5539664091887297 0.007749218410915798 0.010584004720052083
0 0.5145777808295356 0.7816279658564815 0.008675638834635417 0.01120560257523148
0 0.6670227762609787 0.5512589489978635 0.006742816501193577 0.008842185691550927
0 0.4079482184516059 0.6875828213161893 0.009404076470269097 0.012216695149739583
0 0.6905831019083659 0.7662794890227141 0.008723492092556424 0.011353895399305557
0 0.5811018413967557 0.3534746805826823 0.00819748772515191 0.01206885443793403
0 0.6233579423692491 0.8416302998860676 0.008908589680989584 0.011244766800491898
0 0.4793647130330404 0.22381049262152777 0.008373896280924479 0.01224003544560185
0 0.6103181838989257 0.6150296811704282 0.009384451972113714 0.01160233109085648
0 0.43274690839979385 0.628625092683015 0.008530807495117188 0.01199905960648148
0 0.5516707526312934 0.29914206045645253 0.00831637912326389 0.010127597384982638
0 0.3450579423168579 0.5677895758811394 0.009649700588650174 0.012538316514756944
0 0.7122122870551216 0.7187078122739439 0.01009453667534722 0.013839778193721064
0 0.3539495362175836 0.7404406229654947 0.008654085795084636 0.010866687915943286
0 0.2414301660325792 0.4702667236328125 0.009401808844672309 0.013018459743923612
0 0.293306827545166 0.3952951219346788 0.007441054450141059 0.01055343062789352
0 0.6609818988376194 0.8074096397117332 0.008420605129665798 0.012105136447482638
0 0.5028879165649414 0.15900499555799696 0.009346728854709201 0.013383271959092882
0 0.5420463562011719 0.14315526043927226 0.008858489990234374 0.011658393012152778
0 0.6835859510633681 0.34969988222475407 0.009384409586588541 0.010964457194010417
0 0.43584448496500655 0.1509661215322989 0.009417343139648437 0.012493896484375
0 0.4382525973849827 0.6591479266131366 0.00821990966796875 0.01155124240451389
0 0.2944939931233724 0.6790441724989149 0.009078089396158855 0.012397314001012731
0 0.32427373462253145 0.2879844241672092 0.00828240712483724 0.010989577681929976
0 0.5412584092881944 0.21910725346317997 0.007092793782552082 0.01028244583695023
0 0.5508321550157335 0.20472593660707827 0.007891082763671875 0.012074887311017071
0 0.3526907179090712 0.6738112273039643 0.00896699693467882 0.012361314561631944
0 0.7462306552463108 0.5803090413411458 0.007271660698784722 0.010365804036458336
0 0.3787668652004666 0.4665386765091508 0.008177990383572049 0.010875193277994792
0 0.7305545806884765 0.5056718049225983 0.009493086073133681 0.011847149884259257
0 0.5031617270575629 0.30439902411566844 0.006713316175672743 0.01013381392867477
0 0.6059201982286241 0.6992536756727431 0.007984839545355903 0.011629909939236112
0 0.45002144707573793 0.19967719184027774 0.009434000651041666 0.010788952862774884
0 0.47427919175889754 0.398165370799877 0.007322099473741319 0.009582717330367477
0 0.2642669253879123 0.423064606278031 0.008927027384440104 0.011750765200014468
0 0.5061500549316407 0.3970452626546224 0.008781517876519098 0.010811501962167245
0 0.5725904888576931 0.7562932614926939 0.008497577243381077 0.010742922182436342
0 0.4603851530287001 0.3341831065990306 0.00782788594563802 0.011333324291087963
0 0.3365955564710829 0.5006406148274739 0.008562935723198785 0.012555440266927086
0 0.6699423260158963 0.6345467178909867 0.008916515774197048 0.012112483271846063
0 0.3777046415540907 0.536279946786386 0.00838762919108073 0.011194469310619213
0 0.5324733098347981 0.8439289234302662 0.0079093509250217 0.011304728190104167
0 0.6597970750596788 0.5982293588143807 0.008894432915581597 0.012370921947337963
0 0.41946190728081595 0.3746167642098886 0.007916598849826388 0.010895538330078124
0 0.4616560830010308 0.4657791278980396 0.008766810099283854 0.010840889259620949
0 0.5043497297498916 0.42122883266872835 0.008815087212456597 0.01098652592411748
0 0.742124981350369 0.473845856278031 0.009268442789713541 0.013411712646484376
0 0.430006217956543 0.8338309959129052 0.00891736348470052 0.013255931712962963
0 0.4585334495239168 0.25383370735528227 0.008056428697374132 0.010840239348234955
0 0.44550096723768445 0.4172013741952402 0.00882920159233941 0.010645548502604164
0 0.28716504303581664 0.42436991699912197 0.0075535263428169585 0.011822910797452764
0 0.3315009585262645 0.46202807731693435 0.00821035472045331 0.013574453137816108
0 0.34644380411748943 0.4876443840447486 0.009852425664543958 0.009633482871998495
0 0.4168886476189787 0.4985915236720196 0.012151324986270851 0.011385025212361838
0 0.4446396465741108 0.49246112548074783 0.011822910797452764 0.014888109893088596
0 0.48060100024969615 0.40926286431348785 0.008867183098089626 0.015763881063270303
0 0.3556394014043971 0.4401337980623923 0.007881940531635151 0.01007136845708942
0 0.3374124139249908 0.44057168364748306 0.010180839853362116 0.011822910797452764
0 0.2973458828891788 0.342266369794589 0.00952401147572587 0.01138502521236191
0 0.3572814723484878 0.36481747742676746 0.009195597286907642 0.01007136845708935
0 0.3590877503869875 0.32715931710895496 0.006896697965180749 0.0126986819676344
0 0.3635213419360322 0.3249698891835008 0.004597798643453856 0.0126986819676344
0 0.4567909715603816 0.3413905986244073 0.007225112153998765 0.011385025212361838
0 0.40703622195443473 0.29147164192405134 0.00952401147572587 0.014012338722906996
0 0.4889755620645586 0.2555650239466023 0.009195597286907642 0.012260796382543652
0 0.5231306377016441 0.22797823208587925 0.008538768909271396 0.01138502521236191
0 0.450222687784019 0.1881306438426126 0.010509254042180203 0.01313656755272529
0 0.4589256637876995 0.1671121357582522 0.006896697965180749 0.013136567552725253
0 0.530027335666825 0.1868169870873401 0.009852425664544029 0.014888109893088633
0 0.535117755593506 0.1848465019544313 0.00821035472045331 0.0126986819676344
0 0.5487469444294585 0.17784033259297782 0.011822910797452764 0.01007136845708935
0 0.5541657785449576 0.18265707402897707 0.008867183098089555 0.010947139627271056
0 0.5651676538703652 0.18878747222024883 0.006568283776362662 0.012698681967634436
0 0.5615550977933657 0.2170310924586082 0.005911455398726418 0.00875771170181686
0 0.5608982694157294 0.2235993762349708 0.006568283776362662 0.00875771170181686
0 0.5658244822480014 0.22578880416042502 0.007225112153999049 0.007881940531635188
0 0.5636897900206834 0.24461788431933124 0.006896697965180678 0.009633482871998495
0 0.5464480451077316 0.31555534910404764 0.008538768909271396 0.01138502521236191
0 0.5073667566383739 0.29497472660477814 0.007881940531635222 0.010509254042180166
0 0.5111435198097825 0.2932231842644148 0.0055830412099081884 0.010509254042180166
0 0.5917692031646338 0.31599323468913854 0.009852425664544029 0.010509254042180238
0 0.6114740544937216 0.31621217748168395 0.009852425664544029 0.01445022430799785
0 0.7136108672161605 0.2494346257553305 0.00919559728690757 0.01138502521236191
0 0.6609003899108504 0.28731172886568834 0.008867183098089697 0.010947139627271021
0 0.7439891796818376 0.3037324383065949 0.009524011475725729 0.011385025212361875
0 0.5438207315971865 0.3284729738642275 0.008538768909271396 0.010947139627271127
0 0.6845462115057559 0.338106456736226 0.009524011475725729 0.01007136845708935
0 0.5960385876192694 0.40882497872839707 0.0065682837763625206 0.007881940531635151
0 0.5983374869409964 0.39897255306385304 0.0059114553987263466 0.009195597286907642
0 0.6039205281509045 0.40138092378185275 0.007225112153998907 0.007006169361453445
0 0.7047436841180709 0.42086683231839517 0.011822910797452693 0.01007136845708935
0 0.657123626739442 0.3814571296602194 0.006568283776362733 0.014450224307997814
0 0.627237935556992 0.46159019173184346 0.009852425664543958 0.010947139627271056
0 0.735286203678157 0.4506430521045725 0.008538768909271396 0.010947139627270985
0 0.7187012871428416 0.46312279127966144 0.006896697965180891 0.010509254042180203
0 0.7149245239714329 0.47669724441747763 0.0059114553987262754 0.007881940531635151
0 0.7888177164555127 0.4885201552149303 0.007225112153998907 0.012260796382543475
0 0.6710812297642125 0.43487917104130214 0.008210354720453238 0.008319826116726006
0 0.6815904838063926 0.4780109011727501 0.006896697965180607 0.010509254042180203
0 0.6756790284076664 0.47428887369947786 0.007553526342817207 0.010947139627271056
0 0.6119666757769487 0.5559545353189198 0.006896697965180749 0.013136567552725182
0 0.6116382615881306 0.5419421965960128 0.00558304120990826 0.01138502521236198
0 0.6205054446862202 0.5434747961438308 0.008210354720453238 0.01007136845708935
0 0.7881608880778763 0.552889336223284 0.007225112153998907 0.010509254042180274
0 0.6489132720189886 0.6546977347569046 0.006568283776362591 0.01007136845708942
0 0.5292063001947797 0.6468157942252695 0.010180839853362187 0.010947139627270985
0 0.5523595005064579 0.511290205639654 0.007225112153998907 0.00875771170181693
0 0.5209959454743263 0.7219131720683489 0.00952401147572587 0.01226079638254376
0 0.5929186528254972 0.7028651491168973 0.008210354720453238 0.01007136845708942
0 0.6543321061344878 0.7348307968285289 0.007553526342817065 0.010947139627271127
0 0.6812620696175746 0.7503757350992538 0.008867183098089697 0.012260796382543617
0 0.6479280294525341 0.8219700282616066 0.009195597286907713 0.009195597286907713
0 0.4543278651442456 0.8042356620654274 0.011494496608634606 0.009633482871998495
0 0.4807652073441052 0.7735836711090684 0.007225112153998978 0.010509254042180345
0 0.49652908840737553 0.7420559089825278 0.010509254042180274 0.013136567552725324
0 0.5111435198097825 0.7413990806048915 0.008867183098089483 0.011822910797452693
0 0.44989427359520096 0.7324224261105293 0.0059114553987263466 0.007881940531635222
0 0.44759537427347396 0.7280435702596209 0.005911455398726418 0.007006169361453374
0 0.4546562793330638 0.7258541423341666 0.007553526342817065 0.01138502521236191
0 0.4599109063541539 0.6971726365107165 0.006896697965180678 0.009195597286907713
0 0.42050120369597804 0.6781246135592647 0.00821035472045331 0.012260796382543475
0 0.40769305033207087 0.6658638171767212 0.010180839853361974 0.012260796382543617
0 0.25580148800368513 0.652727249623996 0.006568283776362662 0.01401233872290689
0 0.2871650430358167 0.677686727974174 0.00821035472045331 0.012260796382543475
0 0.27534213223836396 0.6665206455543574 0.006239869587544469 0.012698681967634542
0 0.4436544040076564 0.5881391258230968 0.01116608241981652 0.010947139627270985
0 0.44578909623497426 0.5822276704243704 0.008210354720453238 0.00875771170181686
0 0.27189378325577357 0.523769944814743 0.007225112153998836 0.008319826116726006
0 0.41557499086370614 0.5237699448147429 0.01083766823099829 0.010947139627271127
0 0.45219317291692773 0.5283677434581968 0.009852425664543887 0.01663965223345187
0 0.6169732053921057 0.685292981429383 0.009195597286907784 0.009633482871998495
