0 0.6787971708509657 0.7127327247902199 0.010268190171983507 0.014338175455729164
0 0.4464848624335395 0.54671551739728 0.010940000745985244 0.014171459056712963
0 0.2634399837917752 0.7056532400625722 0.010911009046766493 0.014840189615885417
0 0.33916140662299266 0.42199945803041805 0.010700225830078125 0.015038751672815393
0 0.500803820292155 0.5453857704445167 0.010382292005750868 0.014766156231915508
0 0.6816147486368814 0.6016792862503617 0.01124373541937934 0.01524437798394097
0 0.6935369491577148 0.2378352977611401 0.010911856757269965 0.01371962935836227
0 0.5404712888929579 0.5134589018645109 0.008814620971679687 0.012724869339554398
0 0.6558084487915039 0.21011553870307076 0.01104935540093316 0.014144996360496239
0 0.7811105516221787 0.41004339147497115 0.009901258680555556 0.013233213071469907
0 0.4671377182006836 0.21287950586389612 0.010319476657443576 0.014373496726707175
0 0.7307210710313585 0.2798942424632884 0.010112084282769097 0.013933902316623264
0 0.5960082795884875 0.27791067052770546 0.01192037794325087 0.016007713035300925
0 0.5825900819566514 0.3372634605125145 0.01089948018391927 0.015028211805555556
0 0.41548256344265405 0.38212057043004927 0.009573321872287327 0.013152680573640047
0 0.39332358042399085 0.5666351035789208 0.009224573771158854 0.012308926052517362
0 0.31147616704305015 0.33496405990035444 0.009755516052246093 0.014059250443070024
0 0.7470793798107477 0.5648655031364238 0.009522586398654513 0.012379851164641204
0 0.42197678883870443 0.7328377900300203 0.009437772962782118 0.012477563928674768
0 0.26689300537109373 0.7629733050311053 0.010054779052734376 0.014010394061053241
0 0.4827363120185004 0.47036515695077397 0.009244918823242188 0.011949129457826968
0 0.5463159561157227 0.7302494190357349 0.011279339260525174 0.015028776945891205
0 0.5098315768771701 0.5015563964843749 0.01064978705512153 0.01470099555121528
0 0.5709120220608181 0.36954325923213255 0.009064865112304688 0.010946485731336806
0 0.656481107076009 0.6959578902633102 0.009831449720594618 0.01233531810619213
0 0.43407030516450545 0.3152042640758077 0.009634102715386285 0.011912593135127315
0 0.2206797414697129 0.5133205033820412 0.010399888004250037 0.013866517339000026
0 0.23039411016375014 0.5959344999460339 0.008057501877871971 0.009055097348465537
0 0.22504162677344952 0.5913302131586785 0.0074819660294525294 0.00874814489597533
0 0.22360278715240092 0.585958545240097 0.00667621584166529 0.007520335086013788
0 0.25387597277926266 0.557181752819126 0.004374072447987594 0.008287716217239805
0 0.2537608656095788 0.5398389392534204 0.005525144144826442 0.008287716217239805
0 0.32742945420726527 0.5783614720409607 0.006446001502297563 0.008594668669730013
0 0.31868130931129 0.5784382101540833 0.006215787162929836 0.0099759547059368
0 0.3139043617694088 0.5725293754436438 0.008633037726291449 0.011050288289653026
0 0.323688471192539 0.570457446389334 0.0058704656538781565 0.007827287538504138
0 0.3196903419618693 0.5631942673336845 0.006546144739922504 0.007985368051536596
0 0.3288131606951657 0.5642156516193461 0.00612830571397005 0.008171074285293258
0 0.44576845650896074 0.31066029307805487 0.006563962568750483 0.010020348655677047
0 0.4435804689860439 0.31941224316972217 0.005422403861141731 0.00824459066606348
0 0.44824183370877974 0.29626396937654415 0.006563962568750483 0.0076103913840585595
0 0.44943095736253885 0.30152782341718465 0.0064688326764498075 0.008244590666063374
0 0.5791340831344358 0.35040237195878127 0.005574854695309597 0.007528436255204412
0 0.5805277968082632 0.3584072915212771 0.00550338219921592 0.00848140286978726
0 0.5830778997326388 0.3611029672432798 0.005789272183590768 0.007719029578120953
0 0.5465508726123256 0.400947641811277 0.006832055901598011 0.014528929005929924
0 0.5380756640255332 0.4035420934194788 0.008215763425972184 0.010262497472442575
0 0.4926246755246938 0.3733911215302504 0.007311636350386834 0.00859575886353717
0 0.4921529570504754 0.3895867891450858 0.006682678384762184 0.008490932535933027
0 0.48574544777567397 0.39194538151617825 0.006289579656246716 0.00796680089791252
0 0.4802420655764581 0.37810830627243547 0.006761298130465292 0.009853674794786542
0 0.4981877276594167 0.3841936351378742 0.0061175811789706104 0.012853099850766582
0 0.7039933426916307 0.3954981047603258 0.008426420356709059 0.011909340770815078
0 0.715537538580322 0.39516104794605744 0.008257891949574657 0.01303286348504301
0 0.7042271177511473 0.7276219366245573 0.007264464502964927 0.010839042274265154
0 0.6957519091643547 0.7302740427129415 0.006918537621871366 0.00876348098770393
0 0.6982166381921465 0.7332144212022368 0.005621311817770476 0.007725700344423103
0 0.685030933473771 0.777906152520853 0.007719029578121166 0.009339072822911732
0 0.6804566937237735 0.7775726142057491 0.007290194601558681 0.008862589515620271
0 0.6754536189972136 0.7837668972005375 0.008576699531245425 0.010768522744785968
0 0.6696643468136229 0.7830045239088713 0.007004304617183834 0.009624962807286579
0 0.665125843311672 0.7911523884635545 0.008219337050777114 0.009720259468744814
0 0.6732135753638826 0.7924028781696759 0.005760367829422961 0.006704156908819811
0 0.6800408804125133 0.7993203433524759 0.006488343674665771 0.010381349879465063
0 0.6273818659493293 0.8599032434828082 0.010474752441233477 0.012738526778350093
0 0.6192668104866154 0.8651214351751443 0.007366858859768684 0.00905509734846575
0 0.6239862044436546 0.869879198188745 0.007366858859768613 0.01151071696838855
0 0.6262883478373324 0.882387510627727 0.006906430181033088 0.008594668669729941
0 0.5474868893418677 0.9307124244427137 0.006832055901598011 0.008994098908432733
0 0.5528487559988181 0.9369967627825802 0.006140202139410817 0.007495082423694015
0 0.5553567258867464 0.9416667756773436 0.005621311817770476 0.006918537621871366
0 0.5524163473974512 0.9480087684973922 0.005967238698864037 0.008071627225516522
0 0.5492165237473355 0.9518716186696037 0.007005019342144791 0.006341992820049
0 0.5591619215787756 0.9349788559762011 0.005621311817770476 0.007149155542600454
0 0.562404986089028 0.9377462710249496 0.0062266838596843855 0.008071627225516806
0 0.5594646075997325 0.9465097520126534 0.0050159397758567795 0.006918537621871508
0 0.5384793908527825 0.9060394641589912 0.0080575018778719 0.011664193194633868
0 0.5360045867045791 0.8979052241679966 0.006561108671981444 0.010743335837162533
0 0.5406664270767763 0.8950659139824608 0.006446001502297563 0.0099759547059368
0 0.543026124055296 0.8903081509688602 0.007021537350716969 0.01028290715842715
0 0.47016328337778535 0.9135540514452246 0.007626584536450096 0.009869697635405999
0 0.47513154982794786 0.5900302638768379 0.006361052152340534 0.007814326239579117
0 0.4738807811463079 0.5945092069653772 0.006289579656246716 0.0070519529479129515
0 0.4884969065974721 0.5915073621294412 0.0052174922148410015 0.006956656286454646
0 0.4854950617615361 0.6065642346398501 0.00593221717577812 0.006766062963538175
0 0.48835396160528466 0.6140926708950545 0.005789272183590697 0.008290809546870576
0 0.48245333527277995 0.6001191784804343 0.00665909246105123 0.0069761921020536025
0 0.4818349909728251 0.5946650646551923 0.005232144076540237 0.006976192102053744
0 0.5521359813830659 0.5420899441769881 0.006754222353351907 0.007356711671256519
0 0.5469038373065257 0.5360650509979417 0.0059931832149461425 0.007483551527657539
0 0.5542288390136819 0.5337819335827242 0.005422403861141802 0.007990910953261477
0 0.558652379005666 0.537396869490152 0.006088313107246748 0.007103031958454622
0 0.5581767295441623 0.5317524958803087 0.005707793538043831 0.007483551527657539
0 0.5620770551284923 0.5339721933673256 0.005707793538043972 0.008371430522464394
0 0.597528315177606 0.727163588940451 0.005209059856874418 0.00653685942823472
0 0.5966856731419351 0.7316576797973624 0.0056686827854221635 0.007762520571028802
0 0.6038098285344252 0.7212395600836135 0.005821890428271672 0.00980528914235208
