0 0.5535507414076063 0.554952946415654 0.009224149915907118 0.012141587999131944
0 0.4041581895616319 0.7672356216995806 0.009480794270833334 0.013284358271846064
0 0.5212310579088 0.3564078436957465 0.008593368530273437 0.01138870804398148
0 0.4206188201904297 0.21870803126582394 0.007769860161675347 0.01076658743399161
0 0.5318632337782118 0.5295019926848235 0.00887264675564236 0.012126385724103008
0 0.3832689709133572 0.6756850631148726 0.008229276869032118 0.011509082935474537
0 0.7016565958658855 0.6091580991391783 0.010401153564453125 0.01310142234519676
0 0.41960120730929906 0.1671980398672598 0.009028667873806424 0.01322809855143229
0 0.5963098949856228 0.34327764157895685 0.007954364352756076 0.01091746577510127
0 0.2992903921339247 0.6527096501103153 0.007782469855414496 0.010176651566116898
0 0.37324282328287767 0.27584988629376445 0.007475365532769097 0.010876690899884259
0 0.4615167617797852 0.3842225110089338 0.008559460110134549 0.011746639675564236
0 0.5166530397203233 0.657384745279948 0.008125347561306423 0.012555609809027778
0 0.4385672887166341 0.7444133899830007 0.00886336432562934 0.01226891411675347
0 0.6628176795111763 0.6078830295138888 0.009354485405815972 0.012008101851851851
0 0.46422752804226347 0.5262233310275608 0.008802413940429688 0.011938193992332176
0 0.43860371907552087 0.7903707716200087 0.009277767605251737 0.013428469057436342
0 0.5396579106648763 0.6418705692997685 0.008319981892903646 0.011431658709490741
0 0.6769863128662109 0.6270055700231482 0.008853064643012153 0.011857435438368057
0 0.6641507678561741 0.2310842231467918 0.008217408921983508 0.011244272302698206
0 0.4576875686645508 0.24675641942907262 0.006880315144856771 0.009630471688729745
0 0.5774898317125109 0.23163735425030743 0.007751337687174478 0.01083655180754485
0 0.6502569410536024 0.7793688173647282 0.008623165554470485 0.011791653103298612
0 0.5966826968722873 0.8527313514992043 0.009914652506510416 0.012848295988859953
0 0.5669233322143554 0.722675606056496 0.008663304646809896 0.012789295337818286
0 0.46212921142578123 0.6521515740288628 0.009441799587673612 0.012310395417390046
0 0.309839842054579 0.4581241183810764 0.008245680067274306 0.010578409830729168
0 0.4932353973388672 0.3663714656123409 0.008036041259765625 0.011438835991753472
0 0.5620681762695312 0.2597666987666377 0.007405853271484375 0.010349980107060185
0 0.7121032290988499 0.4640811637595848 0.008159806993272569 0.01041940759729456
0 0.3973888821072049 0.5170487580475984 0.010707431369357638 0.014598705150462963
0 0.3823824776543511 0.4470645056830512 0.008030658298068576 0.011056772867838542
0 0.3343014823065864 0.5910142404061777 0.009090423583984375 0.012111352991174768
0 0.4249926928440411 0.15783393349078328 0.010836749606662326 0.016090350680881077
0 0.5664878845214844 0.15557895942970557 0.00842132568359375 0.011665414880823207
0 0.6151614507039388 0.7861646299008969 0.008472315470377604 0.011112919560185185
0 0.7329177856445314 0.323989670364945 0.008763631184895834 0.010869626645688657
0 0.3688992182413737 0.4049187978108724 0.00879105461968316 0.011393596507884837
0 0.40834941864013663 0.811816801848235 0.008813773261176215 0.011332759150752315
0 0.5795219633314345 0.25718830249927666 0.008204099867078993 0.011205037434895836
0 0.7144775178697373 0.4271895514594184 0.009021886189778646 0.011787131980613425
0 0.5146536721123589 0.6373591387713398 0.008325237698025173 0.011784475821035877
0 0.7140033721923829 0.5518610353823061 0.009261830647786459 0.011466527868200231
0 0.46882847679985895 0.40556709854691114 0.007571029663085938 0.008974795871310764
0 0.34124281141493057 0.21569952788176358 0.008426666259765625 0.011711883544921874
0 0.2957198037041558 0.2868523209183304 0.009831449720594618 0.01281986942997685
0 0.47255306243896483 0.5851721587004485 0.008784272935655382 0.01135056107132523
0 0.3281170739067925 0.5379331235532407 0.009120390150282117 0.0129852294921875
0 0.6931568781534831 0.30129650257251883 0.009179306030273438 0.012654537624782986
0 0.45300610860188806 0.2989853611698857 0.009690178765190972 0.013122982449001737
0 0.4827292124430339 0.7389743381076389 0.008545345730251737 0.011059231228298612
0 0.628689193725586 0.2535770274974682 0.009304894341362847 0.013347201877170138
0 0.3898331536187066 0.6180962456597222 0.008794996473524306 0.010347719545717593
0 0.2841759363810221 0.3602211422390408 0.0074693891737196184 0.010555323848017939
0 0.5269929673936632 0.7193082456235532 0.009447224934895833 0.011963455765335649
0 0.4714413324991862 0.24326050369827837 0.007712682088216145 0.010363826045283565
0 0.4872127532958984 0.7566030149106626 0.008175743950737847 0.011462910970052082
0 0.3574469354417589 0.3225346176712601 0.006879997253417969 0.009538240785951968
0 0.6138378143310547 0.7811635900426794 0.008118947347005209 0.010536702473958333
0 0.3003096262613932 0.3868336995442709 0.006988610161675347 0.010828653971354164
0 0.2508510002684458 0.4997835236568217 0.007225112153998836 0.010509254042180203
0 0.24379009520885597 0.515547404720092 0.00755352634281703 0.011385025212361838
0 0.3010983711576199 0.4943099538431862 0.008538768909271433 0.010947139627271127
0 0.3199821870146625 0.5109496060766382 0.00952401147572587 0.013574453137816179
0 0.2909175313042578 0.6948615518147919 0.009195597286907607 0.0126986819676344
0 0.42671679838055526 0.6790976707515216 0.00821035472045331 0.013574453137816108
0 0.42129796426505606 0.6985835792880641 0.01116608241981659 0.013136567552725182
0 0.44445116457673434 0.6681505311242506 0.008867183098089555 0.011822910797452693
0 0.47056009258777576 0.702743492346427 0.010509254042180132 0.014450224307997672
0 0.4754863054200478 0.6655232176137054 0.00788194053163508 0.012698681967634257
0 0.4795914827802744 0.6696831306720685 0.007553526342817065 0.012260796382543475
0 0.5199864280049047 0.49671832456118586 0.00952401147572587 0.01138502521236191
0 0.3306556481512517 0.48642801331155106 0.008538768909271468 0.011822910797452835
0 0.4474068922760975 0.4888363840295507 0.00952401147572587 0.009633482871998566
0 0.41587913014955674 0.46650421918991775 0.006239869587544575 0.012260796382543617
0 0.42589576290850983 0.4625632489241002 0.0059114553987263466 0.00875771170181686
0 0.44445116457673434 0.447894081823557 0.00952401147572587 0.01620176664836116
0 0.45233310510836944 0.4481130246161024 0.008867183098089626 0.013136567552725253
0 0.33886600287170504 0.44329628318010306 0.00788194053163508 0.014012338722906819
0 0.26497281038762543 0.40235398097410935 0.010509254042180166 0.013574453137816108
0 0.3216242579587531 0.3143389783708501 0.00821035472045331 0.011822910797452693
0 0.3748273565472904 0.3241914040353941 0.008867183098089483 0.013136567552725218
0 0.39239751564906045 0.3769566170388405 0.009195597286907713 0.0126986819676344
0 0.45808035341268677 0.40717072241010865 0.0065682837763625206 0.009195597286907642
0 0.4574235250350505 0.41395794897901667 0.007225112153998907 0.011385025212361838
0 0.46464863718904936 0.4049812944846544 0.006568283776362662 0.010947139627270985
0 0.5327945813688117 0.38549538594811195 0.007553526342817065 0.012260796382543546
0 0.5281967827253579 0.3925015553095655 0.00821035472045331 0.011385025212361838
0 0.5378850012954928 0.4347575142708317 0.007225112153999049 0.011822910797452693
0 0.5071782746409975 0.4426394548024668 0.006896697965180891 0.011822910797452693
0 0.5040583398472251 0.4518350520893745 0.007881940531635222 0.011822910797452693
0 0.4659622939443219 0.4404500268770126 0.008538768909271396 0.01007136845708942
0 0.46875381454927606 0.44767513903101147 0.008210354720453238 0.009633482871998566
0 0.5030730972807709 0.4824870430457334 0.007225112153998836 0.010071368457089279
0 0.27975144888444137 0.3071138662168512 0.009195597286907678 0.011385025212361946
0 0.3035614775737559 0.2681420491437663 0.00755352634281703 0.011385025212361875
0 0.3654675521659737 0.27273984778722016 0.008538768909271396 0.0126986819676344
0 0.39650269300928714 0.3128063788230322 0.008867183098089555 0.012260796382543689
0 0.40898243218437613 0.3128063788230322 0.0095240114757258 0.012260796382543689
0 0.403563598068877 0.2957288410044894 0.006568283776362733 0.010509254042180203
0 0.5091487597739063 0.2806217883188553 0.008867183098089555 0.0126986819676344
0 0.573353733687851 0.3167473490888498 0.006568283776362662 0.014012338722906961
0 0.525733676309222 0.20333498255032167 0.007881940531635151 0.01313656755272529
0 0.5380492083899019 0.20837066677886631 0.006896697965180891 0.012698681967634436
0 0.5685917279499881 0.19523409922614107 0.007553526342817136 0.012698681967634436
0 0.578279946520123 0.19129312896032352 0.008538768909271396 0.011822910797452728
0 0.5794293961809864 0.2090274951565026 0.00821035472045331 0.013136567552725253
0 0.5763094613872143 0.2162526073105015 0.007881940531635151 0.014450224307997814
0 0.46251394496173165 0.1746534767268715 0.010180839853362045 0.009195597286907678
0 0.42540314162528275 0.20333498255032167 0.010180839853362116 0.014012338722906924
0 0.36743803729888247 0.1869142731094151 0.01116608241981652 0.013574453137816108
0 0.4378828808003717 0.22719974693777253 0.008210354720453238 0.01445022430799778
0 0.45430359024127825 0.1433446573928763 0.01083766823099829 0.01138502521236191
0 0.5102982094347697 0.1545107398126928 0.008538768909271396 0.012698681967634436
0 0.593386999205757 0.148380341621421 0.011822910797452835 0.0126986819676344
0 0.5892818218455304 0.15823276728596494 0.008867183098089555 0.014012338722906961
0 0.6349313940912507 0.21778520685831945 0.007553526342817065 0.012260796382543617
0 0.6712211619556541 0.18954158661996015 0.008538768909271396 0.013574453137816108
0 0.5699053847052606 0.3022971247808519 0.00821035472045331 0.01138502521236191
0 0.5597245448518984 0.2085896095714118 0.0095240114757258 0.009633482871998531
0 0.5942080346778024 0.3294460310564842 0.006896697965180678 0.012260796382543617
0 0.6048814958143915 0.3125874360304868 0.008538768909271396 0.012698681967634436
0 0.6250789684267066 0.31827994863666775 0.008867183098089555 0.013574453137816108
0 0.6309904238254331 0.3143389783708501 0.010180839853362187 0.0126986819676344
0 0.6630108072352009 0.3160905207112135 0.00919559728690757 0.015325995478179451
0 0.606195152569664 0.4185557476224705 0.007881940531635151 0.011822910797452693
0 0.6160475782342081 0.41724209086719793 0.00788194053163501 0.010947139627271056
0 0.6124350221572087 0.4270945165317419 0.011822910797452622 0.010509254042180203
0 0.6050457029088007 0.4290650016646508 0.007553526342817065 0.011822910797452764
0 0.6570993518364745 0.45205399488192 0.009852425664544029 0.014012338722906961
0 0.7029131311766039 0.39972666746356433 0.010180839853362187 0.014450224307997814
0 0.6428133346228858 0.48883638402955065 0.007553526342817065 0.012260796382543475
0 0.6720421974276996 0.5002214092419126 0.008867183098089697 0.012260796382543475
0 0.6837009011307431 0.5249619447995452 0.009852425664543887 0.013574453137816108
0 0.7388744848521892 0.4940910110506407 0.009852425664543887 0.013136567552725253
0 0.7529962949713689 0.43935531291428553 0.008538768909271396 0.014888109893088596
0 0.7594003716533225 0.4549002511850104 0.007553526342816923 0.01007136845708935
0 0.6106287441187089 0.5107306632840928 0.007553526342817136 0.010509254042180274
0 0.7702380398843209 0.6436289383591633 0.009524011475725729 0.013574453137816108
0 0.7273799882435545 0.6957373229849735 0.008538768909271396 0.01357445313781625
0 0.6053741170976188 0.6589549338373429 0.00821035472045331 0.00919559728690757
0 0.5697411776108515 0.6692452450869776 0.007881940531635151 0.008757711701817073
0 0.5850124373908947 0.6646474464435238 0.00689669796518082 0.010947139627270985
0 0.5690843492332153 0.7075602337824262 0.007225112153998907 0.013574453137816108
0 0.5792651890865774 0.5299976290280898 0.007881940531635151 0.012260796382543546
0 0.58583347286294 0.5291218578579081 0.0091955972869075 0.009633482871998637
0 0.6052099100032098 0.543134196580815 0.007881940531635151 0.011385025212361838
0 0.5989700404156653 0.547731995224269 0.007225112153999049 0.008319826116726006
0 0.5971637623771655 0.5429152537882697 0.00821035472045331 0.010947139627271127
0 0.5953574843386658 0.5494835375646323 0.005911455398726418 0.011822910797452764
0 0.7017636815157405 0.7165368882767886 0.009195597286907713 0.011385025212362052
0 0.6866566288301064 0.7312060553773319 0.009852425664543887 0.011822910797452693
0 0.6677728129730639 0.6403447964709821 0.006896697965180607 0.010509254042180274
0 0.6667875704066095 0.7896637809869591 0.009524011475725729 0.012260796382543617
0 0.5994626616988924 0.7800302981149605 0.006239869587544646 0.009633482871998495
0 0.3843513680230163 0.7362417396058764 0.008210354720453238 0.012260796382543617
0 0.3915764801770152 0.7281408562816958 0.007553526342816994 0.01007136845708942
0 0.3958458646316509 0.723980943223333 0.008210354720453238 0.00875771170181693
0 0.4679327790772308 0.7531003346318738 0.007881940531635151 0.017953308988724645
