0 0.6606894493103027 0.45529513359069823 0.007755947113037109 0.010191186269124347
0 0.5029184579849243 0.7258675575256348 0.007233381271362305 0.010205268859863281
0 0.5313146829605102 0.31940345764160155 0.007002782821655273 0.009051195780436198
0 0.4581684827804565 0.5334319114685058 0.007897233963012696 0.009950065612792968
0 0.5901153802871704 0.19942247867584229 0.008572053909301759 0.011706686019897461
0 0.3101770877838135 0.25478143692016597 0.00832662582397461 0.011793200174967449
0 0.5497574090957642 0.3783781210581462 0.006712007522583008 0.010163402557373047
0 0.29018224477767945 0.257074236869812 0.008527016639709473 0.012685696283976235
0 0.5863123178482056 0.8043751398722331 0.009197282791137695 0.013236745198567707
0 0.28048878908157354 0.4803236802419027 0.008063149452209473 0.010323047637939453
0 0.6095001697540282 0.2482718626658122 0.009767627716064453 0.013476943969726563
0 0.5724629163742065 0.26151246229807534 0.010729742050170899 0.013555351893107097
0 0.6746711015701294 0.2247743050257365 0.01069798469543457 0.014926862716674805
0 0.4027149438858032 0.30556863149007163 0.007757902145385742 0.00978851318359375
0 0.42146875858306887 0.17695767879486085 0.007950353622436523 0.010743093490600587
0 0.46653435230255125 0.1363629778226217 0.007725381851196289 0.009989015261332194
0 0.28222351074218754 0.6314488728841146 0.009493398666381835 0.012640380859375
0 0.6460956811904908 0.4331535975138346 0.007617807388305664 0.010106595357259114
0 0.24524741172790526 0.5333675861358642 0.008899545669555664 0.01144844690958659
0 0.40441145896911623 0.1972424030303955 0.007830429077148437 0.01054830551147461
0 0.5118975162506104 0.3193046569824219 0.008686351776123046 0.011267598470052083
0 0.550410270690918 0.3440919558207194 0.007794857025146484 0.010580635070800782
0 0.5155720949172974 0.2002801497777303 0.00758051872253418 0.010568221410115562
0 0.3554043173789978 0.6592627843221028 0.009337878227233887 0.012648518880208333
0 0.3527206063270569 0.45335462888081873 0.00934898853302002 0.011977481842041015
0 0.5144461393356323 0.48492088317871096 0.008252859115600586 0.010765266418457032
0 0.40192809104919436 0.4807277679443359 0.008336544036865234 0.010730870564778646
0 0.6343913555145264 0.5162723541259766 0.007630825042724609 0.01016387939453125
0 0.4660637855529785 0.3121429125467936 0.007875156402587891 0.009754308064778646
0 0.45777432918548583 0.26399647394816084 0.008590459823608398 0.011730066935221354
0 0.4585188150405884 0.6456425666809082 0.008700323104858399 0.011297162373860676
0 0.618064570426941 0.5927976290384928 0.008433866500854491 0.01117356618245443
0 0.34862842559814455 0.42254958152770994 0.009028387069702149 0.011440499623616535
0 0.5733876228332521 0.14803104400634765 0.010034942626953125 0.01210641860961914
0 0.7459462404251098 0.4205171585083008 0.007544660568237304 0.009583282470703124
0 0.30316853523254395 0.6321396191914875 0.00938105583190918 0.012374305725097656
0 0.54033362865448 0.2603998502095541 0.008071470260620116 0.011214033762613934
0 0.6840727090835571 0.5033531030019124 0.008599042892456055 0.010155010223388671
0 0.43051671981811523 0.39893480936686193 0.0076904296875 0.010565121968587242
0 0.6450587987899781 0.7438395182291667 0.009713888168334961 0.013134511311848958
0 0.4557042598724365 0.4171895027160645 0.007734489440917969 0.009153938293457032
0 0.5158560752868653 0.7376556396484375 0.007750129699707032 0.01112658182779948
0 0.5034008741378784 0.6877497990926106 0.007688570022583008 0.010482406616210938
0 0.58084135055542 0.6122906366984049 0.007854747772216796 0.01077868143717448
0 0.5597505092620849 0.17234551906585693 0.007383823394775391 0.010055875778198243
0 0.5904822826385498 0.64070618947347 0.007566070556640625 0.00947583516438802
0 0.3833013415336609 0.1517372449239095 0.007837796211242675 0.011153666178385417
0 0.48791482448577883 0.6548295974731445 0.007153844833374024 0.009891255696614584
0 0.310351824760437 0.5159792423248292 0.008539199829101562 0.011020819346110024
0 0.3093798637390137 0.47964353561401374 0.007331418991088867 0.00858599344889323
0 0.3002536535263062 0.5057827949523925 0.008182048797607422 0.01043230692545573
0 0.4109290599822998 0.34808969497680664 0.007030010223388672 0.009453392028808594
0 0.5268617391586303 0.19342852433522545 0.008104944229125976 0.010602362950642904
0 0.4014535188674927 0.33709236780802404 0.007502889633178711 0.010544713338216145
0 0.35405673980712893 0.1923666079839071 0.008388948440551759 0.01219347318013509
0 0.5683514833450317 0.6375705083211263 0.007806921005249023 0.01097259521484375
0 0.3569615602493286 0.6399593671162923 0.008806848526000976 0.0108096440633138
0 0.3800719499588013 0.16812625726064045 0.008472776412963868 0.011310338973999023
0 0.4598869323730469 0.7674904187520345 0.007582569122314453 0.010473696390787761
0 0.41921999454498293 0.1605191707611084 0.00770716667175293 0.010284169514973957
0 0.4905812978744507 0.24101366996765136 0.008699369430541993 0.01136016845703125
0 0.34528226852416993 0.2821725050608317 0.00791635513305664 0.010075600941975911
0 0.5669340848922729 0.10693003733952838 0.009384870529174805 0.012307461102803547
0 0.3324002861976624 0.3196784814198812 0.009285187721252442 0.01108999252319336
0 0.679927396774292 0.3706911404927572 0.00823383331298828 0.010261917114257812
0 0.5071325302124025 0.2518221696217855 0.010286235809326172 0.012952550252278644
0 0.44930710792541506 0.8042293548583984 0.007928085327148438 0.010558700561523438
0 0.7646994829177857 0.4673447608947754 0.006907987594604492 0.00928185780843099
0 0.36033358573913576 0.33948601086934405 0.008799934387207031 0.011607774098714193
0 0.5887705564498902 0.28443007469177245 0.008494138717651367 0.011566638946533203
0 0.37301441431045534 0.7798160235087077 0.007927441596984863 0.01109142303466797
0 0.4238051176071167 0.5948176066080729 0.00788865089416504 0.011708577473958336
0 0.5609668970108033 0.5203204154968263 0.007922697067260741 0.010212198893229168
0 0.28067718744277953 0.44550199508666993 0.007755780220031738 0.00961443583170573
0 0.4340245246887207 0.729470698038737 0.00876169204711914 0.01202519734700521
0 0.5888914346694946 0.5913098017374674 0.005975198745727539 0.00797131856282552
0 0.4004496693611145 0.6535316467285156 0.006771731376647949 0.008949025472005209
0 0.5845274686813354 0.24278560479482017 0.00892329216003418 0.011582072575887043
0 0.6528422594070434 0.16350515683492023 0.008614873886108399 0.010748449961344402
0 0.3747142791748047 0.508025089899699 0.008012008666992188 0.010920683542887367
0 0.4342249155044556 0.3488206227620443 0.008782911300659179 0.011248970031738281
0 0.40057787895202634 0.5254761377970377 0.009028816223144531 0.012440999348958336
0 0.6643379926681519 0.6333376884460449 0.007477617263793946 0.010723304748535157
0 0.3063655376434326 0.23098613421122235 0.00895986557006836 0.010665225982666015
0 0.3940520048141479 0.6680437088012695 0.007534170150756836 0.009472274780273437
0 0.7260551214218139 0.6121871630350748 0.009572362899780274 0.012569999694824219
0 0.5684670209884644 0.7186252911885579 0.007913637161254882 0.010603904724121094
0 0.2337457060813904 0.5541046142578125 0.008194756507873536 0.0118804931640625
0 0.3029952526092529 0.2821460723876953 0.007155179977416992 0.009808095296223958
0 0.5058470010757447 0.5101241429646809 0.008043813705444335 0.010573959350585938
0 0.43637301921844485 0.6780572573343914 0.008967065811157226 0.011691983540852864
0 0.7760297775268554 0.49645466804504396 0.009430217742919921 0.010902881622314453
0 0.67721529006958 0.48426318168640137 0.00800180435180664 0.010049152374267577
0 0.38248318433761597 0.4232304890950521 0.008768153190612794 0.012099456787109376
0 0.2607033014297485 0.5458586692810059 0.008550214767456054 0.010267321268717449
0 0.3912426233291626 0.28744262059529624 0.008141279220581055 0.01197344462076823
0 0.2907350182533264 0.3085418065388998 0.006433939933776856 0.008735466003417968
0 0.6038415431976318 0.7810299555460612 0.008407878875732421 0.010428746541341148
0 0.5230057239532471 0.3538419405619304 0.007298755645751953 0.01008898417154948
0 0.43443685376372115 0.415217309478572 0.007761812210083008 0.009578545888264975
0 0.26884802579879763 0.31375115712483725 0.008525443077087403 0.011059888203938802
0 0.510839581489563 0.12657883564631145 0.008964967727661134 0.011127797762552898
0 0.4095099449157715 0.46569860776265465 0.006876468658447266 0.009274895985921223
0 0.5896581649780274 0.3628414154052735 0.008146381378173828 0.012262598673502606
0 0.29762367010116575 0.4035313765207927 0.00864713191986084 0.011821142832438151
0 0.541542887687683 0.33174203236897787 0.006577825546264649 0.008324686686197917
0 0.43911983966827395 0.42847555478413896 0.007073736190795899 0.009389718373616537
0 0.647389006614685 0.23342730204264325 0.009571218490600586 0.011848926544189453
0 0.7556250333786011 0.35693319638570153 0.007662630081176758 0.010048007965087891
0 0.4183751344680786 0.7178567250569663 0.008616113662719726 0.010875447591145832
0 0.5667701244354247 0.7699043909708658 0.00793285369873047 0.011278406778971356
0 0.5794487714767456 0.7572907765706379 0.008353185653686524 0.011436971028645833
0 0.5617679595947266 0.6922615051269532 0.006886959075927734 0.009093093872070312
0 0.511179256439209 0.8249520937601724 0.008122062683105469 0.010523287455240886
0 0.7511362075805664 0.475780995686849 0.009162616729736329 0.012699190775553386
0 0.4901490926742554 0.19679393768310546 0.010113191604614259 0.011816755930582684
0 0.35861605405807495 0.7389473597208658 0.007671570777893067 0.010923258463541667
0 0.5035006761550903 0.27553400993347166 0.007385110855102539 0.011556275685628255
0 0.48998754024505614 0.42713004748026534 0.009460973739624023 0.01214749018351237
0 0.2669732809066772 0.5300302187601725 0.007729148864746094 0.009419822692871093
0 0.40415403842926023 0.26277443567911785 0.007622194290161133 0.010048294067382812
0 0.4836677312850952 0.16714741388956703 0.008797025680541993 0.012537161509195961
0 0.5011872053146362 0.6182118097941082 0.00870966911315918 0.01083971659342448
0 0.4481241226196289 0.7654034614562988 0.007147693634033203 0.012042554219563802
0 0.6147955179214477 0.2986401716868083 0.00854039192199707 0.010616525014241535
0 0.3353415489196777 0.6390228589375814 0.00848078727722168 0.01127211252848307
0 0.7448539495468139 0.40776955286661787 0.008562135696411132 0.010339419047037758
0 0.36343743801116946 0.4926857471466064 0.007537126541137695 0.010770066579182941
0 0.3622908353805542 0.24595789909362792 0.008250999450683593 0.010954348246256511
0 0.6276504993438721 0.3760478337605794 0.008702564239501952 0.013497861226399739
0 0.5752999782562256 0.4677728176116943 0.0087127685546875 0.010949039459228515
0 0.2594705104827881 0.6133595148722332 0.009514665603637696 0.01131273905436198
0 0.4522440195083618 0.7414146423339844 0.008482027053833007 0.011298116048177083
0 0.3446533679962158 0.6997308413187662 0.008426952362060546 0.010641161600748699
0 0.48064556121826174 0.6998984972635904 0.00904254913330078 0.011700884501139324
0 0.6758589506149292 0.7563987731933594 0.008459901809692383 0.01104443868001302
0 0.44565935134887696 0.5282001336415609 0.008527088165283202 0.011179256439208984
0 0.4299583911895752 0.6349241892496744 0.008133506774902344 0.012010701497395833
0 0.5020863056182862 0.7070375442504883 0.007719612121582032 0.010346221923828124
0 0.5032277345657349 0.2994590123494466 0.006781530380249023 0.009784189860026042
0 0.5405379295349121 0.4093428134918212 0.006632614135742188 0.00875705083211263
0 0.26868664684865246 0.4693528922614181 0.007762517190246712 0.014330800966609374
0 0.2597298962445216 0.46079421946191523 0.008956750604130868 0.013136567552725324
0 0.24196567421299542 0.4323316564310106 0.009255308957601934 0.013534645357353341
0 0.23360604031580656 0.4026748599862217 0.011046659078428113 0.011544256334213117
0 0.26808953014171044 0.37102767451829266 0.007762517190246712 0.011942334138841134
0 0.3058571618557956 0.3971017707214291 0.010449542371485982 0.012340411943469149
0 0.31227616645542267 0.46975097006604616 0.009553867311072892 0.0111461785295851
0 0.27883763086666746 0.5364290023412426 0.011942334138841168 0.013932723161981358
0 0.35900054877363863 0.500004883217777 0.008061075543717777 0.011942334138841205
0 0.38303449622805646 0.47631925384240875 0.0077625171902466405 0.011544256334213188
0 0.35183514829033397 0.5553376980610742 0.007463958836775717 0.007961556092560614
0 0.373032791386777 0.55215307562405 0.009852425664543958 0.010350022920329067
0 0.38900566329747704 0.5445895973361172 0.008956750604130903 0.01114617852958517
0 0.41169609816127517 0.5485703753823977 0.007165400483304651 0.011942334138841205
0 0.46812362696729964 0.511151061747362 0.008956750604130832 0.015126956575865477
0 0.4782746109853146 0.5041847001663714 0.007762517190246783 0.011544256334213117
0 0.46872074367424177 0.4940337161483565 0.0077625171902466405 0.009553867311072892
0 0.4763339816877529 0.48846062688356395 0.007463958836775788 0.00875771170181686
0 0.4788717276922567 0.4850769655442256 0.007165400483304722 0.008359633897188842
0 0.4848428947616773 0.48726639346967976 0.005374050362478542 0.012738489748097237
0 0.471706327208952 0.4803000318886891 0.004776933655536553 0.00995194511570091
0 0.4440896795128818 0.3990921597445693 0.008658192250659766 0.00995194511570098
0 0.3603440613642583 0.3636632351326739 0.008359633897188842 0.011544256334213188
0 0.3513873107601274 0.353711290016973 0.007165400483304722 0.013136567552725253
0 0.36930081196838915 0.34117183917118976 0.00597116706942046 0.013534645357353341
0 0.2752549306250151 0.343560305998958 0.009553867311072928 0.012738489748097237
0 0.32795048001265165 0.2627505116594662 0.007463958836775788 0.012738489748097272
0 0.32899543424980027 0.2545899166645914 0.008359633897188771 0.00995194511570098
0 0.3516858691135984 0.29260634700656907 0.006568283776362662 0.014330800966609445
0 0.40557565191511913 0.28882460786260267 0.008658192250659908 0.012340411943469186
0 0.3787054001027266 0.25200241093450915 0.009255308957601897 0.011146178529585136
0 0.48260370711064454 0.3574930291609392 0.008658192250659837 0.010350022920329067
0 0.503652071030352 0.354109367821601 0.006568283776362662 0.011544256334213117
0 0.49768090396093145 0.3604786126956496 0.0059711670694206735 0.013932723161981287
0 0.497531624784196 0.36943536329978044 0.006269725422891597 0.009553867311072892
0 0.5045477460907651 0.37122671342060665 0.00716540048330458 0.009951945115701051
0 0.5130566591646893 0.3620709239141617 0.006269725422891597 0.00995194511570098
0 0.5084290046858886 0.386353669996472 0.008956750604130832 0.009155789506444946
0 0.508279725509153 0.3976988874283712 0.005672608715949608 0.010350022920328996
0 0.3318317386077751 0.2078157746207969 0.009255308957601897 0.011146178529585065
0 0.4121439356914818 0.250808177520625 0.007463958836775646 0.009553867311072928
0 0.42901248266259495 0.27250341787285315 0.008359633897188842 0.00915578950644484
0 0.46901930202771275 0.23767160996789977 0.0083596338971887 0.009553867311072928
0 0.4742440732134557 0.22911293716839695 0.007463958836775717 0.009951945115700944
0 0.4727512814461006 0.2064225023045988 0.008061075543717777 0.011544256334213153
0 0.4790210068689922 0.209010008034681 0.006269725422891667 0.012738489748097237
0 0.49051550347762685 0.20662154120691276 0.0083596338971887 0.011942334138841168
0 0.37497342068433864 0.1580560490422921 0.007762517190246712 0.010350022920328978
0 0.4081133979196229 0.14790506502427714 0.009553867311072821 0.01234041194346922
0 0.5099217964532436 0.17557147244592577 0.010748100724957013 0.009553867311072928
0 0.5270889017778279 0.17577051134823982 0.01224089249231227 0.01313656755272529
0 0.6108345199264513 0.146511792708079 0.007165400483304722 0.015126956575865496
0 0.6845784332337955 0.2870332577417765 0.006568283776362591 0.009553867311072928
0 0.7266751610732106 0.36366323513267396 0.006568283776362591 0.009155789506444877
0 0.7307056988450695 0.3564978346493692 0.007463958836775646 0.012340411943469149
0 0.6930873463077198 0.3843632809733319 0.008658192250659908 0.011544256334213117
0 0.6232246915954991 0.35948341818407953 0.006269725422891738 0.009553867311072892
0 0.5424646569815859 0.3650565074488721 0.008956750604130832 0.009553867311073034
0 0.534105023084397 0.3909315647496945 0.008956750604130903 0.0111461785295851
0 0.5626173458408803 0.3781930750015972 0.009255308957601968 0.010350022920329067
0 0.5718726547984823 0.3877469423126702 0.008061075543717705 0.010350022920328996
0 0.5733654465658373 0.4014806265723375 0.007463958836775788 0.010748100724957013
0 0.5457487988697671 0.43651147337960483 0.005374050362478613 0.008359633897188771
0 0.5463459155767092 0.48010099298637504 0.007762517190246783 0.009553867311072963
0 0.5411211443909663 0.48049907079100307 0.005672608715949608 0.007961556092560827
0 0.5508242908787746 0.4948298717576125 0.0059711670694206735 0.007961556092560756
0 0.5845613848210008 0.4631826862896834 0.010150984018014952 0.00995194511570091
0 0.5845613848210008 0.4522355466624124 0.007762517190246783 0.014330800966609374
0 0.6278523460743001 0.47233847579612825 0.007762517190246712 0.013932723161981358
0 0.6323307213763655 0.459002869341089 0.00597116706942046 0.011942334138841134
0 0.6291958586649197 0.4287489561893581 0.011643775785370068 0.010350022920328925
0 0.685026270764002 0.4404922514258853 0.009852425664543887 0.012340411943469149
0 0.6989092342004048 0.447856690811504 0.00716540048330458 0.011942334138841063
0 0.6921916712473067 0.45542016909943667 0.005075492009007405 0.007165400483304722
0 0.6929380671309844 0.44984707983464417 0.005374050362478613 0.007165400483304651
0 0.6806971746386722 0.45741055812257686 0.007762517190246712 0.011942334138841134
0 0.7039847262094123 0.5033885445571153 0.0083596338971887 0.010748100724957084
0 0.720405435650319 0.47751348725629283 0.005971167069420602 0.00995194511570098
0 0.724734531775649 0.4703480867729881 0.006866842129833657 0.009155789506444805
0 0.7218982274176742 0.46159037507117134 0.007165400483304865 0.009155789506444877
0 0.7635471177268827 0.426957606068532 0.01343512590619639 0.00995194511570098
0 0.7805649438747312 0.44606534069067777 0.008061075543717777 0.013136567552725253
0 0.7754894518657235 0.4701490478706741 0.008658192250659766 0.008757711701816788
0 0.7381696576818452 0.46497403641050966 0.009852425664543887 0.012738489748097308
0 0.6211347831212017 0.49881064980389284 0.003881258595123356 0.007165400483304651
0 0.6251653208930609 0.5185155011329807 0.007762517190246783 0.00995194511570098
0 0.5809786845793485 0.5766348606086744 0.007762517190246783 0.010748100724957084
0 0.5957573230761644 0.5859896890174333 0.009852425664543887 0.012738489748097166
0 0.6566632271842543 0.5509588422101659 0.008061075543717777 0.00875771170181686
0 0.6692026780300375 0.5503617255032239 0.00925530895760204 0.011544256334213045
0 0.6744274492157806 0.5549396202564464 0.007165400483304722 0.009553867311072963
0 0.678308707810904 0.5495655698939679 0.00716540048330458 0.011544256334213045
0 0.7456336165186208 0.5634982930559491 0.009852425664543887 0.012340411943469078
0 0.6851755499407375 0.5933541284030521 0.008359633897188842 0.013136567552725182
0 0.5085782838626242 0.6447061652000688 0.008061075543717705 0.00995194511570098
0 0.5533620368832785 0.6992428244341101 0.010449542371485947 0.012340411943469291
0 0.5576911330086083 0.6823245177374184 0.010150984018014952 0.011942334138841063
0 0.601429931792114 0.6916793461461773 0.010449542371485947 0.012340411943469149
0 0.6703969114439217 0.687300490295269 0.011643775785370281 0.012340411943469007
0 0.6633807901373525 0.7454198497709627 0.009553867311072963 0.011544256334213117
0 0.49499387877969236 0.6731687282309742 0.009553867311072963 0.011146178529585028
0 0.49350108701233725 0.6857081790767571 0.00895675060413076 0.009951945115701051
0 0.47304983979957166 0.7742804906064955 0.010449542371486018 0.012738489748097095
0 0.4705120937950679 0.7870189803545926 0.008956750604130832 0.011146178529584888
0 0.48573856982209035 0.7955776531540956 0.010748100724957013 0.010748100724956942
0 0.4714077688554811 0.8188652047248357 0.008956750604130832 0.012738489748097237
0 0.43826779162019686 0.7784603075550899 0.010150984018014952 0.012340411943469149
0 0.3504916356997143 0.7661198956116206 0.010150984018014952 0.011544256334213117
0 0.35691064029934155 0.7756737629226936 0.011643775785370068 0.01472887877123739
0 0.3504916356997143 0.7565660283005476 0.010150984018014952 0.009155789506444877
0 0.3667630659638854 0.7227294149071645 0.009852425664543958 0.013136567552725182
0 0.3957232262505752 0.7967718865679795 0.009255308957601755 0.013932723161981358
0 0.41796582358416684 0.7973690032749217 0.010150984018015024 0.011942334138841205
0 0.42542978242094265 0.7768679963365775 0.012539450845783263 0.009155789506444734
0 0.27943474757360953 0.6719744948170896 0.007165400483304722 0.011942334138841063
0 0.3289954342498004 0.6425167372746148 0.006568283776362662 0.010350022920329138
0 0.331234621900833 0.6331619088658558 0.008658192250659766 0.012340411943469007
0 0.2615212463653478 0.5961406730354483 0.010150984018014952 0.010748100724957013
0 0.2467426078685319 0.5708627324415678 0.010449542371486018 0.011942334138841134
0 0.3472074938115331 0.5965387508400763 0.007762517190246783 0.010748100724957084
0 0.3545221734715733 0.5686733045161136 0.009852425664543958 0.009951945115701051
0 0.32048652117587595 0.5802175608503268 0.008061075543717742 0.009951945115700838
0 0.31287328316236473 0.5766348606086744 0.007762517190246783 0.011544256334213117
0 0.43334157878792484 0.573052160367022 0.008061075543717848 0.011544256334213117
0 0.4896198284172138 0.5804165997526408 0.007762517190246783 0.011942334138841205
0 0.47125848967874545 0.5700665768323117 0.007463958836775717 0.0111461785295851
0 0.49394892454254397 0.5394145858759527 0.008658192250659766 0.01353464535735327
0 0.5020100000862615 0.5358318856343004 0.007463958836775788 0.010350022920328925
