0 0.42801997661590574 0.5099490960439046 0.00981888771057129 0.013168684641520182
0 0.716873574256897 0.33434325853983565 0.00897231101989746 0.01174141565958659
0 0.4020027995109558 0.22052713235219318 0.008447861671447754 0.010568825403849284
0 0.48388261795043946 0.3723335107167562 0.008203601837158203 0.009955883026123047
0 0.4106630325317383 0.18413925170898438 0.008845710754394531 0.012053775787353515
0 0.407032832401324 0.6224010812314481 0.00708460807800293 0.009050305684407551
0 0.4509112358093262 0.33531476656595866 0.008761978149414063 0.012144311269124347
0 0.43844649791717527 0.3344361623128255 0.0074955463409423825 0.011386871337890625
0 0.32743058204650877 0.5587833086649576 0.00827012062072754 0.011110369364420574
0 0.6988588094711303 0.2851404666900635 0.00919651985168457 0.012448914845784505
0 0.4847848415374756 0.16133490403493245 0.00794687271118164 0.010558875401814778
0 0.6082425832748413 0.7757781028747559 0.008295011520385743 0.010781415303548177
0 0.45565118789672854 0.5022433121999105 0.009166431427001954 0.011688772837320964
0 0.5430488348007202 0.5346261183420817 0.008102846145629884 0.011478455861409505
0 0.5882812976837158 0.3697673797607422 0.008713722229003906 0.01082916259765625
0 0.37844691062562463 0.5466819269122011 0.00767204761505127 0.009323469797770182
0 0.5766470670700073 0.6401445388793945 0.008898687362670899 0.012697728474934895
0 0.38091341257095335 0.569964853922526 0.00890815258026123 0.010882695515950523
0 0.6464900016784668 0.4108619054158529 0.008890628814697266 0.011809349060058594
0 0.2721751928329468 0.5551159540812175 0.007523393630981446 0.010573832194010417
0 0.4109853744506836 0.4968372344970703 0.007250213623046875 0.010510762532552086
0 0.376557457447052 0.6099910100301106 0.008970189094543456 0.012164815266927082
0 0.5017028093338013 0.4957019964853922 0.00846848487854004 0.010688686370849609
0 0.4931633472442627 0.5259074370066324 0.008966827392578125 0.012060769399007161
0 0.28807613849639896 0.5600408871968587 0.009656333923339843 0.012016105651855468
0 0.5203394889831542 0.48092768987019857 0.00995931625366211 0.012645594278971354
0 0.5755296468734741 0.6828911145528157 0.009394311904907226 0.011130332946777344
0 0.39899183460763693 0.46582821282872183 0.008238744735717774 0.010419877370198567
0 0.5575877904891967 0.28472604751586916 0.007478666305541992 0.010136922200520836
0 0.46657614707946776 0.15876184304555258 0.007763862609863281 0.009295988082885741
0 0.4327979564666748 0.5639378865559895 0.008547306060791016 0.012134679158528646
0 0.5531676064194919 0.5488018188038347 0.008347034454345703 0.010297520955403644
0 0.5729573488235474 0.7433170318603516 0.009010839462280273 0.011560694376627606
0 0.5572283029556274 0.3607694625854493 0.008581781387329101 0.01066118876139323
0 0.43389861583709716 0.38739446004231776 0.009155702590942384 0.0118319829305013
0 0.6032952070236205 0.7154993693033853 0.009465551376342774 0.013499704996744792
0 0.34431004524230957 0.2750632127126058 0.00897231101989746 0.01204353968302409
0 0.7432890892028808 0.5163501103719075 0.007436084747314453 0.009394963582356771
0 0.707491397857666 0.23316361904144287 0.007050991058349609 0.009757439295450846
0 0.4699429988861084 0.7422421137491862 0.008502197265625 0.010608673095703125
0 0.37694945335388186 0.4138850371042887 0.008842897415161134 0.011886246999104818
0 0.5638875961303712 0.7563339551289877 0.009306812286376953 0.011592419942220052
0 0.7018980741500854 0.25367467403411864 0.008713865280151367 0.013286638259887695
0 0.7338978052139282 0.5281028270721435 0.008468198776245116 0.011283588409423829
0 0.7201921701431274 0.3838553587595622 0.008190298080444336 0.011309591929117839
0 0.27868336439132696 0.46857423782348634 0.008934092521667481 0.011622873942057292
0 0.6604684509784581 0.36656768491600267 0.009709501266479492 0.013094488779703777
0 0.5776149272918701 0.8306465466817221 0.007886886596679688 0.00961907704671224
0 0.3043506383895874 0.5419876098632812 0.009140729904174805 0.012870279947916667
0 0.602336597442627 0.5871714909871419 0.00885944366455078 0.011757532755533852
0 0.46367592811584474 0.690343221028646 0.010444927215576171 0.01366284688313802
0 0.4849409103393555 0.5817147572835286 0.008984851837158202 0.012020365397135418
0 0.5077668905258179 0.42163151105244956 0.008767461776733399 0.011468219757080077
0 0.7143224716186524 0.6132969538370767 0.009072589874267577 0.011393102010091145
0 0.5752102613449097 0.2867575804392497 0.00903334617614746 0.010636234283447265
0 0.33926411867141726 0.46420569419860847 0.009648585319519043 0.01219326655069987
0 0.4623514570743443 0.4134018096954245 0.00984954833984375 0.01448208491007487
0 0.7557778596878052 0.39886271158854164 0.008853483200073241 0.010964202880859374
0 0.32597601413726807 0.37534942626953127 0.008715581893920899 0.011748886108398438
0 0.72447669506073 0.3494510809580485 0.009339475631713867 0.013380654652913411
0 0.2830753207206726 0.4492512385050456 0.008608651161193848 0.011438624064127606
0 0.31611403829701434 0.7240616610446031 0.007604813575744629 0.010541534423828125
0 0.6970159826795421 0.5954842170753318 0.00886707305908203 0.01166235605875651
0 0.5092562675476074 0.7374729792277018 0.008963680267333985 0.011660512288411458
0 0.41428213119506835 0.7638411204020181 0.008557987213134766 0.011976114908854167
0 0.4338567018508911 0.6941355387369792 0.008478021621704102 0.010326385498046875
0 0.6086421489715577 0.2058595021565755 0.007079505920410156 0.011180496215820313
0 0.2542059396915674 0.5642613544433169 0.01149449660863464 0.013136567552725041
0 0.2596247738070666 0.590315546756222 0.009195597286907678 0.010947139627270985
0 0.45026921041599194 0.5364556197900484 0.010180839853361974 0.008319826116725864
0 0.4699740617450799 0.524851651785141 0.012151324986270922 0.009633482871998495
0 0.5302380653932071 0.5773979219960421 0.006568283776362662 0.006130398191271809
0 0.5387768343024785 0.5830904346022231 0.009195597286907713 0.009633482871998566
0 0.5221919177671628 0.5806820638842235 0.007553526342817065 0.0065682837763625206
0 0.43713264286326664 0.5857177481127681 0.008867183098089626 0.007881940531635222
0 0.40872481553049833 0.5690780958793162 0.006568283776362591 0.007881940531635151
0 0.4067543303975895 0.5616340409327719 0.005911455398726418 0.008757711701816788
0 0.4105310935689981 0.5581309562520452 0.006896697965180678 0.008757711701816788
0 0.45782273675880897 0.43683664918188186 0.00558304120990826 0.009633482871998495
0 0.4650478489128079 0.4460322464687896 0.006239869587544505 0.007881940531635151
0 0.46734674823453476 0.45106793069733425 0.007553526342817136 0.008319826116726006
0 0.4689888191786254 0.44362387575079 0.006239869587544575 0.006568283776362662
0 0.23926309410034244 0.37837892357225444 0.007881940531635151 0.014450224307997814
0 0.2719403058877466 0.37268641096607347 0.005583041209908224 0.009195597286907713
0 0.28310638830756296 0.37597055285425474 0.012151324986270886 0.009633482871998495
0 0.2617616141395939 0.30527075004255394 0.004819912444037442 0.007168074916773648
0 0.2645423328573079 0.30860761250381064 0.004449149948342282 0.006920899919643517
0 0.27659211396740147 0.3047764000482937 0.007044487418208547 0.006673724922513387
0 0.2821535514028292 0.3029225875698177 0.00556143743542787 0.00790959990816404
0 0.2837292920095338 0.30774250001385517 0.007229868666056127 0.0076624249110338735
0 0.290032254436352 0.3151577499277589 0.006859106170361038 0.010134174882335074
0 0.28623193885547626 0.3168879749076698 0.006302962426818226 0.009145474893814622
0 0.2807631920439723 0.31812384989332043 0.007971393657446556 0.009639824888074848
0 0.2996720793244269 0.32850519977278564 0.009454443640227303 0.008651124899554361
0 0.27084529528412604 0.2958781001516092 0.007044487418208583 0.011617224865115894
0 0.2610200891482035 0.29760832513152 0.005932199931122959 0.009145474893814587
0 0.29605714499139885 0.25422911313518304 0.01038134987946524 0.010381349879465311
0 0.5033670063977601 0.35028733296821085 0.009331738246272536 0.011328080259156721
0 0.5097738714623651 0.36124400075985436 0.007103263441192596 0.009471017921590103
0 0.5181306519814153 0.3678365720582161 0.006546144739922539 0.0092853116878333
0 0.5270445512017353 0.36254394439615095 0.008774619545002622 0.00909960545407678
0 0.523492919481139 0.35335148582519593 0.0050140683114300085 0.008542486752806723
0 0.5264177926628065 0.3493588017994276 0.005292627662065072 0.009842430389103356
0 0.5340781748052691 0.3549299888121276 0.005849746363334844 0.009471017921590032
0 0.5327550178897528 0.3441590272542409 0.005153347986747505 0.009842430389103428
0 0.5370030479869367 0.3454589708905375 0.004735508960795016 0.010585255324130073
0 0.5170164145788753 0.3362665123195825 0.00766038214246251 0.011513786492913382
0 0.515136138962089 0.30293224336026053 0.006963983765875028 0.010956667791643398
0 0.5351227723701504 0.2960611127112638 0.00654614473992261 0.00872819298656342
0 0.5315015008118954 0.2951325815424805 0.006546144739922468 0.00909960545407678
0 0.5301087040587205 0.29039707258168546 0.006546144739922539 0.009285311687833406
0 0.5326853780520941 0.2851044449196204 0.005571187012699994 0.007985368051536703
0 0.5269052715264178 0.27145503673850535 0.006824704090557461 0.009285311687833335
0 0.5144397405855016 0.27182644920601867 0.006685424415240036 0.00965672415534673
0 0.5135344226959377 0.24796319816828685 0.006546144739922539 0.0072425431165100565
0 0.5062222397417689 0.24183489245431677 0.0058497463633349865 0.007613955584023344
0 0.5106791893519289 0.23171390271457837 0.006685424415240036 0.008913899220320083
0 0.4980047388980363 0.22809263115632333 0.007799661817779935 0.009471017921590032
0 0.5038544852613714 0.22864974985759332 0.007521102467145085 0.006871130648996733
0 0.5023224088328788 0.23477805557156337 0.00612830571397005 0.009099605454076745
0 0.49730834052144884 0.2499131136227318 0.009749577272225024 0.0107709615578867
0 0.49013543724259756 0.23839932712981843 0.009053178895637615 0.0081710742852934
0 0.5019742096445852 0.2126790137545199 0.009610297596907529 0.009471017921590103
0 0.5649329806287233 0.20855865949345664 0.00988885694754245 0.010956667791643433
0 0.5448027098047167 0.22818548427320168 0.006963983765875028 0.008913899220320048
0 0.5545522870769418 0.23059966531203835 0.006963983765875099 0.0077996618177800766
0 0.5540648082133306 0.23969927076611508 0.007938941493097644 0.013742261297993465
0 0.5560843635054343 0.2582698941417819 0.006963983765875028 0.007428249350266754
0 0.44291962730996476 0.22354282842928497 0.00654614473992261 0.008913899220320083
0 0.4403429533165909 0.2176002289490716 0.007521102467145085 0.007428249350266718
0 0.46262770136739106 0.23384952440278006 0.005849746363335058 0.009471017921590068
0 0.46341902213522324 0.13739238826037245 0.013005201877197977 0.013968550164397886
0 0.5228455696018642 0.16846037052256768 0.009753901407898623 0.0125235277335981
0 0.5997930140419525 0.1766488309637664 0.009031390192498634 0.011560179446398245
0 0.6183976778384996 0.20964350980036137 0.010115157015598513 0.010115157015598477
0 0.5837171394993049 0.2587742724475539 0.00578008972319914 0.011078505302798297
0 0.6656893210283107 0.214920031100706 0.006239869587544291 0.010947139627271056
0 0.6643756642730381 0.3112548598206913 0.0062398695875444336 0.01007136845708935
0 0.6679882203500376 0.31475794450141803 0.006239869587544575 0.010071368457089384
0 0.7381046496627086 0.3574517890477751 0.007881940531635222 0.009633482871998495
0 0.6223386481043172 0.4075896885406766 0.006239869587544505 0.006568283776362662
0 0.6284143105974527 0.4126253727692212 0.00788194053163508 0.010509254042180274
0 0.6108441514956826 0.5468373045995644 0.0095240114757258 0.008319826116726148
0 0.6507464754370855 0.560192814944835 0.00788194053163508 0.009633482871998495
0 0.6208607842546356 0.5728914969124694 0.007225112153998836 0.012260796382543617
0 0.6116651869677279 0.5803355518590138 0.005911455398726418 0.01050925404218006
0 0.701158053420669 0.6009161743582834 0.00558304120990826 0.00875771170181693
0 0.5929455782050944 0.670321039595182 0.006568283776362662 0.011822910797452693
0 0.6113367727789099 0.7370985913215352 0.006568283776362662 0.01138502521236191
0 0.6077242167019103 0.7465131314009884 0.00919559728690757 0.01007136845708942
0 0.636953079506724 0.7333765638482632 0.006568283776362591 0.008319826116725864
0 0.6397446001116782 0.7399448476246258 0.007553526342817136 0.010071368457089136
0 0.6684808416332646 0.7362228201513537 0.009195597286907713 0.00788194053163508
0 0.6771838176369451 0.7539571863475326 0.012151324986270851 0.0126986819676344
0 0.7200418692777114 0.6466752180002763 0.008538768909271396 0.010947139627271127
0 0.7371194070962542 0.6733862386908177 0.004597798643453643 0.007444054946544298
0 0.6408655508340544 0.6105835974126268 0.0075211024671449425 0.009471017921590245
0 0.6368960800875056 0.627018599100092 0.00543190733738264 0.007428249350266754
0 0.6366175207368707 0.6376967075411003 0.005710466688017561 0.006871130648996626
0 0.6403780719704432 0.642896482086287 0.006267585389287547 0.007985368051536667
0 0.6506847679439383 0.640668007281207 0.007103263441192667 0.008728192986563315
0 0.6701142826507297 0.6160619313084484 0.00724254311650995 0.009285311687833371
0 0.5120801371515757 0.8096196187358473 0.006242583754394246 0.010856667398946484
0 0.3652437105808244 0.7716212828395345 0.008956750604130832 0.007961556092560898
0 0.37121487765024497 0.6842251102780152 0.006785417124341464 0.01121855631224463
0 0.42576963132995105 0.6797014988617874 0.006242583754394317 0.008685333919157188
0 0.4036491715045976 0.7444796143421684 0.005428333699473171 0.007237778265964465
0 0.4073132967517421 0.7348895581397653 0.004071250274604949 0.006875889352666178
0 0.4085346718341235 0.725661390850661 0.0070568338093152504 0.012304223052139492
0 0.40147783802480846 0.6303036621965811 0.005971167069420531 0.008323445005858972
