0 0.2708147472805447 0.6698570816605179 0.009161207411024306 0.012111692075376157
0 0.6378263897365993 0.3710465890389901 0.009971915351019964 0.012198102032696757
0 0.6983235465155708 0.6795425415039062 0.009323671129014758 0.012524074978298612
0 0.5513236787584093 0.5438012582284433 0.007686742146809897 0.010545518663194444
0 0.3756748623318142 0.38458838286223235 0.008970387776692708 0.012012707745587386
0 0.7199880839048481 0.7816181326778682 0.011208131578233506 0.015962614836516203
0 0.33554609086778425 0.2707914564344618 0.008841747707790799 0.011667604799623843
0 0.6728693432278103 0.3298984668872974 0.007963943481445312 0.009912731029369213
0 0.364384036593967 0.7379442003038195 0.008614095052083333 0.01078208640769676
0 0.6444256888495551 0.4364564401132089 0.00846663581000434 0.01130111129195602
0 0.2783022138807509 0.7149491204155817 0.0104713863796658 0.012979408546730324
0 0.4114863501654731 0.6754308347348814 0.008142174614800348 0.011406396936487269
0 0.42262912326388885 0.3115149603949653 0.010320621066623263 0.012807210286458336
0 0.6896318223741319 0.36648409808123555 0.008294253879123263 0.011671956380208333
0 0.32922375996907555 0.5536784701877171 0.008428234524197048 0.010667984573929399
0 0.6595881991916234 0.33985143590856476 0.008725908067491319 0.011342479564525464
0 0.4959702597724067 0.4451252690067998 0.008353212144639757 0.011049058702256944
0 0.46518005794948997 0.18885873158772784 0.010208426581488714 0.013950022944697627
0 0.5456678600407724 0.2996979097020207 0.010367626614040799 0.012989863642939813
0 0.4057283613416883 0.7897163391113281 0.008700731065538194 0.01061260082103588
0 0.5310697767469618 0.5471623456036603 0.007681104871961806 0.010633284957320601
0 0.6374341964721679 0.4523536540843822 0.008322101169162327 0.011828019883897568
0 0.390499390496148 0.38184928894042974 0.008101442125108507 0.010984830503110532
0 0.4032482782999675 0.5557625664605035 0.005912060207790799 0.008151019061053241
0 0.7655487484402127 0.557600572374132 0.008705223931206598 0.012423932110821758
0 0.7469646030002169 0.5304323549623843 0.008064100477430556 0.010379480432581018
0 0.5909849237496455 0.29969434369815795 0.008142047458224827 0.015190739282801926
0 0.3370213826497395 0.36994070830168546 0.008349524603949653 0.011253102620442707
0 0.4603976355658637 0.8609371891728154 0.007426622178819444 0.01053608081958912
0 0.49001142713758683 0.8577081750940393 0.008327484130859375 0.011192039207175925
0 0.41213677724202474 0.6325022096987124 0.007940716213650174 0.011443357114438658
0 0.6502695295545791 0.46815102188675495 0.007611592610677082 0.00927217271592882
0 0.25336895078752314 0.6126923810702009 0.00846262936373588 0.01057828670466975
0 0.2449063214237873 0.6056401899337545 0.008462629363735808 0.010578286704669893
0 0.2626249516541092 0.6310280780249617 0.010049372369436255 0.007757410250091112
0 0.32317221507783805 0.6407304090503875 0.010449542371486018 0.008757711701816788
0 0.3245157276684577 0.6459054205105521 0.006568283776362591 0.008757711701816788
0 0.3218287024872184 0.6498861985568323 0.007165400483304687 0.00875771170181693
0 0.33287536156564657 0.6618285326956734 0.006568283776362662 0.0063692448740485475
0 0.3300390572076718 0.6572506379424512 0.006269725422891597 0.009155789506444877
0 0.44498402329401776 0.6287880749115463 0.010449542371486018 0.016719267794377615
0 0.41930800489550935 0.6088841846801445 0.009255308957601755 0.010350022920329067
0 0.41393395453303083 0.6060976400477481 0.007463958836775717 0.00955386731107275
0 0.4079627874636102 0.6114716904102266 0.006269725422891526 0.009155789506444805
0 0.3996031535664214 0.6072918734616323 0.007463958836775788 0.0111461785295851
0 0.3940798240272073 0.5507648252044508 0.008956750604130903 0.009553867311073034
0 0.467674458157816 0.5726591044589929 0.0068668421298335855 0.007961556092560685
0 0.2771942286432996 0.6827276174386455 0.009852425664543994 0.009155789506445017
0 0.3619848010290718 0.665212194035012 0.009852425664543887 0.013136567552725324
0 0.2852553041870174 0.5650956261710602 0.006269725422891526 0.00875771170181686
0 0.280776928884952 0.5652946650733743 0.006866842129833692 0.009155789506444805
0 0.2474876724729323 0.4880675709755349 0.008359633897188842 0.011544256334213045
0 0.353028050424941 0.5002089440166899 0.008061075543717777 0.011942334138841134
0 0.3079457390508157 0.42158857760265256 0.006269725422891597 0.017117345599005632
0 0.32332149425457357 0.41939914967719827 0.008956750604130903 0.009553867311072963
0 0.4194572840722448 0.43950207881091424 0.007762517190246783 0.010748100724957084
0 0.43334024750864764 0.4072577766360431 0.007463958836775788 0.00995194511570091
0 0.447671048475257 0.41004432126843937 0.006269725422891667 0.00995194511570091
0 0.42109935501633544 0.3365989663145663 0.0068668421298335855 0.008757711701816788
0 0.42378638019757475 0.3397835887515906 0.006866842129833728 0.007165400483304722
0 0.6202377767815116 0.32883644912431964 0.007463958836775717 0.014728878771237462
0 0.599189412861804 0.2713142063555681 0.007762517190246712 0.009553867311072928
0 0.5663479939799909 0.2516093550264802 0.007762517190246783 0.011544256334213117
0 0.5484344927717292 0.21737466382846887 0.0077625171902466405 0.009155789506444877
0 0.5766482571747413 0.29738830255870463 0.006269725422891597 0.009155789506444911
0 0.5947110375597386 0.3913346644509215 0.010150984018014952 0.010748100724957013
0 0.5960545501503582 0.36784807397786734 0.010449542371486018 0.01234041194346922
0 0.5853064494254013 0.3760086689727422 0.006866842129833728 0.00875771170181693
0 0.5814251908302779 0.37998944701902254 0.007463958836775716 0.008757711701816788
0 0.6088925593496124 0.33620088850993823 0.008658192250659837 0.009553867311072892
0 0.676366747234065 0.41223374919389355 0.006269725422891667 0.007165400483304722
0 0.6730826053458836 0.4074568155383571 0.005075492009007547 0.009553867311072963
0 0.7208519419012483 0.3728240465357178 0.009255308957601897 0.009553867311072963
0 0.730405809212321 0.3809846415305925 0.008658192250659766 0.012340411943469149
0 0.7469757978299633 0.37143077421951964 0.009553867311072963 0.010748100724957084
0 0.7413031891140137 0.3793923303120805 0.005374050362478613 0.013136567552725253
0 0.7248824796731071 0.40705873773372914 0.0083596338971887 0.009553867311072892
0 0.7062225825811679 0.5445946192327163 0.006866842129833799 0.009155789506444805
0 0.7044312324603417 0.5519590586183349 0.006866842129833657 0.00875771170181686
0 0.7374219305188903 0.5678821708034565 0.008359633897188985 0.009553867311072892
0 0.7108502370599689 0.5489734750836247 0.007762517190246712 0.009155789506444877
0 0.7160750082457119 0.5541484865437891 0.007463958836775788 0.008359633897188913
0 0.6706941385181154 0.5993303173690717 0.007463958836775789 0.009553867311072892
0 0.5924718499087059 0.5929610724950228 0.008061075543717777 0.01353464535735327
0 0.6693506259274958 0.6365505921017932 0.008359633897188985 0.009951945115701123
0 0.5867992411927564 0.625404413572208 0.009852425664543958 0.012340411943469149
0 0.5747076278771797 0.698849768526081 0.008956750604130832 0.007961556092560756
0 0.7232404087290166 0.6962622627959988 0.006866842129833657 0.010748100724957084
0 0.6551691041376219 0.7705037733591281 0.01104665907842815 0.011942334138841205
0 0.6526313581331185 0.7790624461586311 0.0083596338971887 0.011544256334213117
0 0.5632131312685452 0.7464200661791318 0.011643775785370068 0.011544256334212974
0 0.4700871082122151 0.8756452773508994 0.010331910380218403 0.010596831159198388
0 0.4738622293126796 0.9008127513539955 0.009139766874808544 0.012186355833078153
0 0.5243296377083619 0.9190922851036127 0.006755479863988967 0.009537148043278591
0 0.5269126153034165 0.9111446617342139 0.00953714804327852 0.009537148043278449
0 0.4937312877361765 0.7815984008130137 0.008345004537868732 0.009007306485318622
0 0.4623381754270513 0.8369668436198253 0.007550242200928921 0.01589524673879751
0 0.5473777454796184 0.8446495462102441 0.009934529211748568 0.01324603894899795
0 0.49035354780418206 0.5715162230819057 0.010331910380218403 0.013775880506957917
0 0.5459869113899736 0.5262147698763328 0.00874238570633878 0.012186355833078153
0 0.6252644544997265 0.5336325516877716 0.006755479863988967 0.011126672717158287
0 0.5030697451952201 0.6364218139319958 0.007152861032458872 0.01006698960123849
0 0.503665816947925 0.6419851502905749 0.007550242200928778 0.007417781811438857
0 0.5046592698690998 0.6475484866491541 0.007947623369398827 0.007947623369398684
0 0.4692923458752753 0.5643633620494469 0.007947623369398756 0.009007306485318693
0 0.4730674669757397 0.5651581243863868 0.006755479863989038 0.008477464927358796
