0 0.5500095367431641 0.7388273168493201 0.009758843315972222 0.012927415635850694
0 0.43821845584445535 0.8860259444625289 0.010559887356228299 0.014260412145543981
0 0.307206662495931 0.5089242440682871 0.01092529296875 0.015519431785300925
0 0.48762312995062934 0.47018910160771127 0.011138492160373263 0.014759374547887732
0 0.3641215430365668 0.6684325324164497 0.008645375569661459 0.010914385760271992
0 0.4109154595269097 0.9184906005859375 0.009855482313368056 0.012479428891782407
0 0.38321704864501954 0.6775761639630352 0.009786266750759548 0.012298527470341436
0 0.4511941062079536 0.2826456423158999 0.009888246324327258 0.013346071596498843
0 0.7338153839111328 0.6052221227575231 0.009761640760633681 0.011801712601273148
0 0.3891836590237088 0.6528416386357061 0.01074206034342448 0.014231929072627315
0 0.2999227947658963 0.40748217547381366 0.00923309326171875 0.012392227737991899
0 0.5880645963880751 0.4474705731427228 0.009689034356011286 0.011762265805844907
0 0.31090533998277453 0.829459183304398 0.008835622999403213 0.010276511863425925
0 0.6120668835110135 0.44001786973741325 0.010703489515516494 0.014819279423466437
0 0.5351067648993598 0.7558763009530527 0.01035321553548177 0.013062258119936342
0 0.3647783703274197 0.4458674395525897 0.00959002176920573 0.013350310149016205
0 0.6520817862616646 0.8041988231517649 0.009272554185655382 0.012940583405671295
0 0.5915445115831163 0.2505976782904731 0.010078684488932293 0.013354463930483219
0 0.6442672305636937 0.6149441471806278 0.009543355305989583 0.012223024721498842
0 0.6429996914333767 0.32593591478135847 0.009714168972439235 0.013047479700159143
0 0.601564598083496 0.8806284021448205 0.00936749776204427 0.011912027994791664
0 0.4805779139200847 0.7956632826063368 0.010634316338433158 0.014311613859953705
0 0.6125382854568824 0.3139595721227201 0.00807520715624122 0.010467861128460819
0 0.7188618463473915 0.32831549595603776 0.0071779619166588305 0.01226235160762549
0 0.7121325070505239 0.31081921378418187 0.005383471437494052 0.008972452395823538
0 0.7071976582328209 0.31605314434841225 0.0071779619166588305 0.00867337064929611
0 0.7111231061559937 0.33325034477374077 0.005607782747389649 0.008972452395823538
0 0.6692890468604663 0.42686293143683307 0.0076265845364500255 0.010766942874988245
0 0.7089921487119858 0.5273543982700568 0.007177961916658973 0.011963269861098027
0 0.714824242769271 0.526756234777002 0.0067293392968676355 0.010766942874988245
0 0.7940061351624138 0.6179761674678745 0.006729339296867493 0.010766942874988387
0 0.7688832684541079 0.6773438941535739 0.0076265845364500255 0.009271534142351072
0 0.7234602282002512 0.7516657081656456 0.006505027986972039 0.008972452395823467
0 0.6516806090336629 0.6866154282959249 0.007850895846345622 0.009869697635405857
0 0.5811347020715002 0.6736053723219806 0.005383471437494194 0.008972452395823467
0 0.5790037446274919 0.6511742413324219 0.005607782747389649 0.0071779619166588305
0 0.5860695508892031 0.6519219456987405 0.004934848817702999 0.00807520715624122
0 0.6329506146573812 0.9062909711203381 0.0076265845364500255 0.01016877938193332
0 0.6039023000259024 0.9350028187869733 0.006056405367180773 0.008972452395823609
