0 0.7539680904812284 0.5542539243344907 0.007753753662109375 0.01041576244212963
0 0.3466733826531304 0.6763138947663485 0.007028304206000435 0.008821275499131944
0 0.6278489006890191 0.7413736696596499 0.008164299858940972 0.01124374954788773
0 0.6611210717095268 0.7742321438259548 0.007953219943576388 0.012581380208333333
0 0.33989318211873376 0.5151487562391494 0.008573892381456163 0.010955019350405094
0 0.6792199664645725 0.2589231703016493 0.008541827731662326 0.01178882740162037
0 0.5487583372328015 0.7988500524450233 0.008344819810655381 0.012633147063078705
0 0.4108086903889974 0.6413855658637152 0.006857808430989583 0.009819313331886573
0 0.4690229415893555 0.4675986961082176 0.010382631089952257 0.01409346969039352
0 0.39637366400824653 0.6619858635796442 0.008541531032986112 0.012539842393663195
0 0.291256226433648 0.5794637891981337 0.007349395751953125 0.009610154893663195
0 0.271737183464898 0.5665830258969907 0.00636736551920573 0.00858448169849537
0 0.30678354899088545 0.7118744744194878 0.008461422390407987 0.011797813132957176
0 0.44050983852810327 0.5052828188295717 0.008717854817708334 0.011768143265335646
0 0.25426948335435656 0.4911573339391638 0.00874017079671224 0.01162872314453125
0 0.40540082719590925 0.442798826429579 0.008795377943250868 0.012224183259186923
0 0.5987621307373047 0.8115865071614583 0.008888414171006944 0.013099048755787037
0 0.6606396993001301 0.603435629385489 0.00776248508029514 0.009898828577112268
0 0.3544905450608995 0.6055491694697627 0.0078571531507704 0.012208387586805557
0 0.47500038146972656 0.18244231188738788 0.007535722520616319 0.009829499986436632
0 0.46520635816786027 0.6031649554217303 0.008120218912760416 0.01085804126880787
0 0.31796142790052623 0.2578527097348814 0.007215860154893663 0.009237896954571759
0 0.6408082962036132 0.3912946206552011 0.008867772420247395 0.012618933783637152
0 0.2667195955912272 0.4815818221480758 0.008801121181911892 0.011627140751591436
0 0.440364498562283 0.613832261827257 0.007077280680338542 0.00991199634693287
0 0.3931779225667318 0.7258291173864295 0.00753021240234375 0.010148790147569444
0 0.4481668684217665 0.8281976770471643 0.007624308268229168 0.011545817057291664
0 0.5595966339111328 0.481054828785084 0.007865651448567709 0.011174915455005787
0 0.3631734424167209 0.6947285687481916 0.008063549465603299 0.01043785942925347
0 0.6427840338812933 0.5751771997522425 0.008485582139756944 0.012189116301359954
0 0.403552500406901 0.7630839877658421 0.007858954535590278 0.010654308177806713
0 0.5946722030639648 0.7750268159089265 0.007852215237087673 0.010016942907262731
0 0.513741577996148 0.825457113760489 0.009581968519422742 0.013569980197482638
0 0.5592187033759223 0.7924615930627894 0.008530468410915799 0.012249981915509259
0 0.2837916374206543 0.7019555268464265 0.009820238749186198 0.012159163863570601
0 0.3092914051479763 0.4037787684687862 0.00637717776828342 0.009543044478804977
0 0.3688555823432075 0.5305221840187354 0.0083160400390625 0.010653630009403937
0 0.585183228386773 0.5018137048791956 0.008327272203233507 0.011471105504918982
0 0.7340755886501736 0.49593313711660875 0.007809956868489582 0.01087635181568287
0 0.4861873202853733 0.6020913018120659 0.008350796169704862 0.01108409740306713
0 0.30957934061686193 0.3705497176558883 0.007643085055881077 0.010356705277054396
0 0.4837881935967339 0.7810568915473091 0.008848359849717881 0.012065746166087963
0 0.38290884229871963 0.3298193754973235 0.00761260986328125 0.010106856734664351
0 0.26494318644205733 0.3856954080087167 0.007779439290364582 0.01010027284975405
0 0.6455420388115776 0.6879642910427518 0.006609725952148438 0.009443890606915509
0 0.531771108839247 0.27381170767324936 0.007666820949978299 0.009823834454571759
0 0.38155180613199874 0.31128227799027053 0.008217832777235243 0.011384667290581598
0 0.5244556427001953 0.6526904353389034 0.007101270887586806 0.00899471706814236
0 0.5534464306301541 0.4399433135986328 0.00797411600748698 0.011901375099464699
0 0.5100679609510634 0.3790592052318432 0.008978695339626737 0.011439740216290508
0 0.7261927286783854 0.28631153813114874 0.0068695068359375 0.008620650679976851
0 0.4951659732394748 0.7595778853804976 0.009139590793185763 0.0133819580078125
0 0.7176861233181424 0.6669052406593606 0.00701141357421875 0.008780189796730325
0 0.6615973366631402 0.7060019033926505 0.008353042602539062 0.010922015154803242
0 0.32017953660753035 0.6773202966760705 0.008500417073567709 0.010325453016493055
0 0.3284801801045736 0.4680604157624422 0.007619921366373698 0.009981791178385416
0 0.28288148244222006 0.4473620944552952 0.008386400010850694 0.01123612015335648
0 0.6163772794935438 0.5901096485279226 0.006708060370551216 0.009052417896412037
0 0.3203140576433727 0.5414289052112705 0.00900501675075955 0.011487268518518518
0 0.3672402911716037 0.36696654425727 0.0068509843614366316 0.010353173149956598
0 0.7524066501193576 0.44041327017324944 0.007639567057291668 0.01081706859447338
0 0.45210745069715713 0.665605643943504 0.008217536078559028 0.009901993362991898
0 0.5664938608805339 0.6195634064850983 0.008517201741536458 0.01187698929398148
0 0.6729834874471028 0.780413535789207 0.008261489868164062 0.010923597547743056
0 0.5974883821275498 0.5905536227756076 0.007638846503363716 0.010409884982638888
0 0.32851704491509337 0.5203454194245515 0.007370842827690972 0.01084148265697338
0 0.45852913326687283 0.25170129846643513 0.008207575480143229 0.011744181315104164
0 0.4131683561537001 0.17361566755506724 0.009072324964735243 0.01256395975748698
0 0.6180233001708985 0.44310743543836806 0.007792154947916668 0.010962874801070601
0 0.5496387905544704 0.6165763289840133 0.00734100341796875 0.010047234429253472
0 0.5225307888454861 0.6339852509675202 0.007578277587890625 0.011235837583188657
0 0.7380284627278645 0.5555859601056135 0.008028327094184027 0.011346096462673611
0 0.5602733823988173 0.13160232261375143 0.007553651597764757 0.01059228402596933
0 0.3993383619520399 0.46538427847403063 0.009187147352430555 0.012117739076967593
0 0.513656743367513 0.5403854370117187 0.00697479248046875 0.009941835756655092
0 0.733174048529731 0.3474774254692925 0.008569505479600694 0.009994082980685763
0 0.35269581476847334 0.3287611926043475 0.009263504876030816 0.01255563806604456
0 0.6599310133192274 0.8113088537145543 0.008879597981770833 0.011966846607349537
0 0.4550943798489041 0.18042026802345557 0.009041383531358508 0.012543388649269387
0 0.2638341373867459 0.545165761311849 0.007203695509168837 0.00987441451461227
0 0.6494706047905815 0.46918512980143234 0.008948432074652778 0.011486081723813657
0 0.5413180033365885 0.3125388110125506 0.007601420084635418 0.010573860451027199
0 0.5040788862440321 0.5637832359031395 0.007572852240668403 0.010600167733651623
0 0.6610430823432084 0.6649954867220275 0.007997300889756951 0.014521726120558066
0 0.46191430614273726 0.5288484078866464 0.009409247504340277 0.013574840404369213
0 0.5641300413343642 0.831864759657118 0.009907913208007813 0.013060393156828705
0 0.3276164690653483 0.3115899686460142 0.006328519185384115 0.009728127938729745
0 0.743205675994668 0.3027910961179131 0.007609897189670141 0.01078655101634838
0 0.5480038324991863 0.15772483260543257 0.008848275078667535 0.009995269775390624
0 0.7249085744222005 0.32257437529387295 0.0076601664225260414 0.009046851264105902
0 0.5843131171332466 0.5449641474971064 0.009194607204861111 0.01242630570023148
0 0.49778164757622617 0.20502866109212242 0.008169598049587674 0.012215225784866899
0 0.4751155853271484 0.34856140701859084 0.006800079345703125 0.00917816162109375
0 0.31780930625067816 0.5581796716760706 0.008111678229437935 0.011157565646701388
0 0.552583736843533 0.2787168432165075 0.007460191514756944 0.01183884232132523
0 0.5909325705634223 0.6407773618344907 0.008180194430881076 0.011293651439525463
0 0.4296774758232964 0.28858649642379197 0.0087837643093533 0.011067623562282986
0 0.6715450710720485 0.5714158234772859 0.008098432752821181 0.011186048719618057
0 0.30011914571126297 0.6718093872070312 0.00725894504123264 0.011915531864872686
0 0.5821460300021701 0.3193808520281756 0.008271959092881944 0.011083447491681135
0 0.5689181857638889 0.29926164415147566 0.006166246202256944 0.008648681640625
0 0.4301318910386827 0.23830118532533998 0.0078059302435980905 0.01060217398184317
0 0.5910083346896701 0.4844284622757523 0.008540683322482638 0.010799831814236112
0 0.31109221776326496 0.3328104231092665 0.008294063144259983 0.011902505380135995
0 0.2698849254184299 0.5193022551359954 0.008477762010362414 0.012232462565104164
0 0.648589155409071 0.32567847922996235 0.009878370496961806 0.012275639286747686
0 0.4381701365925326 0.7832435665226838 0.008565012613932292 0.011480656376591436
0 0.3733008278740777 0.5598078409830729 0.00706070793999566 0.010434186017071759
0 0.4162097543130758 0.8377195525390588 0.006278906928168403 0.008370123969184028
0 0.5405768500434028 0.8643530951605902 0.008598751491970487 0.012125651041666664
0 0.4338035371568468 0.6606225472909434 0.00881453620062934 0.011186387803819444
0 0.6920699861314561 0.6512680053710938 0.008171378241644964 0.01030533402054398
0 0.5477127922905817 0.1910197575887044 0.007169342041015625 0.009888020268192998
0 0.7291787041558159 0.6529390970865886 0.007105170355902778 0.009694586859809028
0 0.49096263780768096 0.4148150267753441 0.00701539781358507 0.009526683666087964
0 0.35168403338144716 0.2320231455072048 0.007833777533637152 0.011285343876591435
0 0.7801524692111544 0.5730930469654224 0.00925479465060764 0.012227376302083336
0 0.5002641465928819 0.5167332684552229 0.009795973036024306 0.011147449634693288
0 0.350431219736735 0.5800819679542824 0.00852654774983724 0.011013002748842593
0 0.32195541107130154 0.6399410379216813 0.006528430514865453 0.007875230577256944
0 0.29466856850518125 0.6223428796838831 0.009655486212836371 0.013429203739872685
0 0.47620179918077254 0.35680999755859377 0.006940205891927082 0.008594880280671296
0 0.3347006056043837 0.27797926443594473 0.008886676364474827 0.013104050247757524
0 0.6460545645819771 0.30026554531521266 0.007738622029622396 0.011074687816478588
0 0.3743468602498372 0.2885532520435474 0.007645967271592882 0.010983050311053242
0 0.6966009987725151 0.4268122355143229 0.00840136210123698 0.011822735821759259
0 0.46360755496554906 0.7549916585286458 0.00904833475748698 0.010816786024305556
0 0.7430845048692492 0.42303941514756943 0.007498423258463543 0.010333873607494213
0 0.5501904593573677 0.6836658053927951 0.0073697831895616316 0.011005542896412037
0 0.7468544430202908 0.5891912672254773 0.00632875230577257 0.009206192581741898
0 0.5489567226833768 0.6361225552029081 0.008307139078776041 0.010650465223524306
0 0.7532293107774523 0.5777786254882813 0.0061710781521267365 0.008783524124710649
0 0.6110802799451619 0.6039905103117463 0.006828562418619791 0.008215614601417825
0 0.41474207216418535 0.4552495972772904 0.008278867933485243 0.012957763671875
0 0.36536972818492025 0.42522136310043157 0.006515375773111978 0.008796409324363427
0 0.2782150209083321 0.45483933271561744 0.0074639588367757526 0.01353464535735327
0 0.261346473937219 0.5254981430370943 0.009553867311072892 0.012340411943469149
0 0.2559724235747404 0.575058829713285 0.007165400483304651 0.009553867311072821
0 0.26045079887680594 0.5800348022711355 0.008359633897188808 0.006767322678676635
0 0.2765729499642414 0.554159744970313 0.006568283776362662 0.011544256334213117
0 0.33359759547720796 0.6130752600552626 0.008956750604130903 0.00995194511570091
0 0.4004746666547183 0.5854088526336141 0.006568283776362662 0.008757711701816788
0 0.4679488545391709 0.5262942986463504 0.006568283776362662 0.013136567552725324
0 0.4713822756040878 0.5199250537723017 0.005075492009007476 0.00995194511570098
0 0.4197316804535997 0.43772198711661175 0.009852425664543816 0.0111461785295851
0 0.32225237804530893 0.5346539325435391 0.006568283776362662 0.00995194511570098
0 0.313594185794649 0.5593347564304775 0.005374050362478506 0.009155789506444946
0 0.23865603907342078 0.42956139212173705 0.007165400483304687 0.00995194511570091
0 0.2770207874944479 0.40050171238389026 0.010449542371485982 0.010748100724957084
0 0.37778423179092013 0.41742001908058185 0.007165400483304722 0.009553867311072821
0 0.40734150878455205 0.3634804765534827 0.008956750604130832 0.013136567552725182
0 0.48033902620821856 0.3650727877719948 0.009852425664544029 0.00995194511570091
0 0.5287054794705252 0.47553937855627554 0.006866842129833657 0.00875771170181686
0 0.5309446671215579 0.40189498470008833 0.009553867311072821 0.011146178529585028
0 0.3224016572220443 0.3270563574300172 0.006269725422891526 0.014330800966609445
0 0.3234466114591929 0.3220803848721668 0.005971167069420602 0.007563478287932703
0 0.40853574219843614 0.26495621990804324 0.007165400483304722 0.014330800966609302
0 0.44063076519657174 0.3304400187693555 0.007463958836775717 0.008359633897188842
0 0.44406418626148847 0.34019292498274245 0.0053740503624784 0.005573089264792514
0 0.4572007538142138 0.3435765863220809 0.006568283776362591 0.007563478287932739
0 0.45167742427499974 0.3487515977822453 0.0056726087159494655 0.0083596338971887
0 0.44719904897293433 0.31610921780274615 0.007463958836775646 0.010748100724957013
0 0.35360100515976683 0.22096862249664498 0.005374050362478471 0.00995194511570098
0 0.3424050669046032 0.20385127689763935 0.007463958836775717 0.010748100724957013
0 0.5712500448401469 0.3372073414480322 0.007165400483304722 0.013932723161981358
0 0.5933433629970029 0.2396782793141628 0.004776933655536482 0.00995194511570098
0 0.5930448046435319 0.2468436797974675 0.008956750604130903 0.008359633897188771
0 0.5139268409737093 0.17917045301070103 0.007762517190246783 0.009155789506444911
0 0.5034772986022231 0.12503187158128778 0.0047769336555364104 0.007563478287932703
0 0.5072092780206111 0.1815589198384692 0.005075492009007476 0.007563478287932739
0 0.6300660404739393 0.16185406850938133 0.007165400483304722 0.009553867311072892
0 0.6442475622638133 0.19509356519582247 0.005672608715949537 0.008359633897188808
0 0.5834909373324589 0.29122935501349373 0.0047769336555364104 0.007165400483304651
0 0.5863272416904337 0.28804473257646945 0.004478375302065416 0.00796155609256079
0 0.5872229167508468 0.2928216662320059 0.003881258595123356 0.006369244874048654
0 0.6233484775208413 0.27689855404688435 0.008061075543717848 0.008757711701816823
0 0.6540999879283573 0.36984972142753136 0.005075492009007405 0.009155789506444805
0 0.6469345874450528 0.34855255887993125 0.008658192250659766 0.0111461785295851
0 0.686493569279964 0.3634804765534827 0.007762517190246854 0.010748100724957013
0 0.6996301368326892 0.35949969850720237 0.007762517190246854 0.01234041194346922
0 0.7108260750878528 0.38895745604967713 0.008658192250659908 0.00995194511570091
0 0.7742697252004462 0.3762189663015799 0.007165400483304722 0.00995194511570091
0 0.7502357777460285 0.41980848590835007 0.009255308957601897 0.011942334138841134
0 0.7678507206008193 0.4365277537027278 0.006269725422891667 0.00875771170181686
0 0.706496978962523 0.3537275703400957 0.007165400483304865 0.009553867311072963
0 0.6766411436154197 0.3656699044789369 0.005374050362478471 0.008757711701816788
0 0.5961796673549777 0.3883603393427352 0.0068668421298335855 0.009553867311072892
0 0.5857301249834918 0.34218331400588264 0.0068668421298335855 0.010350022920328996
0 0.6287225278833198 0.41264308542504546 0.009255308957601897 0.010350022920328996
0 0.6720134891366188 0.4629999277104923 0.008061075543717919 0.013136567552725324
0 0.5973739007688618 0.49584134659230544 0.007463958836775717 0.009553867311072821
0 0.6002102051268365 0.5069875251218906 0.008359633897188771 0.00875771170181686
0 0.730680205593676 0.4775297675794157 0.006568283776362733 0.015126956575865406
0 0.7415775854953688 0.49723461890850357 0.007463958836775788 0.010748100724957084
0 0.7908397138180885 0.5131577310936251 0.006866842129833657 0.011544256334213188
0 0.7230669675801649 0.5159442757260214 0.006269725422891667 0.010748100724957013
0 0.734412185012064 0.532663543520399 0.008658192250659908 0.009155789506444946
0 0.6205121731628666 0.6073031318881562 0.005374050362478542 0.007961556092560756
0 0.6229006399906347 0.6140704545668328 0.006568283776362591 0.009553867311072821
0 0.6158845186840657 0.6212358550501375 0.008061075543717705 0.011942334138841063
0 0.6847022191591376 0.617454115906171 0.007165400483304722 0.011544256334213117
0 0.7233655259336359 0.6170560381015432 0.007463958836775646 0.011544256334213117
0 0.775911796144537 0.6268089443149301 0.007463958836775788 0.011942334138841134
0 0.5340795298330038 0.604118509451132 0.003881258595123498 0.007961556092560614
0 0.5257198959358149 0.6098906376182385 0.009255308957601755 0.00756347828793281
0 0.5228835915778401 0.6140704545668328 0.006568283776362733 0.00716540048330458
0 0.599463809243159 0.635765694919061 0.006866842129833728 0.013136567552725253
0 0.6573841298165388 0.6845302259859959 0.007463958836775789 0.010350022920328853
0 0.6597725966443068 0.6761705920888068 0.007463958836775646 0.007165400483304865
0 0.6479795416822012 0.6759715531864928 0.0083596338971887 0.011544256334213117
0 0.6808209605640144 0.6606455577083133 0.005971167069420602 0.008757711701816788
0 0.6942560864702105 0.6817436813535994 0.007762517190246712 0.008757711701816788
0 0.6829108690383117 0.6749763586749229 0.007762517190246712 0.011146178529585028
0 0.688583477754261 0.6660196080707919 0.006568283776362733 0.013136567552725182
0 0.6288718070600553 0.708812972068306 0.009553867311072821 0.011942334138841205
0 0.5845358915696076 0.66741288038699 0.006269725422891597 0.011942334138841063
0 0.7717319791959426 0.6427320565000517 0.005075492009007405 0.0111461785295851
0 0.7512807319831772 0.5836175025127879 0.007762517190246854 0.011544256334213117
0 0.6005087634803076 0.7253332009603695 0.0077625171902466405 0.013136567552725182
0 0.7073926540229357 0.7060264274359096 0.006568283776362733 0.010350022920329138
0 0.6966445532979787 0.7135899057238423 0.006568283776362591 0.009553867311072963
0 0.7320237181842957 0.7324986014436742 0.005672608715949537 0.009155789506444877
0 0.7124681460319434 0.7565823086236705 0.007165400483304865 0.009553867311072963
0 0.7026157203673994 0.7535967250889601 0.00417981694859435 0.008359633897188842
0 0.6906733862285581 0.742251507657061 0.004776933655536482 0.007165400483304722
0 0.6741033976109161 0.7398630408292928 0.006866842129833514 0.010350022920328996
0 0.6857471733962862 0.7585726976468107 0.009255308957601897 0.01353464535735327
0 0.7090347249670265 0.7669323315439993 0.006269725422891667 0.008757711701816646
0 0.6738048392574449 0.7924093110401939 0.006866842129833657 0.01114617852958517
0 0.6391720702548057 0.7943997000633343 0.007463958836775788 0.00875771170181693
0 0.6196164981024533 0.7559851919167285 0.005971167069420744 0.009155789506444877
0 0.6145410060934458 0.7448390133871433 0.007762517190246783 0.010748100724956942
0 0.6039421845452243 0.7571794253306127 0.006269725422891667 0.008359633897188842
0 0.5722949990772953 0.7557861530144143 0.006269725422891597 0.01114617852958517
0 0.6012551593639851 0.6666167247777338 0.005672608715949608 0.010350022920329138
0 0.5185544954525102 0.8202747573641567 0.008061075543717777 0.013534645357353554
0 0.4922813603470597 0.8664517827010091 0.007463958836775646 0.01353464535735327
0 0.4521252618052063 0.8375911418654763 0.005374050362478542 0.009951945115701051
0 0.4652618293579316 0.6761705920888068 0.008359633897188771 0.01353464535735327
0 0.47332290490164924 0.6674128803869899 0.008956750604130903 0.01353464535735327
0 0.3780827901443912 0.7022446882919433 0.004776933655536553 0.008359633897188842
0 0.3831582821533987 0.6980648713433487 0.004776933655536482 0.007961556092560756
0 0.3918164744040585 0.6978658324410348 0.005374050362478471 0.00756347828793281
0 0.423911497402194 0.6620388300245114 0.008061075543717848 0.0107481007249568
0 0.33225408288658825 0.7082158553613638 0.006866842129833657 0.011544256334212974
0 0.32374516981266394 0.6747773197726087 0.006568283776362662 0.00995194511570091
0 0.3171768860363014 0.6333772280912927 0.006568283776362662 0.011544256334213117
0 0.3235958906359284 0.6276050999241861 0.006269725422891526 0.009553867311072821
0 0.36554333929860805 0.6594513242944293 0.005374050362478542 0.010350022920328996
0 0.35016758409485 0.6429310954023656 0.006866842129833657 0.0083596338971887
0 0.3612142431732781 0.646712834546332 0.006269725422891526 0.005573089264792514
0 0.36106496399654253 0.6204396994408815 0.008956750604130832 0.008757711701816788
0 0.4224187056348389 0.5718742072762608 0.005672608715949537 0.008757711701816788
0 0.4800404678547477 0.5336587380319692 0.005075492009007547 0.009553867311073034
