0 0.4661646842956543 0.6012071927388509 0.008959293365478516 0.012047767639160156
0 0.4271563529968262 0.3410641988118489 0.009911441802978515 0.013297843933105468
0 0.5445781946182252 0.15945300261179607 0.010260725021362304 0.01409303347269694
0 0.42578159832293244 0.5358754385473451 0.008836674690246581 0.012355105082194014
0 0.32726597785949707 0.344670041402181 0.009659814834594726 0.013012186686197918
0 0.29885722398757936 0.49023915926615397 0.008939051628112793 0.011517556508382161
0 0.2859433889545975 0.5659836838551634 0.010675501823425294 0.013960456848144532
0 0.6412017822265625 0.26696850458780924 0.009561729431152344 0.012250328063964843
0 0.6929006814956665 0.39456613858540857 0.008453607559204102 0.010637442270914711
0 0.5219735145568848 0.2704857587814331 0.0078125 0.01004338264465332
0 0.4228445291519165 0.22057186762491862 0.01001439094543457 0.014614137013753255
0 0.5487893342971801 0.2585079431533813 0.008795213699340821 0.012232319513956707
0 0.6642208576202393 0.42349514961242674 0.008243560791015625 0.011141745249430339
0 0.40050631761550903 0.151007350285848 0.00882422924041748 0.011681429545084636
0 0.7106868505477906 0.4412528991699219 0.008844995498657226 0.011656951904296876
0 0.3815943956375122 0.4595641613006592 0.008235645294189454 0.010433610280354817
0 0.626497483253479 0.6459336280822754 0.008351945877075195 0.011643791198730468
0 0.7013025522232056 0.4759611924489339 0.009679460525512695 0.012780094146728515
0 0.5974724054336548 0.19438795248667395 0.008854055404663086 0.011785332361857097
0 0.6601285457611084 0.45550004641215014 0.007045364379882813 0.008769957224527995
0 0.7136194944381714 0.2591990152994792 0.011348867416381836 0.014934921264648437
0 0.6332976579666139 0.4781775792439779 0.007506227493286133 0.009932708740234376
0 0.5236003160476685 0.07514058351516724 0.009482240676879883 0.012008007367451985
0 0.5375059604644775 0.3807435989379882 0.009895038604736329 0.013935597737630208
0 0.6551483869552612 0.44111510912577306 0.00887761116027832 0.012276554107666015
0 0.6722625255584717 0.17325688203175862 0.008556938171386719 0.011104027430216469
0 0.5040245771408081 0.6314704259236653 0.008195638656616211 0.011685562133789063
0 0.7621963500976563 0.4841210524241129 0.00911121368408203 0.012324555714925129
0 0.3868514060974121 0.42233986854553224 0.00901327133178711 0.011961968739827473
0 0.733976411819458 0.5655725797017415 0.008066940307617187 0.010589027404785156
0 0.4748422145843506 0.6877505302429199 0.00910806655883789 0.012381807963053387
0 0.6007814645767212 0.6632838884989422 0.009325361251831055 0.011807568868001302
0 0.5668538808822632 0.3429929892222087 0.008907747268676759 0.011848545074462891
0 0.4667664527893066 0.2633107980092367 0.007689094543457032 0.010265827178955078
0 0.4983378410339355 0.3119337240854899 0.008240318298339844 0.010413583119710286
0 0.59210684299469 0.3979705810546875 0.009697198867797852 0.011337661743164062
0 0.6363888263702393 0.5698030153910318 0.0092010498046875 0.012957191467285157
0 0.4923465013504028 0.3901148637135824 0.009622526168823243 0.012632211049397789
0 0.4279782772064209 0.7690713564554851 0.009548187255859375 0.011924552917480468
0 0.5942046642303466 0.707720152537028 0.009003257751464844 0.011920738220214843
0 0.531188678741455 0.5550772666931153 0.008044910430908204 0.010062980651855468
0 0.5855659484863281 0.25456863244374595 0.008320045471191407 0.011504189173380535
0 0.3120952129364014 0.34578498204549146 0.008156824111938476 0.01121991475423177
0 0.558462405204773 0.7328096389770508 0.008550882339477539 0.01119867960611979
0 0.41206338405609133 0.11102172136306762 0.008746767044067382 0.01079078515370687
0 0.3736798882484436 0.22145442962646483 0.008550572395324706 0.012167835235595703
0 0.6398259630732723 0.32994784374167785 0.008086347579956054 0.010265286763509114
0 0.4837499618530273 0.4575582345326741 0.007767581939697265 0.010121822357177734
0 0.6194339990615845 0.6604216893513997 0.007646608352661133 0.010527420043945312
0 0.4724432945251465 0.21777192751566565 0.008586788177490234 0.011233870188395183
0 0.43927085399627686 0.08994085788726805 0.008728456497192384 0.011121495564778644
0 0.4297886848449707 0.5997387886047363 0.009291362762451173 0.01233208974202474
0 0.3066102385520935 0.4424886703491211 0.010120892524719238 0.013091087341308594
0 0.4896410942077637 0.5470823923746745 0.009834003448486329 0.013587443033854167
0 0.49962005615234373 0.07568734486897787 0.010094261169433594 0.01254725456237793
0 0.6036046028137207 0.24763238430023193 0.0076904296875 0.009662389755249023
0 0.3054226636886596 0.39664039611816404 0.010834026336669921 0.01281909942626953
0 0.3422647356987 0.5117967287699382 0.008493494987487794 0.011424509684244792
0 0.49093074798583985 0.638522466023763 0.008397293090820313 0.011537806193033856
0 0.3734242796897888 0.7697149276733397 0.008711647987365723 0.011178843180338542
0 0.620291805267334 0.24067145983378094 0.00836181640625 0.011104297637939454
0 0.5794656276702881 0.7053120613098145 0.006856155395507812 0.009436734517415364
0 0.37231197357177737 0.23998092810312907 0.00928339958190918 0.012837966283162437
0 0.47208600044250487 0.201487930615743 0.010271358489990234 0.011846653620402018
0 0.695799708366394 0.3691040833791097 0.008581113815307618 0.009861977895100911
0 0.5206648349761962 0.7508746465047201 0.00816192626953125 0.009877522786458334
0 0.660885214805603 0.1525213559468587 0.00857558250427246 0.012365563710530597
0 0.336063027381897 0.4088826497395834 0.006850051879882813 0.01181182861328125
0 0.59287691116333 0.5794140815734864 0.010189628601074219 0.012663714090983073
0 0.5103745698928833 0.5982628186543782 0.009690332412719726 0.012851524353027343
0 0.6280130386352539 0.2584598143895467 0.007227897644042969 0.009771935145060221
0 0.5630468368530274 0.4286948204040527 0.00916461944580078 0.012957827250162762
0 0.27582980394363404 0.41606025695800775 0.008631157875061034 0.01175397237141927
0 0.5318990707397461 0.31248779296875 0.008315467834472656 0.011011123657226562
0 0.547277855873108 0.6949187278747558 0.008774805068969726 0.011445935567220051
0 0.42266130447387695 0.12243280013402304 0.009382343292236328 0.012159514427185058
0 0.4321931838989258 0.661157194773356 0.008173370361328125 0.011053911844889323
0 0.6275565385818482 0.4331184546152751 0.007315492630004883 0.009883658091227213
0 0.2747679407254656 0.535734298814207 0.010009038236852098 0.014029762998664453
0 0.24140447993595848 0.5206779677912499 0.008469186200413361 0.00992349090149439
0 0.33264071309495674 0.5393615053112343 0.008212544194340197 0.011702874432655861
0 0.3194236497821905 0.4565174662729669 0.007955902188267104 0.010265680242925228
0 0.3285344409977867 0.4575440342972594 0.006159408145755166 0.008212544194340268
0 0.35124725853525873 0.41220394655767295 0.00846918620041329 0.016082899047249556
0 0.3707520509968168 0.3800381484631737 0.007955902188267104 0.013345384315802775
0 0.37626985412738917 0.3796959591217429 0.007185976170047681 0.009239112218632783
0 0.3860222503581682 0.38106471648746626 0.006159408145755166 0.010607869584356137
0 0.36818563093608536 0.3697724682202485 0.010522322248998392 0.011292248267217815
0 0.4178458591112364 0.29534628645904043 0.006159408145755166 0.013003194974371973
0 0.22690420659282654 0.38311785253605135 0.007185976170047681 0.011292248267217744
0 0.2655288285068329 0.3088627654455587 0.008982470212559655 0.010607869584356137
0 0.2629624084461015 0.3018478839462264 0.011035606261144651 0.00821254419434016
0 0.25154183917584727 0.3020189786169418 0.00872582820648649 0.010607869584356102
0 0.4323461324543683 0.26899770716886556 0.006929334163974659 0.009581301560063586
0 0.4121997349776275 0.2777235353753521 0.006672692157901423 0.007870354852909394
0 0.3860222503581682 0.22998812224574963 0.006159408145755166 0.007528165511478484
0 0.3517605425474051 0.21801149529567015 0.008982470212559619 0.014371952340095362
0 0.43362934248473406 0.1673674727639055 0.007955902188267033 0.009581301560063551
0 0.43478423151206314 0.08147794806476419 0.009239112218632712 0.013687573657233694
0 0.5778621498978339 0.09499442705128246 0.010522322248998392 0.011976626950079474
0 0.535259576889694 0.21561616990565427 0.007442618176120703 0.012318816291510295
0 0.7328739215660053 0.25137495608517724 0.010522322248998392 0.009239112218632748
0 0.7463476268848447 0.27840791405821375 0.008212544194340126 0.01266100563294117
0 0.7463476268848447 0.2897001623254315 0.007185976170047752 0.011976626950079457
0 0.7413431077664187 0.2850806062161152 0.006416050151828188 0.012318816291510331
0 0.6764126802299165 0.3227214337735077 0.008469186200413361 0.008212544194340232
0 0.682187125366562 0.31929954035919933 0.006672692157901423 0.009581301560063586
0 0.6381730213250197 0.34907001306368257 0.0059027661396819295 0.008212544194340197
0 0.5655433336063237 0.39475229014470004 0.007442618176120774 0.010607869584356066
0 0.6488236645770548 0.4190477333862897 0.007185976170047752 0.008554733535771035
0 0.6398411943644952 0.42760246692206083 0.009752396230779042 0.00992349090149446
0 0.6466422075254331 0.5169138850355105 0.008469186200413361 0.00992349090149439
0 0.6634522589232233 0.5307725533634597 0.011292248267217815 0.01026568024292537
0 0.7432679228119673 0.5242709558762737 0.010778964255071487 0.010950058925786977
0 0.6352216382551786 0.6777428755080063 0.00769926018219401 0.008554733535771106
0 0.567468148651872 0.6238480542326487 0.008725828206486383 0.013003194974372079
0 0.5482199981963872 0.6647396805336343 0.0056461241336089076 0.007185976170047752
0 0.5361578239109501 0.67312331939869 0.0061594081457550945 0.008896922877202087
0 0.5076705612368325 0.7723582284136339 0.008725828206486454 0.010265680242925299
0 0.4166909700839074 0.6953656265916948 0.010522322248998392 0.011634437608648653
0 0.3063349074724608 0.7036123891980385 0.010009038236852064 0.015124767846964175
0 0.33122918206155455 0.6077651551853992 0.005902766139682001 0.006843786828616843
0 0.33071589804940826 0.6033166937467983 0.009495754224705806 0.008212544194340268
0 0.3749866440970234 0.5708087063108682 0.005646124133608836 0.013003194974372079
0 0.377809706163828 0.5706376116401528 0.005132840121462578 0.013345384315802917
0 0.474692063456435 0.535734298814207 0.007955902188267104 0.013345384315802775
0 0.5308966627864509 0.5341944467777683 0.009495754224705806 0.00958130156006348
0 0.5555342953694715 0.5535281445686108 0.00641605015182833 0.007870354852909288
0 0.563361876554702 0.5598586473850813 0.006672692157901423 0.008896922877201945
0 0.578118791903907 0.5567789433122037 0.005902766139682001 0.010950058925786906
0 0.5820967429980405 0.5560945646293419 0.0051328401214626495 0.011634437608648653
0 0.4630148521801075 0.45104243681007344 0.006159408145755166 0.010265680242925228
0 0.4585236170738277 0.3916725860718225 0.00846918620041329 0.00992349090149439
0 0.4576253700525717 0.3983452782297239 0.008725828206486526 0.010265680242925228
0 0.435203654543261 0.27840984266684016 0.006766016523746216 0.008088111706547245
