0 0.3442904366387261 0.6367719862196181 0.009221055772569445 0.012739280418113426
0 0.3490102450052897 0.33340868066858353 0.009227477179633247 0.011861928304036458
0 0.7175159878200955 0.29221842730486836 0.00864444308810764 0.011510580557364005
0 0.34976321326361764 0.7381646898057725 0.008566114637586806 0.01283122875072338
0 0.5110481262207032 0.45191502041286896 0.008880445692274306 0.012541226987485532
0 0.34958131578233503 0.5060976664225261 0.008925543891059028 0.011603856969762731
0 0.3219193246629503 0.440740966796875 0.009716182284884982 0.013725676359953703
0 0.6457533306545682 0.44753405253092443 0.009494654337565104 0.012729588261357061
0 0.7351765950520833 0.35580496611418544 0.008257548014322916 0.010871519865813079
0 0.6256979200575086 0.3283857981363932 0.010694461398654513 0.014514131899233219
0 0.5900478151109484 0.5897280657732928 0.007940377129448785 0.011374805591724537
0 0.3862173080444336 0.6645581280743634 0.00870526631673177 0.012372052228009259
0 0.42962792714436854 0.6042855439362703 0.007069778442382812 0.009877805356626157
0 0.4943985621134441 0.4524047992847584 0.00835160149468316 0.011928784405743636
0 0.42751988304985894 0.7877469098126447 0.008755450778537326 0.010808082863136574
0 0.6694414774576823 0.29452551382559317 0.008262379964192709 0.010978077076099537
0 0.4196702321370443 0.7381967897768373 0.007794019911024306 0.010279054994936343
0 0.4933706707424587 0.34521529586226846 0.009157096015082465 0.01185466625072338
0 0.39201539357503257 0.23764493730333114 0.00990494622124566 0.01263426321524161
0 0.41933087242974176 0.6500829908582899 0.008744006686740451 0.012126611780237268
0 0.4513027615017361 0.5942524380154081 0.008045196533203125 0.011551185890480325
0 0.4511411666870117 0.5402183815285011 0.008936097886827256 0.011601878978587964
0 0.2792602750990126 0.6434286329481336 0.008776346842447916 0.01115570068359375
0 0.5619277742173936 0.6759069937246817 0.00797131856282552 0.011258725766782407
0 0.6984184900919597 0.7528017397280093 0.008097457885742187 0.01107109917534722
0 0.6712150149875218 0.208607511167173 0.008328755696614584 0.012131019874855325
0 0.6874857584635418 0.2690438023319951 0.008702172173394097 0.011446380615234375
0 0.6278876410590278 0.6486778541847511 0.008882734510633681 0.013016877350983795
0 0.43767638736300996 0.2789869944254557 0.008275053236219618 0.012103525797526042
0 0.49300848642985023 0.3982345439769604 0.008694415622287326 0.010946853072554975
0 0.26599420971340604 0.48112804271556714 0.008622593349880643 0.012315651222511574
0 0.35727319717407224 0.21825384210657192 0.007514762878417969 0.009942330254448784
0 0.6814057879977756 0.588526294849537 0.008610492282443576 0.012056138780381944
0 0.31365240944756406 0.7158150284378617 0.009081374274359809 0.011402440954137732
0 0.2905016369289822 0.6986906546133536 0.008284293280707466 0.011855909559461806
0 0.4799990336100261 0.38296798423484524 0.007869381374782986 0.010596013952184607
0 0.3470213784111871 0.41444997434262876 0.009054819742838541 0.012842051188151042
0 0.41235143873426644 0.5467094138816551 0.006548987494574653 0.009827790436921295
0 0.3905010011461046 0.45331110071252895 0.008592775132921006 0.010929814091435185
0 0.596593623691135 0.6821064701786748 0.007710223727756076 0.011064091435185185
0 0.3776150385538737 0.5687969631618924 0.007754728529188368 0.01033619068287037
0 0.5202976014879015 0.50611493145978 0.007701916164822049 0.011037416811342593
0 0.33598410288492836 0.2364782545301649 0.007428910997178819 0.010209260163483795
0 0.38323326110839845 0.42493475454824947 0.00861172146267361 0.011997929325810185
0 0.4680802239312066 0.3610167891890914 0.006674448649088543 0.009894307454427083
0 0.30773288938734267 0.29685506467466 0.007761912875705295 0.010108297842520255
0 0.4958299001057942 0.7211842572247541 0.00916290283203125 0.012405791106047453
0 0.4166251924302843 0.23891853756374787 0.008788765801323786 0.011469339441370081
0 0.641374905904134 0.4022381535282842 0.007601971096462674 0.011433071560329862
0 0.40890049404568146 0.2973277197943794 0.009314219156901041 0.011902505380135995
0 0.6205913119845919 0.5544938264069734 0.010054100884331597 0.012926793981481482
0 0.6239506615532768 0.2615109478985822 0.007765875922309028 0.010397169325086806
0 0.4304786046346028 0.13942592055709274 0.008415773179796008 0.010825390285915799
0 0.5944210052490234 0.3712079931188513 0.007941521538628472 0.010217454698350694
0 0.531926981608073 0.5110563772696036 0.008093346489800347 0.011327051233362268
0 0.6221284866333008 0.38924721611870666 0.007672076755099826 0.010581518102575231
0 0.44209634992811414 0.1487012086091218 0.007899517483181424 0.011431799994574655
0 0.30527286529541015 0.7347384417498555 0.008853403727213542 0.011131343135127314
0 0.41052557627360026 0.5285113864474826 0.006911256578233506 0.009241626880787036
0 0.5958740870157877 0.6075393111617478 0.006914732191297743 0.010034970883969907
0 0.5733610941150247 0.6337659145709594 0.007218678792317707 0.00901817039207176
0 0.4431498421563043 0.798132974130136 0.00895830790201823 0.012476433648003472
0 0.49720573425292974 0.23827956870750142 0.008339775933159722 0.01088587443033854
0 0.7358715905083549 0.7199259440104168 0.00831510755750868 0.011569665979456018
0 0.4909429126315647 0.5885846455891928 0.008237923516167535 0.010791637279369213
0 0.4515851762559679 0.30607578136302804 0.007740020751953125 0.011051121464482061
0 0.6349101384480794 0.4911053410282841 0.007442347208658853 0.010303356029369213
0 0.5502237108018664 0.7484539455837674 0.00803315904405382 0.011165025499131944
0 0.6381407631768121 0.6092198689778646 0.00840958489312066 0.010525738751446759
0 0.3103622648451063 0.5451139096860532 0.008065753512912326 0.011555989583333336
0 0.44741600884331595 0.4978945131655093 0.007489098442925347 0.010150937680844907
0 0.6930119408501519 0.2935152265760634 0.008068084716796875 0.010477221453631365
0 0.5667912165323894 0.3213771678783275 0.007582897610134549 0.009964384856047453
0 0.5871864742702908 0.728150713885272 0.006719038221571181 0.009186469184027778
0 0.46487155490451393 0.807302008734809 0.009476131863064237 0.01306717484085648
0 0.47882588704427087 0.7157962657787182 0.007361094156901043 0.009784444173177084
0 0.49724903106689455 0.617212422688802 0.006818432278103298 0.009254172996238427
0 0.72188112796582 0.5550197851288268 0.007668092515733507 0.008956344039351851
0 0.5009755664401584 0.5021594012225116 0.00874951680501302 0.010878951461226851
0 0.530641704135471 0.6866702609592015 0.0085854000515408 0.01130054615162037
0 0.543387222290039 0.5352337307400173 0.007459004720052082 0.01061050980179398
0 0.628639539082845 0.714361572265625 0.008568530612521701 0.010297422055844907
0 0.6366203308105468 0.1853536323264793 0.00744967990451389 0.010674186989113137
0 0.40287729899088537 0.665455542670356 0.008563147650824653 0.012265636302806714
0 0.49148756663004556 0.8532539085105614 0.008712217542860242 0.012178209092881944
0 0.5964285956488715 0.3169702035409433 0.006811099582248264 0.010358174641927086
0 0.3992157618204753 0.6203100133825231 0.008528518676757812 0.010431247287326388
0 0.5639152950710721 0.7385687368887441 0.007828182644314237 0.011068047417534723
0 0.2849531339577831 0.5532085658344876 0.011822910797452728 0.011822910797452693
0 0.2925066603006002 0.5645935910468496 0.009852425664543923 0.01007136845708942
0 0.2900435538844642 0.5994054950615715 0.010180839853362116 0.011385025212361767
0 0.2530969576424244 0.5972160671361173 0.009852425664543958 0.012260796382543617
0 0.2429161177890623 0.5512380807015789 0.009195597286907678 0.013136567552725324
0 0.23831831914560847 0.5374446847712173 0.013136567552725253 0.014450224307997672
0 0.2427519106946532 0.5280301446917643 0.01018083985336208 0.014012338722906819
0 0.3975992007224023 0.5895530693970276 0.009852425664543887 0.010071368457089207
0 0.4025254135546743 0.5834226712057557 0.007225112153998836 0.014450224307997814
0 0.4258428209607616 0.5564927077226689 0.011166082419816377 0.012260796382543475
0 0.44177090911844097 0.6118852342366605 0.007553526342817065 0.011822910797452764
0 0.446697121950713 0.6153883189173872 0.007553526342816994 0.010947139627271056
0 0.48068799049338956 0.6114473486515696 0.00788194053163508 0.012698681967634542
0 0.4874204813641612 0.5518949090792151 0.004269384454635769 0.01269868196763447
0 0.49021200196911535 0.54401296854758 0.008538768909271468 0.011822910797452764
0 0.5288006691552458 0.47964378753922615 0.007553526342817065 0.01620176664836123
0 0.43585945371971463 0.4568737371145024 0.008210354720453238 0.010947139627270985
0 0.26229255492933207 0.4102389223023277 0.009852425664543923 0.009633482871998495
0 0.26393462587342276 0.4170261488712358 0.007881940531635222 0.008319826116726006
0 0.2677113890448312 0.40060543943032917 0.00886718309808952 0.01138502521236191
0 0.2755933295764664 0.39907283988251124 0.00886718309808952 0.01269868196763447
0 0.3023590859651441 0.370829219644152 0.008538768909271396 0.00788194053163508
0 0.25950103432437793 0.3342657732890666 0.010180839853362045 0.013574453137816108
0 0.2836394772025106 0.28916355802470994 0.01313656755272529 0.0126986819676344
0 0.40236120646026513 0.39972966826014755 0.010837668230998361 0.014888109893088596
0 0.41697563786267205 0.37126710522924283 0.007225112153998907 0.008757711701816788
0 0.41976715846762613 0.35725476650633586 0.0095240114757258 0.010509254042180203
0 0.37805855648772346 0.3023001255774352 0.008867183098089555 0.01269868196763447
0 0.4759259847555266 0.3668882493783345 0.008210354720453238 0.010509254042180274
0 0.5491623488619699 0.35112436831506405 0.007553526342817207 0.013136567552725182
0 0.3205860734445504 0.2685829355254403 0.012151324986270922 0.01007136845708942
0 0.3176303457451872 0.255446367972715 0.00821035472045331 0.011822910797452764
0 0.33175215586436685 0.24230980041998984 0.00952401147572587 0.011822910797452728
0 0.35194962847668193 0.20574635406490446 0.007881940531635151 0.013136567552725253
0 0.3609810186691806 0.2039948117245411 0.0095240114757258 0.011385025212361946
0 0.5898857082754183 0.27865430398252966 0.008867183098089555 0.011822910797452728
0 0.6118894589262331 0.2598252238236235 0.00952401147572587 0.01445022430799778
0 0.461804174636347 0.1433476581894595 0.014121810119179656 0.011822910797452745
0 0.4749407421890723 0.15144854151364007 0.008867183098089626 0.01050925404218022
0 0.4778964698884354 0.17005867888000087 0.010180839853362116 0.010947139627271056
0 0.5269943911167461 0.15144854151364007 0.007881940531635151 0.008757711701816877
0 0.5332342607042907 0.13787408837582396 0.009195597286907784 0.010509254042180203
0 0.5327416394210633 0.1619577955558203 0.008210354720453238 0.008757711701816823
0 0.5465350353514249 0.16261462393345652 0.0095240114757258 0.00831982611672597
0 0.6010517906952347 0.16173885276327485 0.010837668230998432 0.01269868196763447
0 0.6145167724367782 0.16239568114091113 0.010180839853362187 0.01138502521236191
0 0.6759302257457688 0.18844987345381625 0.007553526342817065 0.009195597286907678
0 0.6935003848475388 0.22523226260144696 0.010509254042180203 0.010947139627271093
0 0.7082790233443547 0.2405582580796264 0.01050925404218006 0.010947139627271021
0 0.7059801240226278 0.3005485832370718 0.01116608241981652 0.013574453137816108
0 0.7399709925653043 0.2896014436098007 0.010837668230998361 0.011822910797452728
0 0.709428473005218 0.3239754620394318 0.008210354720453238 0.011385025212361838
0 0.7040096388897189 0.3502485971448824 0.00788194053163508 0.010509254042180203
0 0.6943214203195841 0.36294727911251684 0.008867183098089697 0.009633482871998566
0 0.6831553378997677 0.3815574164788776 0.006896697965180607 0.01007136845708942
0 0.726506010823761 0.31040100890161576 0.008867183098089412 0.009633482871998531
0 0.6335647953882299 0.38724992908505856 0.007553526342816994 0.009195597286907784
0 0.6363563159931839 0.39184772772851234 0.007881940531635151 0.007881940531635151
0 0.6296238251224123 0.40148121060051084 0.01083766823099829 0.010509254042180274
0 0.566404093774922 0.39447504123905747 0.00788194053163508 0.013136567552725253
0 0.5614778809426499 0.3933803272763303 0.006568283776362662 0.010947139627271056
0 0.7737976540135719 0.3826521304416047 0.007553526342816923 0.012260796382543617
0 0.7800375236011167 0.3819953020639684 0.007553526342816923 0.011822910797452764
0 0.7329100875057145 0.41177152185014565 0.007225112153998765 0.013574453137816037
0 0.7248639398796703 0.4095820939246914 0.007553526342817207 0.010947139627270985
0 0.6826627166165405 0.43870148533323244 0.011822910797452693 0.014012338722906961
0 0.6867678939767672 0.45556008035922985 0.006896697965180749 0.011822910797452764
0 0.693828799036357 0.45293276684868483 0.009195597286907855 0.010071368457089279
0 0.7880836712271608 0.4549032519815937 0.009852425664543887 0.012260796382543689
0 0.5437435147464709 0.46387990647595584 0.009195597286907642 0.008319826116725935
0 0.5508044198060607 0.4748270461032269 0.010180839853362045 0.01007136845708942
0 0.6414467359198649 0.4752649316883178 0.009524011475725729 0.009195597286907713
0 0.6859468585047219 0.5096389501179489 0.011166082419816661 0.012260796382543546
0 0.696456112546902 0.5210239753303108 0.010509254042180203 0.008757711701816717
0 0.6870963081655853 0.5245270600110374 0.011494496608634677 0.013136567552725182
0 0.7156683425927626 0.5245270600110374 0.011494496608634677 0.012260796382543475
0 0.7936667124370689 0.5518949090792151 0.009195597286907713 0.009195597286907642
0 0.778888073940253 0.5812332432803015 0.01247973917508901 0.015325995478179593
0 0.5552380113551054 0.5385393987339444 0.013136567552725182 0.010509254042180203
0 0.5667325079637401 0.5518949090792151 0.007881940531635151 0.013574453137816179
0 0.5590147745265139 0.43235214434941516 0.008867183098089555 0.009195597286907713
0 0.75130128207953 0.6072874355932065 0.013136567552725324 0.014888109893088667
0 0.7624673644993465 0.6070684928006611 0.009852425664544029 0.013574453137816108
0 0.7542570097788931 0.6248028589968402 0.008538768909271396 0.012260796382543689
0 0.7595116367999833 0.650200222932109 0.009195597286907713 0.01138502521236191
0 0.7429267202646677 0.6653072756177432 0.012151324986270851 0.01007136845708942
0 0.7378363003379866 0.6740649873195599 0.008538768909271539 0.008319826116726006
0 0.7347163655442144 0.6821658706437406 0.008867183098089697 0.011385025212361767
0 0.7169819993480351 0.6924561818933753 0.010837668230998219 0.014450224307997814
0 0.7107421297604907 0.6561116783308354 0.008867183098089555 0.010947139627270985
0 0.7210871767082616 0.6655262184102885 0.008538768909271396 0.010509254042180203
0 0.723714490218807 0.6337795134912025 0.009852425664543887 0.010947139627271056
0 0.6936645919419479 0.6151693761248417 0.00952401147572587 0.009633482871998566
0 0.7064727453058549 0.6690293030910152 0.006896697965180749 0.01138502521236191
0 0.7105779226660816 0.7684293309066365 0.00919559728690757 0.012260796382543617
0 0.6279817541783216 0.6915804107231938 0.007553526342816923 0.010947139627271127
0 0.5754354839674205 0.6913614679306482 0.01215132498627078 0.01401233872290689
0 0.5537601475054238 0.6966160949517385 0.006896697965180749 0.01050925404218006
0 0.5580295319600596 0.6994623512548288 0.00821035472045331 0.011822910797452551
0 0.5406235799526986 0.7025275503504648 0.00821035472045338 0.008319826116726006
0 0.4948098006125693 0.8330174547075356 0.009195597286907784 0.014450224307997672
0 0.3908667098516306 0.7868205254804519 0.011494496608634677 0.018391194573815283
0 0.3890604318131308 0.7423751385937314 0.010509254042180203 0.0126986819676344
0 0.3361857474134116 0.7320848273440967 0.009195597286907642 0.014888109893088738
0 0.3143462038570059 0.6502002229321093 0.012808153363907166 0.009633482871998495
0 0.5402951657638805 0.6092579207261154 0.006896697965180749 0.013574453137816179
