0 0.5674146440294053 0.43923151934588395 0.010851966010199655 0.014509328206380208
0 0.7387779659695096 0.5449333473488136 0.01037724812825521 0.013821637188946759
0 0.40120660993787977 0.6167314882631656 0.010184521145290799 0.013282493308738425
0 0.4958145989312066 0.4770695156521267 0.010238223605685763 0.014073520236545138
0 0.5854551527235243 0.4393852375171803 0.010407850477430557 0.014203191686559606
0 0.8588075849745009 0.5030089766890914 0.009649234347873265 0.012973587601273146
0 0.34159541659884984 0.5036794874403212 0.010365168253580727 0.014621028193721065
0 0.4652265336778429 0.258893076578776 0.010395473904079862 0.014607464825665509
0 0.4954148186577691 0.9078773781105324 0.011206224229600693 0.014693648726851851
0 0.5784456888834636 0.32074651364926937 0.010231441921657987 0.014095080340350114
0 0.5088904910617404 0.5111731352629485 0.01024754842122396 0.01351482250072338
0 0.3331070379943607 0.42645445517431313 0.007786012409598939 0.010875699873725537
0 0.39845392786063755 0.4461048674461581 0.007600631161751323 0.011122874870855597
0 0.5083850078342609 0.39877085549573904 0.0064883436746657 0.010875699873725466
0 0.5682631508890337 0.1955930078547761 0.0068591061703610024 0.007415249913903779
0 0.5604771384794347 0.2699926819909438 0.007229868666056092 0.008898299896684492
0 0.7866422608534992 0.3654022308831722 0.006488343674665629 0.00790959990816404
0 0.7919256264171558 0.37306465579420606 0.007415249913903779 0.0074152499139037075
0 0.695643091992516 0.6133480375643867 0.004483274754969244 0.007190566273670527
0 0.6959029919783112 0.6042082213972514 0.004873124733662308 0.006930666287875198
0 0.6913547422268931 0.6086265211557718 0.005652824691048153 0.005891066344693812
0 0.6881709674009003 0.6124383876141031 0.005522874698150417 0.0064108663162845405
0 0.6903801172801606 0.6176363873300095 0.006432524648434139 0.006930666287875198
0 0.6933270260134292 0.5986470019374486 0.005921818581243542 0.008553737950685156
0 0.8426062027489436 0.7154384239564183 0.005921818581243628 0.011843637162487113
0 0.8336001036566355 0.7573846389068934 0.010116440076291013 0.00888272787186537
0 0.7275008540760219 0.7662673667787587 0.009129470312750385 0.008882727871865228
0 0.5712729564682126 0.7972573634603325 0.009749577272225024 0.011513786492913453
0 0.6373611624063668 0.7266889946327985 0.007381822791827446 0.011885198960426778
0 0.5199483961137135 0.6830480296999815 0.007381822791827659 0.010770961557886807
0 0.4918184105865272 0.5507075052056131 0.0071371780421323906 0.010060022383196027
0 0.745018736831669 0.5188325722562005 0.007748936160029416 0.009516237389509853
