0 0.4940210978190104 0.5031875610351563 0.009724934895833334 0.013098935727719908
0 0.5627476586235894 0.8665706210666234 0.009411705864800347 0.012848069932725694
0 0.43892904917399084 0.4695966367368345 0.00969039069281684 0.01297607421875
0 0.3393454233805338 0.3465552859836154 0.010614734225802952 0.014159732394748263
0 0.2856088214450412 0.4490342599374276 0.010855823092990451 0.01363231517650463
0 0.33048751619127065 0.8401031211570458 0.009902466668023004 0.012802519621672453
0 0.5816091325547961 0.6416712443033855 0.009799024793836805 0.01336918583622685
0 0.5085107803344726 0.2703936400236907 0.01048138936360677 0.013773006863064237
0 0.3141309102376302 0.45917348508481626 0.010178332858615451 0.013903384738498264
0 0.3542576683892144 0.7531693635163483 0.009218427870008681 0.011864895290798611
0 0.46166057586669923 0.4927122893156829 0.009160063001844618 0.01183234320746528
0 0.4521208021375868 0.24056546246563942 0.00931549072265625 0.01273148148148148
0 0.635318374633789 0.6185547440140335 0.008822970920138888 0.012466995804398149
0 0.5734288957383898 0.41824117589879917 0.010056728786892361 0.013644465693721065
0 0.4750012556020195 0.33301607819084056 0.006253634841668345 0.008258609152867398
0 0.4647472805447048 0.5256612989637586 0.009338294135199652 0.013020437735098377
0 0.6124671264960956 0.8292550944844593 0.010375425550672744 0.012771436903211806
0 0.47371961805555557 0.7123998571325232 0.009433068169487847 0.012084395797164351
0 0.6001230027940538 0.49802076551649305 0.008731842041015625 0.01161159939236111
0 0.582033348083496 0.46416970712167244 0.009132936265733508 0.012263940881799768
0 0.39625822703043617 0.5355861522533275 0.009951400756835937 0.012968162254050926
0 0.5138456344604492 0.5538266782407407 0.008478503757052952 0.011546156141493055
0 0.675897725423177 0.6328835381401909 0.009784274631076388 0.012240939670138888
0 0.6436781565348307 0.47002296447753905 0.008298238118489584 0.010989747224030672
0 0.5693339241875544 0.8491513852719906 0.009097332424587674 0.01241500289351852
0 0.4753091388278537 0.21268494923909503 0.008927366468641493 0.011472871568467881
0 0.5515519248114692 0.7693711457429109 0.008681276109483507 0.012594265407986112
0 0.42716295454237196 0.6020018683539496 0.009117677476671008 0.013123293276186342
0 0.5441982481214735 0.5347916779694734 0.008090421888563367 0.011002039026331019
0 0.6906271868933161 0.5343537538908025 0.00712161593967014 0.009185791015625
0 0.5308892493103365 0.473833540786628 0.007203899591908297 0.0062219905658598106
0 0.4804903454250759 0.4661285682960793 0.009226777818467882 0.011988321940104164
0 0.46983994377983945 0.7900608769169559 0.008102840847439237 0.011424877025462963
0 0.6470287322998047 0.6014914053457754 0.009420606825086806 0.011710046838831019
0 0.40620519849989145 0.23572553705286098 0.009303453233506944 0.011978446112738714
0 0.695113393995497 0.6192092047797308 0.009954113430447048 0.012236588089554398
0 0.3853072272406684 0.4964441087510851 0.007866583930121528 0.010213950828269676
0 0.4862066543667517 0.9071659168502711 0.007015228271484375 0.00921478271484375
0 0.40159147050645616 0.9041357534903066 0.00939589606391059 0.01256702564380787
0 0.3679107399366697 0.49481489147187185 0.010094008945301453 0.011365106368043172
0 0.37475223488848514 0.48958096090764136 0.008523829776032414 0.008673370649296004
0 0.4575231082399574 0.21517345846870456 0.00807520715624115 0.01016877938193339
0 0.46526184843135526 0.21397713148259473 0.005607782747389791 0.005981634930549049
0 0.6640016689988468 0.3615739733938921 0.00785089584634548 0.010467861128460853
0 0.7619135557682714 0.42542792627750303 0.006280716677076441 0.008972452395823538
0 0.6967511202436029 0.44232604495630395 0.005607782747389791 0.00807520715624115
0 0.699330700307402 0.5147038276159474 0.007626584536449883 0.011066024621515638
0 0.7609041548737412 0.6162420805620171 0.008299518466136817 0.010766942874988316
0 0.6209338974988937 0.6089145777720946 0.006953650606763233 0.00807520715624122
0 0.31908408430764407 0.5866880041027934 0.007799661817780006 0.008171074285293472
0 0.32778906401498786 0.5813953764407285 0.008217500843732566 0.007613955584023486
0 0.3253516696969316 0.5908663943623185 0.0077996618177800766 0.007613955584023486
0 0.4532344330377239 0.624568532841724 0.00698078474243637 0.007446170391931944
0 0.45301963966103354 0.6178383403720931 0.006121611235674891 0.005727823378409269
0 0.44638789415571906 0.620272665307917 0.005745722826466775 0.005727823378409269
0 0.44475009465845516 0.6168001723847564 0.006551197989055524 0.006372203508480254
0 0.6362000044700246 0.5972290888780108 0.008086040845562152 0.00862511023526622
0 0.6376269528545354 0.5915212953399671 0.007325001707156389 0.006595672532850756
0 0.47983081456860305 0.8205990708904843 0.005967238698864108 0.008302245146245753
0 0.48571157154719374 0.8219251239346764 0.005275384936676914 0.008186936185881137
0 0.49150584680551096 0.8216368515337652 0.006659092461051159 0.008532863066974556
0 0.49799197582601534 0.8116626264622337 0.006140202139410817 0.009570643710255382
0 0.4897762124000431 0.7985750594608606 0.006486129020504308 0.007610391384058488
0 0.49340844465152556 0.7923483756011762 0.00873465374761274 0.008994098908432875
0 0.5191152747512616 0.8659063539210792 0.006503997144527815 0.008290809546870719
0 0.5333383014739104 0.8711476703012846 0.006503997144527886 0.010006149453119945
0 0.3892733291588078 0.914006275702221 0.006741136285367091 0.00980528914235208
0 0.6149481870757548 0.8386281154203895 0.00919245857095504 0.009396735428087482
0 0.61287988389729 0.8442457289915288 0.009345666213804336 0.01123522714227846
0 0.6788553733694911 0.8580343762785776 0.008956750604130974 0.012738489748097237
0 0.7336283384580758 0.7914585906067572 0.010111704428050672 0.011030950285146161
0 0.7516302364928626 0.7505010807517241 0.009958496785201306 0.013277995713601741
0 0.7734183313562517 0.45138331059496295 0.008156774905293958 0.013866517338999955
0 0.5255235740500435 0.4464960086356028 0.005898053322645467 0.006468832676449736
0 0.5238588009347808 0.4416126741641652 0.006373702784148918 0.008117750809662426
0 0.5275688667345092 0.44034427560015543 0.005232144076540308 0.009132469660870229
0 0.47870897988368954 0.3308352969392723 0.005424762453512742 0.006394405983850859
