0 0.5053654564751519 0.6542818705240885 0.010227542453342014 0.013769474735966436
0 0.39468839433458114 0.8169621220341434 0.010048972235785592 0.013619090892650463
0 0.28090355131361217 0.5218167057743779 0.010285335116916232 0.01321608931929977
0 0.4945530149671766 0.6892477530020255 0.009287389119466145 0.012112087673611112
0 0.36545117696126306 0.7645662660951967 0.009621090359157987 0.012546454535590277
0 0.30121555328369143 0.38209286442509405 0.010075887044270836 0.012954740171079282
0 0.631068589952257 0.8297770464861834 0.009623209635416666 0.013571675618489583
0 0.41098480224609374 0.839673218903718 0.009346856011284722 0.013048694751880786
0 0.6622966766357422 0.30794043364348234 0.009237925211588541 0.011683852584273726
0 0.397681999206543 0.5202389469853154 0.01078995598687066 0.014670195402922455
0 0.538470204671224 0.7546600059226708 0.010098097059461806 0.013834465874565972
0 0.4386577606201172 0.419889873928494 0.009572770860460069 0.013232563160083912
0 0.7645656161838109 0.5647018997757524 0.01109280056423611 0.015514910662615742
0 0.2536514070298937 0.5012041162561487 0.009410222371419271 0.012407486527054399
0 0.3877847247653537 0.4813475997359664 0.010956107245551214 0.012797037760416664
0 0.4781980726453993 0.2386662942391855 0.01001612345377604 0.01330156679506655
0 0.350365416208903 0.7906374896014178 0.009582879808213976 0.012595847800925925
0 0.29809994167751735 0.5466174655490451 0.009967210557725694 0.013449548791956019
0 0.4375164455837674 0.2768575315122251 0.010421244303385417 0.012783078794126157
0 0.6473401604305202 0.35160730246911326 0.010447608100043405 0.014510430230034722
0 0.5713878207736546 0.48068285341616035 0.008424038357204861 0.01251972339771412
0 0.6873584747314453 0.3029362572564019 0.011284891764322917 0.014936291729962385
0 0.6799300511678059 0.5036790353280527 0.008263778686523438 0.010480923122829862
0 0.5995884365505643 0.5800718519422743 0.009203762478298612 0.012677793149594907
0 0.45478248596191406 0.4295310408980758 0.009683820936414931 0.012309604220920138
0 0.7617979685465494 0.5072769165039063 0.007908545600043403 0.013050785771122685
0 0.6102082570393881 0.8270785013834634 0.010136074490017362 0.013583317509403937
0 0.7217839982774522 0.38460214402940546 0.010499996609157987 0.013484728777850114
0 0.5782920413547092 0.2846225597240306 0.009238688151041667 0.011336715133101851
0 0.7234698825412328 0.49559224446614586 0.009387376573350694 0.012755782515914351
0 0.7760506523980035 0.5066240946451823 0.008954535590277778 0.01246795654296875
0 0.46227516598171653 0.6228485389992042 0.009981664021809895 0.013767101146556713
0 0.3234923892550999 0.4131869845920139 0.009632958306206597 0.01281585693359375
0 0.4800391727023654 0.9378293355305989 0.009197658962673612 0.010899692111545138
0 0.6668582280476888 0.8309599134657119 0.010589896308051214 0.01366283275462963
0 0.6493121041191948 0.6929466247558593 0.009784147474500867 0.01307830810546875
0 0.41043364206949867 0.5951397648564091 0.009164979722764756 0.010542523419415507
0 0.7524777730305989 0.5123442755805122 0.00858306884765625 0.011635843912760417
0 0.38021675133691074 0.3663949308584934 0.006235551063964522 0.009437590799513841
0 0.3731385582372754 0.3638108286157693 0.005561437435427763 0.006965840828212606
0 0.3758350127514221 0.3560585218875972 0.005898494249696213 0.00674113628536702
0 0.40431631355709796 0.37650663528654393 0.0052243806211595255 0.006741136285366949
0 0.36791417761611583 0.3702149080868681 0.0048873238068910755 0.005392909028293715
0 0.47947998313894064 0.21292172809497012 0.007246721506769589 0.00898818171382274
0 0.7074989179914811 0.30415177249027087 0.007583778321037897 0.008089363542440503
0 0.7329467074687418 0.343138010673977 0.007583778321037897 0.009662295342359357
0 0.7719610337203037 0.4512208957826955 0.0060670226568304035 0.011010522599432875
0 0.7865387409374098 0.49998178158018386 0.008257891949574514 0.010561113513741702
0 0.7465132442430431 0.7813118692228355 0.009437590799513913 0.011459931685124047
0 0.7372441818506633 0.765919608037914 0.007415249913903779 0.014381090742116527
0 0.5397288886894086 0.8889453452458628 0.005729965842562024 0.008314068085286124
0 0.5841361239692641 0.86018316376163 0.004550266992622696 0.007864658999594952
0 0.5752883825947198 0.8568125956189465 0.0060670226568304035 0.006965840828212606
0 0.5748670615768844 0.845577368476668 0.005561437435427763 0.006965840828212606
0 0.5551492379421857 0.8329939140773164 0.005898494249696284 0.006516431742521576
0 0.5645868287416996 0.8892824020601311 0.004550266992622696 0.00674113628536702
0 0.5616375816168515 0.8863612430031387 0.00640407947109864 0.00629172719967599
0 0.5617218458204186 0.8791706976320804 0.005561437435427834 0.004943499942602471
0 0.5680416610879502 0.8788336408178122 0.004718795399757027 0.006516431742521576
0 0.5966914903007603 0.8416450389768707 0.004381738585488577 0.009437590799513913
0 0.5918041664938691 0.8416450389768706 0.004044681771220269 0.007190545371058192
0 0.4744241309249152 0.8752383681322832 0.005898494249696213 0.009212886256668327
0 0.47071650596796333 0.8628796182757767 0.005561437435427834 0.010561113513741702
0 0.3701893111124272 0.8171522438067035 0.006741136285367091 0.008538772628131568
0 0.49296225570967467 0.7962547213220657 0.005561437435427834 0.00898818171382274
0 0.49641708805592527 0.7836712669227139 0.008763477170977155 0.008538772628131568
0 0.4990024460723459 0.5231875281857792 0.007225112153998765 0.012260796382543689
0 0.7173297751228873 0.6570868277338135 0.004851624507337249 0.007103031958454693
0 0.7290783168220275 0.6546768704621951 0.004375975045833655 0.0063419928200485745
0 0.7349763701446729 0.6538524113955887 0.006088313107246961 0.007483551527657539
