0 0.37670120000839236 0.7623336156209309 0.010056805610656739 0.014100265502929688
0 0.6494555711746216 0.6023766199747721 0.009265756607055664 0.011540730794270836
0 0.7531547546386719 0.35444984436035165 0.00967235565185547 0.012978426615397136
0 0.33204829692840576 0.4191321849822998 0.010349416732788086 0.014248498280843099
0 0.4147730827331543 0.19765396118164066 0.010138511657714844 0.012372239430745441
0 0.4186206340789795 0.7992855072021484 0.009637737274169922 0.013271713256835937
0 0.6923305988311768 0.25920368035634356 0.008875560760498048 0.012277491887410482
0 0.3543424248695374 0.38609105745951333 0.009254670143127442 0.011472161610921223
0 0.6137740373611451 0.48068556785583494 0.006956911087036133 0.009637991587320963
0 0.5224920272827149 0.5803190549214681 0.007271385192871094 0.010158348083496093
0 0.7459468126296998 0.5645519256591797 0.008237886428833007 0.012543614705403645
0 0.7140747308731079 0.6641016960144043 0.009721994400024414 0.012922859191894532
0 0.39688117504119874 0.5765303929646809 0.009256315231323243 0.012862777709960938
0 0.3161145687103271 0.5673810958862304 0.009417152404785157 0.013304901123046876
0 0.403091287612915 0.545306650797526 0.008752536773681641 0.012019983927408854
0 0.4898326873779297 0.13097635904947919 0.01018524169921875 0.013694254557291667
0 0.30376765727996824 0.5898000399271648 0.009346580505371094 0.013497098286946613
0 0.3363317847251892 0.5820281664530437 0.0090012788772583 0.01159254709879557
0 0.33425379991531373 0.3716071764628093 0.009164881706237794 0.011310068766276042
0 0.5882375955581665 0.7548682530721028 0.00931859016418457 0.012662887573242188
0 0.6425730228424072 0.31346955299377444 0.009003257751464844 0.012135537465413411
0 0.6680489778518677 0.3633528709411621 0.00999436378479004 0.013222122192382812
0 0.33715698719024656 0.5436127344767252 0.009655141830444336 0.013138198852539062
0 0.558216118812561 0.5964005470275879 0.008485937118530273 0.010988171895345051
0 0.7276598453521729 0.29680628776550294 0.00928325653076172 0.012202231089274089
0 0.43916404247283936 0.8072137514750163 0.009004163742065429 0.012219429016113281
0 0.23413047790527344 0.5567251205444336 0.008990955352783204 0.01295763651529948
0 0.6228326797485352 0.6864052136739095 0.0087371826171875 0.012272453308105469
0 0.336114239692688 0.6608880996704102 0.010640621185302734 0.013827641805013023
0 0.47102065086364747 0.2553829352060954 0.00977640151977539 0.012154006958007812
0 0.6342825651168823 0.5018190701802572 0.00845789909362793 0.011072985331217448
0 0.7466133832931519 0.5388681729634602 0.007165384292602539 0.011384010314941406
0 0.45911192893981934 0.5346473375956218 0.00925741195678711 0.011589749654134113
0 0.6990361928939819 0.2765268961588542 0.009698915481567382 0.01240247090657552
0 0.4841094970703125 0.22707211176554362 0.009369659423828124 0.012693723042805992
0 0.4975442886352539 0.8311895370483399 0.009753704071044922 0.01292889912923177
0 0.5318148612976075 0.805206553141276 0.00885181427001953 0.011639277140299477
0 0.5382436037063599 0.714945920308431 0.009644079208374023 0.012231063842773438
0 0.36248475313186646 0.211272931098938 0.00974414348602295 0.012404775619506836
0 0.5663109540939331 0.7610464096069336 0.008505773544311524 0.010866165161132812
0 0.5079176187515259 0.500842809677124 0.009619188308715821 0.013053417205810547
0 0.530552887916565 0.5272143681844075 0.009285497665405273 0.011106808980305992
0 0.4030696630477905 0.4218453248341878 0.008996725082397461 0.010794734954833985
0 0.566172432899475 0.7345978418986001 0.009243154525756836 0.013134256998697918
0 0.680864199816942 0.5852451007508715 0.006903314590454101 0.008907699584960937
0 0.6793195724487304 0.39086084365844725 0.009735965728759765 0.012572288513183594
0 0.4932934045791626 0.3981622695922852 0.00870528221130371 0.011626815795898438
0 0.45150482654571533 0.16345752080281575 0.007453775405883789 0.01005719502766927
0 0.5278072595596314 0.5627604166666667 0.008853769302368164 0.011692174275716146
0 0.4972212553024292 0.543382994333903 0.007184362411499024 0.010503323872884114
0 0.5661013126373292 0.2881792704264323 0.008717918395996093 0.010832722981770833
0 0.5942282438278199 0.36469952265421557 0.009934759140014649 0.012934939066569012
0 0.4184894323348999 0.7595705350240071 0.008827638626098634 0.012489763895670573
0 0.45891780853271485 0.41581009229024246 0.008102989196777344 0.010754426320393883
0 0.4587129592895508 0.27602842648824055 0.00883626937866211 0.011146004994710286
0 0.4743530750274658 0.8390421867370605 0.009270858764648438 0.009975624084472657
0 0.2721339702606201 0.3314571221669515 0.008507823944091797 0.011144415537516278
0 0.5705943584442138 0.22242844104766846 0.008412551879882813 0.01125321388244629
0 0.43214709758758546 0.48974784215291334 0.008861780166625977 0.012486584981282552
0 0.5370988648087144 0.3327908592108948 0.00875091552734375 0.011782614390055339
0 0.4958574056625366 0.7356421788533528 0.01035466194152832 0.013720957438151042
0 0.6126184701919556 0.31313242912292477 0.00841069221496582 0.01065498987833659
0 0.4284354209899902 0.6929223378499348 0.008407306671142579 0.010469436645507812
0 0.5575660943984986 0.6708568890889487 0.008808279037475586 0.011284573872884113
0 0.6267247170436564 0.3842708284561557 0.007851743698120117 0.009749666849772135
0 0.4545804262161255 0.3594192981719971 0.009334135055541991 0.012554963429768883
0 0.46420607566833494 0.11529538234074911 0.00945873260498047 0.011673823992411297
0 0.5243823528289795 0.2640708367029826 0.008842182159423829 0.012226724624633789
0 0.7193855524063111 0.5731322606404623 0.00882582664489746 0.012340799967447918
0 0.6588287353515625 0.5475454330444336 0.009316062927246094 0.01124445597330729
0 0.6902297963343014 0.3143404904639279 0.0099700927734375 0.013540935516357423
0 0.700337272211587 0.709076267805677 0.008475255966186524 0.0115142822265625
0 0.6877238512039184 0.34100708961486814 0.009251642227172851 0.01211697260538737
0 0.453948974609375 0.4658463954925538 0.008678054809570313 0.011494032541910807
0 0.2949543118476867 0.4400144418080647 0.0091200590133667 0.012495263417561847
0 0.6687842821190599 0.2927424828272558 0.009225082397460938 0.012298234303792318
0 0.7124115228652954 0.43922664324442545 0.00970768928527832 0.012940692901611327
0 0.3793790601958647 0.45660081728025825 0.008845019340515136 0.010497760772705079
0 0.42505977153778074 0.26464070479075114 0.010238313674926757 0.013004446029663086
0 0.23622708876817075 0.46849726277985965 0.009852425664543958 0.011942334138841134
0 0.23831699724246797 0.4589433954687867 0.008061075543717705 0.012738489748097308
0 0.24070546407023616 0.44998664486465584 0.006866842129833657 0.009155789506444877
0 0.2560812192739942 0.513480054702828 0.011345217431899037 0.012738489748097237
0 0.2617538279899437 0.49974637044316067 0.009553867311072963 0.00995194511570098
0 0.4520847783277246 0.44998664486465584 0.005075492009007476 0.008359633897188842
0 0.45626459527631896 0.4555597341294484 0.005672608715949608 0.009155789506444805
0 0.4626835998759461 0.4541664618132504 0.003582700241652361 0.007165400483304651
0 0.4661170209408628 0.4549626174225064 0.004478375302065416 0.005573089264792585
0 0.467311254354747 0.4507828004739119 0.005672608715949537 0.007563478287932739
0 0.4720881880102834 0.4549626174225064 0.004478375302065487 0.005573089264792585
0 0.4756708882519358 0.45058376157159796 0.004478375302065416 0.006369244874048619
0 0.4805971010842077 0.44919048925539984 0.008956750604130903 0.007563478287932739
0 0.34967926308716174 0.3530546994377286 0.010449542371485947 0.011146178529585028
0 0.35818817616108606 0.2877699394787303 0.008956750604130903 0.009553867311072928
0 0.3871483364477757 0.2547294816946032 0.007165400483304651 0.010350022920329032
0 0.3855062655036852 0.2656766213218742 0.006866842129833728 0.010748100724957013
0 0.4080474211907478 0.326184447625336 0.007762517190246712 0.010748100724957013
0 0.3192263110331167 0.20278032819064415 0.009852425664543958 0.00995194511570098
0 0.3469922379059224 0.17790046540139173 0.007463958836775646 0.010350022920328961
0 0.3935673410474028 0.16874467589494688 0.006269725422891667 0.007961556092560756
0 0.39923994976335236 0.17153122052734318 0.008061075543717777 0.008757711701816823
0 0.46253432069921047 0.17471584296436746 0.008658192250659766 0.008757711701816823
0 0.49313655192999095 0.19899858904667778 0.007165400483304722 0.010350022920328996
0 0.6737643557799633 0.18108508783841606 0.007762517190246854 0.011146178529585065
0 0.6857066899188043 0.20019282246056191 0.005971167069420602 0.009553867311072928
0 0.6915285778114896 0.1997947446559339 0.006866842129833514 0.010350022920328996
0 0.5941985545799341 0.27005547717278267 0.009255308957601897 0.007563478287932739
0 0.6121120557881958 0.28458531704170603 0.0068668421298335855 0.008757711701816823
0 0.6212180855690623 0.26388527120104804 0.005374050362478542 0.00796155609256072
0 0.5749415407810529 0.31185364665872667 0.008956750604130903 0.00995194511570091
0 0.5524003850939901 0.3116546077564126 0.005672608715949537 0.00796155609256079
0 0.6337575364148456 0.38271149588251746 0.007165400483304722 0.009155789506444946
0 0.7646753744118915 0.43685007731193065 0.007463958836775646 0.013136567552725253
0 0.5534453393311387 0.44720010023225965 0.0065682837763625206 0.007563478287932739
0 0.6046480969514201 0.48601268618349347 0.006269725422891667 0.012738489748097237
0 0.7276541385814839 0.512683899093572 0.010449542371486018 0.010350022920328996
0 0.7551215071008186 0.5059165764148953 0.005672608715949537 0.009553867311072963
0 0.6018117925934454 0.6014552495256245 0.007165400483304651 0.010350022920328853
0 0.6043495385979492 0.5932946545307497 0.007463958836775788 0.008359633897188771
0 0.608081518016337 0.5813523203919085 0.005971167069420602 0.0083596338971887
0 0.5995726049424127 0.5799590480757104 0.006866842129833728 0.007165400483304651
0 0.5524003850939901 0.6221552953662823 0.008658192250659908 0.011942334138841134
0 0.6456998705536864 0.63688417413752 0.008359633897188842 0.0111461785295851
0 0.6625684175247997 0.6299178125565292 0.006269725422891384 0.008359633897188985
0 0.6633148134084774 0.6354909018213217 0.007762517190246712 0.00756347828793281
0 0.6936184862857868 0.6050379497672769 0.005672608715949679 0.008757711701816788
0 0.6898865068673988 0.5996638994047983 0.005374050362478613 0.00995194511570098
0 0.7401935894272672 0.6446466913277668 0.008061075543717777 0.01632118998974967
0 0.7057100996013633 0.648428430471733 0.007762517190246854 0.014330800966609445
0 0.6588364381064119 0.7360055474899013 0.009553867311073105 0.011942334138841205
0 0.6521188751533138 0.7457584537032883 0.006269725422891667 0.0083596338971887
0 0.6461477080838932 0.7600892546698976 0.00925530895760204 0.009155789506444877
0 0.5477727306151892 0.8377144265723652 0.008359633897188842 0.010748100724956942
0 0.5261272499885397 0.8393067377908774 0.008658192250659837 0.010748100724956942
0 0.5991247674122061 0.8120384081738566 0.008359633897188842 0.011146178529584888
0 0.5968855797611734 0.7851681563614642 0.006866842129833728 0.009155789506444877
0 0.6147990809694351 0.7845710396545222 0.008061075543717705 0.010350022920328853
0 0.399389228940088 0.7005766228780059 0.005971167069420531 0.007165400483304722
0 0.5049296068920965 0.5276118167671234 0.006269725422891667 0.010748100724957013
0 0.5013469066504442 0.5290050890833214 0.006866842129833657 0.009553867311072963
0 0.4937336686369331 0.41296540903424833 0.007165400483304651 0.011544256334213117
