0 0.5306591749191284 0.676934305826823 0.009574651718139648 0.01190948486328125
0 0.5726742267608642 0.2693159500757853 0.009014701843261719 0.011866871515909832
0 0.6423434257507324 0.2205927769343058 0.008642959594726562 0.011618725458780925
0 0.551367998123169 0.3929260571797688 0.009609222412109375 0.013457298278808594
0 0.32877929210662843 0.46603921254475916 0.008892488479614259 0.011955451965332032
0 0.31312941312789916 0.6786946296691895 0.01007249355316162 0.011987241109212239
0 0.4389317035675049 0.34502245585123703 0.008618545532226563 0.011960474650065105
0 0.7113830327987671 0.2673008759816487 0.009250116348266602 0.012221686045328776
0 0.25460835695266726 0.4830498695373535 0.007142186164855957 0.011059506734212238
0 0.34838114976882933 0.2353074312210083 0.01021716594696045 0.012570047378540039
0 0.33592724800109863 0.3662309487660726 0.008429574966430663 0.011408011118570961
0 0.7439082622528076 0.5522237777709961 0.009439849853515625 0.0114898681640625
0 0.5147129297256469 0.2346116065979004 0.007695055007934571 0.011009597778320312
0 0.35653855800628664 0.4550860246022543 0.009034347534179688 0.011524359385172524
0 0.3309891939163208 0.6171356201171875 0.00884389877319336 0.011990102132161458
0 0.27519451379776 0.45741732915242517 0.008349013328552247 0.01103350321451823
0 0.43076012134552 0.21972476641337077 0.008289861679077148 0.010670789082845052
0 0.5425522804260254 0.18692049185434978 0.00926971435546875 0.01155543327331543
0 0.41047646999359133 0.30693190892537436 0.008066320419311523 0.01130816141764323
0 0.7201018095016479 0.5184073607126871 0.008373689651489259 0.011289819081624347
0 0.4659430980682373 0.25671718120574955 0.007275676727294922 0.009519275029500325
0 0.3939934015274048 0.7177928606669107 0.007909631729125977 0.0102322260538737
0 0.46528143882751466 0.8125811576843261 0.007705116271972656 0.009354591369628906
0 0.7122387170791626 0.30415576299031577 0.00998234748840332 0.0125033696492513
0 0.5025629997253418 0.5146482308705648 0.008123207092285156 0.011786937713623047
0 0.41481471061706543 0.6649827321370442 0.008736801147460938 0.011585235595703125
0 0.6516770124435425 0.5140206019083658 0.00828413963317871 0.011766624450683594
0 0.6606924295425415 0.48427184422810876 0.007933568954467774 0.01060015360514323
0 0.48402187824249265 0.27560655275980633 0.00788426399230957 0.010452810923258464
0 0.5535218000411988 0.7047230084737142 0.009121084213256836 0.011203702290852864
0 0.3561185121536255 0.5470803260803222 0.00842752456665039 0.011311658223470052
0 0.37253336906433104 0.7692948023478189 0.00724339485168457 0.009712473551432291
0 0.529042673110962 0.2904047171274821 0.009065914154052734 0.012082894643147789
0 0.42519230842590333 0.42105299631754556 0.009814739227294922 0.013280995686848958
0 0.33880014419555665 0.31077752113342283 0.007648181915283203 0.009505748748779297
0 0.3603269313354711 0.6813190528962092 0.00786745548248291 0.010508028666178386
0 0.753882360458374 0.43929430643717454 0.009252166748046875 0.013238779703776042
0 0.4985418558120728 0.19855503241221112 0.009064245223999023 0.012254603703816732
0 0.4796863794326782 0.7761349042256672 0.00816807746887207 0.010583559672037758
0 0.3229187846183777 0.5184902509053548 0.009068655967712402 0.011439196268717448
0 0.6371513605117797 0.5873786926269531 0.009142255783081055 0.012361907958984375
0 0.4857164859771729 0.3984609444936116 0.008619976043701173 0.010985024770100911
0 0.6046656608581542 0.42258545557657873 0.008864784240722656 0.01201337178548177
0 0.6213395833969116 0.13577526807785034 0.010038614273071289 0.01363222599029541
0 0.7181577205657959 0.41412107149759925 0.009932327270507812 0.012821801503499349
0 0.575721549987793 0.3945784409840901 0.007866191864013671 0.010642337799072265
0 0.6511817455291748 0.374631945292155 0.008349227905273437 0.011217943827311198
0 0.5001459297679434 0.7347055774080746 0.006879091262817383 0.00954278310139974
0 0.42548332214355467 0.2014774958292643 0.010254192352294921 0.012568823496500651
0 0.2525914072990417 0.4612423896789551 0.008546757698059081 0.011093521118164062
0 0.3677720665931702 0.38215438524881995 0.0077605009078979496 0.010926405588785805
0 0.4173924684524536 0.4955810705820719 0.009535455703735351 0.011390018463134765
0 0.4398492813110352 0.6288037618001303 0.009832000732421875 0.011853663126627605
0 0.33498607873916625 0.7087537765502929 0.008956837654113769 0.011638514200846354
0 0.4857588052749634 0.5755661964416504 0.008614110946655273 0.011971092224121094
0 0.4340755224227905 0.6603432337443035 0.008313798904418945 0.011358006795247394
0 0.6054183583053726 0.2993350362091524 0.007946014404296875 0.010443496704101562
0 0.5252333572135587 0.8397190887661129 0.007381820678710937 0.009490585327148438
0 0.7365810155868531 0.651857821146647 0.00808577537536621 0.010354105631510417
0 0.6971420049667358 0.6376418749491374 0.007983160018920899 0.011248842875162762
0 0.42017569541931155 0.3387746651967366 0.008616256713867187 0.01243594487508138
0 0.2640879844775487 0.47676355528561615 0.008705070645396945 0.013120686190163582
0 0.34262286095232575 0.4921551294702311 0.0068126639833541 0.009588193754350272
0 0.34337982361714287 0.4828192566041531 0.0068126639833541 0.01009283553089496
0 0.3496247656018842 0.48685639081651116 0.006434182650945601 0.007064984871626478
0 0.35303109759356116 0.49089352502886924 0.0049202573213113256 0.007064984871626549
0 0.35397730092458274 0.39097445327300834 0.007569626648171308 0.01009283553089496
0 0.4292950860738869 0.37633984175321045 0.007569626648171379 0.01009283553089503
0 0.28793230841928824 0.3506031111494281 0.007191145315762704 0.01009283553089503
0 0.26825127913404295 0.3447997307191635 0.0071911453157626325 0.01059747730743986
0 0.39825961681638467 0.337734745847537 0.008326589312988375 0.012616044413618752
0 0.5188059211885124 0.3765921626414828 0.007948107980579877 0.01362532796670834
0 0.5197521245195338 0.5312648671524494 0.007569626648171308 0.009083551977805655
0 0.3882298615075577 0.47247410018498576 0.009462033310214082 0.008578910201260897
0 0.47925462195181745 0.6130168349526991 0.0075696266481712375 0.012111402637073993
0 0.5174812365250823 0.6014100740921698 0.007569626648171166 0.011102119083984547
0 0.254247469834926 0.615540043835423 0.009462033310214047 0.009083551977805512
0 0.39839642429702693 0.32350442832049936 0.0056909165774943204 0.006420521266916665
0 0.3975208986697201 0.326811969579214 0.007150125956339011 0.007587888769992474
0 0.3951861636635687 0.32943854646113446 0.008901177210952724 0.009728062525631315
0 0.41400996465066525 0.26902727817696404 0.005399074701725368 0.00914437877409341
0 0.4174391066909503 0.2507385206287771 0.004961311888071976 0.0068096437679419
0 0.3791220527896468 0.18966744749659864 0.007561357690377122 0.009728062525631315
0 0.3699688303223482 0.18630684407865328 0.006765425301916324 0.00725182842819791
0 0.3736831814684984 0.18674902873890925 0.005173560524994798 0.006721206835890712
0 0.5891944648604037 0.28320378979104865 0.006462696065988709 0.007582896717426806
0 0.6380524471192787 0.3057801413815693 0.004911649010151393 0.007238219593907367
0 0.6425763343654707 0.32060125769290343 0.006204188223349263 0.008616928087984982
0 0.6359843843781622 0.31680980933419 0.006979711751267743 0.00861692808798491
0 0.6804147374508088 0.2519079668973022 0.006420521266916665 0.00941676452481108
0 0.6875575673602536 0.25415514934072303 0.006260008235243788 0.010058816651502838
0 0.6847485893059775 0.25886353160312864 0.00609949520357091 0.00920274714924723
0 0.6832237155050849 0.26592610499673697 0.006902060361935583 0.008346677646991658
0 0.6918914192154224 0.2614317401098953 0.0056179561085521355 0.008346677646991622
0 0.6987934795773577 0.25747241866196335 0.006260008235243788 0.01027283402706665
0 0.5817429061489136 0.419763656640199 0.004700142593446373 0.007206885309951048
0 0.5865605523071961 0.42916394182709167 0.005875178241807859 0.008460256668203386
0 0.598428412355648 0.47224858226701655 0.0051701568527909815 0.008146913828640336
0 0.5953733196699079 0.47976881041653074 0.0065801996308248786 0.007520228149514168
0 0.717577027099513 0.47256192510657963 0.006580199630825092 0.010653656545145083
0 0.7414302507612532 0.5136098370893445 0.00681520676049729 0.009400285186892603
0 0.7765638166472647 0.5023294948650733 0.006110185371480412 0.007520228149514239
0 0.7713936597944737 0.5053062518409226 0.006580199630825092 0.010340313705581963
0 0.767163531460372 0.48368559591106947 0.005640171112135732 0.008460256668203386
0 0.7630509066911065 0.48337225307150633 0.004935149723118712 0.007833570989077145
0 0.6932537891784282 0.55168099209626 0.008225249538531187 0.01096699938470806
0 0.6963088818641683 0.5612379487029341 0.009165278057220404 0.008773599507766506
0 0.7223946732577957 0.599152432290068 0.006815206760497148 0.013787084940775997
0 0.6106487830986086 0.5284936219685913 0.008930270927548065 0.008460256668203457
0 0.6171114791645974 0.5248901793136157 0.0072852210198418275 0.010026970866019056
0 0.695251349780643 0.6857917274292623 0.011750356483615861 0.008460256668203386
0 0.5460218224387213 0.6633877144005014 0.009400285186892746 0.008773599507766648
0 0.4909126505305628 0.7476769382429725 0.007755235279186507 0.010653656545145083
0 0.4960828073833538 0.8028252780060764 0.008695263797875726 0.0131603992616499
0 0.4329833930663365 0.8162990201072893 0.007520228149514097 0.010653656545145083
0 0.4258156756113308 0.8162990201072893 0.007285221019841899 0.010026970866018843
0 0.4038425089869692 0.6627610287213753 0.007050213890169488 0.009400285186892746
0 0.48151236534367015 0.6223398024177367 0.006815206760497219 0.008146913828640407
0 0.5570712853394785 0.41745445714408674 0.011449060305359068 0.012212330992383044
