0 0.3769010119967991 0.46655088354040075 0.011409632364908854 0.015566875316478587
0 0.5610530005560981 0.4115194532606336 0.010680135091145833 0.014091774269386575
0 0.4062368816799588 0.8499632941351998 0.01009966532389323 0.014065608271846063
0 0.5818562825520833 0.694302311650029 0.011036003960503473 0.015706380208333332
0 0.476701009756307 0.8333698121296966 0.009004114374802632 0.010952968207866282
0 0.4669020546807183 0.5570601286711516 0.011178037855360243 0.014521054868344907
0 0.5638614018758138 0.4696000417073568 0.01163156297471788 0.014823150634765626
0 0.7394638061523439 0.6529478002477576 0.010510762532552086 0.013971681948061343
0 0.3992130703396268 0.7042176140679253 0.011381615532769097 0.016066996256510417
0 0.541777335272895 0.2622446978533709 0.009081946478949653 0.011654776114004627
0 0.4560265647040474 0.37415863319679543 0.01031083001030816 0.013887278238932292
0 0.5984433068169488 0.534417470296224 0.010609096950954862 0.013040330674913194
0 0.5504470563211693 0.24334068016649302 0.00909071316438071 0.010070379006644446
0 0.5446170684305772 0.4025675075420402 0.008656820199366635 0.00875195009166724
0 0.5546207982930182 0.24808061227910044 0.006261226930523591 0.011498605432156523
0 0.6299230954283838 0.5051956965599145 0.0086100162923546 0.012155317118618357
0 0.6747439189116125 0.7227122562612222 0.008999287811649168 0.010603811995121646
0 0.7474184001347564 0.7455244044349375 0.007848216114810356 0.012138574257573396
0 0.47844195030579045 0.8256893744986914 0.007537099588064251 0.009356399488631411
