0 0.6042963451809353 0.8592839841489439 0.01023301018608941 0.013919802065248843
0 0.5862295786539714 0.5048995689109519 0.007426537407769097 0.009747144911024306
0 0.3272339291042752 0.5033443027072483 0.008489820692274306 0.011053975423177083
0 0.3559056705898709 0.27921042265715423 0.008111466301812066 0.011792642098885996
0 0.4379585478040907 0.2951112252694589 0.008657879299587674 0.011220635308159723
0 0.6594256295098198 0.7517436274775753 0.00872942606608073 0.011302241572627315
0 0.4285359276665581 0.3866861979166667 0.008190578884548612 0.011314109519675925
0 0.3714212629530164 0.5162411159939236 0.008981831868489583 0.011263133861400463
0 0.3496580335828993 0.6775235493977864 0.007791603936089409 0.010455039695457176
0 0.5541383743286132 0.7309418289749711 0.008423741658528645 0.01180126048900463
0 0.46732917361789283 0.23231757835105615 0.008284038967556424 0.011689419216579861
0 0.36546077728271487 0.8647916440610532 0.007932747734917535 0.009747540509259259
0 0.3751197391086154 0.3718259599473741 0.008090549045138888 0.010595448811848958
0 0.6571413464016385 0.6089180557816117 0.008263185289171008 0.010778639051649306
0 0.5570304870605468 0.8188383879484954 0.009061940511067708 0.0116851806640625
0 0.3756190405951606 0.6041774608470775 0.006625281439887153 0.008991834852430556
0 0.31967140833536783 0.7913235699688947 0.007943746778700087 0.010508219401041664
0 0.6933323754204643 0.38863276728877316 0.008817884657118056 0.011296872739438657
0 0.6127311918470594 0.23297603042037401 0.00845959981282552 0.01027678030508536
0 0.42942102220323347 0.45500849971064816 0.007496473524305556 0.009972296820746528
0 0.3815270317925347 0.5383558767813224 0.007761128743489584 0.011117836281105324
0 0.5851044548882378 0.28120483115867334 0.007593536376953125 0.010431840684678818
0 0.37301250033908423 0.8405678643120659 0.006843058268229166 0.008640995732060185
0 0.5620263205634223 0.4227337589970342 0.007990392049153645 0.010362300166377314
0 0.626976055569119 0.5716041564941405 0.007744259304470485 0.01118327953197338
0 0.28171271218193905 0.5139674151385272 0.008369763692220053 0.01169597484447338
0 0.5724518669976129 0.5166315997088397 0.007983737521701388 0.010332291214554399
0 0.5302669949001736 0.601187727186415 0.008143361409505208 0.010798531991464123
0 0.6328865051269531 0.534372146041305 0.008289591471354166 0.01106109619140625
0 0.7240942213270399 0.4111586394133391 0.008305019802517362 0.010532237865306713
0 0.45931320190429686 0.8728226838288484 0.0073315938313802086 0.010261818214699075
0 0.24292651282416447 0.45515289306640627 0.007684665256076389 0.009503004286024306
0 0.6881882349650066 0.4783421551739728 0.006252839830186632 0.009049309624565972
0 0.41756000518798836 0.3429635083233869 0.00921770731608073 0.012528793900101275
0 0.6807113647460937 0.44519842642324947 0.007862514919704862 0.010594968442563657
0 0.514296637641059 0.7849902682834202 0.008603413899739584 0.011882640697337963
0 0.5655647913614908 0.23289262277108647 0.009417936537000867 0.011522165934244792
0 0.35242863761054144 0.45777651468912767 0.009501160515679254 0.011639432553891781
0 0.3024692429436578 0.6127130296495226 0.007456609937879774 0.011026396574797452
0 0.4402396519978841 0.34994265238444006 0.007318581475151909 0.010921930383752894
0 0.2604162694590538 0.44985324162343915 0.009179504991655598 0.009325211420094561
0 0.2776824812290726 0.4358654244932972 0.007868147135704788 0.01282216570263003
0 0.3039096383480886 0.4390709659189547 0.006119669994437054 0.008742385706338639
0 0.3498071633063665 0.3892393673928244 0.009616624276972558 0.010490862847606338
0 0.320957290475449 0.5850688072148104 0.006119669994437089 0.010490862847606409
0 0.3515556404476344 0.5626300172352079 0.006119669994437018 0.011073688561362403
0 0.35177420009029275 0.5920627157798813 0.007431027850387934 0.00699390856507101
0 0.3508999615196589 0.6145015057594839 0.007431027850387863 0.009908037133850484
0 0.4691407281978893 0.6223696528951886 0.00874238570633878 0.011656514275118254
0 0.45602714963838126 0.6153757443301179 0.009616624276972558 0.011656514275118254
0 0.4617097003475014 0.601096514343098 0.006119669994437018 0.007576734278826933
0 0.46476953534471993 0.6037192300549996 0.006119669994437089 0.00699390856507101
0 0.46695513177130465 0.5958510829192947 0.00524543142380324 0.007576734278826791
0 0.4608354617768676 0.5926455414936372 0.006119669994437089 0.008159559992582785
0 0.516786730297435 0.6043020557687554 0.008742385706338708 0.01049086284760648
0 0.48815541710917587 0.5888571743542238 0.006556789279753943 0.008742385706338568
0 0.5001761974553915 0.5766178343653496 0.006119669994436947 0.012239339988874179
0 0.46870360891257234 0.5104671158540538 0.00699390856507101 0.010490862847606409
0 0.45974266356357524 0.45917845304353366 0.006556789279754014 0.01282216570263003
0 0.3731930450708225 0.5425225301106289 0.006556789279754085 0.009325211420094704
0 0.4158121753892234 0.4568471501885101 0.006993908565071008 0.008159559992582714
0 0.42674015752214683 0.45597291161787623 0.006119669994437018 0.01107368856136226
0 0.41559361574656506 0.34902439314366646 0.007431027850387934 0.009325211420094561
0 0.33450798832027395 0.3586410174206391 0.006993908565070939 0.01107368856136226
0 0.29123317907389756 0.32687701602094194 0.009616624276972595 0.009325211420094561
0 0.33210383225103074 0.30181551032943776 0.010927982132923333 0.009325211420094561
0 0.38062407292121037 0.27558835321042174 0.007431027850387863 0.01165651427511822
0 0.4590869846355999 0.3606809074187848 0.007868147135704788 0.008159559992582785
0 0.559842979901153 0.43003716735573816 0.0056825507091203065 0.009325211420094561
0 0.5786391091697811 0.2878276931992959 0.007431027850387863 0.009325211420094596
0 0.5742679163166118 0.28403932605988247 0.004808312138486244 0.008742385706338708
0 0.56880392525015 0.26713738036096113 0.009616624276972487 0.006411082851315015
0 0.5867258159481444 0.2656803160765713 0.007868147135704788 0.006993908565070939
0 0.5878186141614367 0.25810358179774445 0.005682550709120164 0.009325211420094525
0 0.6393986898288346 0.41721500165310815 0.006556789279753943 0.017484771412677347
0 0.7169873629725905 0.35193852171244616 0.00874238570633878 0.010490862847606409
0 0.6752424712248234 0.43178564449700585 0.007431027850387863 0.010490862847606409
0 0.624973753413376 0.3737944859782928 0.008305266421021713 0.009908037133850484
0 0.6975355547759869 0.47287485731679757 0.008305266421021855 0.009908037133850484
0 0.6938200408507927 0.4950222344395222 0.008742385706338639 0.008742385706338708
0 0.7311937397453907 0.549225025818822 0.008305266421021713 0.01107368856136226
0 0.7506455479419942 0.5830289172166647 0.013113578559508027 0.012239339988874108
0 0.7576394565070652 0.5707895772277906 0.00786814713570493 0.01107368856136226
0 0.7729386314931577 0.5384427501143376 0.006993908565070939 0.010490862847606409
0 0.7716272736372071 0.5331973186905343 0.006993908565070939 0.008159559992582785
0 0.7714087139945485 0.5154211344209789 0.007431027850387863 0.011073688561362332
0 0.7928275589750783 0.5209579787016603 0.009179504991655563 0.011656514275118254
0 0.7836480539834227 0.6418943143060117 0.006556789279754014 0.011073688561362474
0 0.7161131244019565 0.5780748986497395 0.011365101418240329 0.015153468557653512
0 0.6603804155240476 0.5853602200716884 0.00830526642102157 0.008742385706338568
0 0.6953499583494022 0.6244095428933345 0.006556789279754014 0.008742385706338568
0 0.6887931690696482 0.6264494328914801 0.007431027850387863 0.015153468557653794
0 0.6922901233521835 0.6351918185978188 0.009179504991655705 0.009325211420094561
0 0.6789579851500172 0.6456826814454252 0.01049086284760648 0.010490862847606338
0 0.6857333340724295 0.6675386457112716 0.010927982132923404 0.011073688561362332
0 0.6317491023357884 0.6681214714250276 0.008742385706338708 0.009908037133850484
0 0.5806061459537072 0.6241181300364564 0.006993908565070868 0.010490862847606409
0 0.5994022752223352 0.5433967686812627 0.00786814713570486 0.01107368856136226
0 0.6278150287679359 0.49298234444137656 0.01049086284760648 0.011656514275118183
0 0.5382055752779646 0.7115419870998432 0.008742385706338568 0.010490862847606338
0 0.5384241349206232 0.7036738399641382 0.007431027850387863 0.011073688561362332
0 0.5222507213638967 0.6888117842633626 0.006556789279754014 0.01049086284760648
0 0.5060773078071701 0.6864804814083388 0.007431027850387863 0.008159559992582643
0 0.49820916067146526 0.6841491785533153 0.007431027850387792 0.00932521142009449
0 0.4899038942504436 0.6975541699697012 0.008305266421021713 0.009325211420094633
0 0.48749973818120046 0.7124162256704772 0.007868147135704788 0.008742385706338639
0 0.5314302263555521 0.6899774356908744 0.006556789279754156 0.009325211420094633
0 0.5969981191530923 0.5512649158169677 0.008305266421021855 0.011656514275118254
0 0.6916344444242083 0.7435974013564183 0.008742385706338639 0.010490862847606338
0 0.7032181054851069 0.7514655484921229 0.010053743562289554 0.014570642843897872
0 0.7161131244019566 0.7943032384531824 0.009616624276972487 0.012822165702629888
0 0.6964427565626946 0.7966345413082061 0.00874238570633878 0.011656514275118325
0 0.6820178201472357 0.8018799727320092 0.007868147135704788 0.01049086284760648
0 0.6881374901416728 0.8161592027190291 0.006993908565070939 0.007576734278826791
0 0.6918530040668667 0.8030456241595211 0.006556789279754014 0.008159559992582785
0 0.686826132285722 0.8015885598751313 0.00437119285316939 0.01107368856136219
0 0.6992840319172546 0.8181990927171747 0.0065567892797538715 0.006993908565070939
0 0.7014696283438391 0.8202389827153205 0.006556789279754156 0.007576734278826791
0 0.6944757197787683 0.8120794227227377 0.006556789279754014 0.006411082851315086
0 0.6564463419561952 0.8074168170126904 0.0056825507091203065 0.008742385706338639
0 0.6501081123190997 0.8074168170126904 0.007868147135704788 0.009908037133850484
0 0.6520751491030259 0.7969259541650842 0.008305266421021855 0.009908037133850484
0 0.6291263866238869 0.7097935099585755 0.006993908565070868 0.010490862847606338
0 0.6256294323413514 0.70483949139165 0.0061196699944371605 0.009908037133850484
0 0.5552532274053251 0.7660361913360209 0.00699390856507101 0.009908037133850627
0 0.5489149977682296 0.7485514199233434 0.008305266421021713 0.00874238570633878
0 0.5500077959815219 0.7537968513471466 0.013987817130141807 0.007576734278826933
0 0.4988648395994407 0.8077082298695683 0.00786814713570486 0.010490862847606338
0 0.49383796781829603 0.7960517155944501 0.007431027850387792 0.011656514275118325
0 0.49099669246373595 0.8181990927171747 0.008742385706338639 0.009325211420094633
0 0.4936194081756375 0.8228616984272221 0.007868147135704717 0.008159559992582643
0 0.49252660996234526 0.829855606992293 0.007431027850387792 0.009325211420094633
0 0.47220056319510784 0.8283985427079031 0.008742385706338639 0.009908037133850484
0 0.47853879283220335 0.8225702855703441 0.005682550709120164 0.008742385706338639
0 0.484002783898665 0.8181990927171747 0.006993908565070868 0.009325211420094633
0 0.4781016735468864 0.8097481198677141 0.008305266421021713 0.009908037133850627
0 0.4529673146411628 0.7963431284513282 0.006119669994437018 0.011073688561362474
0 0.45406011285445513 0.7884749813156233 0.008305266421021713 0.01049086284760648
0 0.4127523403920049 0.8187819184309306 0.008742385706338639 0.012822165702629888
0 0.4241174418102452 0.7739043384717256 0.00786814713570486 0.00932521142009449
0 0.40728834932554325 0.7185358956649139 0.010053743562289412 0.01282216570263003
0 0.4219318453836605 0.6681214714250276 0.0061196699944371605 0.012239339988874179
0 0.5279332720730168 0.9120340326318765 0.01005374356228934 0.010490862847606338
0 0.5338343824247954 0.8834755726578368 0.007868147135704717 0.011656514275118183
0 0.4885925363944928 0.9140739226300221 0.007431027850387792 0.00874238570633878
0 0.4820357471147388 0.9137825097731442 0.006556789279754085 0.009325211420094633
0 0.48050582961612953 0.907954252635585 0.006993908565070939 0.008159559992582785
0 0.41297090003466336 0.8677392783864272 0.010053743562289412 0.01282216570263003
0 0.39155205505413365 0.8164506155759069 0.010053743562289412 0.013987817130141878
0 0.34128333724268634 0.699302647110969 0.008305266421021713 0.00932521142009449
0 0.5688039252501501 0.78322954989182 0.006993908565070868 0.008159559992582785
0 0.582791742380292 0.7616649984828514 0.007868147135704788 0.00932521142009449
0 0.5052030692365364 0.699302647110969 0.009179504991655705 0.01049086284760648
0 0.5104485006603395 0.6815264628414135 0.006556789279754014 0.009908037133850484
0 0.2691586551653924 0.6981369956834571 0.010927982132923333 0.011656514275118183
