0 0.29866062800089516 0.6637614497432002 0.008914629618326822 0.013479953342013889
0 0.5997896194458008 0.5033097443757234 0.00891677008734809 0.012251677336516205
0 0.43812124464246965 0.712400394015842 0.007919396294487848 0.010457187228732638
0 0.4142448849148221 0.8532714561179833 0.010931057400173612 0.013463168674045138
0 0.43194823794894754 0.7038646839283131 0.007900026109483507 0.010593159993489582
0 0.2818773587544759 0.6437074449327258 0.00764670901828342 0.00989391185619213
0 0.42336184183756514 0.7194745946813512 0.008614010281032987 0.012170014558015045
0 0.6995161268446181 0.6317017449273004 0.00881008572048611 0.012058794939959492
0 0.41555302937825517 0.19343744913736977 0.009527503119574652 0.012343032271773725
0 0.5524433771769206 0.541261461046007 0.00809771219889323 0.01102532280815972
0 0.5113225724962023 0.6452349344889323 0.00873319837782118 0.011966564037181713
0 0.291896841261122 0.28700307210286463 0.008010482788085938 0.011204641836660877
0 0.6185689714219834 0.66305502432364 0.009673224555121528 0.012193806966145833
0 0.5589389165242513 0.3234710410789207 0.008605745103624132 0.012155546965422452
0 0.7145759794447157 0.3070396564624927 0.008877182006835937 0.01080426816587095
0 0.6098002327813042 0.46609560648600257 0.008465364244249133 0.009947967529296876
0 0.5132383982340495 0.6769220422815394 0.007901170518663195 0.011105007595486112
0 0.4701542748345269 0.589068094889323 0.007792154947916668 0.010807178638599537
0 0.6923074722290039 0.6551248903627749 0.008076434665256076 0.011296985767505787
0 0.5325870301988389 0.6640977082429109 0.008335071139865452 0.010018581814236111
0 0.4457408693101671 0.656651023582176 0.009114710489908855 0.012487453884548612
0 0.48451959821912977 0.6302453217683015 0.008328458997938368 0.011492863407841437
0 0.5888851801554362 0.630357982494213 0.008097881740993924 0.010369533962673611
0 0.5624329037136502 0.8646597685637297 0.007853783501519097 0.011182262279369214
0 0.3363708708021376 0.6092947783293547 0.007424248589409722 0.010807574236834492
0 0.612603759765625 0.7620184439199942 0.008663601345486112 0.010815655743634259
0 0.6696135626898871 0.5833665635850696 0.008387247721354166 0.010685334382233796
0 0.7713959164089627 0.5951911643699365 0.009004635281032985 0.011371866861979168
0 0.5215082168579102 0.7789830808286314 0.00731213887532552 0.010358852810329862
0 0.4345096800062392 0.6341270729347511 0.008788511488172742 0.011037868923611112
0 0.3739149305555556 0.5299009817617911 0.007106781005859375 0.00973663330078125
0 0.34578116734822595 0.754001193576389 0.007931751675075954 0.009697921187789352
0 0.46908179389105903 0.2931369640209056 0.006972673204210069 0.010573097511574075
0 0.40183376736111115 0.8183303267867477 0.008293406168619791 0.010990849247685185
0 0.6105891121758356 0.2733792057743779 0.009913253784179687 0.01355602123119213
0 0.4547955195109049 0.8742036890100549 0.009879430135091146 0.013006535282841436
0 0.36360166337754996 0.7203205815067999 0.008356942070855035 0.011378987630208332
0 0.5587570402357314 0.2313729180230035 0.00801285637749566 0.011034167254412615
0 0.40339775085449214 0.40443572998046884 0.007179175482855903 0.008869312427662037
0 0.2709589852227105 0.6345205236364294 0.00819502936469184 0.012189737955729167
0 0.7076600604587132 0.6193210743091725 0.007988527086046008 0.011330611617476852
0 0.48517261081271706 0.30613769248679834 0.007313622368706597 0.009630358660662615
0 0.5585483762953016 0.421538261131004 0.006394407484266494 0.008719550238715278
0 0.3592184702555339 0.3203952365451389 0.008367750379774306 0.011333493833188657
0 0.6089781019422743 0.8043581644694011 0.007982635498046875 0.011720049822771993
0 0.34954713185628256 0.21835349754050928 0.007665846082899306 0.012596780282479745
0 0.5048700756496853 0.663907962375217 0.00773268805609809 0.00952606201171875
0 0.35533141030205617 0.7009803771972656 0.006403456793891059 0.009070106788917825
0 0.3310729768541124 0.5826119034378617 0.008575863308376737 0.012222120496961806
0 0.5367170484047505 0.7456457481732263 0.009107801649305556 0.011518294722945601
0 0.48805419074164497 0.8082143147786458 0.009889984130859375 0.013628924334490741
0 0.7749991099039713 0.427820728443287 0.007718997531467014 0.011415439181857638
0 0.6984013239542642 0.4282585285328052 0.007763629489474826 0.011172457094545719
0 0.763031260172526 0.36059597156665946 0.008539835611979166 0.011616826940465856
0 0.44515550401475695 0.7973310399938512 0.009485032823350694 0.012707349989149306
0 0.531791771782769 0.4213532624421297 0.008217366536458333 0.012874857584635418
0 0.2802344004313151 0.5970964784975406 0.007720565795898438 0.010955245406539351
0 0.2335906770494249 0.4944547017415364 0.008404413859049479 0.011478282787181713
0 0.3636192321777344 0.7018909878200955 0.007170698377821181 0.009818352593315972
0 0.3609561072455512 0.6107360274703414 0.008160061306423612 0.01077858253761574
0 0.7338157653808594 0.5500395033094618 0.009250217013888888 0.013016312210648149
0 0.5433983696831598 0.730490055790654 0.00761566162109375 0.01210055881076389
0 0.562153328789605 0.6001301518192997 0.007619222005208332 0.012256198459201388
0 0.30704651938544375 0.31121749877929683 0.008828629387749566 0.010439554850260414
0 0.5916123284233941 0.46026002389413345 0.009262339274088541 0.010678524441189236
0 0.6428490744696724 0.6369178489402488 0.008623462253146702 0.012056703920717593
0 0.7460822211371527 0.5730191266095196 0.009764777289496528 0.01288746021412037
0 0.6806404961480035 0.49909436261212387 0.009076436360677084 0.012424610279224537
0 0.748767344156901 0.6173197710955585 0.008968607584635416 0.01139916314019097
0 0.42849115896737183 0.38679776847710046 0.007661777072482639 0.010666289152922453
0 0.39042555491129555 0.6113863061975551 0.008454683091905382 0.012812579119646991
0 0.5159173329671224 0.21875651324236833 0.00788726806640625 0.011373957881221065
0 0.43894244186478 0.5327605706509564 0.00853152804904514 0.010728285047743057
0 0.48802288903130425 0.8088308828848381 0.008071348402235242 0.011324621129918982
0 0.3443115234375 0.4902283845124421 0.008687210083007813 0.011217357494212963
0 0.39255975087483724 0.7505291974103008 0.007054519653320312 0.009293167679398149
0 0.5522158304850261 0.3556931530987775 0.006502702501085069 0.009003674542462384
0 0.6729207383916104 0.744610574625524 0.008909988403320312 0.012660782425491896
0 0.29441438251071506 0.4922796178747106 0.007920265197753906 0.01160346137152778
0 0.47989267602337227 0.28046121222690157 0.007402631971571182 0.011192039207175925
0 0.6373546388414171 0.8318835223162615 0.008530383639865451 0.01153598361545139
0 0.3833387798733181 0.6383957756890191 0.007447009616427951 0.009696282280815972
0 0.70383726755778 0.493458585385923 0.01008805168999566 0.012402739348234954
0 0.6375203874376085 0.6935996726707175 0.0082550048828125 0.010622829861111112
0 0.3136001703955051 0.6598615400925716 0.008061075543717777 0.011146178529585028
0 0.32181052511595837 0.6570749954601754 0.008359633897188771 0.011942334138841205
0 0.2998664861358378 0.6343845605963773 0.008658192250659837 0.012738489748097095
0 0.25657552488253854 0.5965671691567137 0.008061075543717777 0.013534645357353341
0 0.395703717600038 0.5750709677067996 0.008658192250659837 0.011942334138841063
0 0.4988556287242784 0.5838286794086165 0.007762517190246783 0.012738489748097237
0 0.406750376678466 0.6944943090952109 0.008658192250659837 0.01353464535735327
0 0.3989878594882193 0.6841442861748821 0.009255308957601897 0.011942334138841205
0 0.3118088202746788 0.6789692747147175 0.009255308957601897 0.013534645357353412
0 0.3300208798364116 0.7026549040900858 0.006866842129833657 0.011544256334212974
0 0.3337528592547995 0.7124078103034728 0.007762517190246712 0.009553867311073105
0 0.4143636146919772 0.5589488166193641 0.005374050362478542 0.011544256334213188
0 0.4180955941103655 0.5603420889355626 0.005672608715949361 0.011146178529585106
0 0.4624315096008128 0.5340689538301117 0.006568283776362662 0.011942334138841134
0 0.469746189260853 0.5330737593185415 0.008061075543717705 0.015525034380493494
0 0.4618343928938708 0.5458122490666387 0.008359633897188842 0.010748100724957013
0 0.3215119667624873 0.5302872146861454 0.007762517190246783 0.01074810072495687
0 0.354502664821036 0.5356612650486238 0.006269725422891597 0.009553867311072892
0 0.30329990720075456 0.4892852008094573 0.009553867311072857 0.010748100724957013
0 0.44839926698767457 0.4433072143749189 0.008359633897188771 0.011146178529585028
0 0.40421263067396224 0.44171490315640677 0.007762517190246712 0.012738489748097237
0 0.4000328137253679 0.4423120198633488 0.005971167069420531 0.008359633897188913
0 0.38988182970735297 0.4456956812026872 0.008359633897188913 0.009553867311072963
0 0.38047724157301543 0.43395238596616004 0.007463958836775717 0.013136567552725324
0 0.364952207192522 0.4448995255934311 0.008061075543717777 0.010350022920328925
0 0.35360698976062294 0.4452976033980592 0.007463958836775717 0.011146178529585028
0 0.2476187742784077 0.3957369167218684 0.007463958836775717 0.01234041194346922
0 0.32867736724579205 0.3756339875881525 0.0077625171902466405 0.011146178529585028
0 0.391076063121237 0.3599099143053449 0.010150984018014952 0.015525034380493423
0 0.4033169556135492 0.3881734384339356 0.006568283776362662 0.011544256334213188
0 0.40839244762255666 0.38140611575525896 0.0083596338971887 0.010748100724957013
0 0.41212442704094443 0.3742407152719543 0.006269725422891597 0.0083596338971887
0 0.4243653195332567 0.3750368708812104 0.007463958836775717 0.00995194511570091
0 0.48870464470626346 0.3320444679813822 0.0077625171902466405 0.009155789506444946
0 0.4931830200083288 0.33781659614848875 0.005971167069420602 0.007961556092560827
0 0.4948250909524195 0.33363677919989443 0.004478375302065487 0.008359633897188771
0 0.49885562872427835 0.3364233238322906 0.008359633897188842 0.011544256334213188
0 0.5169184091092759 0.3943436444056702 0.00865819225065966 0.01353464535735327
0 0.5221431802950186 0.43474854157541615 0.00597116706942046 0.009951945115701051
0 0.510648683686384 0.44430240888648903 0.006866842129833657 0.010748100724957084
0 0.2885212687039386 0.26536643570618584 0.008658192250659837 0.014330800966609374
0 0.35659257329533317 0.18833838051066046 0.006866842129833657 0.00995194511570098
0 0.39167317982817906 0.17798835759033146 0.007165400483304722 0.00995194511570098
0 0.49855707037080726 0.215208632323053 0.007762517190246712 0.0111461785295851
0 0.38823975876326217 0.3059703717782458 0.006269725422891597 0.008757711701816894
0 0.40510830573437545 0.3099511498245262 0.010748100724957013 0.011146178529585065
0 0.39391236747921177 0.25939526863676526 0.007463958836775646 0.012738489748097237
0 0.4222754110589595 0.24566158437709795 0.007463958836775717 0.009951945115700944
0 0.43257567425371 0.21799517695544932 0.006568283776362733 0.007165400483304651
0 0.43630765367209784 0.21759709915082126 0.006269725422891526 0.011942334138841134
0 0.43257567425371 0.22257307170867172 0.006568283776362733 0.005971167069420567
0 0.45825169265221843 0.2850712870352738 0.010748100724957013 0.009951945115701015
0 0.4610879970101932 0.2890520650815542 0.008061075543717848 0.011544256334213153
0 0.5340855144338598 0.3159223168939467 0.008956750604130903 0.013534645357353341
0 0.3537562689373584 0.2398894562099914 0.008956750604130832 0.011146178529585065
0 0.5151270589884493 0.12962190432802478 0.008061075543717777 0.00955386731107291
0 0.515873454872127 0.11549014226372943 0.0077625171902466405 0.007563478287932721
0 0.5361754229081569 0.11728149238455561 0.008956750604130832 0.011942334138841168
0 0.6017089814950478 0.20943650415594647 0.008061075543717705 0.017117345599005632
0 0.6767964073930114 0.20585380391429414 0.007762517190246712 0.01234041194346922
0 0.6760500115093339 0.2432731175493297 0.008061075543717777 0.014728878771237425
0 0.6700788444399133 0.245860623279412 0.008061075543717777 0.011942334138841168
0 0.7394936616219274 0.2781049254542831 0.009553867311072963 0.011146178529585065
0 0.7538244625885369 0.3079607608013859 0.007762517190246712 0.011942334138841097
0 0.7306861901945321 0.33005407895824207 0.009852425664543887 0.013136567552725324
0 0.6959041420151573 0.3437877632179094 0.011345217431899073 0.013534645357353341
0 0.6051424025599644 0.350555085896586 0.005971167069420602 0.011942334138841134
0 0.6611220938357824 0.38478977709459733 0.008658192250659766 0.011146178529585028
0 0.537966773028983 0.4377341251101265 0.009553867311072892 0.014330800966609374
0 0.5767793589802167 0.4365398916962423 0.007762517190246783 0.012738489748097237
0 0.5914087183002973 0.44748703132351336 0.007762517190246783 0.008359633897188842
0 0.8006981240834884 0.4556476263183882 0.00716540048330458 0.009553867311072892
0 0.8044301035018764 0.46440533802020495 0.006866842129833658 0.007961556092560827
0 0.6258922081262012 0.47813902227987226 0.008061075543717705 0.011544256334213045
0 0.6472391303993796 0.4944602122696219 0.007165400483304865 0.009155789506444946
0 0.5728981003850935 0.5119756356732555 0.005971167069420602 0.009951945115700838
0 0.6070830318575263 0.516354491524164 0.007463958836775788 0.01234041194346922
0 0.6539566933524779 0.5609392056425042 0.009255308957601897 0.013932723161981358
0 0.6853053204669358 0.5591478555216781 0.009852425664543887 0.012738489748097308
0 0.5730473795618289 0.6063200753701006 0.008061075543717848 0.013136567552725182
0 0.5346826311408018 0.6497105560745566 0.010748100724957013 0.011544256334213259
0 0.6756021739791274 0.6473220892467886 0.007165400483304722 0.013932723161981358
0 0.640969404976488 0.682950052760998 0.008359633897188842 0.012738489748097237
0 0.6472391303993796 0.6819548582494278 0.007165400483304722 0.00995194511570091
0 0.7333732153757714 0.7581867578356971 0.006866842129833799 0.011942334138841205
0 0.6085758236248814 0.7402732566274355 0.008061075543717777 0.012738489748097237
0 0.604694565029758 0.7436569179667737 0.007463958836775717 0.013136567552725324
0 0.5748387296826551 0.7504242406454504 0.008658192250659908 0.011544256334213117
0 0.5594629744788971 0.7681387029513982 0.0071654004833047935 0.01273848974809738
0 0.5564773909441868 0.7699300530722243 0.006568283776362662 0.010748100724957226
0 0.5834969219333149 0.7936156824475927 0.008061075543717705 0.015126956575865477
0 0.6139498739873599 0.8573081311880787 0.009255308957601968 0.011146178529585028
0 0.5418480316241064 0.8581042867973347 0.009553867311072892 0.01353464535735327
0 0.5560295534139803 0.8732312433732002 0.009255308957601968 0.016719267794377685
0 0.3558461774116556 0.796800304884617 0.011942334138841205 0.011942334138841205
0 0.3643550904855799 0.7528127074732186 0.008658192250659837 0.009155789506444734
