0 0.3181497679816352 0.8012782626681857 0.009366205003526475 0.012392792878327546
0 0.5308379279242621 0.3176584031846788 0.009814792209201388 0.0135955810546875
0 0.43805679745144316 0.5889939484772859 0.009214740329318577 0.012604890046296295
0 0.4044501622517903 0.3675058859365958 0.01035719977484809 0.0143193280255353
0 0.46640764872233076 0.4922985500759549 0.010027313232421875 0.013163813838252315
0 0.6101424323187934 0.5809571160210503 0.010595279269748263 0.013898326732494214
0 0.3951483832465278 0.4073606703016493 0.01070319281684028 0.013288144712094907
0 0.6038625929090711 0.8594465467664931 0.010486772325303819 0.014070864076967593
0 0.4831136491563585 0.8894886440700955 0.009888966878255209 0.013702788176359953
0 0.6318362765842014 0.3669705991391783 0.010013580322265625 0.013890866880063657
0 0.6682592815823025 0.531890614827474 0.01005354987250434 0.012987998679832176
0 0.5599000295003255 0.7602273163972078 0.009682973225911459 0.01376190185546875
0 0.6648969862196181 0.8840481510868778 0.01001061333550347 0.01326763011791088
0 0.41961326599121096 0.4682978736029731 0.00921173095703125 0.012394460042317708
0 0.34050106472439234 0.48161307440863715 0.008603837754991319 0.012469538935908565
0 0.34116672939724396 0.39940405951605906 0.010525173611111112 0.01364288330078125
0 0.6323425504896376 0.5884001272696036 0.010401111178927952 0.013637797037760418
0 0.2562338723076714 0.6573511476869937 0.008614222208658854 0.012067837185329862
0 0.6888058768378365 0.7575703938802083 0.00888260735405816 0.011609338831018518
0 0.5644208060370551 0.3481011991147642 0.010276243421766494 0.014141139277705439
0 0.5129107581244575 0.24548803258825236 0.007886420355902778 0.009753813566984954
0 0.4119712405734592 0.5752474749529803 0.009173923068576388 0.013557942708333333
0 0.31942057299780174 0.38518085682403513 0.00707238451542087 0.008975991892167197
0 0.7692331102159288 0.6691116333007813 0.010896470811631944 0.014428371853298611
0 0.7634092542860241 0.44867983217592594 0.009232923719618055 0.011644151475694444
0 0.6590331395467122 0.8060247633192275 0.009270858764648438 0.010788133409288194
0 0.33609755634186284 0.821081676706877 0.00972027248806423 0.008993050174601473
0 0.31606768502129445 0.4813932065610533 0.009614245096842448 0.012842814127604164
0 0.28776894675360787 0.4475205739339193 0.010192722744411893 0.01435758802625868
0 0.48978828854031037 0.86262452867296 0.01033346388075087 0.01582771583839699
0 0.6099272622002495 0.9113222757975261 0.009047487046983507 0.010973499439380786
0 0.5027482350667317 0.24874271816677518 0.007683732774522569 0.01019391660337095
0 0.7661550733778211 0.49773794103551794 0.008252970377604167 0.011272571705005787
0 0.6739021341896637 0.7753013470007167 0.009718746609157987 0.012574202926070602
0 0.6258182159747931 0.6502341460953215 0.007833947075737847 0.009541829427083334
0 0.25105697935597865 0.7118854970235435 0.007610391384058524 0.009512989230073146
0 0.4303768263428577 0.7217155858946191 0.007229871814855642 0.008878789948068259
0 0.43717861364235977 0.7222863652484235 0.0061834429995478845 0.009259309517271185
0 0.5108137809844979 0.6686587257326437 0.009958496785201377 0.011439503999410761
0 0.5719727641405888 0.6905305436328976 0.006486129020504308 0.008648172027339314
0 0.5647947813578973 0.6915683242761784 0.004237604293396302 0.007264464502965069
0 0.561854402868602 0.6981409350169563 0.0063131655799576695 0.007033846582235838
0 0.5564925362116516 0.6712739472520224 0.006486129020504521 0.006572610740777804
0 0.4437967270840648 0.7909323106266326 0.010603807376882345 0.01413840983584322
0 0.5318690772206031 0.789698970621839 0.005431909703122102 0.007147249609371329
0 0.5236854764178729 0.7899848606062139 0.00550338219921585 0.007719029578121024
0 0.5287320165698159 0.783000162139802 0.006673724922513458 0.009145474893814622
0 0.6524443104196387 0.8491751469245594 0.00596588603757425 0.008427060145484546
0 0.6550728443668867 0.8548850708549111 0.006379363287703228 0.00819078743112513
0 0.685079479090528 0.835313814348809 0.007678863216679872 0.009057120717109655
0 0.5561337853243508 0.9174217514102528 0.010167416298177514 0.01095666779164347
0 0.34025028858222406 0.8166761195972605 0.005989026038652554 0.008542486752806723
0 0.27824171463129105 0.4078419483119848 0.00710326344119256 0.008356780519049992
0 0.5276610611205177 0.3526300489551518 0.006399647300231024 0.009570643710255454
0 0.5382118309938716 0.3553974640039003 0.00536186665695034 0.007495082423693944
0 0.7418213895829724 0.39049562872119137 0.009749577272225167 0.012813730129210086
0 0.6387355148020228 0.42201632810074863 0.00550338219921592 0.006499232311454932
0 0.6469905881008466 0.42191150177314457 0.003930987285154259 0.006708884966663149
0 0.6534767171213511 0.4189239514364273 0.006368199401949823 0.007442669259891943
0 0.6559532391109982 0.4284631472484015 0.00550338219921585 0.006394405983850788
0 0.6589014795748639 0.4227501123939774 0.005267522962106597 0.008176453553120737
0 0.6567596980322069 0.4790529761015962 0.004596229285477449 0.0081710742852934
0 0.6741916855517925 0.523073516107922 0.009167062348979585 0.01014718851207803
0 0.6985795306688891 0.5027214846035836 0.004324086013669586 0.007264464502964927
0 0.7010670195982243 0.6825915578655676 0.005224380621159383 0.008763477170977155
0 0.6989604145090472 0.6789962851800385 0.005392909028293786 0.00561761357113923
0 0.7589565274488139 0.6092255246264898 0.006404079471098782 0.009886999885205014
0 0.5256754101517292 0.3621986795858922 0.006289579656246716 0.008910237846349532
