0 0.29910553693771363 0.4553056875864665 0.008655476570129394 0.011378256479899089
0 0.5505472660064697 0.24475474357604982 0.00833282470703125 0.00998385747273763
0 0.4148751735687256 0.7284452120463054 0.0087493896484375 0.012364768981933593
0 0.3456939339637756 0.3339989980061848 0.009962010383605956 0.012464078267415364
0 0.7092474427067333 0.5235536084439922 0.008839941024780274 0.012834930419921875
0 0.33905682563781736 0.2110447486241659 0.009824752807617188 0.013493712743123372
0 0.5226546814870793 0.5119948587932188 0.008699798583984375 0.011601956685384114
0 0.3816331863403321 0.667495066101507 0.0089080810546875 0.012052536010742188
0 0.46804280281066896 0.24733069737752278 0.008826923370361329 0.013170115152994792
0 0.44863219261169435 0.18448092937469482 0.00917987823486328 0.011950826644897461
0 0.33413904905319214 0.49524401028951004 0.009248661994934081 0.012189896901448567
0 0.37121762037277223 0.4820620695749918 0.008966946601867675 0.011554495493570965
0 0.7207522630691529 0.4690661907196045 0.009036588668823241 0.011052989959716797
0 0.5511768579483032 0.3952282587687175 0.00869297981262207 0.011468760172526042
0 0.42424936294555665 0.5287688891092936 0.007882404327392577 0.009380785624186198
0 0.4390531301498413 0.4972869873046875 0.007887125015258789 0.010475603739420573
0 0.6733711242675782 0.7202323913574219 0.009536075592041015 0.011953353881835938
0 0.664884066581726 0.21216801802317298 0.008321428298950195 0.01113721529642741
0 0.6319187879562378 0.7141114870707195 0.008793306350708009 0.010977109273274742
0 0.36644762733500036 0.663134061250189 0.007666969299316406 0.010302225748697914
0 0.4538001298904419 0.8102426211039225 0.00873427391052246 0.011394309997558593
0 0.5000356435775757 0.41827217737833655 0.011066102981567382 0.014476903279622396
0 0.42206296920776365 0.21407044728597008 0.009092235565185547 0.011663087209065755
0 0.4548882007598877 0.40592796007792153 0.009128570556640625 0.011175187428792317
0 0.6451216697692871 0.3231608231862386 0.008140659332275391 0.01079854965209961
0 0.5143039226531982 0.5449604352315268 0.007480907440185547 0.009045855204264323
0 0.4513427495956421 0.24545061588287354 0.007814645767211914 0.010052251815795898
0 0.680374264717102 0.2894753297170003 0.009370565414428711 0.012624390920003255
0 0.4531591556013347 0.42155337637158014 0.007158041000366211 0.008948707580566406
0 0.4368314027786255 0.6887616475423176 0.007959699630737305 0.010023117065429688
0 0.4328640937805176 0.44016717274983724 0.008478450775146484 0.010926437377929688
0 0.3246644973754883 0.6683828989664714 0.009824132919311524 0.014350509643554688
0 0.47669007778167727 0.5452762285868327 0.007847261428833009 0.00918407440185547
0 0.5437242746353149 0.45469725926717125 0.008719682693481445 0.010573768615722656
0 0.26518194675445556 0.32444678942362465 0.007495975494384766 0.011889044443766277
0 0.6525812387466431 0.15859913031260173 0.00926194190979004 0.012367836634318034
0 0.29489076137542725 0.6796564737955729 0.008835792541503906 0.011755879720052083
0 0.646647834777832 0.6819444020589194 0.00875558853149414 0.011601765950520836
0 0.4099805593490601 0.7459593137105306 0.00986475944519043 0.012882932027180988
0 0.4209824800491333 0.32353347142537436 0.00793910026550293 0.00992113749186198
0 0.5826048227924667 0.3580322483243531 0.006947994232177734 0.009392356872558594
0 0.5821553690250404 0.7914579491832525 0.007016468048095703 0.008940505981445312
0 0.6614604473114014 0.26259624163309736 0.007536983489990235 0.009876155853271484
0 0.4830047369003296 0.23191771507263184 0.008982515335083008 0.011492029825846356
0 0.4886857271194458 0.5683373133341472 0.00815424919128418 0.011950047810872395
0 0.572951340675354 0.2102524995803833 0.008573293685913086 0.011756245295206707
0 0.2786834687750921 0.3935014663466911 0.007850217819213866 0.009753672281901042
0 0.7341049909591675 0.5709001541137696 0.006777429580688476 0.009270350138346354
0 0.3064074993133545 0.578944206237793 0.00923142433166504 0.011576970418294273
0 0.5197310209274292 0.744231128692627 0.008774900436401367 0.010642306009928387
0 0.3256917119026184 0.27259666124979653 0.008483338356018066 0.011510245005289714
0 0.6154726982116699 0.6751763661702473 0.007910823822021485 0.010849380493164062
0 0.4305867671966553 0.7561334609985352 0.007914066314697266 0.010055923461914062
0 0.4067086219787598 0.6647556622823081 0.00961008071899414 0.011773109436035156
0 0.23303216695785522 0.4694672107696533 0.009380841255187988 0.011526330312093097
0 0.7418750524520874 0.5274693965911865 0.008472013473510741 0.010283311208089195
0 0.48403380813670205 0.6387706321595109 0.00592811107635498 0.008035786946614583
0 0.27874373030333865 0.2926673758174856 0.0069912195205688475 0.010041332244873047
0 0.6520815849304199 0.33698453903198244 0.007691860198974609 0.01035944620768229
0 0.48625261783599855 0.46677134831746414 0.007861661911010741 0.009542020161946614
0 0.5561431809350617 0.22070807547517218 0.00833897590637207 0.011565367380777992
0 0.27250138521194456 0.39270620346069335 0.009521937370300293 0.013402493794759114
0 0.4082052904655258 0.5509848057601241 0.008246517181396485 0.011000569661458333
0 0.315179181098938 0.300299088160197 0.009602928161621093 0.01199343999226888
0 0.37183393239974977 0.19031693935394287 0.008549714088439941 0.011409425735473632
0 0.6563847411678958 0.23673055435407142 0.007746553421020509 0.010980161031087239
0 0.7358435869216919 0.5166237354278564 0.007155656814575195 0.00923617680867513
0 0.385843551158905 0.1616875410079956 0.008521485328674316 0.01065373420715332
0 0.257826840877533 0.5472036361694336 0.008469128608703613 0.012161636352539062
0 0.5878695249557495 0.4966762542724609 0.007589864730834961 0.00972588857014974
0 0.29232717484108517 0.5049290268954612 0.005418834115499145 0.011078505302798263
0 0.2973847533488845 0.5005939596030617 0.005418834115499145 0.009151808728398762
0 0.25410671130547874 0.3387269450814023 0.007402273226554464 0.009570615888878465
0 0.2552282678549567 0.3299040335588424 0.008299518466136817 0.007477043663186293
0 0.47381963934820787 0.3535314915345111 0.008523829776032343 0.013458678593735413
0 0.3783751769876349 0.22133735956937747 0.006953650606763233 0.010467861128460782
0 0.36043027219598783 0.17497968885762247 0.009196763705719136 0.015253169072900015
0 0.6591007813219641 0.22657129013360788 0.008523829776032272 0.011963269861098098
0 0.6483338384469759 0.27547115569084624 0.008523829776032414 0.01106602462151571
0 0.6017892416436413 0.32437102124808453 0.008299518466136604 0.01016877938193332
0 0.6031351095030147 0.333941637136963 0.009196763705719207 0.011365106368043172
0 0.7325627353127695 0.3370819954755012 0.007402273226554428 0.01106602462151571
0 0.7551060219572762 0.3439608756456326 0.008523829776032272 0.00927153414235093
0 0.7599287151200314 0.34351225302584143 0.007402273226554428 0.008374288902768612
0 0.7336842918622476 0.3568213907463131 0.006056405367180844 0.014655005579845195
0 0.7084492694989933 0.41723590354485834 0.007177961916658688 0.008673370649296075
0 0.7099072930133151 0.4109551868677819 0.006953650606763233 0.00807520715624122
0 0.7037387319911865 0.45282663138162504 0.0062807166770765845 0.009271534142351
0 0.7000375953779092 0.45626607146669074 0.007850895846345764 0.008374288902768612
0 0.5994339728897377 0.5015769560655997 0.009869697635405857 0.009869697635405928
0 0.563768474616339 0.5000815473329624 0.006729339296867707 0.007477043663186222
0 0.6604466491813378 0.4795944476958319 0.0071779619166588305 0.011963269861098098
0 0.694654123940415 0.493202667162831 0.008748141085928012 0.006878880170131368
0 0.6942055013206239 0.4982870568537976 0.008299518466136817 0.005682553184021586
0 0.6836628697555313 0.4938008306558859 0.006505027986972039 0.008673370649296075
0 0.6780550870081415 0.4861742461194359 0.007402273226554428 0.008374288902768612
0 0.6786158652828805 0.48064123380867807 0.008523829776032272 0.009869697635405857
0 0.672895926880543 0.49081001319061135 0.007850895846345622 0.011664188114570635
0 0.6678489224078922 0.4926045036697761 0.005832094057285389 0.009271534142351
0 0.5122890289953014 0.5316346715916085 0.006953650606763162 0.009570615888878536
0 0.7511805740341037 0.5518226894822115 0.006056405367181128 0.008075207156241078
0 0.7472551261109308 0.5495795763832557 0.008972452395823467 0.006579798423603904
0 0.7538723097528507 0.5604960601315075 0.006056405367180986 0.00927153414235093
0 0.7452363243218705 0.5766464744439901 0.0076265845364500255 0.009869697635405928
0 0.6195098351253929 0.6242004721418549 0.006505027986972039 0.008673370649296146
0 0.5798067332738737 0.6733994194456208 0.00650502798697218 0.01016877938193332
0 0.5558054231150458 0.6689131932477088 0.006953650606763233 0.010766942874988387
0 0.5464965037543787 0.6798296769959609 0.008523829776032343 0.01226235160762556
0 0.7278521978049622 0.6873067206591472 0.008299518466136675 0.010467861128460782
0 0.7267306412554843 0.6973259591678169 0.006505027986972039 0.007776125409713899
0 0.7183189671343996 0.7055507071973218 0.009421075015614662 0.008673370649296146
0 0.6659422762737797 0.743235007259781 0.008748141085928012 0.009869697635405999
0 0.5826106246475685 0.8186036073846985 0.009869697635405857 0.013458678593735271
0 0.5053353783885381 0.7719468549264158 0.011439876804675038 0.00927153414235093
0 0.5167752551932132 0.8144164629333142 0.006056405367180915 0.008673370649296146
0 0.5099337602413978 0.8154632490461602 0.005832094057285246 0.007776125409713757
0 0.40731133596416585 0.8072385010166553 0.007402273226554499 0.015253169072900051
0 0.40125493059698497 0.8054440105374906 0.006953650606763233 0.014056842086790198
0 0.44320114554746015 0.7064479524369043 0.006505027986972039 0.01226235160762556
0 0.44634150388599836 0.629583943579349 0.008299518466136817 0.010467861128460782
0 0.4789787994758064 0.6439398674126666 0.0067293392968675635 0.008673370649296004
0 0.38521667193945036 0.518325533871137 0.004934848817702928 0.00807520715624122
0 0.407759958583957 0.5201200243503017 0.006953650606763304 0.01106602462151571
0 0.44802383871021517 0.5509254442426292 0.00628071667707637 0.008075207156241078
0 0.4461171925761028 0.5590006513988705 0.005607782747389649 0.008673370649296146
0 0.44634150388599836 0.5658795315690018 0.007402273226554428 0.007477043663186222
0 0.4534073101477094 0.5658795315690018 0.0067293392968676355 0.007477043663186222
0 0.4483603056750586 0.5714125438797596 0.006056405367180915 0.008374288902768612
0 0.4557625789016131 0.5525703938485302 0.006505027986972039 0.008972452395823467
0 0.46002449378962923 0.561991468864145 0.006056405367180773 0.007477043663186222
0 0.47213730452399105 0.5927968887564724 0.005607782747389649 0.007477043663186293
0 0.46832401225576603 0.5945913792356372 0.006056405367180773 0.009271534142351
0 0.4153929584238702 0.45989939129394286 0.007881940531635222 0.009195597286907784
0 0.4346051884697309 0.4513606223846714 0.009524011475725729 0.008757711701816788
0 0.4795979323378149 0.4872672403621205 0.008210354720453238 0.010509254042180203
0 0.509976244803492 0.6882567239188171 0.007881940531635151 0.01401233872290689
0 0.4910924289464495 0.7285421977471745 0.007553526342817065 0.012260796382543617
0 0.29256605180588896 0.7077426324553593 0.009195597286907642 0.012698681967634542
0 0.2958501936940703 0.5989280645602852 0.005911455398726418 0.00875771170181686
0 0.25972463292407577 0.5864483253851962 0.007881940531635151 0.011822910797452764
0 0.2807431410084363 0.5328073412115679 0.008538768909271396 0.011385025212361838
0 0.4740148911279066 0.36903813238759314 0.006896697965180749 0.014012338722906819
