0 0.2922879934310913 0.39665323893229165 0.009217929840087891 0.012441190083821614
0 0.38459727764129636 0.5529155095418294 0.007449817657470703 0.00924212137858073
0 0.557663106918335 0.5313772519429524 0.007940292358398438 0.010651206970214844
0 0.34528512954711915 0.2802308082580567 0.008561325073242188 0.010755284627278644
0 0.5853369474411011 0.7396459579467773 0.008548116683959961 0.011553192138671875
0 0.42849695682525635 0.24716582298278808 0.008977651596069336 0.011815293629964191
0 0.7269649982452393 0.6313147862752279 0.008986854553222656 0.011592737833658854
0 0.2996022582054138 0.6311523119608561 0.007509779930114746 0.009590975443522136
0 0.6467326164245606 0.4422837098439535 0.008780288696289062 0.012331930796305339
0 0.2917872548103333 0.28480455080668127 0.008093047142028808 0.010327561696370441
0 0.5731896877288819 0.48171798388163256 0.009270000457763671 0.011983394622802734
0 0.5896549940109252 0.5941317558288575 0.00791773796081543 0.011505699157714844
0 0.43326544761657715 0.2924719969431559 0.007505989074707032 0.0099885622660319
0 0.34449793100357057 0.4478519598642985 0.00826108455657959 0.010582828521728515
0 0.6330747842788695 0.42106674512227377 0.007425928115844726 0.010146045684814453
0 0.6624117136001587 0.7035840034484864 0.008222246170043945 0.010609753926595052
0 0.365890109539032 0.3731637318929036 0.00854952335357666 0.011370213826497395
0 0.5764885187149048 0.1988694429397583 0.008386373519897461 0.010217205683390301
0 0.42248873710632323 0.5935911814371745 0.008377647399902344 0.012240854899088542
0 0.37727376222610476 0.471609894434611 0.0071552515029907225 0.010925197601318359
0 0.4915612697601318 0.7870247840881349 0.008033657073974609 0.010839398701985676
0 0.6949106167525412 0.6107454186210186 0.008060741424560546 0.010206890106201173
0 0.5353220224380493 0.6532488505045572 0.008749437332153321 0.01149737040201823
0 0.48331704139709475 0.8165075937906902 0.008052921295166016 0.009783172607421875
0 0.622377586364746 0.18773151238759359 0.007506752014160156 0.010199658075968425
0 0.6996098041534424 0.5304440498352051 0.008225631713867188 0.010841051737467446
0 0.2443256378173828 0.40773730278015136 0.00854477882385254 0.011670780181884766
0 0.5760854959487914 0.558454672495524 0.007672739028930664 0.010842450459798177
0 0.5150005102157593 0.44846248626708984 0.00840773582458496 0.010865592956542968
0 0.7139347076416016 0.5932602882385254 0.009063720703125 0.011373202006022133
0 0.38359044790267943 0.4069943745930989 0.008505558967590332 0.011012585957845052
0 0.5673290491104125 0.23939735094706216 0.009091711044311524 0.011606852213541664
0 0.4159979343414307 0.2902629375457763 0.008685493469238281 0.011095778147379559
0 0.6806201219558716 0.5473431587219239 0.008214616775512695 0.010656420389811199
0 0.549637246131897 0.13975123564402261 0.008512258529663086 0.011516427993774414
0 0.7443402290344239 0.38765536944071455 0.008797264099121094 0.011696020762125649
0 0.6901733160018921 0.665609582265218 0.007090520858764648 0.009364000956217448
0 0.46509904861450196 0.14538761774698894 0.007306385040283203 0.009377161661783854
0 0.307625162601471 0.5124192237854003 0.008394169807434081 0.011234792073567708
0 0.34563671350479125 0.2500368674596151 0.008839631080627441 0.010910685857137043
0 0.6598591089248658 0.3330859820048014 0.006519460678100586 0.009261322021484376
0 0.4467722654342651 0.7733602523803711 0.008717584609985351 0.011633936564127605
0 0.7505623817443847 0.5874189058939616 0.008420753479003906 0.011350313822428383
0 0.4467111110687256 0.25124443372090655 0.00820016860961914 0.011161613464355468
0 0.4422704458236694 0.43985115687052406 0.008324098587036134 0.011327107747395836
0 0.6950800998949928 0.6216390185866507 0.010018539428710938 0.013365936279296876
0 0.6090980529785156 0.34274983406066895 0.008423709869384765 0.011198647816975911
0 0.41453573703765867 0.5201551596323649 0.007444334030151367 0.010215854644775391
0 0.31592597961425783 0.5307916800181071 0.00882878303527832 0.012155246734619141
0 0.4489719390869141 0.20108074347178143 0.009109973907470703 0.012131961186726888
0 0.41910102367401125 0.5341935793558756 0.008350229263305664 0.011128552754720052
0 0.5146774530410766 0.47325595219930017 0.007898283004760743 0.011230913798014323
0 0.5105910301208497 0.2564919233322144 0.009292984008789062 0.01168367067972819
0 0.7134250164031982 0.6872846921284993 0.008158206939697266 0.010630098978678386
0 0.3207223653793335 0.47159387270609543 0.007362222671508789 0.010428142547607423
0 0.31366524696350095 0.5579858462015788 0.009438562393188476 0.012120374043782552
0 0.5636839628219604 0.7590877850850423 0.008131074905395507 0.01076094309488932
0 0.7149553537368775 0.3425042788187663 0.009618711471557618 0.012641525268554688
0 0.5388794183731079 0.17671693166097005 0.008688402175903321 0.012205950419108073
0 0.36833585500717164 0.7106914838155111 0.007905888557434081 0.011918067932128906
0 0.40005615949630735 0.24082409540812175 0.008463025093078613 0.011574554443359374
0 0.5545061047598857 0.542416557791436 0.007521724700927735 0.009033203125
0 0.3877413272857666 0.6953917503356933 0.008896589279174805 0.01076679229736328
0 0.3144141685288258 0.38610248002568304 0.009322714805603028 0.011255645751953125
0 0.2906895279884338 0.6755943934122722 0.00729672908782959 0.010085678100585938
0 0.4958284139633179 0.5845771471659343 0.008531332015991211 0.0111324946085612
0 0.44061548709869386 0.7441641489664714 0.007168817520141602 0.009541829427083334
0 0.356355094909668 0.5845879236857097 0.008762788772583009 0.011416371663411458
0 0.5859602212905883 0.6661362965901693 0.006771516799926758 0.009536361694335938
0 0.7385797739028931 0.4727304617563884 0.00792384147644043 0.010562292734781901
0 0.5244471788406372 0.10089600880940756 0.00805678367614746 0.009357166290283204
0 0.34262346029281615 0.26217994689941404 0.00831758975982666 0.011351776123046876
0 0.6362544775009156 0.5354853471120199 0.007108068466186524 0.010639540354410807
0 0.3763744831085205 0.2392370382944743 0.007753992080688476 0.011703395843505859
0 0.47309939861297606 0.1304617404937744 0.010647249221801759 0.015016651153564453
0 0.4878762854406926 0.3024048391790493 0.007175445556640625 0.009311517079671225
0 0.4157664060592651 0.7363749821980794 0.007125711441040039 0.009772364298502605
0 0.534924447551867 0.518686097709336 0.005948257446289062 0.008499876658121745
0 0.6348955514419593 0.18998854979936808 0.00918407440185547 0.011936712265014648
0 0.2671542285514594 0.4330562078568777 0.009934529211748498 0.012716197391038122
0 0.2798704259424975 0.39517253646274353 0.013113578559508027 0.017484771412677347
0 0.27152542140462876 0.3501360040361504 0.008345004537868768 0.012186355833078153
0 0.2760953048420331 0.3506658455941104 0.006358098695519097 0.01324603894899802
0 0.250464219475722 0.3570239442896294 0.011524053885628263 0.017484771412677277
0 0.30371329605069386 0.34616219235145107 0.005165955190109237 0.008477464927358725
0 0.3084818700723332 0.3498710832571705 0.009139766874808615 0.010596831159198388
0 0.3327221213489995 0.35093076637309023 0.00834500453786866 0.01059683115919846
0 0.375043215791048 0.45080590004853505 0.011921435054098239 0.011126672717158287
0 0.5743298717787224 0.4598132065338536 0.006755479863988825 0.01324603894899795
0 0.2939216270110813 0.4375182619689535 0.0068966979651807845 0.009633482871998424
0 0.2980268043713079 0.4316068065702271 0.009852425664543958 0.010947139627271056
0 0.3155969634730779 0.43073103540004537 0.009524011475725836 0.0126986819676344
0 0.31214861449048764 0.4510927151067696 0.010509254042180166 0.010509254042180132
0 0.3341523651413024 0.4780226785898563 0.007881940531635151 0.01269868196763447
0 0.37093475428893313 0.5474275438267547 0.009852425664543958 0.008757711701816788
0 0.48752179131936985 0.5388887749174834 0.006568283776362591 0.010947139627270985
0 0.3343165722357115 0.2978327603249749 0.008867183098089626 0.010509254042180238
0 0.46190548459155556 0.28579090673497676 0.008538768909271396 0.013574453137816071
0 0.4614128633083283 0.27090279684188806 0.008867183098089555 0.010947139627271056
0 0.41083707823033605 0.31228298463297266 0.007553526342816994 0.010509254042180238
0 0.5648633327860398 0.3449054607222404 0.008210354720453167 0.015325995478179451
0 0.30508770943089775 0.2131018996098969 0.008867183098089555 0.012698681967634436
0 0.4863723416585064 0.15398734562263322 0.010180839853362116 0.014450224307997797
0 0.5323503280930447 0.11851861323027503 0.010180839853362045 0.011822910797452745
0 0.5748799655449928 0.1857340505417193 0.00919559728690757 0.012260796382543617
0 0.6111697334093963 0.14698117626117976 0.006896697965180749 0.010071368457089402
0 0.6315314131161205 0.19799484692426286 0.00821035472045331 0.012260796382543546
0 0.46650328323500934 0.10319261775209554 0.008538768909271396 0.010071368457089367
0 0.6397417678365739 0.16077457219154126 0.008210354720453167 0.008757711701816894
0 0.62282843711244 0.2117882428546244 0.008538768909271468 0.010947139627271056
0 0.6249631293397578 0.35234951566878464 0.00821035472045331 0.009195597286907713
0 0.6305461705496661 0.3865045913058703 0.00952401147572587 0.013574453137816108
0 0.6175738100913499 0.4267900651342278 0.007225112153998907 0.011822910797452764
0 0.5881807401921272 0.47867950696749245 0.007553526342817136 0.013136567552725253
0 0.5940921955908535 0.4771469074196746 0.007553526342816994 0.016201766648361086
0 0.6761957427953864 0.42503852279386445 0.010180839853362045 0.01007136845708942
0 0.7259504924013334 0.46247774031913147 0.011822910797452835 0.012260796382543617
0 0.7137991674150623 0.33658563460551433 0.01247973917508901 0.01007136845708942
0 0.7674948872868269 0.40117375840641345 0.008867183098089697 0.014012338722906961
0 0.7757052420072802 0.3900076759865971 0.008867183098089555 0.014450224307997743
0 0.6489373651234814 0.591216102335839 0.008210354720453238 0.008757711701816717
0 0.7481818007584559 0.4849901861977213 0.006933258669499906 0.009788129886352977
0 0.7330917671836616 0.4760177338018977 0.007748936160029416 0.011419484867411782
0 0.6238929431390363 0.588173388749692 0.0063215005516030235 0.008972452395823609
0 0.6457123160106982 0.6252867145687805 0.009584210513720706 0.010331914880039221
0 0.7325819687520808 0.6743633102489669 0.008768533023191053 0.008972452395823609
0 0.5831090686125657 0.6464943293225451 0.007137178042132462 0.009788129886353119
0 0.6083950708189775 0.677761966459506 0.0075450167873970745 0.009244344892666732
0 0.6441800658447389 0.6992053120080339 0.009228167289104548 0.011580445225543058
0 0.6397016905426733 0.7482412597599424 0.01112808408392013 0.011942334138841063
0 0.6828569434534857 0.7172997576729447 0.01167091745386756 0.013028000878735782
0 0.49992209778123725 0.6869010889558947 0.006785417124341677 0.008685333919157046
0 0.4911010555195932 0.6964911451582975 0.008685333919157259 0.009771000659051907
0 0.5099645151252628 0.7552980935692577 0.007871083864236184 0.013751778705332214
0 0.5248924327988143 0.7565647047658013 0.007328250494288966 0.009047222832455333
0 0.5375133086500895 0.7714021502110283 0.009771000659051907 0.01773255675161266
0 0.5102359318102364 0.8030674301246222 0.007871083864236326 0.010132889572350052
0 0.5096930984402891 0.8077719859974991 0.006785417124341606 0.00868533391915733
0 0.5886753537676249 0.8016198744714294 0.0056997503844468155 0.008685333919157188
0 0.5920680623297956 0.7974581519684998 0.0070568338093152504 0.009047222832455333
0 0.5979035210567294 0.8039721524078678 0.006242583754394246 0.010494778485648197
0 0.4539169696782014 0.6919675337420697 0.007599667179262539 0.016646890011717944
0 0.34765733751101263 0.6702541989441767 0.009499583974078192 0.00940911174575362
0 0.3487430042509072 0.6881677001524387 0.008956750604130832 0.008323445005859043
0 0.2971738341059114 0.6872629778691928 0.01112808408392013 0.007961556092560756
0 0.30423066791522657 0.6946817005918063 0.008413917234183579 0.009047222832455617
0 0.32485833597322494 0.673873088077159 0.008956750604130903 0.011580445225542918
0 0.3301509613302113 0.6765872549268954 0.006514000439367891 0.0083234450058589
0 0.3332722532074085 0.6724255324239659 0.006785417124341464 0.00940911174575362
0 0.3350364616597373 0.6679019210077383 0.007599667179262468 0.010494778485648197
0 0.5567838932832195 0.6293607517414782 0.007599667179262468 0.010856667398946555
