0 0.3746950785319011 0.5282037240487558 0.008133358425564237 0.009980491355613425
0 0.4409010781182182 0.33228840298122825 0.007177268134223091 0.010241501419632523
0 0.6965198940700955 0.6145533526385273 0.00868988037109375 0.012330401385271993
0 0.6003907945421006 0.2703934563530816 0.008806016710069444 0.011464832447193287
0 0.30208261277940535 0.38222209789134837 0.008723661634657117 0.010860132288049768
0 0.32824246088663733 0.43543534455475985 0.009021186828613281 0.011687102141203705
0 0.5411189397176107 0.5038696854202835 0.008762910630967883 0.01191112377025463
0 0.7078568140665689 0.7149447405779803 0.008719083997938368 0.011853366427951388
0 0.2607571601867676 0.4559032016330295 0.008647007412380642 0.012047096535011575
0 0.5140608893500435 0.7766765453197337 0.00882814195421007 0.011203342013888888
0 0.3255648295084636 0.3781720338044343 0.008779017130533855 0.011585913764105903
0 0.46980510287814675 0.309837567364728 0.00810945298936632 0.01149913646556713
0 0.6319853252834744 0.6767459728099682 0.009777196248372396 0.013637231897424768
0 0.5846743053860134 0.7747418438946759 0.009461169772677951 0.012425514503761574
0 0.40895438724093963 0.7472113715277777 0.010136455959743924 0.013630054615162037
0 0.7558321211073133 0.5700415434660734 0.00842344495985243 0.011048097963686342
0 0.49178432888454865 0.3656803978814019 0.007258690728081597 0.010067890308521413
0 0.5608003828260633 0.612821790907118 0.008451758490668402 0.01157294379340278
0 0.6149420208401151 0.5671590451841002 0.008448833889431424 0.010848264341001158
0 0.29126660029093426 0.5799999378345632 0.00886753929985894 0.011881679958767362
0 0.3429607709248861 0.41715784426088687 0.00846199459499783 0.010762899893301505
0 0.7511614905463325 0.4850385595251012 0.009582943386501737 0.012028616446035877
0 0.36521288553873693 0.728834561948423 0.009156968858506944 0.011455790201822918
0 0.3097503344217936 0.45199563768174916 0.008347468905978733 0.011749352349175348
0 0.297398132748074 0.5191732335973669 0.009025637308756511 0.011702360930266205
0 0.6780415640936959 0.730568751582393 0.00897416008843316 0.010929079408998843
0 0.4527411778767904 0.4666078073007089 0.009447860717773437 0.01238392017505787
0 0.5056188159518772 0.18628234863281246 0.008803176879882812 0.011293340612340856
0 0.5699513753255208 0.7202955175329139 0.008607228597005209 0.011521120424623842
0 0.7134627872043187 0.4021853976779514 0.01013124254014757 0.013335446958188658
0 0.37310549418131517 0.3800137131302445 0.008488549126519097 0.012194230821397568
0 0.36812585194905595 0.5164563214337384 0.007770665486653647 0.009627165617766205
0 0.4018781238132053 0.5268733554416233 0.0075342390272352434 0.010180268464265046
0 0.584789678785536 0.6606681823730469 0.008647367689344617 0.011658449526186342
0 0.42557818803813663 0.28465296271536056 0.0076419406467013885 0.01030824449327257
0 0.54040101369222 0.5917607060185185 0.006943045722113715 0.009337813765914351
0 0.6613011254204645 0.3541537673385055 0.009255303276909722 0.011955402515552662
0 0.6285940594143338 0.2065734721996166 0.009277640448676214 0.011248553240740741
0 0.6905278523763022 0.30017738342285155 0.008500417073567709 0.01050039220739294
0 0.43163672553168403 0.902835676405165 0.009240044487847222 0.012433256926359954
0 0.7180367363823785 0.6440500895182292 0.008282131618923612 0.010485613787615741
0 0.438405270046658 0.3843709451180917 0.006228807237413194 0.009711738868995949
0 0.5977684020996094 0.5029488457573784 0.009519788953993056 0.012178209092881944
0 0.5012811660766602 0.4052236910219546 0.008481640285915798 0.010104511402271412
0 0.7081497616238065 0.7794848406756365 0.007314470079210069 0.009275648328993056
0 0.6521414015028212 0.8062208670156973 0.008684200710720485 0.011853988082320601
0 0.7307257334391276 0.46128894664623116 0.007935841878255209 0.010661287660951969
0 0.25792918735080295 0.6400187174479167 0.008596420288085938 0.011208202220775463
0 0.6618715710110133 0.26275322525589556 0.00795885721842448 0.009585260461877894
0 0.625963380601671 0.44159051400643806 0.008307562934027778 0.011484329788773149
0 0.30406322479248044 0.5423571833857784 0.007906595865885416 0.009995354546440972
0 0.2756624433729384 0.38529985215928825 0.0087685055202908 0.012546850133825232
0 0.42735981411404084 0.34776253876862706 0.008825937906901041 0.011937826651114005
0 0.3387352413601345 0.31351438451696323 0.00953441196017795 0.012243002432364005
0 0.5139908472696939 0.23835673155608 0.008000479804144965 0.009926449811017072
0 0.4581591076321072 0.23753480558042173 0.007310358683268229 0.009226664790400753
0 0.29519250997623514 0.35353361877590844 0.008142500549209898 0.008685333919157188
0 0.4320929352399846 0.33703385814915576 0.00919245857095504 0.01021384285661675
0 0.44373671609652776 0.3539888372911396 0.01072453499944757 0.01103095028514609
0 0.4594404994885761 0.39576345457470213 0.009345666213804336 0.011643780856543131
0 0.4631940867383827 0.3889201798607689 0.007353966856764132 0.00939673542808734
0 0.46847975041668194 0.39402710128907725 0.009345666213804336 0.009805289142352009
0 0.4471072842392114 0.3728844465758806 0.008579627999558071 0.0083753511424257
0 0.44699044928195236 0.2560139134408812 0.008670134584798674 0.009151808728398585
0 0.44149724923788347 0.25717683150049525 0.007850895846345622 0.011365106368043136
0 0.43622593345533717 0.19676231870195005 0.011664188114570635 0.010766942874988281
0 0.5279692592026328 0.20289349450576283 0.008523829776032414 0.013458678593735307
0 0.5465870979239668 0.2719813779536041 0.009421075015614875 0.01226235160762549
0 0.5599336208627544 0.2773648493910983 0.01054263156509272 0.010467861128460819
0 0.5288665044422153 0.29441250894316295 0.009421075015614733 0.011664188114570529
0 0.5206791416310262 0.29516021330948156 0.006953650606763233 0.008374288902768647
0 0.5997488783692213 0.25298968704911096 0.008972452395823609 0.010766942874988245
0 0.6019919914681772 0.29934735776086596 0.008523829776032343 0.011365106368043172
0 0.619039651020242 0.3027867978459316 0.009421075015614875 0.011664188114570635
0 0.6073754629056713 0.312955577227865 0.008523829776032343 0.013458678593735342
0 0.5703640967728991 0.3084693510299532 0.00807520715624122 0.01106602462151571
0 0.564980625335405 0.32925553241361116 0.0076265845364500255 0.009570615888878465
0 0.7399434470539643 0.45322491634923984 0.009869697635405857 0.013458678593735271
0 0.7592342197049848 0.4464955770523722 0.009869697635405857 0.011963269861098098
0 0.6581819745970222 0.4947972791165556 0.011439876804674896 0.01106602462151571
0 0.7369152443703739 0.522910963290136 0.0096453863255104 0.011664188114570564
0 0.7870488221320379 0.4980871783283575 0.010766942874988387 0.012860515100680488
0 0.7059602836047827 0.5363696418838714 0.00874814108592787 0.012860515100680417
0 0.6976607651386459 0.5362201010106077 0.006505027986972039 0.010168779381933248
0 0.7419622488430246 0.5809328221164617 0.010766942874988387 0.011664188114570564
0 0.7207648300578914 0.6414968757882707 0.008748141085928012 0.008972452395823467
0 0.7064089062245739 0.5725585332136931 0.010991254184883843 0.01525316907290012
0 0.6743839692952152 0.6334185581818658 0.009524011475725729 0.01138502521236198
0 0.7592790371047022 0.6824617437120404 0.009195597286907713 0.01138502521236191
0 0.6136273443638608 0.7448604395874852 0.012151324986271063 0.014450224307997814
0 0.7319769522897996 0.7863858293306984 0.00952401147572587 0.012698681967634257
0 0.6945814419075304 0.7696009751451177 0.009852425664543887 0.01050925404218006
0 0.6605905733648535 0.7678494328047543 0.008210354720453238 0.010509254042180203
0 0.7212845601802816 0.7258671365290138 0.008750510443657447 0.0139028691860644
0 0.6119611940321024 0.792481359724824 0.007649015667439727 0.008224748029504809
0 0.6066562315530717 0.7910009050795133 0.0069087883447841135 0.009869697635405999
0 0.5833390708894253 0.8428168176653941 0.008635985430980143 0.012172627083667321
0 0.535347666137264 0.8724259105716121 0.008882727871865441 0.011514647241306903
0 0.49747270146139383 0.8739063652169228 0.00962295519452077 0.010527677477766275
0 0.5054918307901612 0.8380464638082813 0.01036318251717617 0.01250161700484739
0 0.4719348588297811 0.8005416127937388 0.009869697635405928 0.011185657320126694
0 0.3198181440240876 0.7145107484051174 0.010609924958061292 0.012172627083667464
0 0.41395038522177147 0.6579244819621235 0.007895758108324743 0.017436465822550387
0 0.38051678448183396 0.5727160923764525 0.00962295519452077 0.010856667398946413
0 0.44306599324621887 0.6149912972481079 0.012830606926027742 0.013817576689568227
0 0.4077818241996428 0.5985418011890979 0.0059218185812435565 0.010527677477766346
0 0.4781034198519098 0.6515091784991097 0.007895758108324743 0.011843637162487113
0 0.4872328901646603 0.6630238257404167 0.008389242990095056 0.011185657320126694
0 0.4813110715834168 0.6133463476422069 0.007402273226554499 0.011843637162487042
0 0.3104389073826205 0.5282206871813655 0.011166082419816483 0.011385025212361838
0 0.3817047863561551 0.5054506367566417 0.010509254042180274 0.011385025212361838
0 0.5007549298027278 0.5450792822073629 0.00821035472045331 0.01007136845708935
0 0.5362236621950859 0.3859078720268417 0.00952401147572587 0.014012338722906961
0 0.49664975244250115 0.4393299134079245 0.008538768909271396 0.01138502521236191
0 0.5759617790420799 0.4504959958277409 0.010180839853362116 0.011822910797452835
0 0.41992409207528886 0.5258226187169496 0.010449542371486018 0.00995194511570098
0 0.6046712270913721 0.5296773064264338 0.009421075015614733 0.011664188114570706
0 0.7120041888764113 0.5027599492389632 0.009196763705719065 0.010467861128460782
