0 0.43826243877410886 0.23207728068033856 0.008559179306030274 0.011924171447753906
0 0.4243863344192505 0.1720261971155802 0.00949110984802246 0.012023274103800457
0 0.5321939706802368 0.183674422899882 0.00812983512878418 0.010468180974324543
0 0.45195755958557127 0.7508462905883789 0.008710384368896484 0.011541112263997394
0 0.4966657400131226 0.11192340453465781 0.008091974258422851 0.010805392265319824
0 0.4197320222854614 0.20792440573374432 0.00947556495666504 0.012743266423543294
0 0.5531238317489623 0.2735218683878581 0.008066034317016602 0.012282307942708333
0 0.40642318725585935 0.7554846445719402 0.009786319732666016 0.01232770284016927
0 0.32678282260894775 0.4835511207580566 0.009598255157470703 0.01187547047932943
0 0.6279255628585815 0.23180944919586183 0.009615850448608399 0.011809364954630535
0 0.5430398225784302 0.4048824946085612 0.00951695442199707 0.01214478810628255
0 0.5825794935226439 0.20062156518300372 0.009961938858032227 0.012997674942016601
0 0.3901111721992493 0.41078708966573074 0.009621500968933105 0.012616952260335289
0 0.6969070196151733 0.4398952960968018 0.008664178848266601 0.011826229095458985
0 0.3202637076377869 0.3049770832061768 0.011402487754821777 0.015169048309326172
0 0.3179325819015503 0.5178249835968018 0.009377861022949218 0.012090778350830078
0 0.25222771167755126 0.46909076372782393 0.007054281234741211 0.009720134735107421
0 0.652027678489685 0.44453862508138015 0.008431577682495117 0.01081695556640625
0 0.31119388341903687 0.19925569693247475 0.008901333808898926 0.01108848253885905
0 0.4312366247177124 0.7563944498697918 0.008609342575073241 0.010589981079101562
0 0.4626233339309692 0.2131894667943319 0.00973668098449707 0.011791753768920898
0 0.5945822238922119 0.10683063268661497 0.009066104888916016 0.012816580136617024
0 0.38967562913894654 0.7489686330159506 0.00957787036895752 0.011653264363606773
0 0.58870849609375 0.6173991203308106 0.007526683807373047 0.010470644632975262
0 0.7199304342269898 0.4282575925191244 0.008481645584106445 0.012145423889160156
0 0.5789390087127686 0.7414487838745117 0.008605384826660156 0.011488723754882812
0 0.49332256317138673 0.3284017244974773 0.007950687408447265 0.011479441324869792
0 0.47499775886535645 0.33660836219787593 0.007718372344970703 0.009560807545979818
0 0.5903133630752563 0.272999890645345 0.007313203811645508 0.010806337992350262
0 0.30669882297515866 0.4360327879587809 0.008785820007324219 0.011650180816650391
0 0.6653311014175415 0.4155143737792969 0.008724641799926759 0.012114906311035156
0 0.588760733604431 0.5336461702982584 0.00850663185119629 0.010818290710449218
0 0.622605848312378 0.7471261342366536 0.009700202941894531 0.013304519653320312
0 0.33779799938201904 0.2992077668507894 0.009169960021972656 0.011161708831787109
0 0.5950457811355592 0.7827044486999511 0.00933680534362793 0.011724408467610676
0 0.48463284969329834 0.6678263346354165 0.007640218734741211 0.01029497782389323
0 0.38577206134796144 0.192293914159139 0.01092839241027832 0.013846683502197265
0 0.279379665851593 0.4649824778238933 0.00896904468536377 0.011488533020019532
0 0.3298174858093262 0.17672804991404217 0.008678865432739259 0.011811431248982747
0 0.5592046499252319 0.674777889251709 0.008467340469360351 0.011182212829589843
0 0.6551403284072876 0.5916642506917318 0.00817246437072754 0.010629653930664062
0 0.34942816495895385 0.2871085643768311 0.008858513832092286 0.011748218536376953
0 0.5955279111862183 0.21107058525085445 0.007001829147338867 0.010596529642740887
0 0.4936893224716187 0.7767553329467773 0.008904218673706055 0.012311935424804688
0 0.6741127490997314 0.6077504793802897 0.009925556182861329 0.011900901794433594
0 0.5537704706192016 0.5103250026702881 0.009725046157836915 0.014053821563720703
0 0.6046425294586659 0.2046778734838407 0.009665870666503906 0.012755123774210612
0 0.5099448442459107 0.33326600392659506 0.009296274185180664 0.011963971455891927
0 0.6544996738433838 0.5718043009440105 0.00842599868774414 0.0116119384765625
0 0.24726741313934325 0.5224575360616048 0.007587718963623047 0.011410395304361977
0 0.6084866046905518 0.7578877449035645 0.008785533905029296 0.01241652170817057
0 0.6713524341583252 0.251478902498881 0.008722209930419922 0.01145949363708496
0 0.4379014015197754 0.8026961008707683 0.009784126281738281 0.012757110595703124
0 0.7440458297729492 0.48904894193013504 0.009482765197753906 0.012311013539632161
0 0.2914816288965704 0.3612582566705899 0.006326842308044434 0.008554553985595703
0 0.6494745254516602 0.2656619946161906 0.010079288482666015 0.013569974899291992
0 0.7444647312164306 0.2579922278722127 0.009052562713623046 0.012205902735392253
0 0.370230495929718 0.2924598217010498 0.010873723030090331 0.013916110992431641
0 0.3505674242973328 0.6050159772237143 0.008881592750549316 0.010834312438964844
0 0.6258183717727662 0.5767209688822428 0.00724186897277832 0.010166867574055988
0 0.6370759010314941 0.5370098908742269 0.0079345703125 0.011136849721272789
0 0.6740538835525512 0.33322059313456215 0.007923650741577148 0.011837609608968099
0 0.552829384803772 0.6451655705769856 0.008218717575073243 0.009983317057291666
0 0.39407702003377404 0.6344417361486583 0.006032800674438477 0.007947222391764323
0 0.24986517429351807 0.39066832860310874 0.008972644805908203 0.011896387736002606
0 0.5256665468215942 0.16912201245625816 0.008424139022827149 0.011143143971761067
0 0.35345306396484377 0.43090763092041007 0.008399486541748047 0.012151845296223958
0 0.48819427490234374 0.6052247365315755 0.007561302185058594 0.010362497965494792
0 0.6900412082672119 0.3699611186981201 0.009345149993896485 0.01238406499226888
0 0.4749568700790405 0.3611143112182617 0.008115434646606445 0.01108900705973307
0 0.6170411109924316 0.6180350303649902 0.007601451873779297 0.010411389668782552
0 0.35867336988449094 0.5638908704121907 0.00793159008026123 0.011270968119303386
0 0.7228044509887696 0.6515789031982422 0.009835243225097656 0.0119781494140625
0 0.2613094267435483 0.5614323051784542 0.011614077342833547 0.012843801789198252
0 0.2759978186771318 0.49898956063018773 0.009564534282333526 0.010019988295777865
0 0.2700199847506734 0.48282094315290974 0.010589305812583483 0.012297258363000196
0 0.2626757887838816 0.4623255125479095 0.0075149912218334695 0.011386350336111163
0 0.24218035817888137 0.47371186288402073 0.006831810201666784 0.010475442309222345
0 0.3098152791753823 0.41404738712279765 0.008881353262166769 0.013208166389889087
0 0.4071685745491336 0.47189004683024294 0.010930896322666826 0.02140633863188917
0 0.4194658329121338 0.5575154013577996 0.010930896322666826 0.010475442309222345
0 0.25994306470321493 0.5110590919864657 0.01024771530250014 0.013208166389889087
0 0.24901216838054807 0.3712347098590193 0.008881353262166804 0.012297258363000125
0 0.287270305509882 0.3655415346909636 0.008881353262166804 0.008198172242000083
0 0.2473042158301314 0.3106593260709073 0.010930896322666861 0.012297258363000161
0 0.4039234647033419 0.3281943055885187 0.009906124792416761 0.011841804349555786
0 0.38987161201129844 0.35809812783248957 0.005794708871399479 0.007375084018144733
0 0.3957321698471457 0.3523034189610902 0.00645319851587658 0.008077472972253759
0 0.3970491491361001 0.34694770318600887 0.006453198515876651 0.009657848118999083
0 0.3526669470983363 0.3276320069480107 0.006453198515876651 0.015276959751871218
0 0.35312788984947036 0.33553388268173717 0.00605810472919039 0.008955459164890059
0 0.3476624258003095 0.3321975351497194 0.0067165943736675615 0.012467403935435115
0 0.3229103215335549 0.2066724775356522 0.011009942060537306 0.013927106196235287
0 0.4616638221169934 0.1793828775565425 0.008469186200413361 0.013550697920661357
0 0.4599699848769107 0.15529274791981126 0.009598411027135044 0.013550697920661357
0 0.4035087435408218 0.11633449139790988 0.01016302344049599 0.012421473093939569
0 0.44529006212952765 0.08697464590314365 0.012421473093939497 0.011668656542791709
0 0.4924351986451619 0.09337358658790038 0.011292248267217744 0.00941020688934815
0 0.4928586579551826 0.08132852176953474 0.011009942060537412 0.010915839991643868
0 0.5781151323726769 0.14249486655029778 0.011574554473898218 0.010539431716069938
0 0.6327413833653429 0.24130203888845345 0.010727635853856938 0.013174289645087427
0 0.608039590280804 0.20930733546466967 0.007622267580372011 0.009410206889348167
0 0.6591370136899646 0.2117539892559002 0.009316104820454712 0.007528165511478519
0 0.6604073916200265 0.21777652166508304 0.006775348960330802 0.010539431716069955
0 0.6814392040177196 0.3924299615313849 0.007622267580372011 0.011292248267217815
0 0.7023298633120726 0.4048514346253244 0.008186879993732958 0.012045064818365602
0 0.7698010467086988 0.4112503753100812 0.0076222675803721525 0.012045064818365602
0 0.7589322577515017 0.4012755560073721 0.01016302344049592 0.01091583999164385
0 0.7549799708579755 0.3956294318737632 0.008469186200413361 0.009410206889348204
0 0.769236434295338 0.46168908423698723 0.008751492407093907 0.01430351447180918
0 0.7415704260406545 0.4464445490762433 0.008186879993732958 0.01166865654279178
0 0.608039590280804 0.5010237490344626 0.007622267580372011 0.01091583999164378
0 0.6198964509613828 0.5729177296690824 0.007622267580372011 0.008657390338200273
0 0.763449157058389 0.5593670317484211 0.008469186200413361 0.013174289645087498
0 0.7573795736147594 0.5883504689676134 0.008751492407093907 0.011668656542791709
0 0.5912423709833177 0.6491404054728025 0.010163023440496062 0.011292248267217815
0 0.6389521199123128 0.6700310647671555 0.006775348960330802 0.014679922747383216
0 0.6481270716294273 0.6924273571638041 0.007057655167011063 0.01355069792066132
0 0.5469202965344878 0.6937447861283127 0.008469186200413432 0.01618555584967865
0 0.5429680096409616 0.7658269709007197 0.008469186200413361 0.009033798613774308
0 0.5623059847985721 0.7835181598526942 0.00762226758037194 0.01355069792066132
0 0.46759225245728286 0.7981980826000773 0.007339961373691537 0.010539431716069884
0 0.42468170904185515 0.6751125764874035 0.009598411027135186 0.011292248267217957
0 0.47267376417753076 0.6719131061450251 0.006210736546969855 0.01016302344049592
0 0.5223596565532891 0.6848991916523255 0.011856860680578691 0.010539431716070026
0 0.5157254606962985 0.6233564385959887 0.007057655167011063 0.008657390338200201
0 0.41127216422453416 0.5934319806878614 0.008751492407093836 0.009786615164922097
0 0.279152859498086 0.5747997710469521 0.006493042753650258 0.010915839991643922
0 0.5375006869189707 0.2981667668875312 0.008291214320920162 0.010797860510965727
0 0.5473344527414574 0.2885258200027404 0.005977387068570223 0.008484033258615895
0 0.6066262760829209 0.29058255533816246 0.006941481757049317 0.010026584760182401
0 0.6626485714105962 0.2965640908632317 0.009919788412820055 0.013777483906694634
0 0.5473310311115621 0.5481409469994758 0.006613192275213464 0.008817589700284572
0 0.5740965107975561 0.6483226941882937 0.007452883856363783 0.010765276681414377
