0 0.5861529350280762 0.6514540036519368 0.009659957885742188 0.0127017339070638
0 0.32600367069244385 0.49261906941731765 0.010225725173950196 0.013447316487630208
0 0.45185327529907227 0.3505637009938558 0.011928081512451172 0.015233898162841797
0 0.701354193687439 0.6261619249979655 0.009312200546264648 0.012117449442545574
0 0.4891643524169922 0.1401866833368937 0.010496425628662109 0.015185785293579102
0 0.7273029939303519 0.3406080399780208 0.009086894989013671 0.012080923716227215
0 0.5117498397827148 0.5339986324310302 0.010218429565429687 0.012858422597249348
0 0.42465260028839114 0.4596735477447509 0.010145330429077148 0.013822205861409505
0 0.5412503004074096 0.40988313357035316 0.00950312614440918 0.011599127451578777
0 0.34556777574716846 0.14345018603804793 0.00890336036682129 0.01129310925801595
0 0.705268406867981 0.3545194943745931 0.009570646286010741 0.011704444885253906
0 0.4807271003723145 0.18030909697214764 0.010605430603027344 0.013979895909627277
0 0.5895958423614502 0.5820988019307454 0.008436965942382812 0.011571439107259114
0 0.2309718960972652 0.45894589491476667 0.008742385706338673 0.013987817130141807
0 0.3155861064073678 0.43165661390360555 0.0074022732265543924 0.013458678593735342
0 0.3155861064073678 0.44795656908935155 0.006056405367180915 0.009570615888878465
0 0.320359568196162 0.45513135436405733 0.005912724676843553 0.006064333001890745
0 0.32195145560915833 0.4510595879199306 0.005847749680394685 0.006064333001890745
0 0.3236408055168279 0.4468145548186071 0.007277199602268922 0.006410866316284612
0 0.4230601633595954 0.2538180973037026 0.007871083864236184 0.011218556312244736
0 0.44599487323986986 0.2614177644829651 0.00759966717926261 0.013389889792034069
0 0.5633825894909789 0.13149964460890534 0.007328250494288824 0.009047222832455369
0 0.6680137215483256 0.14036592298471168 0.008685333919157188 0.01158044522554297
0 0.5887600495360163 0.27878843232127953 0.008685333919157259 0.010494778485648268
0 0.7322037675445969 0.41757283057114564 0.01004241734402555 0.011580445225542989
0 0.6773029555982575 0.4193043412979286 0.005517533753442336 0.0064688326764498075
0 0.67501983818304 0.4220313982105495 0.006659092461051159 0.008878789948068259
0 0.6722610713063187 0.42488529497957145 0.006849352245652653 0.006468832676449736
0 0.671785421844815 0.4178456829493173 0.00875195009166731 0.008117750809662354
0 0.6565170741305476 0.4142307470418896 0.006754222353351907 0.006976192102053674
0 0.665031199491463 0.40877663321664764 0.0072298718148555 0.009766668942875043
0 0.7587906294377896 0.45983250057588326 0.006497499644883078 0.00779699957385958
0 0.762482390599655 0.45211425857347676 0.006320295109113374 0.007481969288047025
0 0.6746276675906728 0.634749692638396 0.00952401147572587 0.013136567552725253
0 0.38311033751228174 0.7796553697602487 0.008257891949574657 0.01078581805658743
0 0.3444330680749883 0.7128057682636921 0.009774647613782293 0.011010522599432875
0 0.35328080944953255 0.7020199502071048 0.00994317602091634 0.013257568027888453
0 0.3810037324231046 0.6328109510106698 0.011796988499392284 0.008763477170977155
0 0.5113675308781176 0.4705282779749426 0.007626584536450096 0.01226235160762549
0 0.5088199756254091 0.5996114674245295 0.009255308957601826 0.0111461785295851
0 0.6253525100068066 0.3289017537177785 0.008564613650558783 0.012235162357941221
