0 0.34135583241780604 0.5450230068630643 0.010915968153211806 0.014626227484809028
0 0.5078210830688477 0.6245667916757089 0.010223600599500868 0.014239671495225694
0 0.3076219028896756 0.3073542842158565 0.010464413960774738 0.014126021773726854
0 0.3217723846435547 0.8025661044650607 0.010040367974175348 0.013238807960792824
0 0.5054344389173719 0.7494560241699219 0.010029559665256076 0.013552460847077546
0 0.36327877044677737 0.34168718126085074 0.009293323092990451 0.012066424334490742
0 0.7742335425482857 0.6495790834780092 0.010413360595703126 0.01410477249710648
0 0.6337695227728949 0.7006542629665798 0.008281283908420138 0.010546648943865741
0 0.6436520682440865 0.5470462092646846 0.009286795722113715 0.012686439796730325
0 0.4744073867797851 0.39373051678692855 0.008813773261176215 0.012252440275969329
0 0.7807751125759549 0.4681701518871166 0.009409417046440972 0.012958696153428819
0 0.3255855242411295 0.3220568197744864 0.00947259267171224 0.013165198432074653
0 0.4755868487887912 0.6563670688205296 0.007922151353624132 0.010248424388744213
0 0.6397401079047066 0.3521681356865544 0.006994883219401044 0.009212437382450811
0 0.5528723186916775 0.6702287179452401 0.008401107788085938 0.011623523853443287
0 0.3792384227297324 0.5066934331856576 0.00796383751763238 0.011481560601128472
0 0.27663884013603846 0.6615818132398884 0.008435991075303819 0.011642060456452547
0 0.6256659825642904 0.692804859302662 0.007860522800021702 0.010175916883680556
0 0.3806453684557509 0.495638224414578 0.0075450167873970745 0.012507054854784271
0 0.3768763675044166 0.3919466153444972 0.005232144076540237 0.007990910953261548
0 0.380824258034897 0.39010743742668297 0.006278572891848242 0.008117750809662354
0 0.3756872438506575 0.3831312453246294 0.006849352245652653 0.007864071096860386
0 0.36821954730505013 0.382179946401622 0.006754222353351978 0.006976192102053674
0 0.3699318853664632 0.3864290815910547 0.005232144076540237 0.005580953681642953
0 0.37330899654313915 0.3732377365253533 0.005327273968840984 0.009893508799276134
0 0.445519756454569 0.33875264859061743 0.006824704090557532 0.011699492726670186
0 0.452762299571079 0.38137222923777286 0.0054319073373824975 0.007056836882753359
0 0.45749780853187405 0.3949287843020096 0.006546144739922468 0.008171074285293472
0 0.4581942069084616 0.38815050676989116 0.004317669934842528 0.006871130648996697
0 0.4616761987913992 0.39065754092560623 0.005153347986747505 0.0066854244152399645
0 0.4536676174606428 0.38852191923740453 0.005292627662065072 0.006499718181483303
0 0.4935942607104572 0.411084439131412 0.006415303463013871 0.008224748029504951
0 0.49532145779665326 0.4737570191162396 0.005428333699473242 0.007895758108324743
0 0.5556499845930718 0.4808303024216138 0.0056750761403584 0.007566768187144532
0 0.5488914283299373 0.5265366793270263 0.006100679993245919 0.0075203350860137165
0 0.5495245177631987 0.5180954868835412 0.005525144144826442 0.00721338263352358
0 0.5407188192823814 0.5171746295260702 0.005870465653878228 0.00844119244348498
0 0.660670856990498 0.477231484461162 0.006368199401949823 0.008176453553120666
0 0.6749796507084592 0.4653336962780953 0.006525438893355897 0.009119890501557678
0 0.6789499478664649 0.4700508810202803 0.005817861182028139 0.007861974570308376
0 0.686497443453961 0.4813197112377223 0.004245466267966549 0.00733784293228787
0 0.6846891893027902 0.4844645010658457 0.00487442423359127 0.006499232311454932
0 0.68315610426158 0.4913830386877171 0.004166846522263512 0.007757148242704233
0 0.6868119224367732 0.49112097286870676 0.00455994525077898 0.007442669259891943
0 0.6911753183232946 0.49096373337730065 0.006053720419137534 0.007547495587496087
0 0.6980152361994629 0.4880810093681876 0.004324086013669586 0.008281279880724881
0 0.6810368058411208 0.48453484098105776 0.003963474783378587 0.005804433016095487
0 0.6751890561607261 0.4791202579436553 0.005782774683945888 0.006930666287875127
0 0.6789900934529827 0.47673784140719816 0.004158399772724977 0.006844032959276731
0 0.7271586976100538 0.4969260486179142 0.0077996618177800766 0.009099605454076709
0 0.6730797629517181 0.3753077995874211 0.008898299896684564 0.011370049867985727
0 0.660381147474158 0.3432986374590699 0.006488343674665771 0.008651124899554432
0 0.6223379454607842 0.7306703173169464 0.0062807166770765125 0.011664188114570635
0 0.6204312993266718 0.7222960284141777 0.005607782747389578 0.007477043663186151
0 0.6183003418826637 0.7305207764436826 0.004486226197911733 0.008374288902768683
0 0.42359812489329274 0.7347079208950669 0.009869697635405928 0.010766942874988387
0 0.3597815572279977 0.6671154461798627 0.008299518466136746 0.009570615888878394
0 0.39993328169930803 0.6240476746799097 0.006505027986972109 0.00837428890276847
0 0.25951619943597704 0.6808199883120993 0.0063832157733791205 0.009348097416751956
0 0.2485286968752426 0.6642864130302323 0.005127501195009429 0.007534287470218004
0 0.2472206608561075 0.671681176658409 0.005860001365725048 0.008092382838382121
0 0.2460172677185033 0.677541178024134 0.005546072721132624 0.007255239786135803
