0 0.4386698484420776 0.7128793398539226 0.00981125831604004 0.012542915344238282
0 0.28065534830093386 0.628889528910319 0.009924674034118652 0.01245257059733073
0 0.5593971967697144 0.7148775418599446 0.007855749130249024 0.009914461771647136
0 0.39668405055999756 0.5053102811177572 0.009092283248901368 0.01253801981608073
0 0.3164159893989563 0.7279629071553549 0.00884854793548584 0.011512947082519532
0 0.6093900866381455 0.4378706754084876 0.010630130767822266 0.014142068227132161
0 0.3754874229431152 0.37337822914123536 0.008808422088623046 0.011328792572021485
0 0.44663023948669434 0.5904800732930502 0.009208393096923829 0.011912218729654948
0 0.5542194843292236 0.20926383336385093 0.010059070587158204 0.013077100118001304
0 0.4299126863479614 0.11978895664215088 0.00805211067199707 0.011174949010213216
0 0.48306684494018554 0.27853050231933596 0.009791755676269531 0.01347764333089193
0 0.6416637182235718 0.5668683687845867 0.008578824996948241 0.011739285786946614
0 0.46116421222686765 0.7003660202026367 0.009190225601196289 0.012018966674804687
0 0.594941234588623 0.6129960060119629 0.009193706512451171 0.012247149149576824
0 0.5240690231323242 0.16126474539438884 0.009369945526123047 0.01164263089497884
0 0.30036537647247313 0.43566902478535974 0.009955644607543945 0.013894176483154297
0 0.5071691513061524 0.41775197982788087 0.008175849914550781 0.011698404947916664
0 0.5051284313201905 0.5537641525268555 0.007174491882324219 0.00892016092936198
0 0.3608035326004028 0.22579220930735272 0.010491275787353515 0.014416837692260742
0 0.5751891613006592 0.714312203725179 0.008411788940429687 0.011013476053873698
0 0.4740718364715576 0.2537664492925008 0.008880329132080079 0.012855768203735352
0 0.5978264808654784 0.37644858360290534 0.010282611846923828 0.01430660883585612
0 0.4555885076522827 0.427632220586141 0.008977079391479492 0.011735630035400391
0 0.36063801050186156 0.28019827206929526 0.010515999794006348 0.013917318979899089
0 0.4641294479370117 0.16271533966064453 0.008817386627197266 0.012222035725911457
0 0.4890707731246948 0.7392620404561362 0.009073972702026367 0.012586911519368492
0 0.6772346258163452 0.45589418411254884 0.009572362899780274 0.012563260396321614
0 0.764816403388977 0.503807544708252 0.007732534408569336 0.0106201171875
0 0.6028216361999512 0.3457380930582682 0.008819007873535156 0.010950724283854164
0 0.5783993244171142 0.14682133197784425 0.008672618865966797 0.010386196772257487
0 0.6434682846069336 0.6170806566874186 0.0088409423828125 0.011141268412272136
0 0.4837510108947754 0.6726049741109211 0.0093170166015625 0.013040987650553386
0 0.415059757232666 0.4252683798472086 0.01017313003540039 0.013698609670003255
0 0.5127365589141847 0.5928640365600587 0.007877254486083984 0.010829416910807292
0 0.5702581644058227 0.5327446937561034 0.009232664108276367 0.011133384704589844
0 0.40585086345672605 0.7973079045613606 0.009592008590698243 0.013316599527994792
0 0.7266782045364379 0.6679943402608235 0.009618711471557618 0.01278858184814453
0 0.35891016721725466 0.3106234550476074 0.007817578315734864 0.011301485697428386
0 0.7116406391101048 0.557520573885561 0.00726318359375 0.009867159525553386
0 0.6924642562866211 0.5482892036437989 0.00904998779296875 0.013008562723795573
0 0.5470368862152098 0.7983539581298829 0.008934593200683594 0.01128552754720052
0 0.7351081848144532 0.5668302853902181 0.008700370788574219 0.011857159932454427
0 0.33103532791137696 0.5438341458638508 0.007442188262939453 0.010444577534993489
0 0.5902619600296021 0.33253529866536463 0.00734400749206543 0.010295359293619792
0 0.4139803409576416 0.6694979349772134 0.008611583709716797 0.010430399576822917
0 0.25612435340881345 0.3358333269755046 0.00713801383972168 0.00894457499186198
0 0.5637311984151028 0.47969093452690503 0.007727718353271485 0.009952290852864584
0 0.3476854205131531 0.6104825019836426 0.009223008155822754 0.013301150004069012
0 0.3038051724433899 0.33541134198506667 0.00790703296661377 0.011410172780354817
0 0.6207574129104615 0.2466341654459635 0.009712743759155273 0.011797300974527995
0 0.4431044101715088 0.7549661000569661 0.00946807861328125 0.013454055786132813
0 0.26416372060775756 0.5009581406911214 0.009997963905334473 0.013498655954996745
0 0.4172385215759277 0.48031360308329263 0.009731006622314454 0.012688541412353515
0 0.3642375707626343 0.5670746485392253 0.00742955207824707 0.009939193725585938
0 0.3734562397003174 0.3571837107340495 0.007881450653076171 0.00942700703938802
0 0.6431410074234009 0.44413859049479165 0.006778287887573242 0.008580907185872396
0 0.6479514598846435 0.27960906028747556 0.010155868530273438 0.01238400141398112
0 0.5472694154701184 0.4838129810204997 0.008274078369140625 0.01117413838704427
0 0.5292691707611084 0.795115343729655 0.009368896484375 0.012897618611653646
0 0.385135293006897 0.6488040924072266 0.009403800964355469 0.012400945027669273
0 0.39855594635009767 0.6320332527160645 0.008707523345947266 0.011588732401529946
0 0.4966421365737915 0.5390381813049316 0.007158803939819336 0.010928026835123698
0 0.4536797523498535 0.48521807988484705 0.00876302719116211 0.011409632364908854
0 0.745925760269165 0.44954727490743 0.009105110168457031 0.012475681304931641
0 0.656673002243042 0.2936467170715332 0.0088348388671875 0.010713831583658856
0 0.23471137634323355 0.3915382735493351 0.008210354720453346 0.01269868196763447
0 0.25326677801145797 0.36395148168861213 0.010509254042180238 0.01532599547817938
0 0.3289662485340374 0.3615431109706125 0.007553526342816994 0.008757711701816788
0 0.4412839011098383 0.512613637826953 0.008867183098089555 0.011385025212361838
0 0.430610439973249 0.5360405166293131 0.006568283776362662 0.010071368457089492
0 0.4161602156652513 0.5419519720280394 0.00788194053163508 0.012260796382543546
0 0.41796649370375094 0.5585916242614913 0.006896697965180678 0.01138502521236191
0 0.4102487602665249 0.5491770841820383 0.005911455398726418 0.009195597286907642
0 0.43044623287883993 0.565159908037854 0.00689669796518082 0.011385025212361838
0 0.30055842120126897 0.5408572580653123 0.007225112153998907 0.011822910797452764
0 0.3123813319987217 0.5450171711236753 0.007881940531635151 0.012260796382543546
0 0.3179643732086299 0.5483013130118566 0.007881940531635117 0.008319826116725864
0 0.31238133199872176 0.553774882825492 0.009852425664543923 0.009633482871998495
0 0.5094298452896006 0.47210922120605003 0.005911455398726418 0.008319826116725935
0 0.5023689402300109 0.4675114225625962 0.00821035472045331 0.01138502521236191
0 0.5036825969852834 0.47276604958368634 0.006239869587544505 0.00875771170181686
0 0.5003984550971019 0.47823961939732185 0.0055830412099081884 0.007444054946544369
0 0.48890395848846746 0.46751142256259626 0.007553526342816923 0.010509254042180274
0 0.48578402369469514 0.48152376128550317 0.006568283776362591 0.007881940531635151
0 0.47740946187983285 0.47889644777495816 0.0062398695875444336 0.009633482871998566
0 0.5038468040796924 0.45765899689805223 0.007225112153998836 0.009195597286907642
0 0.43520823861670294 0.5189629788107701 0.010509254042180274 0.010071368457089492
0 0.3412817806147173 0.5421709148205849 0.006568283776362591 0.010071368457089492
0 0.29037758134790687 0.545455056708766 0.005911455398726382 0.007881940531635151
0 0.450479498396746 0.36351359610352124 0.012151324986270851 0.0126986819676344
0 0.3609866319438052 0.3856268181506087 0.006568283776362591 0.009633482871998566
0 0.3637781525487593 0.3884730744536988 0.008210354720453316 0.0074440549465443
0 0.3664054660593043 0.39285193030460763 0.007553526342817065 0.007444054946544369
0 0.26082030435427506 0.32235235110498217 0.009195597286907642 0.012698681967634436
0 0.320427479624766 0.22382809445954266 0.01018083985336208 0.011822910797452728
0 0.3143518171316305 0.21156729807699912 0.005911455398726382 0.013574453137816108
0 0.5473616840980948 0.297830758339895 0.0062398695875444336 0.009195597286907678
0 0.5448985776819587 0.289510932223169 0.0065682837763625206 0.009195597286907678
0 0.48705371339403425 0.1659156247820095 0.0071371780421323906 0.008972452395823574
0 0.48756351182561525 0.1728488834515095 0.006117581178970619 0.007612989911607919
0 0.49011250398351963 0.17597564716520558 0.006321500551602952 0.006797312421078452
0 0.4828733662550711 0.17515996967467617 0.0061175811789706104 0.007884882408450977
0 0.4742067929181961 0.1830448520831272 0.007952855532661758 0.010060022383196063
0 0.478183220684527 0.19691136942212722 0.009788129886352977 0.008972452395823538
0 0.5701508577417184 0.19419244445369582 0.008972452395823467 0.012778947351627466
0 0.5714763336638287 0.18685134703893114 0.007137178042132319 0.009516237389509819
0 0.5955388196344464 0.22505224284539196 0.006729339296867707 0.011419484867411818
0 0.5973740939881376 0.23538415772543123 0.005913661806338126 0.007612989911607855
0 0.6051230301481669 0.24082200766229397 0.008360694277926371 0.010875699873725502
0 0.5190690548973138 0.10800252295442114 0.007137178042132462 0.010060022383196098
0 0.531814015686836 0.11112928666811722 0.008972452395823609 0.01087569987372552
0 0.576880197038586 0.13328852516083295 0.008564613650558854 0.012235162357941204
0 0.6531460424030859 0.3406065540037255 0.01019596863161766 0.012507054854784342
0 0.5832016975901888 0.32660409041630395 0.008972452395823538 0.013322732345313747
0 0.6524323245988728 0.3499868451448138 0.007545016787397146 0.01114759237056866
0 0.6673184388010347 0.3609984912669609 0.009584210513720564 0.010331914880039293
0 0.6971926268916744 0.3064840456499117 0.006525419924235223 0.01006002238319617
0 0.7023925708937995 0.307027830643598 0.008768533023191196 0.01060380737688238
0 0.6500872518136009 0.3756806860964903 0.01019596863161766 0.014682194829529465
0 0.6234294839874912 0.4856172904312994 0.005428333699473384 0.007599667179262539
0 0.7723308486975222 0.4874909702799009 0.009392645800198522 0.012041853589998154
0 0.6928546150035342 0.5746739902714875 0.01156017944639828 0.011078505302798263
0 0.6513102201180406 0.6442759040216768 0.007225112153998907 0.008670134584798674
0 0.6460720138063913 0.6476476230268764 0.006863856546299019 0.009633482871998495
0 0.6834619692033357 0.6599303136886744 0.007947623369398827 0.011078505302798334
0 0.6021794574708481 0.6873857398738701 0.008670134584798674 0.011078505302798334
0 0.5669570357201035 0.6873857398738703 0.006141345330899099 0.010115157015598585
0 0.5740015200702524 0.6871449028020703 0.008670134584798674 0.007706786297598853
0 0.5534099504313557 0.6365691177240781 0.007947623369398756 0.010596831159198317
0 0.5604544347815045 0.6329565616470785 0.006863856546298948 0.007225112153998907
0 0.5212582013460606 0.6801606277198715 0.00578008972319914 0.010115157015598442
0 0.531553986165509 0.6955742003150689 0.007586367761698866 0.010115157015598585
0 0.49470591418011467 0.6216372192724803 0.007586367761698795 0.01348687602079778
0 0.5651507576816038 0.7485583561110609 0.008308878977098786 0.011078505302798192
0 0.5842973048897009 0.7680661589268578 0.008308878977098715 0.01156017944639828
0 0.58989676680905 0.7444641258904615 0.008670134584798603 0.010596831159198246
0 0.5938705784937494 0.728568879151664 0.007947623369398827 0.010596831159198246
0 0.6057920135478476 0.7463908224648611 0.007225112153998836 0.008670134584798745
0 0.5873679775551506 0.8082859499174516 0.007225112153998836 0.012041853589998083
0 0.6435432245524919 0.7950399109684538 0.008308878977098715 0.008670134584798745
0 0.33593407459598895 0.7297730645106637 0.007947623369398827 0.014931898451597618
0 0.32780582342274023 0.7114694470538666 0.007586367761698795 0.013005201877197834
0 0.33557281898828906 0.709301913407667 0.007225112153998978 0.014450224307997814
0 0.3017954196683442 0.662820358550274 0.007586367761698795 0.010115157015598585
0 0.3023373030798941 0.6551135722526752 0.006502600938599024 0.009151808728398549
