0 0.7345398664474487 0.3560983498891194 0.009122800827026368 0.011868699391682941
0 0.6971449613571167 0.6623291969299316 0.009717893600463868 0.012749799092610677
0 0.4065333366394043 0.3872609933217367 0.010199737548828126 0.012920729319254557
0 0.2456217885017395 0.5183193047841389 0.010550999641418457 0.013367748260498047
0 0.5539361238479613 0.3472212950388591 0.00939164161682129 0.012954107920328776
0 0.7257298946380615 0.505244493484497 0.01038808822631836 0.012327988942464195
0 0.56887845993042 0.1104042371114095 0.009841060638427735 0.012368710835774739
0 0.5328843593597413 0.11854198773701985 0.008969688415527343 0.011701138814290364
0 0.5670588016510009 0.6393337249755859 0.009968852996826172 0.012517293294270836
0 0.5514280796051025 0.5162866751352946 0.00825328826904297 0.010813045501708984
0 0.4405646800994873 0.30477617581685384 0.009314537048339844 0.011942005157470703
0 0.36737087965011594 0.6010568300882976 0.008559536933898926 0.012082099914550781
0 0.38569393157958987 0.6469459851582846 0.009090137481689454 0.012088203430175781
0 0.33712196350097656 0.7153598467508953 0.010047626495361329 0.012065442403157552
0 0.5887838125228881 0.7528017679850261 0.009589052200317383 0.013209915161132813
0 0.30823142528533937 0.2531310876210531 0.011357545852661133 0.013721179962158204
0 0.5665050745010376 0.5238057772318523 0.009778738021850586 0.012800788879394532
0 0.425191855430603 0.3344327131907145 0.010225152969360352 0.012485154469807943
0 0.3084959387779236 0.4322042942047119 0.0097212553024292 0.012074120839436849
0 0.5492773532867432 0.5781925201416016 0.009289360046386719 0.011850229899088542
0 0.223850817696995 0.490519958171612 0.008061075543717777 0.011942334138841205
0 0.45254651645580296 0.3810485618989014 0.006866842129833728 0.010350022920328925
0 0.5388593605860954 0.5137656027230239 0.008732835642407366 0.009805289142352009
0 0.502549149230823 0.5487990837212193 0.007507174499613356 0.010826673428013649
0 0.447700813090791 0.5113142804374359 0.009958496785201235 0.008988181713822669
0 0.6211189114519242 0.39534812665032204 0.00807520715624122 0.009570615888878465
0 0.5095240347788688 0.3077171749177786 0.010991254184883914 0.011365106368043172
0 0.3781897628350015 0.1442690004405263 0.015701791692691175 0.016449496059009833
0 0.2820723665447417 0.2661448121504628 0.010991254184883807 0.010766942874988281
0 0.32233624667099997 0.7277774879155846 0.011215565494779476 0.009869697635405999
0 0.4624186597007951 0.6205566817854931 0.00874814108592787 0.013757760340262805
0 0.6619435698529214 0.6251924488566686 0.0076265845364500255 0.01106602462151571
0 0.71286223719922 0.585564117441781 0.008972452395823609 0.014954087326372587
0 0.7333867220546663 0.4626415196189986 0.012785744664048622 0.012561433354152954
