0 0.4318772633870443 0.2615245112666377 0.0108795166015625 0.014204858850549769
0 0.2911207622951931 0.5139215540002894 0.011628765530056423 0.01561290599681713
0 0.468857913547092 0.4608598779748987 0.01071133083767361 0.01394031665943287
0 0.4698974609375 0.24001644982231987 0.010386233859592014 0.014243924176251447
0 0.3724675920274522 0.8307396782769098 0.010036044650607638 0.012776466652199074
0 0.45133942498101126 0.5791628519694011 0.010055118136935763 0.014908797652633102
0 0.6622922940810202 0.6984596194401813 0.010528013441297744 0.013428469057436342
0 0.3668482462565104 0.326272710164388 0.010584089491102431 0.013601995397497107
0 0.3814486609564887 0.5989373101128472 0.011748843722873263 0.015017474139178241
0 0.500930913289388 0.356681145562066 0.010616726345486112 0.014625492802372686
0 0.5786201477050782 0.6603610003436053 0.012895456949869792 0.017258594654224538
0 0.6367810355292426 0.7146721451370804 0.009666993882921008 0.0136617589879919
0 0.48497278203074173 0.28586870382677704 0.00735396685676399 0.00796679742816103
0 0.47685277695973144 0.24715823940019954 0.0055154751425730095 0.0081710742852934
0 0.49876146988717435 0.25369509882843433 0.006434720999668642 0.0077625205710287306
0 0.5862025405796465 0.4144179814218727 0.009345666213804265 0.011439503999410761
0 0.7198060705067217 0.33779725608731936 0.009421075015614662 0.012860515100680417
0 0.6308666361331209 0.4556354642191353 0.008299518466136746 0.009869697635405928
0 0.5717779833979317 0.7356585493141019 0.009866911208769823 0.011264815429289926
0 0.5070583372942558 0.8543275025865742 0.00796679742816103 0.00796679742816096
0 0.2570907581269113 0.4399851841030688 0.006824704090557603 0.0081710742852934
