0 0.4743704689873589 0.2606933311179832 0.010318544175889757 0.014404070818865739
0 0.2856784290737576 0.6659658643934462 0.009847068786621093 0.013469385217737268
0 0.5815759234958225 0.6093866418909143 0.010922114054361977 0.01468799732349537
0 0.3764026217990451 0.5361204359266494 0.01198272705078125 0.015271674262152778
0 0.5228974872165256 0.18678202452483 0.010037612915039063 0.013551881578233506
0 0.45854528215196405 0.8243849577727141 0.00919999016655816 0.013103682906539354
0 0.6596417321099175 0.834590431495949 0.010602145724826388 0.014894838686342593
0 0.602577739291721 0.8292347095630787 0.01022538079155816 0.01420028121383102
0 0.5856144163343641 0.31706613611291956 0.009274249606662326 0.013151945891203705
0 0.7483705308702259 0.3529896347611039 0.009082878960503473 0.013115353054470487
0 0.5390515645345052 0.4665848343460648 0.008893839518229167 0.01193915473090278
0 0.6936536365085177 0.7604088112160012 0.01030871073404948 0.01452885380497685
0 0.5078658421834309 0.3919156674985533 0.009435145060221355 0.013143299244068287
0 0.6292451646592881 0.7825047810872396 0.010458797878689237 0.013697871455439815
0 0.4554008695814345 0.606673742223669 0.009503979153103298 0.012940922489872685
0 0.5919519424438476 0.481751788104022 0.010046598646375868 0.012618453414351851
0 0.2565216600751929 0.48586505095377475 0.006906430181033159 0.008901621122220362
0 0.25335621290888605 0.47742385851028984 0.006330894332613646 0.009208573574710855
0 0.26101083969286437 0.4653759747500431 0.005985572823562073 0.006599477728542809
0 0.2582482676204511 0.4621529739988944 0.00575535848419424 0.006906430181033159
0 0.2582482676204511 0.44573101779066 0.007366858859768684 0.008748144895975259
0 0.2509965159303663 0.44312192194449196 0.00575535848419424 0.007827287538504209
0 0.2519718495976051 0.46775986119331947 0.006933258669500049 0.010060022383196027
0 0.24677190559548007 0.4774120448312509 0.007137178042132319 0.011419484867411782
0 0.2942404999086517 0.3782655142029906 0.006837365879222794 0.01249296481635767
0 0.2884160771226471 0.3824016985002983 0.00455824391948191 0.006921777803657605
0 0.29221461372221536 0.357922240414192 0.004558243919481839 0.008947663990093986
0 0.2889225486692562 0.35167575800601314 0.004558243919481874 0.00793472089687576
0 0.28430099580644824 0.34205279862044036 0.005697804899352335 0.007259425501397061
0 0.28468084946640504 0.34897457642409807 0.005444569126047761 0.00658413010591822
0 0.28771967874605964 0.35868194773410567 0.005191333352743257 0.007765897048006138
0 0.3612213619477045 0.3218783486805114 0.008356780519049992 0.008778840141224294
0 0.355903410708309 0.31242421314380825 0.0053179512393955975 0.009116487838963749
0 0.3573595164048102 0.30803479307319614 0.006204276445961341 0.009116487838963714
0 0.34292507732645094 0.3065997903578037 0.005444569126047796 0.007597073199136482
0 0.3500156789789783 0.31833304785424776 0.006204276445961483 0.006415306257048527
0 0.3468502318126714 0.31537863049902803 0.005444569126047796 0.00624648240817887
0 0.35096531312887036 0.2880291669821369 0.0045582439194817685 0.007597073199136411
0 0.33912654072688275 0.30845685269537043 0.0074704553124841765 0.008610016292354637
0 0.35862569527133287 0.29436006131475057 0.004938097579438576 0.007090601652527368
0 0.4041448255228254 0.31428127548137497 0.005064715466090988 0.007090601652527333
0 0.4069937279725015 0.31748892860989925 0.00569780489935225 0.0060776585593091716
0 0.3907233295376843 0.33183895576382355 0.004811479692786378 0.006752953954787984
0 0.4098426304221776 0.3114112700505901 0.006077658559309072 0.00810354474574556
0 0.44776468747453363 0.27604267371238833 0.006204276445961341 0.008272368594615215
0 0.5753795552230262 0.32155325434747667 0.008882727871865299 0.01250161700484746
0 0.6012875115159667 0.4753560424992187 0.006908788344784185 0.009540707714225646
0 0.7289767246740305 0.5520106941342047 0.006168561022128641 0.010856667398946626
0 0.668898189080233 0.5592376459884177 0.005317951239395455 0.008272368594615215
0 0.6577558150548327 0.5186355103352553 0.00633089433261361 0.0074282493502666825
0 0.6561097825283534 0.5282584697208281 0.006584130105918149 0.008103544745745452
0 0.6484494003858907 0.5355178952222251 0.006204276445961625 0.007090601652527368
0 0.6412321808467112 0.5442967353634495 0.0074704553124841765 0.006752953954787913
0 0.6367372458705554 0.5474199765675389 0.006077658559309072 0.007934720896875832
0 0.6392062946602748 0.5517249847137162 0.0041783902595251025 0.006077658559309143
0 0.6482594735559124 0.5872624049007876 0.00633089433261361 0.00996060708331214
0 0.64534726216291 0.5782303289862589 0.007343837425831907 0.008778840141224436
0 0.6546536768318522 0.5843079875455679 0.004938097579438647 0.006415306257048527
0 0.6638967825574682 0.5589844102151131 0.00671074799257056 0.009454135536703134
0 0.6669989207804489 0.5637114779834649 0.006077658559309072 0.007090601652527297
0 0.6654161971972954 0.5524002801091951 0.006710747992570419 0.00844119244348498
0 0.6573126524515499 0.5569585240286767 0.006204276445961341 0.008103544745745523
0 0.6521213190988067 0.556367640557633 0.005951040672656802 0.008272368594615215
0 0.6585788313180726 0.5799185674749558 0.005444569126047866 0.008103544745745523
0 0.6592318773075951 0.5433988615846645 0.004756494615036502 0.00710303195845448
0 0.7465098116253653 0.7040471929763197 0.006505027986972039 0.011664188114570493
0 0.5380124490774155 0.7613213474363266 0.007626584536450096 0.010168779381933462
0 0.4502519412479543 0.8503699044178122 0.005153347986747576 0.0072425431165102335
0 0.4459342713131118 0.8504627575346908 0.004874788636112442 0.007428249350266896
0 0.44711814855331056 0.8367204962366973 0.005292627662065001 0.0081710742852934
0 0.37599957858171407 0.771639003791738 0.007044487418208547 0.010381349879465348
0 0.3695112349070483 0.7760881537400803 0.005190674939732603 0.009392649890944824
0 0.2809349020577367 0.7354596487859181 0.006592501536440701 0.009487621258792983
0 0.39677698528561633 0.6483694897505538 0.0065726078782328305 0.00786465899959481
0 0.4345592912464735 0.666090419206763 0.005336786958071045 0.007115715944094774
0 0.43649518455479347 0.6621837516296131 0.005232144076540237 0.005999525207766112
0 0.4370183989624475 0.6579282744473605 0.004813572550417078 0.006139049049807284
0 0.41849660893149504 0.6226985043319895 0.006487858654909857 0.008231906680423293
0 0.4350825056541276 0.6126527877050322 0.005336786958071116 0.005999525207766254
0 0.44235518592051853 0.6169780268083055 0.005022858313478622 0.007115715944094631
0 0.43262339793815363 0.6160711218350384 0.004604286787355392 0.005860001365725153
0 0.4359719701471394 0.6167687410452438 0.004395001024293847 0.006697144417971401
0 0.4527671526328336 0.6279306484085297 0.005755358484194275 0.007813335154300063
0 0.44842447304930516 0.6309304110124129 0.004604286787355534 0.006557620575930443
0 0.4453375080441464 0.631348982538536 0.004290358142762969 0.007952858996341093
0 0.4423028644797531 0.6307211252493512 0.00470892966888627 0.008371430522464252
0 0.448267508727009 0.6435573187171297 0.0038717866166398094 0.007813335154300063
0 0.4520869739028834 0.6572306552371551 0.006278572891848242 0.008371430522464323
0 0.45224393822517955 0.6520682730816353 0.004918215431947814 0.006418096733889342
0 0.44460500787343077 0.6530449399759228 0.0055460727211325885 0.006418096733889342
0 0.4571015740094374 0.6342134854978003 0.005932199931123066 0.008651124899554432
0 0.45459892716349487 0.6401456854289234 0.004634531196189826 0.006179374928253196
0 0.4545062365395711 0.6476845228413921 0.005190674939732674 0.007909599908164183
0 0.4535793303003332 0.5456012490266504 0.008527537400989403 0.01186439986224599
0 0.5564413174478786 0.5232449742978528 0.004090585368931485 0.006722512389251705
0 0.552208037240496 0.5214057963800386 0.003995455476630667 0.006849352245652582
0 0.5510664785328874 0.5257817714258722 0.005517533753442407 0.0062151529636478384
0 0.5346090071648608 0.5082144513143372 0.006468832676449879 0.007356711671256519
0 0.4921548808518373 0.4582868396698463 0.004834501126723154 0.005985572823562038
0 0.46550757107001783 0.4242151174434163 0.007021537350716969 0.006599477728542738
0 0.4919822200973114 0.45107345703632307 0.005179822635774798 0.007520335086013567
0 0.49652895329982494 0.44125097855663126 0.005064715466090917 0.006906430181033088
0 0.49048582689142095 0.427438118194565 0.005179822635774869 0.006292525276052317
0 0.4938239348122536 0.4462389559095996 0.004949608296406964 0.006139049049807213
