0 0.5052862405776978 0.47002269426981613 0.011247682571411132 0.015443579355875653
0 0.6331754446029663 0.6017003059387206 0.008630704879760743 0.011597251892089844
0 0.38681926727294924 0.76920534769694 0.009403085708618164 0.012360763549804688
0 0.3092181921005249 0.669735050201416 0.009257221221923828 0.011883989969889324
0 0.309587013721466 0.5301063219706217 0.008733105659484864 0.011815579732259114
0 0.5974442958831786 0.21039467652638755 0.009003257751464844 0.012323268254597982
0 0.3942284345626831 0.6640905698140463 0.007894515991210938 0.009294827779134115
0 0.6266776084899902 0.7123892148335775 0.009640693664550781 0.012609418233235676
0 0.522404146194458 0.7615110397338867 0.009631538391113281 0.012715784708658855
0 0.3032430768013 0.4661405563354492 0.00816175937652588 0.01199493408203125
0 0.7239745616912842 0.46676635742187506 0.008232688903808594 0.010920206705729164
0 0.7160306692123413 0.42276434898376464 0.007494020462036133 0.010004583994547527
0 0.2893701076507568 0.2353617270787557 0.008883237838745117 0.011656204859415688
0 0.549373197555542 0.7309059460957844 0.010099506378173828 0.013040224711100258
0 0.3660179376602173 0.6052632967631021 0.008744001388549805 0.011172040303548176
0 0.38368245363235476 0.35957601865132655 0.009141993522644044 0.011521307627360027
0 0.7494516611099243 0.41650784810384117 0.009105253219604491 0.012168121337890626
0 0.6890767335891723 0.28297452926635747 0.007517099380493164 0.009177970886230468
0 0.6868006229400635 0.31789840062459307 0.008748054504394531 0.011324755350748698
0 0.36396456956863404 0.6801616032918294 0.009384989738464355 0.014056396484375
0 0.6870121240615845 0.4451377709706625 0.008173894882202149 0.010524972279866535
0 0.688095498085022 0.38113153775533043 0.009741735458374024 0.01284640630086263
0 0.711188268661499 0.2306794087092082 0.008721256256103515 0.011117156346638997
0 0.5862617151818248 0.14994502972587015 0.008066129684448243 0.010576605796813965
0 0.6796217203140259 0.539922014872233 0.007648897171020508 0.009639867146809896
0 0.5340553045272827 0.12080925703048706 0.008176946640014648 0.010725919405619304
0 0.5043174266815186 0.2184903303782145 0.008434009552001954 0.011438910166422527
0 0.6431822538375853 0.6985862414042155 0.008288908004760741 0.011978721618652344
0 0.3368875026702881 0.37358942031860354 0.008388948440551759 0.010495185852050781
0 0.2637838363647461 0.3583278814951579 0.009646177291870117 0.013373978932698568
0 0.4027843356132507 0.2416776180267334 0.010700631141662597 0.014400196075439454
0 0.47622745037078856 0.16282442410786946 0.010036611557006836 0.011697483062744141
0 0.3289210626834153 0.16681494202153324 0.00999155044555664 0.012554121017456055
0 0.6643580675125123 0.5685320218404134 0.00844731330871582 0.011086972554524739
0 0.7053811550140381 0.29675354957580563 0.008003520965576171 0.010279242197672527
0 0.6583634138107299 0.5468815803527832 0.00925135612487793 0.011187426249186198
0 0.6759772777557373 0.6126555442810058 0.009187889099121094 0.011977577209472656
0 0.5588620662689209 0.7732122739156086 0.008149051666259765 0.011789385477701824
0 0.25378392934799193 0.6080976486206054 0.009506440162658692 0.01288134256998698
0 0.5608510732650757 0.3492459297180175 0.009200334548950195 0.011547215779622396
0 0.6246398448944092 0.4975483099619548 0.009101581573486329 0.011468283335367839
0 0.46018054485321047 0.643179988861084 0.007891035079956055 0.011250241597493488
0 0.6095136642456055 0.12423264185587564 0.008017539978027344 0.011021693547566734
0 0.47838664054870605 0.25669879118601485 0.0070590972900390625 0.009926398595174154
0 0.4592468738555908 0.32357063293457033 0.006911849975585938 0.009370358784993489
0 0.42341740131378175 0.5432365417480469 0.0076482295989990234 0.010663986206054688
0 0.64203360080719 0.6370368639628093 0.00861048698425293 0.011689694722493489
0 0.3131728649139405 0.49796298344930007 0.008721399307250976 0.011598014831542968
0 0.28626459318028064 0.44002158686925846 0.00802762508392334 0.011603641510009765
0 0.6373423576354981 0.2720314106862669 0.008666133880615235 0.010934543609619141
0 0.6170454531341447 0.14979425271352131 0.00956411361694336 0.013642040888468425
0 0.5992910385131835 0.5516449292500815 0.008545494079589844 0.012916247049967446
0 0.45546348094940187 0.574252986907959 0.009344148635864257 0.013061332702636718
0 0.49706735610961916 0.539812437693278 0.009085750579833985 0.012825457255045573
0 0.727034044265747 0.43482467333475744 0.008759117126464844 0.011636511484781903
0 0.2713336244446228 0.4461410553733838 0.009031390192498599 0.011078505302798263
0 0.2691660907984231 0.4540886787427824 0.006863856546298877 0.007706786297598783
0 0.2615797230367242 0.45384784167098247 0.007586367761698831 0.010115157015598513
0 0.2512839382172758 0.45360700459918246 0.0072251121539988715 0.009633482871998566
0 0.34105147835541016 0.41671025855494975 0.007871083864236255 0.01592311218512144
0 0.3470226454248308 0.36459825504000654 0.008413917234183544 0.01230422305213935
0 0.25949076452082465 0.333656752953009 0.007599667179262539 0.009771000659051907
0 0.44500406870032294 0.3356471419761492 0.007328250494288824 0.010132889572350123
0 0.4486681939474673 0.3258761413170974 0.006514000439367891 0.012304223052139384
0 0.4551821943868353 0.34179925350221896 0.0059711670694206735 0.009409111745753691
0 0.424783525669785 0.3081435845654848 0.007599667179262539 0.010132889572350052
0 0.43984715168582333 0.3074198067388883 0.007328250494288824 0.008685333919157151
0 0.3567936460838827 0.224909134506895 0.006785417124341464 0.00940911174575362
0 0.428040525889469 0.22762330135663164 0.010856667398946555 0.011218556312244736
0 0.43523306804127104 0.21568096721779045 0.007871083864236184 0.009771000659051836
0 0.3129598514606362 0.24698435821808623 0.0054283336994732775 0.011580445225542952
0 0.31526689328291235 0.2431845246284549 0.005156917014499634 0.009047222832455439
0 0.39411344026776135 0.13045612813606045 0.007599667179262539 0.01013288957235007
0 0.4432398602479941 0.1351606840089373 0.009228167289104548 0.01013288957235007
0 0.5337573246867106 0.24119413560531477 0.008413917234183615 0.01085666739894645
0 0.5659202018560896 0.18636796524063493 0.00759966717926261 0.008323445005858972
0 0.567955826993392 0.18003490925791613 0.005699750384446958 0.007961556092560756
0 0.5710771188705891 0.17370185327519735 0.006514000439367962 0.009771000659051836
0 0.5709414105281023 0.15434079641374276 0.006785417124341606 0.01085666739894652
0 0.6107039548767438 0.2346801351659468 0.008685333919157188 0.011580445225542918
0 0.6879220017517508 0.18238718719435454 0.007871083864236112 0.011942334138841134
0 0.7365055883620364 0.253317414200805 0.007328250494288966 0.0126661119654376
0 0.5906191201886929 0.3575414212306913 0.008685333919157188 0.009771000659051836
0 0.7318915047174842 0.3323901417564653 0.010585250713972982 0.011580445225542918
0 0.7347413799097076 0.35609386557749845 0.008685333919157188 0.010494778485648268
0 0.7740967992308887 0.41490081398845857 0.010856667398946484 0.011580445225542989
0 0.6584732914321085 0.4185197031214409 0.006514000439367891 0.008685333919157259
0 0.7138422951667357 0.4702698177230858 0.008142500549209756 0.007961556092560756
0 0.7123495033993805 0.4747934291393135 0.007871083864236397 0.006875889352666036
0 0.6921289603688426 0.46339392837041965 0.00759966717926261 0.00940911174575362
0 0.6820865430248171 0.47063170663638393 0.00759966717926261 0.00940911174575362
0 0.7496692975832591 0.48492631871166353 0.00597116706942046 0.009047222832455404
0 0.5367429082214209 0.537400211139905 0.008413917234183544 0.013389889792034069
0 0.5892620367638246 0.537400211139905 0.008142500549209827 0.013389889792034069
0 0.6852078349020142 0.5261816548276603 0.008413917234183544 0.012666111965437566
0 0.7225276290858929 0.6038068267301278 0.008142500549209756 0.010856667398946555
0 0.7460051723361147 0.6047115490133733 0.01004241734402555 0.013389889792033998
0 0.6747582925305283 0.6271486616378628 0.008142500549209756 0.014113667618630359
0 0.5661916185410633 0.6506714410022468 0.010313834028999196 0.008323445005859043
0 0.5682272436783657 0.6570044969849655 0.007871083864236326 0.011580445225542918
0 0.6681085837486735 0.7080308337600141 0.011128084083920272 0.01230422305213935
0 0.7227990457708665 0.673108553626736 0.008685333919157188 0.016285001098419655
0 0.6926717937387901 0.7185256122456625 0.010313834028999196 0.015199334358525078
0 0.5471924505929069 0.7780563384832191 0.011942334138841134 0.011942334138841205
0 0.43414740130137647 0.8044742291539887 0.007871083864236184 0.012666111965437637
0 0.4839523629940436 0.6857746655921738 0.010313834028999125 0.015561223271823223
0 0.4545036526744012 0.6693087200371051 0.009499583974078192 0.01230422305213935
0 0.45043240239979626 0.637462495666862 0.009499583974078263 0.010132889572350194
0 0.4060557744066024 0.6734704425400344 0.0048855003295259535 0.011942334138841063
0 0.3650718549755794 0.6874031657020158 0.008142500549209898 0.010856667398946484
0 0.35340093752171187 0.719611278985557 0.009228167289104548 0.014475556531928504
0 0.4082271078863917 0.5176772653651521 0.007056833809315179 0.007961556092560685
0 0.41474110832575967 0.4845644297983654 0.007599667179262468 0.009047222832455475
0 0.47350282062255755 0.45090876086163123 0.006785417124341606 0.009771000659051765
0 0.477166945869702 0.6808891652626479 0.008142500549209898 0.013028000878735782
0 0.7233418791408138 0.3750930335256548 0.00759966717926261 0.008685333919157259
0 0.6709584589408969 0.26634541507954074 0.008142500549209898 0.011218556312244736
