0 0.6239054441452027 0.6411341031392417 0.010143709182739259 0.01318658192952474
0 0.6801247596740723 0.31829643249511713 0.00846099853515625 0.011175028483072917
0 0.568388342857361 0.6922908782958984 0.009309911727905273 0.01181182861328125
0 0.2988656208913495 0.21383664888206827 0.00940399169921875 0.012869787216186524
0 0.6510897636413574 0.7162624359130859 0.00866994857788086 0.011543019612630207
0 0.5692985534667969 0.5813292503356934 0.00783395767211914 0.009977149963378906
0 0.6094018936157226 0.370077101389567 0.008515548706054688 0.011013539632161458
0 0.2886784911155701 0.5798017501831055 0.008812022209167481 0.011254119873046874
0 0.4281059503555298 0.4694174130757649 0.009189176559448241 0.011723073323567708
0 0.6431441068649292 0.39920075734456384 0.009425973892211914 0.012230300903320312
0 0.5785876512527465 0.2629313548405965 0.00832972526550293 0.010993305842081707
0 0.7205770969390869 0.47975262006123864 0.009124183654785156 0.011019865671793617
0 0.34001836776733396 0.5586277961730958 0.009998464584350586 0.014138857523600258
0 0.5917485475540161 0.22916016578674317 0.009215593338012695 0.012480926513671876
0 0.3863463044166565 0.19294545650482178 0.007509160041809082 0.011424970626831055
0 0.2530085682868958 0.304737138748169 0.007908034324645995 0.010986169179280601
0 0.45040578842163087 0.14875434239705404 0.007546138763427734 0.010022894541422528
0 0.5447867393493652 0.6284800211588543 0.009360980987548829 0.011862818400065105
0 0.5782622575759888 0.6172617912292481 0.00867304801940918 0.011112912495930988
0 0.7616454124450683 0.38289438883463545 0.009675884246826172 0.012384859720865886
0 0.6614865242177567 0.365052655968624 0.009692192077636719 0.011860974629720052
0 0.6209034442901611 0.44540559450785316 0.009949302673339844 0.013372262318929039
0 0.5706459045410156 0.6493613243103027 0.009667301177978515 0.012268257141113282
0 0.4975946664810181 0.3443175474802653 0.007806921005249023 0.011291790008544921
0 0.5873708009719849 0.5677281697591146 0.008926057815551757 0.0114288330078125
0 0.5064803011764267 0.4566347212626294 0.007239532470703124 0.009132099151611329
0 0.5581552743911744 0.5104558308919271 0.009348249435424805 0.012114906311035156
0 0.5166216135025025 0.2507217248280843 0.008449602127075195 0.011318906148274738
0 0.29237313894017924 0.6686289636642745 0.010942459106445312 0.015719286600748696
0 0.24492026567459108 0.4684334278106689 0.009083247184753418 0.011487420399983723
0 0.6971026241428707 0.24028584913171355 0.008939075469970702 0.011076847712198891
0 0.7425483465194702 0.601419226328532 0.008938837051391601 0.011822700500488281
0 0.2868241906166077 0.31875352859497075 0.008275055885314941 0.010993766784667968
0 0.5017562717580111 0.462079946076476 0.0070830821990966785 0.009053579966227214
0 0.44242770671844484 0.2046366532643636 0.008945703506469727 0.012674395243326824
0 0.42210633754730226 0.4398467858632405 0.010061311721801757 0.013423951466878255
0 0.7237778410217807 0.41466576192414295 0.008970165252685547 0.011321481068929036
0 0.26986290216445924 0.3225341478983561 0.00893232822418213 0.012725512186686196
0 0.7670545101165771 0.44994583129882815 0.008610343933105469 0.01270001729329427
0 0.7327229499816894 0.5842270851135254 0.008560466766357421 0.010388374328613281
0 0.4937042474746704 0.30994253158569335 0.007276582717895508 0.009079170227050782
0 0.4974080562591553 0.18477309544881187 0.007249069213867187 0.009335835774739584
0 0.5470622062683106 0.6848144213358561 0.00767812728881836 0.010908063252766926
0 0.4923581123352051 0.3241825739542643 0.008701610565185546 0.010187276204427083
0 0.3867876172065735 0.2127413272857666 0.007614541053771973 0.011571725209554039
0 0.699282193183899 0.5918244679768881 0.008376646041870116 0.009985224405924479
0 0.605094051361084 0.28630019823710123 0.009246826171875 0.012105909983317058
0 0.2252650296955901 0.4527612453366841 0.012337122044257355 0.01283060692602767
0 0.3398768934867412 0.5016162486319433 0.010609924958061257 0.011185657320126694
0 0.34641556817019764 0.5136243807550205 0.00888272787186537 0.013488586768388018
0 0.35394121261719463 0.4397661434500663 0.009129470312750456 0.008553737950685161
0 0.29583336778874236 0.29830047734258164 0.00888272787186537 0.01579151621664952
0 0.34357803010001836 0.26902037435754417 0.00715553078566927 0.0072377782659643584
0 0.34542859840665696 0.27395522317524706 0.005428333699473242 0.005921818581243521
0 0.35850594777356987 0.20239991531855422 0.007895758108324671 0.01085666739894645
0 0.34604545450886987 0.1974650665008513 0.008142500549209827 0.010198687556586102
0 0.40773106473015674 0.13972733533372675 0.008635985430980143 0.01315959684720788
0 0.43191182393690125 0.11258566683636051 0.009129470312750385 0.01217262708366727
0 0.4770656906188833 0.07985116967893091 0.009129470312750385 0.01315959684720787
0 0.5180249358058178 0.08889839251138636 0.009622955194520841 0.014804546453108873
0 0.5195053904511288 0.17756117626944942 0.011596894721601813 0.009869697635405891
0 0.506674783525101 0.25224188837735406 0.0071555307856693414 0.011843637162487042
0 0.5936514939371155 0.20322239012150475 0.006908788344784185 0.015133536374289065
0 0.6300460039676749 0.11998794006291494 0.007649015667439585 0.011185657320126711
0 0.57181478791878 0.20519632964858592 0.009622955194520841 0.010527677477766275
0 0.5724316440209929 0.2981359823819915 0.008882727871865228 0.008882727871865299
0 0.5714446742574523 0.3043867908844153 0.007895758108324743 0.00822474802950488
0 0.5034671317935941 0.3353118434753537 0.009129470312750528 0.009540707714225717
0 0.5762561518547127 0.3124470439533301 0.006662045903898814 0.007895758108324777
0 0.5890867587807403 0.3287320450517498 0.008142500549209827 0.009540707714225717
0 0.5885932738989701 0.3354763384359438 0.008142500549209898 0.007895758108324743
0 0.7225744192996052 0.2408917360966373 0.009129470312750528 0.01085666739894652
0 0.6397923303826382 0.5447139283065492 0.008882727871865228 0.011185657320126694
0 0.5387513008401703 0.5499777670454322 0.007649015667439656 0.0078957581083246
0 0.5459068316258395 0.4356537694353138 0.00814250054920997 0.008224748029504951
0 0.6795178633651472 0.5943914064047587 0.007895758108324885 0.009869697635405928
0 0.740586617484221 0.6305802977345805 0.009129470312750385 0.01250161700484746
0 0.5388746720606128 0.7134857578719901 0.0059218185812435565 0.006579798423603904
0 0.6701416506115113 0.721875000862085 0.007895758108324743 0.008882727871865228
0 0.6858097956077183 0.718256111729103 0.00715553078566927 0.010856667398946484
0 0.6903745307640935 0.7059189896848456 0.0064153034630138 0.014475556531928646
0 0.667920968643545 0.7430948507782077 0.005921818581243628 0.011185657320126694
0 0.6618757788418589 0.7440818205417483 0.007649015667439585 0.010527677477766275
0 0.6383118757373274 0.7600378317189879 0.008389242990095056 0.010198687556586207
0 0.4954480024648268 0.8215589469796848 0.008389242990094985 0.010856667398946484
0 0.4093348905959103 0.7746778832115067 0.009376212753635614 0.014475556531928788
0 0.4184643609086608 0.7217105059014951 0.011350152280716728 0.01250161700484739
0 0.3972445109925381 0.6972007567735703 0.0059218185812435565 0.008224748029504951
0 0.46620902321993685 0.7602023266795783 0.009622955194520841 0.01315959684720795
0 0.3033590122357393 0.6443978744241486 0.007649015667439585 0.009869697635405928
0 0.30039810294511754 0.636666611276414 0.008635985430980143 0.0128306069260276
0 0.38984223776598353 0.618078680729733 0.005921818581243628 0.009211717793045438
0 0.27325643444775133 0.5873181230993846 0.008142500549209864 0.010856667398946555
0 0.2441408264233039 0.598010295537741 0.00715553078566927 0.011185657320126765
0 0.23834237906250294 0.5782709002669292 0.007895758108324706 0.013817576689568298
0 0.504083987895807 0.5221781187057055 0.008389242990095056 0.010856667398946413
0 0.4960648585670397 0.5243165531933769 0.006662045903898957 0.009869697635405928
0 0.5003828512825297 0.5315543314593412 0.0064153034630138 0.009211717793045509
0 0.4780526603824239 0.5236585733510165 0.007649015667439585 0.008553737950685019
0 0.48570167604986353 0.5271129675234085 0.0046881063768177715 0.008224748029504809
0 0.48742887313605954 0.5317188264199313 0.005181591258588156 0.0062508085024235525
