0 0.3488964398701986 0.39187299940321174 0.009472465515136719 0.013603662561487269
0 0.3027179718017578 0.5564446060745805 0.011288409762912326 0.014959660282841436
0 0.272301451365153 0.6493092572247541 0.010805617438422309 0.014687149612991899
0 0.24864203135172527 0.41977303116409864 0.010845396253797743 0.014094232629846644
0 0.6691715664333767 0.29786559210883246 0.010243309868706595 0.013377069543909144
0 0.3221595764160156 0.5786758987991898 0.010292604234483506 0.013914094147858798
0 0.5878228505452474 0.19611539487485533 0.008424970838758681 0.012621137830946181
0 0.5894747628106011 0.41996057298448347 0.009113438924153646 0.01196382310655382
0 0.4826687918768989 0.5934892725061488 0.010435697767469618 0.014406726978443286
0 0.3843356026543511 0.70555174085829 0.009911897447374132 0.013709795916521989
0 0.4430864456744829 0.426096801457696 0.007436385099480578 0.009402083329969071
0 0.7051032384236653 0.5932922080711082 0.00944319831000434 0.012340008770978008
0 0.5775891409979926 0.22639490056920938 0.008980348375108508 0.011705850671838831
0 0.6668938318888347 0.7746049386483652 0.012015151977539062 0.015839018645109955
0 0.5682919184366861 0.6423762568721065 0.009394285413953993 0.012189172815393518
0 0.37386722564697267 0.7079221654821325 0.00891125996907552 0.013680295591001156
0 0.5449510150485569 0.7465194137008102 0.010205713907877605 0.013990275065104167
0 0.29423729578653973 0.5799954449688947 0.007949553595648872 0.011302580656828704
0 0.49069629245334206 0.2385752077455874 0.009331766764322917 0.01171959771050347
0 0.30409454769558375 0.784550193504051 0.00885785420735677 0.011797869646990741
0 0.5725947274102104 0.3709151515254268 0.009271536933051215 0.012102282488787615
0 0.4284268061319987 0.3245688685664424 0.008578279283311632 0.011760542127821181
0 0.24631634906988203 0.5701031832639558 0.005898494249696178 0.006741136285367091
0 0.2595458290299149 0.42640462811421487 0.007752306728172052 0.010111704428050601
0 0.3082505386916919 0.34517393587554196 0.007078193099635399 0.009886999885205014
0 0.32746277710498795 0.3168611634770003 0.009100533985245534 0.0125834543993518
0 0.33521508383316 0.32202936796244835 0.0057299658425619526 0.007190545371058157
0 0.5446435377711429 0.2965121547892434 0.0059322171757781915 0.010577929421869463
0 0.540390924253567 0.29446327656789034 0.005003074726559902 0.009720259468744885
0 0.5336010371246642 0.28850723522674765 0.005146019718747254 0.008100216223954106
0 0.5293126873590416 0.29084200343247557 0.005431909703122244 0.007433139593746141
0 0.5256675900582621 0.2866489503283111 0.006146634664059292 0.008004919562495764
0 0.5213435040445926 0.29084200343247557 0.006503997144527745 0.008004919562495836
0 0.5198425816266247 0.2974174730730972 0.005360437207028497 0.008386106208328954
0 0.5274544024606049 0.29979988960955417 0.004717184742185054 0.007814326239579294
0 0.5268468862438085 0.3099489840548614 0.0053604372070283545 0.006766062963538033
0 0.5246312388649034 0.3056129859585095 0.005932217175778049 0.006480172979163257
0 0.5215579215328737 0.3086624791251746 0.00550338219921585 0.007433139593746141
0 0.5331190520963137 0.2980796689227841 0.006894343928216315 0.01021384285661675
0 0.7573384374061931 0.38898287034667317 0.008579627999558142 0.01103095028514609
0 0.5987107726557547 0.8686238321468666 0.006282706268192655 0.008376941690923446
0 0.5963748946842471 0.8640415734441391 0.005477231105603692 0.0056562255861791755
0 0.5912735519878514 0.8619294385733509 0.006336404612365314 0.007446170391932014
0 0.5894478082859834 0.8689102233157872 0.004940247663877954 0.006658594677400771
0 0.583916878836207 0.8733850853301692 0.004832850975532778 0.005871018962869385
0 0.5932121815757786 0.8707071676698414 0.0050052936918849366 0.00790959990816404
0 0.3889105892555952 0.8816612662694573 0.007942394708188019 0.01089681206340785
0 0.39737096622736084 0.8727596451472368 0.006215787162929729 0.008441192443485051
0 0.44011384840050316 0.5261258466860479 0.00637370278414906 0.008498270378865413
0 0.4404468030235558 0.5353851562033191 0.006088313107246819 0.007229871814855571
0 0.4375929062545339 0.4299178156059081 0.007229871814855571 0.009639829086474023
0 0.5734937148745991 0.6697045578076262 0.00938029114108815 0.015769764816902097
