0 0.5537888420952691 0.8228422094274451 0.010708702935112845 0.015229006166811342
0 0.8078951941596136 0.6159897133156105 0.009620920817057291 0.013517987286603007
0 0.7533059014214409 0.494162693730107 0.010967169867621527 0.014064704047309027
0 0.5946467929416233 0.5686378761574074 0.009247673882378472 0.01209434226707176
0 0.6590363184611003 0.7100200794361256 0.009947586059570312 0.013319962112991898
0 0.6642041948106554 0.24398124129683882 0.008129543728298612 0.012155801278573495
0 0.7371035257975259 0.7966781051070602 0.011037021213107638 0.01397026909722222
0 0.7924775441487629 0.5762897067599827 0.009336429172092015 0.012080439814814815
0 0.4250287020670984 0.7089085055357793 0.007553526342816994 0.010947139627271127
0 0.4337316780707789 0.7227019014661409 0.0052546270210901014 0.009633482871998495
0 0.4825011851102714 0.7912309955328576 0.007553526342816994 0.010947139627270985
0 0.40975744228705524 0.5315648435739883 0.007881940531635151 0.01269868196763447
0 0.6706223501860424 0.2630525747830661 0.00443162603282957 0.008778840141224365
0 0.6470714232687195 0.20252922496327927 0.0056978048993522636 0.009285311687833371
0 0.7998937643505293 0.6119527243075578 0.007115715944094631 0.014370955730230648
0 0.7274222101796297 0.4760157114808672 0.007402273226554286 0.009211717793045509
0 0.4874931069100165 0.6105598163688098 0.00529262766206493 0.010585255324130073
