0 0.691565465927124 0.6510188738505046 0.009981250762939453 0.013173611958821614
0 0.3547619700431824 0.2539872964223226 0.010938143730163575 0.014414755503336589
0 0.42076096534729 0.3921917597452799 0.009484386444091797 0.012676938374837238
0 0.3462384819984436 0.6160948435465494 0.010131287574768066 0.013405100504557293
0 0.72689790725708 0.23314491907755536 0.009331035614013671 0.012924003601074218
0 0.44690167903900146 0.29050353368123377 0.010338258743286134 0.013698832194010418
0 0.2874296307563782 0.2948370615641276 0.01082146167755127 0.014853350321451823
0 0.45944952964782715 0.35027852058410636 0.010754203796386719 0.013648637135823568
0 0.4020377159118652 0.6652417818705242 0.008565330505371093 0.010673077901204427
0 0.6275545597076416 0.12612388531366986 0.008443927764892578 0.01215218702952067
0 0.43036324977874757 0.0818815549214681 0.009692144393920899 0.012649138768514
0 0.3051676869392395 0.33343505859375 0.01069943904876709 0.014611053466796874
0 0.2774404764175415 0.34800667762756343 0.010750436782836914 0.013668282826741535
0 0.46370852118000533 0.20497456787013615 0.008726119995117188 0.010756595929463703
0 0.5669648170471191 0.5134130318959554 0.010133457183837891 0.013490645090738933
0 0.2685625195503235 0.4630123138427734 0.010166764259338379 0.01352984110514323
0 0.6418188333511352 0.1217329223950704 0.008505487442016601 0.011837522188822426
0 0.4788677453994751 0.09037163654963175 0.009676122665405273 0.012354207038879395
0 0.2859943091352696 0.6568541594073432 0.00838924299009502 0.014475556531928646
0 0.4424290166564531 0.6790609790870065 0.009376212753635683 0.012830606926027457
0 0.4947773699275689 0.7222950201394369 0.007597073199136446 0.009960607083312282
0 0.5078823211960792 0.6984064455243746 0.0074704553124841765 0.007090601652527226
0 0.5186448415615225 0.698744093222114 0.005444569126047866 0.008441192443485051
0 0.5283311098904214 0.702036158275073 0.008103544745745381 0.008272368594615215
0 0.516876709818275 0.7134022143872367 0.006849352245652653 0.008117750809662426
0 0.5538959332448843 0.6453801685849372 0.006953650606763233 0.008972452395823609
0 0.6824263138150566 0.6579416019390902 0.007850895846345622 0.01136510636804303
0 0.6348723161171917 0.3014361600783677 0.008748141085928012 0.007776125409713721
0 0.7535308269356321 0.27921064192156253 0.010318320255197052 0.013159596847207845
0 0.685340188727373 0.21505760729142417 0.010318320255197052 0.015253169072900015
0 0.5759884251532734 0.25019971250839973 0.012337122044257427 0.012561433354152989
0 0.39855817902586277 0.28220145938683705 0.007402273226554428 0.013159596847207916
0 0.4133582076973498 0.43536077903247716 0.00414540477343543 0.009243776161453497
0 0.4157882725645361 0.43464605407154006 0.004002459781248007 0.007623732916662646
0 0.42447218083992216 0.4414121170350782 0.006361052152340392 0.009339072822911732
0 0.42122018226765834 0.42425871797258713 0.0051460197187473255 0.006480172979163257
0 0.4285461131172637 0.4153961284569667 0.006075162167965616 0.0070519529479129515
0 0.4700231309254119 0.4904204582930507 0.00795285553266183 0.008700559898980416
0 0.6856125496373052 0.33966380851041406 0.0067293392968676355 0.011419484867411782
0 0.22641955673584072 0.5115366699727842 0.0065879286425178304 0.0124608882850724
