0 0.33508641984727655 0.48363548561378766 0.009954113430447048 0.014617524323640047
0 0.689467493693034 0.5271005418565539 0.01027594672309028 0.014746941460503472
0 0.3818591859605578 0.5950784471299913 0.009452523125542536 0.012979747630931713
0 0.44813126458062064 0.3557979018599899 0.008545430501302083 0.01136675234194155
0 0.628249380323622 0.569688387270327 0.01007982889811198 0.013881711606626157
0 0.5414578119913737 0.6905497515643084 0.008643892076280382 0.011469692654079862
0 0.33581354353162973 0.7504985668041089 0.010726504855685763 0.014447473596643518
0 0.4943482293023003 0.24176553796838832 0.009365929497612847 0.012685874656394676
0 0.36536102294921874 0.5025778593840422 0.007752058241102431 0.010606158221209493
0 0.24237440956963435 0.5082661381474247 0.010146183437771268 0.013908894856770833
0 0.30338186687893337 0.5037365948712385 0.010226207309299044 0.01453224464699074
0 0.4318112267388237 0.6122992056387443 0.009394751654730903 0.012534360532407408
0 0.5868291219075521 0.7036625049732349 0.008665720621744791 0.012616192853009259
0 0.7111016591389974 0.7159027382179544 0.009760284423828125 0.013559807671440972
0 0.6785128275553386 0.3249316886619285 0.009595828586154515 0.011874983045789931
0 0.41142536458029355 0.5518853542788282 0.007742154399304275 0.008660415769751854
0 0.4565497292412652 0.6376156559696905 0.008452394273546007 0.011275736490885417
0 0.5576454798380533 0.4531312024151837 0.009050030178493923 0.0119410479510272
0 0.3620882882012261 0.3615454073305483 0.010876846313476563 0.014890571876808449
0 0.5051558388604058 0.44529255054615163 0.008660846286349826 0.010923597547743056
0 0.527109972635905 0.6565113491482205 0.010099071926540798 0.013904204191984954
0 0.41295006292801295 0.5568622379567612 0.0071383582221137155 0.009564039442274306
0 0.39678707122802737 0.33930365950972946 0.008885404798719618 0.011517475269458913
0 0.46313819885253904 0.8992693300600405 0.010850185818142361 0.014399210611979164
0 0.4180193795098199 0.5011677494755498 0.009755155775282118 0.013714034469039354
0 0.3880065070258247 0.703732243290654 0.010214572482638889 0.012559113679108795
0 0.40228021409776477 0.6032488222475405 0.007770538330078125 0.009021335177951388
0 0.2879109064737955 0.524446925410518 0.010968017578125 0.013836048267505787
0 0.47172989315456815 0.26354792559588397 0.008960172865125867 0.01184316564489294
0 0.40660881466335724 0.5322475574634694 0.00991350809733073 0.013611574526186342
0 0.3576193173726399 0.33257021020959926 0.009586482577853732 0.01168554800528067
0 0.5348297836775486 0.493458841687382 0.007023111979166666 0.008611777976707176
0 0.6730893876817491 0.4578889634874132 0.007997555202907985 0.011539035373263888
0 0.44517860412597654 0.41978923656322337 0.009679158528645834 0.011538922345196758
0 0.3028162500310856 0.7461897006053282 0.007875230577256944 0.010016773365162037
0 0.535773954710792 0.39978540910996263 0.009821404351128472 0.014185474537037036
0 0.6425951215955946 0.8598641854745371 0.008422427707248263 0.012316668475115741
0 0.5737427488580071 0.4288024116478889 0.0077465481228298615 0.010791354709201388
0 0.4554263220893012 0.45371367843062793 0.009351942274305556 0.01154129593460648
0 0.48069585164388023 0.3597152992531105 0.009426540798611112 0.012681240505642361
0 0.36315267350938585 0.8480821397569445 0.00778550042046441 0.010661937572337963
0 0.3606760025024414 0.4897051493326823 0.008721118503146701 0.011824487756799769
0 0.49504595862494577 0.2741880346227575 0.008504104614257813 0.010511045102719907
0 0.49462543063693576 0.22096944031892002 0.007485114203559028 0.009341670848705151
0 0.7132234785291884 0.6418848390932436 0.010772450764973957 0.01449500189887153
0 0.36152794536796024 0.4764781615467905 0.01112808408392013 0.011580445225542918
0 0.29611652428930757 0.4147761018294446 0.01004241734402555 0.0112185563122447
0 0.33587906863794914 0.2904672601115072 0.006514000439367891 0.00796155609256072
0 0.4691446609600174 0.2546402576949837 0.007056833809315179 0.00940911174575362
0 0.4631734938905968 0.35904520918151916 0.005428333699473171 0.007599667179262539
0 0.5178639559127898 0.36718770973072906 0.0046140836445521674 0.007961556092560756
0 0.5038859966366462 0.2126611437523906 0.005428333699473242 0.010856667398946484
0 0.6224950879701366 0.25735442454472035 0.008685333919157188 0.013389889792034032
0 0.6243950047649522 0.24794531279896673 0.005971167069420531 0.009771000659051872
0 0.7282118867673781 0.3398650967767136 0.007328250494288824 0.011218556312244771
0 0.7405613459336797 0.3585023758115718 0.006514000439367891 0.008685333919157188
0 0.6082457120090194 0.43413715869089914 0.005699750384446887 0.010132889572350052
0 0.7869485928191253 0.5910293257465753 0.006128305713969979 0.00796679742816096
0 0.779671229783786 0.5928678174607662 0.004443021642628224 0.010418119713749192
0 0.7759176425339791 0.5894972493180828 0.0049026445711758985 0.008171074285293258
0 0.751634231142373 0.6063500900315004 0.006281513356819204 0.00919245857095497
0 0.7582221597848908 0.6069629206028975 0.005055852214025265 0.007966797428161101
0 0.7582987636063153 0.5942977554606927 0.0039833987140804085 0.007149689999631761
0 0.7615161241061498 0.5913357410322739 0.0049026445711758985 0.005311198285440568
0 0.7150481775461551 0.6776883973405989 0.005428333699473313 0.007961556092560614
0 0.7791025151999394 0.6861927868031071 0.00868533391915733 0.011218556312244771
0 0.6459726312203583 0.7180390111733501 0.007871083864236112 0.01483744544522679
0 0.6467868812752792 0.7261815117225597 0.006242583754394246 0.00940911174575362
0 0.5984747113499672 0.7113440662773332 0.005156917014499598 0.007961556092560756
0 0.602681669967059 0.7091727327975437 0.004342666959578594 0.007961556092560756
0 0.5995603780898618 0.7013921211616321 0.0056997503844468155 0.006875889352666036
0 0.431417741748678 0.6965066208321062 0.005971167069420602 0.006514000439367891
0 0.42539492639115367 0.6953337788412918 0.004749436928326745 0.0083753511424257
0 0.4302975709623297 0.6911461032700789 0.005975098071120755 0.007762520571028802
0 0.49181043956630405 0.7037091299837175 0.005515475142573081 0.008783904856690441
0 0.49204025103057797 0.6872648429845646 0.004136606356929775 0.0057197519997053805
0 0.5166300777078827 0.69431239455563 0.00612830571397005 0.007966797428161101
0 0.5199240420291416 0.7025856072694896 0.005668682785422306 0.005311198285440782
0 0.5032244089585732 0.7074882518406657 0.004749436928326745 0.006945413142499461
0 0.5003134637444375 0.7248517846969142 0.005055852214025336 0.008988181713822882
0 0.5258991401002625 0.7385383341247805 0.005668682785422377 0.006128305713969979
0 0.522298760493305 0.7415003485531995 0.004289813999779071 0.00755824371389636
0 0.5178557388506768 0.7377212266962513 0.00490264457117604 0.006128305713969979
0 0.5256693286359885 0.727200968553936 0.00490264457117604 0.007558243713896502
0 0.332919501282545 0.7624629496840092 0.0067293392968676355 0.009869697635405999
0 0.3332559682473884 0.8382801724287182 0.00560778274738972 0.008374288902768541
0 0.33931237361456923 0.8435141029929486 0.006505027986972109 0.0074770436631864355
0 0.337293571825509 0.8469535430780142 0.005159160127598526 0.007776125409713757
0 0.3328073456275972 0.8562250772203653 0.004261914888016136 0.008972452395823609
0 0.3378543501002479 0.8572718633332113 0.004934848817702999 0.008075207156241078
0 0.34693895815101927 0.8629544165172329 0.004710537507807331 0.006878880170131368
0 0.3408825527838384 0.8641507435033426 0.00560778274738972 0.008673370649296004
0 0.3444715337421678 0.872674573279375 0.004710537507807331 0.006579798423604046
0 0.403573995053207 0.6519826479898972 0.006128305713970121 0.009192458570955181
0 0.3066701609510556 0.6357426378478767 0.005055852214025265 0.006536859428234649
0 0.31387092016497037 0.6381939601334647 0.004136606356929775 0.00653685942823472
0 0.31946299912896814 0.6219539499914442 0.0049026445711760755 0.00633258257110235
0 0.31854375327187257 0.6172555822774004 0.006741136285367127 0.00469836771404367
0 0.3118026169865055 0.6511655405613681 0.003983398714080515 0.005106921428308482
0 0.5284957813412843 0.48933437250143613 0.0053760561875802184 0.007415249913903779
0 0.5014301191555356 0.53654479695329 0.0053760561875802184 0.006920899919643446
0 0.5086599878215917 0.4727736476937177 0.007971393657446625 0.009886999885205014
0 0.6095689057715837 0.4188633722650122 0.005362267499723785 0.00898818171382274
0 0.5017762738754974 0.5426684861762736 0.006896697965180749 0.006568283776362662
0 0.7875779222361201 0.6111211322166114 0.006204276445961341 0.007597073199136375
