0 0.35657807456122503 0.8600732873987269 0.009325726826985677 0.013501202618634259
0 0.6404886457655166 0.18765700304949726 0.010251363118489586 0.015470052648473669
0 0.4102190017700195 0.30599184389467593 0.009564420912000868 0.014427750198929399
0 0.5130786471896701 0.4551920714201751 0.0095947265625 0.013017244692201968
0 0.4059996922810873 0.7730462816026475 0.009942415025499132 0.013886797869646993
0 0.4419212341308594 0.31536524737322774 0.011875576443142362 0.015220896402994793
0 0.4777334425184461 0.5905154758029514 0.009807501898871527 0.013335616500289351
0 0.467171753777398 0.941465194137008 0.010056093004014756 0.01265914351851852
0 0.32129024929470484 0.2797864136872468 0.011315366956922743 0.0142298663104022
0 0.6804849412706163 0.8796951293945312 0.010670132107204862 0.015170627170138888
0 0.2915633201599121 0.7694541648582175 0.009397909376356336 0.012566686559606481
0 0.41211961110432943 0.8194178545916523 0.00885361565483941 0.011945201732494214
0 0.6016130447387695 0.4960318671332466 0.010505125257703994 0.01409233940972222
0 0.31951715681287973 0.29800758361816404 0.01047528584798177 0.01463224622938368
0 0.36990413665771493 0.8405553181966146 0.011121834648980035 0.013564498336226851
0 0.6096842447916667 0.7762819078233507 0.009905751546223958 0.013283058449074075
0 0.37336417304144964 0.8211237306948063 0.009465959337022569 0.013910759819878472
0 0.39433725145128046 0.9185655099374276 0.009481302897135417 0.013183198151765047
0 0.6188233497085561 0.6440243949266873 0.00844713846842448 0.01113117359302662
0 0.6182704528275652 0.6629403512741 0.005386313761514725 0.007213607670377159
0 0.7112619839457867 0.33840498806501657 0.009006669786241319 0.012608761257595486
0 0.6615884992811415 0.44946970056604457 0.010987345377604167 0.01316822193287037
0 0.4355003145005968 0.3579217274983724 0.010825135972764757 0.013163616039134837
0 0.5891455497631182 0.5923942445836334 0.007353040907118056 0.010058932834201388
0 0.6923173692491319 0.297795980947989 0.009877522786458334 0.012222120496961806
0 0.2553996056874343 0.5746716015244274 0.011679018614398408 0.010875699873725537
0 0.3094767485386258 0.5643520565212712 0.007366858859768684 0.008594668669730013
0 0.2975631564763437 0.5491579101229984 0.006561108671981515 0.008594668669730084
0 0.29767826364602756 0.5435560278650493 0.006330894332613753 0.00813423999099463
0 0.29503079874329813 0.5357287403265452 0.008633037726291341 0.008748144895975188
0 0.3013616930759119 0.5371867644758744 0.006791323011349242 0.009822478479691555
0 0.3749151745039145 0.3702813684342408 0.00702153735071704 0.00936204980095603
0 0.37416697790096926 0.36345167636633036 0.006215787162929871 0.008287716217239805
0 0.3684691730016169 0.3632982001400852 0.006561108671981444 0.010129430932181905
0 0.3588001707481706 0.32285721452448013 0.005870465653878228 0.009669002253446343
0 0.3626562609325807 0.32285721452448013 0.005525144144826442 0.009669002253446343
0 0.36524617225046824 0.3083537111443106 0.0067913230113492064 0.007980763764749313
0 0.3630591360264744 0.312957997931666 0.005410036975142632 0.007366858859768613
0 0.36967779828329767 0.2995288281352127 0.0062157871629298 0.008441192443484943
0 0.370483548471085 0.3074328537868395 0.005985572823562038 0.008287716217239734
0 0.37462740657970484 0.30651199642936844 0.005755358484194275 0.007059906407278298
0 0.3776777465763278 0.30444006737505847 0.006561108671981373 0.008441192443484909
0 0.3755482639371759 0.2993753519089675 0.00713664452040085 0.009055097348465643
0 0.379461907706428 0.29991251870082564 0.004604286787355392 0.00828771621723984
0 0.38613812354809335 0.29776385153339313 0.006446001502297634 0.008594668669730118
0 0.40185025220994364 0.3150299269859759 0.0058704656538781565 0.009055097348465643
0 0.4028862167370986 0.32270373829823495 0.006330894332613753 0.009362049800955993
0 0.4029437703219406 0.3304542877236165 0.004834501126723225 0.009208573574710784
0 0.4013898235312081 0.34181152846575985 0.005410036975142632 0.006752953954787913
0 0.4162386484204292 0.3504061971354899 0.006100679993245919 0.008594668669730084
0 0.42032495294420713 0.3589241276920974 0.005985572823562038 0.01028290715842708
0 0.4159508804962196 0.35938455637083294 0.005985572823562109 0.007827287538504138
0 0.4081811465425572 0.35117357826671586 0.005640251314510394 0.007980763764749384
0 0.41560555898716783 0.368362915606176 0.005755358484194204 0.008594668669730084
0 0.40979264691813155 0.3678257488143179 0.006330894332613937 0.009975954705936714
0 0.568935144760482 0.3238678777283573 0.010256048818834103 0.012830612514097055
0 0.5743797138865296 0.3185499264889618 0.007470455312484248 0.011311197874269823
0 0.5998932180469627 0.26410423522848414 0.008356780519050063 0.011142374025400095
0 0.5960946814473946 0.2727986634452736 0.006077658559309213 0.009285311687833442
0 0.7043529745350888 0.34454879921489534 0.00683736587922283 0.010298254781051596
0 0.6960595029593648 0.34454879921489534 0.007723691085788857 0.011311197874269823
0 0.6953631045827774 0.3368673140913241 0.0068373658792226875 0.01046707862992129
0 0.7983667553744018 0.4173118780777353 0.008736634179006728 0.012661788665227363
0 0.8000760968442076 0.4276101328587869 0.007850308972440984 0.010973550176530367
0 0.6225176361165506 0.4917055885765993 0.008371430522464394 0.011720002731450024
0 0.8130533441361788 0.594586516271435 0.007137178042132319 0.009244344892666661
0 0.5833471721313949 0.6019933688870961 0.007850308972440984 0.009454135536703063
0 0.5996808795095382 0.602077780811531 0.006837365879222616 0.0092853116878333
0 0.6065182453887609 0.6030907239047492 0.005824422786004532 0.008272368594615075
0 0.6099369283283724 0.6088307347663189 0.006837365879222759 0.009622959385572828
0 0.617860241297523 0.6577066352051526 0.005361866656950269 0.007495082423694015
0 0.6152657896893213 0.6601857778529898 0.005015939775856851 0.006918537621871366
0 0.6070932671234858 0.6529213133500249 0.005967238698864037 0.007841009304787719
0 0.6101633681931912 0.6559770007996846 0.0041511225731228054 0.007033846582235838
0 0.6048015015362408 0.6575913262447881 0.006053720419137463 0.007264464502965069
0 0.5945966585439806 0.6619730667386401 0.0058807569785906825 0.008417554106610367
0 0.6037204800328234 0.669237531241605 0.004929458055583282 0.008417554106610367
0 0.6014719553057152 0.6727544545327229 0.004929458055583353 0.007379773463329542
0 0.6073959531444426 0.6641062825053836 0.005707793538043901 0.008302245146245753
0 0.6128010606615296 0.6671619699550436 0.005967238698864037 0.008648172027339314
0 0.5682298071175143 0.7042825375515345 0.0063832157733791205 0.010464288153080474
0 0.575868737469263 0.71279349191604 0.005546072721132731 0.009906192784916073
0 0.557660876082903 0.7813694602792274 0.007638930351748741 0.013394288835943086
0 0.5744037371278317 0.7172582548613542 0.005755358484194346 0.008231906680423293
0 0.5891322750247334 0.732710101795877 0.0062675853892874755 0.008171074285293258
0 0.37258376320648506 0.8847209669753127 0.007649015667439585 0.008882727871865085
0 0.35161065573124745 0.719732521503444 0.008142500549209827 0.01250161700484739
0 0.2813012911591672 0.7596327513191261 0.0074296445886870895 0.008929525890628724
0 0.27141253885450617 0.7436572714054234 0.005860001365725082 0.006836668260012431
0 0.2804144248547252 0.7442405563801251 0.005444569126047761 0.008103544745745666
