0 0.8443798065185547 0.6370628074363426 0.011871083577473957 0.015075909649884261
0 0.5868455251057942 0.9263810899522569 0.009263356526692709 0.01186286078559028
0 0.5599436230129665 0.6046027006926361 0.010964584350585938 0.014571860984519675
0 0.7351981268988717 0.6812125594527633 0.009969075520833334 0.013231235080295138
0 0.4264122856987847 0.7672133834273727 0.011050584581163194 0.014704612449363426
0 0.519717025756836 0.8630836204246239 0.010063595241970487 0.01319037543402778
0 0.41225326362871473 0.7056692674197581 0.010603807376882414 0.012507054854784342
0 0.32283461872942765 0.5583035341307773 0.012031242985308808 0.009788129886352906
0 0.3147798035104497 0.5797830413813851 0.006933258669500013 0.009244344892666661
0 0.4843387618542515 0.47551226884204184 0.015701791692691244 0.013866517339000026
0 0.5552007438439943 0.5020217872842478 0.007748936160029345 0.011963269861098098
0 0.41786104637610433 0.3277386968077964 0.011215565494779369 0.009244344892666661
0 0.4185747641803176 0.3334484392415023 0.009788129886352977 0.008700559898980345
0 0.40919447303922946 0.35805471020580626 0.006933258669499948 0.005709742433705919
0 0.4522214606646559 0.34541170910260044 0.006933258669500049 0.008700559898980345
0 0.5141109902585751 0.3165911044372278 0.0071371780421323906 0.009244344892666767
0 0.5470439689387002 0.3766793462395613 0.00938029114108815 0.010331914880039221
0 0.5744711245577518 0.4015575097007084 0.006729339296867564 0.007884882408451048
0 0.6584859060822814 0.21463141812105108 0.009992049258985248 0.011963269861098098
0 0.6594035432591271 0.33616736420993376 0.011011646122147169 0.009788129886352977
0 0.711912781711958 0.3951680360248946 0.011215565494779298 0.012507054854784271
0 0.7835559499677126 0.5483326628503158 0.011301431205326793 0.0057204775236840534
0 0.7821432710670467 0.5354964693825371 0.007848216114810356 0.004883334471437521
0 0.8099259561134755 0.5331943259888594 0.007534287470218004 0.004743810629396563
