0 0.2888700591193305 0.6823363127531828 0.009996265835232205 0.013958966290509259
0 0.3004297998216417 0.6638805813259547 0.008909840053982205 0.012470951786747685
0 0.4775171703762478 0.6764192934389467 0.008796988593207464 0.011390403464988425
0 0.261902904510498 0.502294271963614 0.008330133226182725 0.011535814073350694
0 0.5692102008395725 0.6293654265227141 0.007566112942165798 0.010265209056712963
0 0.6139666027492947 0.7267412538881657 0.008560477362738714 0.011565031828703705
0 0.5302701738145617 0.3339915098967376 0.008477783203125 0.01097375375253183
0 0.7294370439317491 0.5755109151204428 0.008932918972439237 0.012691865143952546
0 0.4293600718180338 0.638361104329427 0.006491343180338543 0.009404500325520834
0 0.6622901916503906 0.24911220691822195 0.008258395724826388 0.010901924415870949
0 0.6036091274685329 0.7010997913501882 0.009561920166015625 0.01400604248046875
0 0.514822620815701 0.6161807307490595 0.00823775397406684 0.01103385642722801
0 0.5412664505012571 0.7459861707490739 0.008654869927300347 0.012903679741753472
0 0.356576124827067 0.4402469352439598 0.008535321553548176 0.011532451488353588
0 0.7375935024685331 0.5537036754466869 0.007837422688802083 0.010095836498119213
0 0.6148075951470269 0.266772785893193 0.008972337510850694 0.011805696840639469
0 0.539971563551161 0.8392474986888745 0.00739733378092448 0.009769750524450232
0 0.4292750464545356 0.4551020728217231 0.007045830620659722 0.008451306378399885
0 0.45944750044080945 0.5789932816116898 0.008994759453667536 0.010925858109085649
0 0.31823276943630646 0.6908737747757523 0.006680806477864582 0.010236386899594907
0 0.4006091435750326 0.589495708324291 0.0063580407036675345 0.008498184769241898
0 0.3421909332275391 0.758694260208695 0.008382797241210938 0.01073467113353588
0 0.5943164401584201 0.7876345316569009 0.007746802435980903 0.009380933973524306
0 0.3870287153455946 0.4438642148618345 0.008107503255208334 0.010098888255931714
0 0.2653090476989746 0.4303627296730324 0.007053269280327691 0.00876803927951389
0 0.3111632876925999 0.5022567749023438 0.009178585476345487 0.011081271701388888
0 0.4182486216227213 0.3090203744393808 0.008083597819010416 0.010712291576244213
0 0.510495122273763 0.22152211931016713 0.009324476453993055 0.01252643443919994
0 0.6840661154852974 0.7624381171332466 0.00955212910970052 0.012666490342881944
0 0.3266115718417697 0.7019543965657552 0.006880166795518663 0.009211957013165508
0 0.5573953416612413 0.26184014214409723 0.008510335286458334 0.010985254358362269
0 0.36844931708441847 0.6560047573513453 0.008110894097222222 0.011531632034866896
0 0.40629734463161893 0.38292800055609805 0.009398312038845487 0.011506455032913775
0 0.2337514877319336 0.5582101044831452 0.007632742987738715 0.010126919216579862
0 0.5857636133829752 0.36488976655183014 0.007784228854709202 0.01059838754159433
0 0.753424538506402 0.5254261158130786 0.008137596978081597 0.012412742332175925
0 0.47456351386176215 0.2820906886348018 0.008564164903428819 0.010115249068648725
0 0.6335136625501845 0.7622405158148873 0.007416322496202257 0.010432886194299768
0 0.714021110534668 0.3183674706353081 0.009478971693250867 0.012170664469401042
0 0.37796611785888673 0.32087619922779226 0.007637066311306424 0.010341785572193287
0 0.39952695339780403 0.8279838248409744 0.006311331854926216 0.008553625036168981
0 0.4173587375217014 0.880634986029731 0.008141665988498263 0.010458882649739583
0 0.5678969489203557 0.60358728479456 0.007458580864800348 0.009586136429398148
0 0.28522990544637045 0.5856903358742044 0.008006901211208768 0.010785872847945601
0 0.6283252716064452 0.33012784322102867 0.008863237169053819 0.011058185718677662
0 0.33960581885443797 0.272324456108941 0.008001327514648438 0.011446917498553241
0 0.6127022425333659 0.4412777653446904 0.008164596557617188 0.01076507568359375
0 0.5969263500637478 0.5794618394639756 0.006797239515516493 0.008724071361400463
0 0.7364609188503689 0.4939682854546441 0.0073841518825954865 0.009800042046440973
0 0.6130667580498589 0.5827705100730614 0.00794359842936198 0.009355898256655093
0 0.6244888729519313 0.22633322963008173 0.008048841688368056 0.01118846469455295
0 0.5500303056504992 0.5477810895001447 0.007433573404947918 0.011123883282696761
0 0.396707174513075 0.7773713853624131 0.008579974704318576 0.010872169777199075
0 0.5301871829562717 0.9118079291449653 0.007476721869574653 0.00907581470630787
0 0.3584256913926866 0.5792294537579571 0.006839752197265625 0.009288081416377315
0 0.4512199401855469 0.6050855000813802 0.006908755832248264 0.008886436179832176
0 0.537051010131836 0.8049260457356772 0.010417005750868055 0.012941487630208333
0 0.527967214296105 0.37388611345300155 0.006224314371744793 0.00877193874782986
0 0.6166587829589844 0.28168623182508684 0.007211218939887153 0.00822262234157986
0 0.6472643746270075 0.7981357998318144 0.00930646260579427 0.011987361201533564
0 0.5788284089830187 0.6832687660499857 0.009036297268337674 0.011852066605179396
0 0.45213445027669275 0.7038350705747249 0.008280012342664931 0.011825165925202547
0 0.3264216528998481 0.7847740738480178 0.00802519056532118 0.010720542625144675
0 0.39613318973117406 0.37062092533818003 0.007380549112955729 0.009705720124421295
0 0.4872189415825738 0.21214882179542824 0.006021457248263889 0.008586742259837963
0 0.5659490585327148 0.8488613835087528 0.009113099839952257 0.013090176052517362
0 0.754892094930013 0.5662755895543982 0.007107798258463542 0.008650603117766205
0 0.6420017878214519 0.8642242431640625 0.008391359117296007 0.011434258355034723
0 0.519752417670356 0.7043003223560474 0.008547041151258681 0.01132236056857639
0 0.6035331675528578 0.2793292946365963 0.006368933783637153 0.008061444317853009
0 0.6526932610405817 0.5164037351255064 0.007726287841796875 0.00948322437427662
0 0.2525123983036841 0.5478240262172326 0.007947623369398861 0.010596831159198388
0 0.31251695474264496 0.5602753028292906 0.008742385706338602 0.01324603894899802
0 0.3147025511692296 0.5475591054382526 0.009139766874808615 0.014305722064917887
0 0.34053232711977566 0.5658386391878697 0.007550242200928778 0.009537148043278591
0 0.3361611342666063 0.5721967378833888 0.01072929154868845 0.010596831159198246
0 0.34768518815223454 0.5899464300750461 0.007550242200928921 0.012186355833078082
0 0.370733295923491 0.5605402236082706 0.005165955190109202 0.010596831159198317
0 0.3735149641027806 0.5621297482821503 0.005960717527049155 0.010596831159198246
0 0.35304983392657874 0.5115298794969781 0.008742385706338639 0.01324603894899795
0 0.3735149641027806 0.6333934378277595 0.00834500453786866 0.011126672717158358
0 0.3768927040347751 0.6254458144583606 0.00635809869551899 0.01006698960123849
0 0.3800717533825346 0.6222667651106012 0.005563336358579108 0.007947623369398684
0 0.3973578342109769 0.6193526365418215 0.0075502422009288495 0.010596831159198317
0 0.4007355741429714 0.6275651806902003 0.007947623369398756 0.009007306485318693
0 0.4476265520224243 0.6381620118493988 0.006358098695519132 0.011126672717158358
0 0.43789071339491076 0.6458447144398175 0.006755479863989038 0.008477464927358654
0 0.42378368191422794 0.5880919846221864 0.0071528610324589435 0.008477464927358654
0 0.42596927834081255 0.5928605586438256 0.006755479863989038 0.008477464927358796
0 0.4289496371043371 0.5989537365603649 0.006358098695519061 0.007947623369398898
0 0.42457844425116775 0.6008081820132244 0.005563336358579249 0.009537148043278591
0 0.4156373679605941 0.5782899157999278 0.007550242200928778 0.011126672717158287
0 0.45160036370712364 0.4813289106932628 0.008742385706338639 0.014305722064917816
0 0.4575610812341728 0.46675826784936497 0.0071528610324589435 0.010596831159198388
0 0.48637121594824334 0.4516577834475072 0.009139766874808615 0.01006698960123849
0 0.5110088483933797 0.42702015100237106 0.006755479863988896 0.010596831159198317
0 0.4613362023346372 0.4262253886654312 0.009934529211748568 0.01324603894899795
0 0.44862000494359905 0.4251657055495114 0.005960717527049084 0.0068879402534788884
0 0.43034047119398194 0.41827776529603233 0.0075502422009288495 0.009007306485318622
0 0.4339169017102114 0.42172173542277186 0.009139766874808615 0.006358098695518919
0 0.4253732065881076 0.43364317047687 0.008742385706338639 0.0068879402534788884
0 0.38523770857264383 0.4198672899699122 0.007152861032458801 0.009007306485318622
0 0.3739123452712505 0.40185267699927496 0.008345004537868732 0.01324603894899802
0 0.2934426586560879 0.40556156790499437 0.010331910380218403 0.010066989601238419
0 0.2872832505448038 0.3999982315464152 0.007550242200928814 0.009537148043278591
0 0.27476574373800067 0.40741601335785405 0.010331910380218332 0.010596831159198388
0 0.30496671254171603 0.3509878874351227 0.00794762336939879 0.009007306485318693
0 0.3478838787364695 0.3637040848261608 0.007152861032458872 0.0068879402534788884
0 0.34649304464682473 0.37085694585861967 0.0075502422009288495 0.007417781811438857
0 0.37649532286630505 0.25932529790805675 0.006358098695518991 0.007947623369398756
0 0.40908057868084013 0.2105798745757442 0.005563336358579037 0.007947623369398827
0 0.44027500040573037 0.2913807121646318 0.007550242200928778 0.012716197391038086
0 0.4575610812341727 0.29588436540729113 0.007947623369398827 0.011126672717158287
0 0.47365501855720527 0.29402991995443145 0.00834500453786866 0.012716197391038086
0 0.4643165610981617 0.3123094537040486 0.007947623369398756 0.014305722064917887
0 0.4829934760162488 0.349398362761243 0.006358098695518919 0.012186355833078153
0 0.42457844425116775 0.3456894718555235 0.007152861032458872 0.012186355833078153
0 0.43034047119398194 0.36608837183698034 0.0075502422009288495 0.009537148043278449
0 0.6413498716515196 0.388606638050277 0.009139766874808615 0.013246038948997878
0 0.6673783381863007 0.4095353795896937 0.00715286103245873 0.010596831159198388
0 0.6697626251971203 0.3843679055865976 0.007947623369398684 0.010066989601238419
0 0.691221208294497 0.3520475705510425 0.009537148043278591 0.01642508829675755
0 0.6473105891785687 0.3366821653702049 0.009139766874808544 0.012186355833078153
0 0.6300245083501264 0.37297631209045934 0.011126672717158427 0.012716197391038122
0 0.5956510372774767 0.35310725366696233 0.009139766874808686 0.012186355833078224
0 0.6071750911631049 0.2911157913856519 0.008345004537868732 0.006887940253478994
0 0.4766353773207298 0.20422177588022516 0.008742385706338639 0.011126672717158287
0 0.501670390934336 0.17852446031916913 0.009537148043278449 0.01165651427511822
0 0.5485613688137888 0.1753454109714096 0.007947623369398684 0.010596831159198352
0 0.5658474496422311 0.19071081615224728 0.008345004537868874 0.0084774649273587
0 0.5557142298462476 0.19733383562674625 0.007947623369398827 0.011126672717158321
0 0.5894916291661925 0.19044589537326728 0.006358098695519061 0.009007306485318622
0 0.47762883024190456 0.2365421109157802 0.0075502422009288495 0.009007306485318622
0 0.39616569070556706 0.22806464598842152 0.006755479863989038 0.009007306485318622
0 0.6373760599668202 0.2818435641213533 0.00834500453786866 0.01483556362287775
0 0.6314153424397712 0.4135091912743931 0.006755479863989038 0.006887940253478959
0 0.6157187862852085 0.2156133693763634 0.007947623369398684 0.011656514275118183
0 0.7440729037009989 0.35496169911982206 0.006358098695519061 0.009537148043278591
0 0.7472519530487582 0.35178264977206264 0.007152861032459015 0.011656514275118183
0 0.7512257647334577 0.36052503547840126 0.007152861032458872 0.0068879402534788884
0 0.7516231459019277 0.3674129757318802 0.0055633363585789655 0.007947623369398756
0 0.7476493342172283 0.3618496393733011 0.0055633363585789655 0.007417781811438786
0 0.6703586969498251 0.4246358639915514 0.009139766874808686 0.01324603894899795
0 0.7263894417040865 0.3674129757318802 0.009139766874808544 0.012186355833078082
0 0.7311580157257259 0.4286096756762508 0.009139766874808544 0.011656514275118254
0 0.7035400245170651 0.42702015100237106 0.007947623369398684 0.00953714804327852
0 0.7257933699513817 0.45086302111056736 0.008742385706338639 0.011656514275118183
0 0.7544048140812173 0.4633142977226255 0.007152861032458872 0.007947623369398756
0 0.7585773163501517 0.45987032759588603 0.009139766874808544 0.012716197391038122
0 0.7776516124367089 0.5149738496237176 0.006755479863988825 0.013775880506957917
0 0.7540074329127474 0.5520627586809119 0.00874238570633878 0.010596831159198388
0 0.6594307148169019 0.5054367015804391 0.010331910380218403 0.01271619739103798
0 0.6483040420997435 0.47814986134550325 0.008742385706338639 0.012186355833078153
0 0.6266467684181319 0.45298238734240703 0.009139766874808686 0.010596831159198388
0 0.5638605437998815 0.4564263574691465 0.0075502422009288495 0.00900730648531855
0 0.5594893509467121 0.45006825877362744 0.009139766874808615 0.011126672717158287
0 0.5465744629714391 0.48715716783082186 0.008742385706338708 0.01006698960123849
0 0.5815440057967938 0.584118172937487 0.0071528610324589435 0.01006698960123856
0 0.579755790538679 0.5740511833362485 0.005960717527049155 0.0068879402534788884
0 0.677312867398049 0.636042645617559 0.010331910380218403 0.00900730648531855
0 0.7593720786870913 0.6691577429900539 0.006755479863988967 0.008477464927358654
0 0.6876447777782673 0.7359177792930037 0.011126672717158358 0.01271619739103798
0 0.6789023920719288 0.7367125416299436 0.009537148043278591 0.014305722064917745
0 0.5684304272372857 0.6503483676824768 0.008742385706338639 0.007947623369398969
0 0.5724042389219851 0.6580310702728958 0.006358098695519061 0.009537148043278449
0 0.565648759057996 0.6609451988416751 0.007947623369398684 0.010066989601238419
0 0.5739937635958648 0.6847880689498715 0.007947623369398756 0.012186355833078153
0 0.5354477902542807 0.707306335163168 0.008742385706338568 0.010596831159198388
0 0.5414085077813299 0.7126047507427673 0.007947623369398756 0.009537148043278591
0 0.6304218895185961 0.6447850313238976 0.00635809869551899 0.009537148043278591
0 0.5948562749405366 0.5533873625758117 0.009139766874808544 0.012186355833078153
0 0.5749872165170395 0.5822637274846272 0.005960717527049084 0.007417781811438857
0 0.6035986606468753 0.8824189700689213 0.010729291548688309 0.013246038948998092
0 0.5865112704026679 0.8832137324058611 0.011524053885628263 0.009537148043278591
0 0.5964457996144163 0.8188379831137311 0.009934529211748427 0.011126672717158358
0 0.6212821226437878 0.7814841532775566 0.0071528610324589435 0.010596831159198388
0 0.6030025888941704 0.7785700247087771 0.007152861032458801 0.011126672717158073
0 0.6075724723315747 0.7735365299081579 0.0075502422009288495 0.012716197391038122
0 0.5648539967210563 0.7928757467736949 0.006358098695518919 0.01006698960123856
0 0.5646553061368214 0.7984390831322742 0.00834500453786866 0.008477464927358796
0 0.5350504090858109 0.851953080486226 0.007947623369398827 0.011656514275118183
0 0.4597466776607574 0.8201625870086308 0.008345004537868803 0.015895246738797653
0 0.3933840225262775 0.8434756155588673 0.011524053885628263 0.01271619739103798
0 0.37272020176584064 0.8077113103965726 0.008345004537868732 0.01218635583307801
0 0.38146258747217926 0.8172484584398512 0.006755479863988896 0.009007306485318764
0 0.3683490089126713 0.7388319078617832 0.008345004537868732 0.011126672717158215
0 0.3649712689806769 0.7274403143656448 0.00953714804327852 0.010596831159198388
0 0.3683490089126713 0.7171084039854264 0.008345004537868732 0.010066989601238419
0 0.3673555559914965 0.701213157246629 0.007947623369398827 0.010066989601238419
0 0.37887960987712477 0.6808142572651721 0.008742385706338639 0.010596831159198388
0 0.4066962916700205 0.7266455520287051 0.009537148043278591 0.011126672717158358
0 0.396563071874037 0.6702174261059739 0.0075502422009288495 0.009537148043278734
0 0.3945761660316873 0.6784299702543524 0.006755479863989038 0.010066989601238419
0 0.4627270364242819 0.6802844157072121 0.008742385706338639 0.009537148043278591
0 0.4996834850919862 0.7632046195279395 0.007947623369398756 0.012186355833078153
0 0.4774301396576696 0.7711522428973382 0.007947623369398756 0.01324603894899795
0 0.4955109828230519 0.7428057195464826 0.009934529211748427 0.01271619739103798
0 0.49014633704870775 0.7457198481152623 0.008742385706338708 0.010066989601238419
0 0.4881594312063581 0.7518130260318011 0.0071528610324589435 0.010596831159198388
0 0.47623799615225976 0.7359177792930036 0.007152861032458801 0.010596831159198246
0 0.33397553784002154 0.6635944066314748 0.010331910380218474 0.01006698960123856
0 0.3393401836143657 0.6577661494939155 0.011524053885628192 0.011126672717158073
