0 0.45625741746690535 0.687496496129919 0.010591718885633681 0.01469172724971065
0 0.6406694836086697 0.3858436160617405 0.010697555541992188 0.01416544031213831
0 0.7745147705078125 0.624409004493996 0.011624654134114586 0.01493750678168403
0 0.6439727147420249 0.24455403928403502 0.010397720336914062 0.014965792055483217
0 0.6400446361965604 0.7671308729383681 0.010411877102322048 0.014887152777777777
0 0.6406162261962891 0.6417156078197337 0.011004977756076388 0.014839794017650463
0 0.4449139065212674 0.4566500911006221 0.010994381374782987 0.015091620551215278
0 0.40290512508816184 0.35129776000976565 0.011088350084092882 0.014606221516927082
0 0.4691041946411132 0.8444855018898294 0.01104537116156684 0.014308957700376157
0 0.6831666310628255 0.6789535522460938 0.009824964735243056 0.012503390842013889
0 0.4652885013156467 0.5649029484501592 0.010274251302083336 0.013690694173177082
0 0.5799070146348742 0.6419324521665218 0.010202111138237848 0.013503463179976851
0 0.28113222122192383 0.7414676242404513 0.010900561014811199 0.013799483687789351
0 0.4376716825697157 0.8079818725585938 0.01046248541937934 0.013614230685763888
0 0.45672168731689455 0.5338018629286024 0.009007475111219618 0.011382095902054398
0 0.5606577555338542 0.3276442492449725 0.010717603895399306 0.013776228162977432
0 0.5209568023681641 0.2186251887568721 0.008409712049696181 0.011357257984302663
0 0.5151411904229058 0.8141738326461225 0.008326678805881076 0.011601200810185185
0 0.42998426225450304 0.6107676753291378 0.01078783671061198 0.013909459997106481
0 0.40262410905626084 0.3106702027497468 0.009469307793511284 0.013745258472583913
0 0.5582029342651368 0.427563872160735 0.009543228149414062 0.013195631239149306
0 0.4911018583509657 0.8010357044361256 0.010830561319986977 0.014324781629774306
0 0.43104756673177086 0.6502028853804979 0.00954344007703993 0.012736906828703704
0 0.2543648507859972 0.5871880425347222 0.010528077019585504 0.013999430338541667
0 0.4248305214775933 0.5313687642415365 0.009074189927842882 0.011661501283998843
0 0.4366675059000651 0.3123090673376013 0.009293111165364583 0.012264958134403935
0 0.5329027811686198 0.49913338555230036 0.009515889485677083 0.012584714536313657
0 0.7639992184109158 0.5383961430302373 0.009600067138671875 0.012771041304976851
0 0.6217329661051432 0.4934137415002893 0.00930209689670139 0.012408108181423612
0 0.6139292338509045 0.2638692596754187 0.005699750384446958 0.011580445225542918
0 0.5901562052505193 0.3771709924435964 0.0044970494542165085 0.008417554106610154
0 0.5927938977188577 0.38380125766455647 0.004756494615036573 0.005765448018226138
0 0.5958639987885631 0.3794771716508869 0.005188903216403489 0.006803228661506892
0 0.5949991815858293 0.3979266053092106 0.004670012894763218 0.005650139057861594
0 0.6032581858719382 0.40421094364907717 0.005621311817770618 0.006687919701142349
0 0.5830214633279645 0.39112337664770364 0.005794275258317327 0.005880756978590754
0 0.5869563816004038 0.38530027414929535 0.0050159397758567795 0.006918537621871437
0 0.5869131407402671 0.3972347515470234 0.004237604293396231 0.004958285295674543
0 0.5891184246072386 0.4046721794905352 0.004497049454216437 0.009455334749890909
0 0.7394450842643141 0.39525998532127415 0.00448132550507566 0.007233016604683726
0 0.7365754635461517 0.39709444605434613 0.005031663724997344 0.007547495587496016
0 0.7343741106664652 0.39940062526163667 0.004559945250778839 0.006499232311454932
0 0.7334306737180282 0.40312195989158256 0.005817861182028281 0.006184753328642501
0 0.7250576708006499 0.3786450123960225 0.005739241436325244 0.006079927001038499
0 0.7309148418555296 0.38393874194003 0.005817861182028281 0.007861974570308376
0 0.733627223082286 0.36795272698040304 0.006053720419137392 0.005870274345830211
0 0.7347672093949807 0.3788022518874286 0.00487442423359127 0.006394405983850788
0 0.7469139601061072 0.38928488464783984 0.005896480927731318 0.008281279880724739
0 0.7411055753864966 0.38078078765649237 0.004894064943176346 0.008700559898980416
0 0.6963861922536776 0.539104835537024 0.005870465653878085 0.007059906407278263
0 0.6967315137627295 0.5305869049804166 0.004489179617671368 0.0072133826335233665
0 0.6937387273509483 0.5284382378129842 0.004028750938935986 0.007213382633523438
0 0.6597700192323359 0.6846028542045207 0.005710466688017561 0.007985368051536596
0 0.5470138624587696 0.6848469197730566 0.008257891949574585 0.009662295342359357
0 0.29604793534082247 0.7288608325925279 0.008496060194367558 0.011699492726670115
0 0.30329047845733254 0.7296036575275545 0.007381822791827517 0.01244231766169662
