0 0.6043968200683594 0.27424710591634116 0.01013774871826172 0.014385732014973958
0 0.4123701810836792 0.14522051811218264 0.009478139877319335 0.012212340037027996
0 0.3289916396141052 0.6178505897521973 0.008257126808166504 0.010465049743652343
0 0.48405776023864744 0.08214282989501953 0.007903194427490235 0.011388333638509114
0 0.356507682800293 0.6640608469645182 0.007677698135375976 0.01007677714029948
0 0.33765573501586915 0.5516290028889973 0.008525991439819336 0.011565653483072917
0 0.4690402507781982 0.08765408992767335 0.009642696380615235 0.012958717346191407
0 0.5685436010360718 0.5715078671773274 0.008510160446166991 0.010515785217285157
0 0.3093429088592529 0.2988404115041097 0.008564138412475586 0.011168320973714195
0 0.3171059608459473 0.4935228665669759 0.008193254470825195 0.011148707071940106
0 0.5527015686035156 0.6189083099365233 0.009525299072265625 0.012491607666015625
0 0.4053990125656128 0.2812685012817383 0.00970444679260254 0.012737973531087238
0 0.5783183574676514 0.09618375301361085 0.009057998657226562 0.012696250279744465
0 0.410503625869751 0.34559993743896483 0.007841396331787109 0.010479418436686198
0 0.6040993194163073 0.1317222452284592 0.009565162658691406 0.013747978210449218
0 0.6286808729171753 0.169905686378479 0.00930800437927246 0.011982043584187828
0 0.596181082725525 0.5566493034362793 0.007675981521606446 0.010543632507324218
0 0.6122478723526001 0.16273726622263593 0.009327936172485351 0.014812326431274414
0 0.6132632970809937 0.3984335422515869 0.007699346542358399 0.010465272267659505
0 0.6702528953552246 0.4820036729176839 0.008019351959228515 0.010277652740478515
0 0.3223355531692505 0.460601806640625 0.008197641372680664 0.010915692647298176
0 0.6885358810424804 0.284322706858317 0.009363269805908203 0.01330267588297526
0 0.4034471869468689 0.24520478248596192 0.008880352973937989 0.012821801503499349
0 0.3394249677658081 0.2907454331715902 0.008754301071166991 0.011812305450439453
0 0.4491965532302856 0.25160536766052244 0.008472204208374023 0.012054920196533203
0 0.7473546981811523 0.48562730153401695 0.008324813842773438 0.011199188232421876
0 0.4581904888153076 0.7908647219340007 0.008367919921875 0.010299491882324218
0 0.540057635307312 0.42086334228515626 0.006757211685180664 0.008824666341145834
0 0.4528405666351313 0.5507141969503122 0.009735393524169914 0.00844019154330157
0 0.4895113706588745 0.1425299326578776 0.00823206901550293 0.011597537994384765
0 0.6405508279800415 0.5222051143646239 0.00793004035949707 0.010159524281819661
0 0.5807694911956788 0.5368192036946614 0.008579063415527343 0.011525472005208336
0 0.6237547159194946 0.20509036382039392 0.008274507522583009 0.01206207275390625
0 0.5430889368057251 0.6920820236206054 0.0072482585906982425 0.010510762532552086
0 0.6734733343124389 0.5793906529744466 0.00725102424621582 0.009239451090494791
0 0.5385984182357787 0.320741860071818 0.009273386001586914 0.011974684397379557
0 0.5819919586181641 0.19775427977244062 0.008402156829833984 0.011147769292195638
0 0.6008122682571411 0.47688339551289877 0.009213781356811524 0.011662260691324871
0 0.44774789810180665 0.23594044049580895 0.007171058654785156 0.010826396942138671
0 0.3692912632294618 0.22699895581971904 0.007543635368347168 0.010710255304972332
0 0.5046681880950927 0.7683511416117351 0.00889730453491211 0.011736234029134117
0 0.3101079225540161 0.5952171007792155 0.007699823379516602 0.009818331400553385
0 0.3640588164329529 0.5540326118469239 0.007997441291809081 0.009670193990071614
0 0.3973719358444214 0.6663163503011067 0.00947260856628418 0.012572733561197917
0 0.35041638612747195 0.2185377836227417 0.00827634334564209 0.011289993921915688
0 0.4920670986175537 0.7624449094136555 0.009111690521240234 0.011480903625488282
0 0.7285578489303589 0.2959193070729574 0.007852888107299805 0.010721047719319664
0 0.6628046274185181 0.6334170977274577 0.007689046859741211 0.010547065734863281
0 0.6822169065475464 0.5926935831705729 0.008405637741088868 0.010854466756184894
0 0.5539860725402831 0.4024097760518392 0.009234046936035157 0.01277453104654948
0 0.7345639705657959 0.4317008972167969 0.007064533233642578 0.009148025512695312
0 0.46514623165130614 0.34166455268859863 0.007712793350219726 0.010196336110432943
0 0.4246018886566162 0.7310411453247069 0.008677864074707031 0.01102739969889323
0 0.6015721559524535 0.38813865979512535 0.008457040786743164 0.010881201426188153
0 0.3915636897087097 0.3096665700276693 0.0069111108779907225 0.0090087890625
0 0.6697184801101684 0.42647523880004884 0.009264612197875976 0.013545481363932292
0 0.46615383625030515 0.1394351561864217 0.008409547805786132 0.010505056381225586
0 0.5326312065124512 0.628857421875 0.007163143157958985 0.008920542399088542
0 0.5187976837158204 0.6923596700032552 0.010499286651611327 0.01488800048828125
0 0.28465254306793214 0.40665421485900877 0.008451223373413086 0.011254405975341797
0 0.6270101845377006 0.1494171329324013 0.007218602243031341 0.010595994424758679
0 0.4170114994049072 0.5903214772542318 0.009791278839111328 0.013431549072265625
0 0.5706424951553345 0.5523524284362793 0.007627534866333008 0.010501925150553386
0 0.6497067213058472 0.386942720413208 0.008966493606567382 0.010816224416097005
0 0.4899254378710033 0.5022872165128834 0.00810256004333496 0.010833930969238282
0 0.6448502779006958 0.4637300332387288 0.008051824569702149 0.012022622426350911
0 0.2504988760344268 0.5643564902834954 0.008956750604130868 0.01121855631224463
0 0.23882795858055927 0.5520522672313561 0.008956750604130868 0.01483744544522679
0 0.2722122108323197 0.5118825978552541 0.006785417124341606 0.011218556312244771
0 0.276826294476872 0.5091684310055175 0.007328250494288895 0.010856667398946484
0 0.2783190862442272 0.47297953967569584 0.009228167289104548 0.01230422305213935
0 0.2308211663738363 0.4375144261724706 0.008142500549209864 0.014475556531928788
0 0.40859909503158515 0.4968642079533781 0.007056833809315179 0.008685333919157259
0 0.4525685979973184 0.5571187120175312 0.008142500549209898 0.008323445005859043
0 0.43329801336418844 0.45343753835759204 0.008142500549209898 0.013028000878735782
0 0.4368264302688461 0.45669453857727604 0.006514000439367891 0.007961556092560756
0 0.44415468076313486 0.40874425756526234 0.011399500768893773 0.013389889792033998
0 0.5090232684718402 0.39517342331657923 0.008142500549209898 0.00940911174575362
0 0.5097018101842744 0.44022859302220707 0.009499583974078192 0.014837445445226862
0 0.47075351589055386 0.4425808709586455 0.009228167289104477 0.008685333919157117
0 0.4795745581521979 0.45036148259455727 0.008956750604130832 0.01121855631224463
0 0.4589468900941995 0.4907120964273083 0.00895675060413076 0.00940911174575362
0 0.4680393490408171 0.5462620446185845 0.0070568338093152504 0.009771000659051765
0 0.47631755793251385 0.5408337109191114 0.005699750384446887 0.009047222832455404
0 0.519608519185813 0.5524141561446544 0.007599667179262539 0.009771000659051978
0 0.2686837939276622 0.38413581146098363 0.006242583754394211 0.010494778485648339
0 0.292975587232805 0.3161006957609189 0.009228167289104583 0.014837445445226862
0 0.3153674637431321 0.36766986590591477 0.007871083864236184 0.00940911174575362
0 0.35906555002389173 0.23051396776589073 0.008956750604130832 0.014475556531928682
0 0.3606940501337337 0.24245630190473186 0.007328250494288895 0.010132889572350052
0 0.35377292466690535 0.2500559690839944 0.011399500768893773 0.011580445225542918
0 0.3783361346570217 0.2504178579972926 0.007871083864236255 0.01230422305213935
0 0.5672421473986907 0.26272208104943195 0.006242583754394104 0.01085666739894645
0 0.5721276477282167 0.2699598593153963 0.006242583754394246 0.00796155609256072
0 0.47143205760298784 0.1494508511870902 0.008413917234183544 0.01013288957235007
0 0.5354863952567723 0.08087290211707816 0.008956750604130832 0.009771000659051845
0 0.630617943340041 0.15524107379986166 0.006514000439367891 0.010132889572350052
0 0.6887011139244048 0.27936897106114994 0.010313834028999054 0.010856667398946555
0 0.5744346895504928 0.37508858862852823 0.009771000659051907 0.014113667618630501
0 0.6208469426809892 0.4228579251838928 0.011942334138840991 0.011218556312244771
0 0.7060717817627191 0.37490764417187916 0.009771000659051765 0.010132889572350123
0 0.6497528196306842 0.3689364771024585 0.01112808408392013 0.009771000659051765
0 0.6626451121669331 0.46302759455999476 0.007599667179262468 0.009771000659051836
0 0.6957579477337199 0.47949354011506357 0.009771000659051765 0.013028000878735853
0 0.7155713657367972 0.4671893170629242 0.008142500549209898 0.014475556531928717
0 0.7155713657367972 0.44764731574482064 0.008142500549209898 0.010856667398946484
0 0.7545196600305178 0.4968642079533781 0.008413917234183544 0.01230422305213935
0 0.7474628262212026 0.49650231904007996 0.009499583974078121 0.010856667398946484
0 0.7299564500404014 0.5231011541674988 0.008142500549209898 0.009771000659051907
0 0.7250709497108754 0.5203869873177622 0.008142500549209898 0.008685333919157117
0 0.7178784075590733 0.5203869873177623 0.008956750604130974 0.01230422305213935
0 0.6842227386223392 0.5310627102600596 0.009499583974078121 0.010494778485648339
0 0.6828656551974709 0.5245487098206917 0.008956750604130832 0.010494778485648268
0 0.616911400748871 0.5269009877571301 0.0067854171243415355 0.007961556092560827
0 0.5580139801095862 0.5372148217861293 0.00895675060413076 0.008323445005858972
0 0.6249181929555939 0.5848032138848447 0.0070568338093152504 0.009409111745753691
0 0.7378275339046376 0.6179160494516316 0.009228167289104477 0.012666111965437566
0 0.5840699818670579 0.6218968274979119 0.008413917234183615 0.01121855631224456
0 0.6112116503644242 0.6407150509894192 0.008956750604130832 0.010494778485648197
0 0.6831370718824445 0.6960840547240462 0.01058525071397284 0.011942334138841063
0 0.5258511029402073 0.6436101622958048 0.00814250054920997 0.012666111965437637
0 0.4680393490408173 0.6229824942378066 0.009228167289104548 0.013389889792033927
0 0.4912454756060653 0.802298450777073 0.01004241734402541 0.010856667398946484
0 0.49545243422315705 0.8140598404592648 0.008142500549209827 0.0083234450058589
0 0.3889213853709946 0.6913794988511697 0.008956750604130832 0.013389889792034211
0 0.39638534420777033 0.6908366654812222 0.009228167289104548 0.013028000878735782
0 0.4419833472833456 0.6872177763482401 0.00759966717926261 0.011580445225542775
0 0.3350451734037226 0.7396916687764815 0.009771000659051836 0.011580445225542918
0 0.2997610043571464 0.6240681609777012 0.007056833809315144 0.007599667179262468
0 0.29582546242502833 0.6204492718447191 0.008413917234183473 0.0083234450058589
0 0.6209826510234759 0.6000025482433697 0.006242583754394246 0.011580445225542918
0 0.6535526532203154 0.6247919388042976 0.008413917234183827 0.010494778485648268
0 0.5884126488266365 0.49143587425390484 0.009499583974078121 0.010132889572350052
0 0.6174542341188183 0.5158633759015344 0.008413917234183615 0.009771000659051907
0 0.6262752763804623 0.5221964318842532 0.007599667179262539 0.011580445225543058
0 0.5751132312629271 0.3148340845643753 0.010585250713972769 0.016646890011718013
0 0.5049520181972353 0.11398573768386498 0.008685333919157117 0.010856667398946484
0 0.6437816525612635 0.15306974032007234 0.006785417124341677 0.013028000878735799
0 0.6367248187519484 0.14565101759745894 0.008956750604130974 0.011942334138841151
0 0.5577903926069187 0.2603640117703225 0.006399863456325221 0.011093096657630426
0 0.4233205233750121 0.7860711445248699 0.00874238570633878 0.016901945698921422
