0 0.6696504380967881 0.6272852297182436 0.010620371500651043 0.014890713161892362
0 0.578881115383572 0.4207975034360532 0.009603712293836806 0.012958102756076388
0 0.43944604661729597 0.45447141859266493 0.011123826768663194 0.01579567238136574
0 0.569838015238444 0.4435679824263961 0.010087627834743923 0.013159094916449652
0 0.596970346238878 0.7885431077745227 0.011235851711697048 0.015140844274450232
0 0.31389686796400285 0.8294688754611544 0.011395623948838975 0.014967572247540507
0 0.41521706051296653 0.9033581486454716 0.010557852851019966 0.014824365686487269
0 0.6284214655558268 0.520045753761574 0.010993406507703994 0.014693648726851851
0 0.2997159322102865 0.6952423943413628 0.01101544698079427 0.01451862476490162
0 0.48563933902316625 0.483866854067202 0.011213387383355035 0.014522806803385418
0 0.3911337746514215 0.8966059366861978 0.009660381740993923 0.013364664713541667
0 0.605135726928711 0.454813724093967 0.00852203369140625 0.011621263292100694
0 0.4920054965549045 0.20782898090503835 0.01135169135199653 0.014991011442961517
0 0.6215059916178386 0.4900025544343171 0.010821024576822914 0.01521889015480324
0 0.5172565248277452 0.30095717818648726 0.009701834784613715 0.01252661810980903
0 0.45675572289360894 0.5035441363299334 0.009027989705403645 0.01213215015552662
0 0.5873022927178276 0.20436104668511285 0.010681449042426214 0.0147313153302228
0 0.6081796812435116 0.419238921148639 0.009919060601128472 0.01377094410083912
0 0.32704376644558375 0.2831658681233724 0.008388858371310764 0.011314759431061921
0 0.7484583960639105 0.46343653643572763 0.009576839870876735 0.012975819905598958
0 0.7879182179768881 0.5841799135561342 0.010175323486328125 0.01331527144820602
0 0.7157227410210504 0.6069480613425926 0.008577813042534722 0.011548077618634259
0 0.7326622856987848 0.7342326411494503 0.010041978624131944 0.013333355938946759
0 0.34340740839640305 0.2977619736282914 0.010009278191460504 0.012950558132595486
0 0.6713108910454645 0.6732763502332899 0.0112213134765625 0.014056905110677082
0 0.7975631713867187 0.6789478443287037 0.011432054307725694 0.013032362196180557
0 0.24167613786986558 0.41497785527171444 0.005971167069420602 0.009155789506444877
0 0.24018334610251038 0.4070162991791537 0.005971167069420567 0.00995194511570098
0 0.236003529153916 0.4131865051508883 0.007762517190246783 0.011942334138841063
0 0.3969149598337718 0.35571596263403704 0.005640251314510394 0.008287716217239734
0 0.39985019266071087 0.36569191733997386 0.006676215841665396 0.008287716217239805
0 0.4722834098816671 0.2567664063419555 0.006754222353351907 0.010020348655677082
0 0.4754702612737416 0.2649475770798185 0.005898053322645325 0.007864071096860492
0 0.4704759419279532 0.26932355212565207 0.006183442999547566 0.009259309517271249
0 0.4620569464593385 0.2509951928757112 0.006849352245652724 0.00938614937367216
0 0.33342504064325174 0.7729321188405884 0.007481966029452565 0.011664193194633726
0 0.34746811534468575 0.7579681867816833 0.009093466405026902 0.0130454792308403
0 0.4206653160146541 0.7720537981168405 0.01072453499944757 0.01244231766169662
0 0.26536847803564034 0.7364910543524386 0.00515334798674754 0.0077996618177800766
0 0.35952153855027114 0.7786463694152023 0.006267585389287547 0.009285311687833371
0 0.3708728320886474 0.7817105222721875 0.0058497463633349865 0.009099605454076851
0 0.36739084020570983 0.7836604377266323 0.005571187012700065 0.008542486752806866
0 0.35966081822558865 0.7884887998043059 0.00459622928547752 0.0070568368827532875
0 0.356457385693286 0.7865388843498607 0.005153347986747505 0.00724254311650995
0 0.34872736371316476 0.785238940713564 0.0050140683114300085 0.008728192986563243
0 0.35116475803122094 0.7787392225320806 0.004317669934842528 0.006128305713970264
0 0.5304922865201727 0.9570817693733105 0.011888499424466303 0.011664188114570635
0 0.6132968960327173 0.4156915529796576 0.006368199401949823 0.012055027674472854
