0 0.6787213643391926 0.5052607783564814 0.012179904513888888 0.01573802806712963
0 0.40976246727837456 0.33012381659613715 0.010793346828884548 0.014752197265625
0 0.487622718390531 0.4528381258131769 0.007709054082267098 0.011387482640138424
0 0.6509837256537544 0.8164026331018519 0.009899563259548612 0.01379993580005787
0 0.47160742677443407 0.7968772970498823 0.0056740398023896795 0.010103345194677968
0 0.32096692191229925 0.7552603827582465 0.010239643520779081 0.014695231119791667
0 0.4213886049058702 0.4666984275535301 0.00988112555609809 0.013463733814380787
0 0.6813917795817058 0.33555771156593606 0.00989532470703125 0.012853467022931135
0 0.4675620820787218 0.7262937192563658 0.009720823499891493 0.013489334671585649
0 0.5912572860717773 0.31389918857150606 0.011012056138780382 0.014789637812861689
0 0.286787223815918 0.7587593078613282 0.010165532430013023 0.01281563087745949
0 0.44670030163760943 0.8294867045155091 0.006500412491364308 0.008806078840279494
0 0.3756369688209996 0.685803576521213 0.008210354720453238 0.011822910797452693
0 0.3667222512829338 0.522633578571873 0.008763477170977084 0.010336408970896186
0 0.48890534645521166 0.44623403400437966 0.008763477170977155 0.010336408970896186
0 0.4703177184957624 0.27344443781557887 0.00536186665695034 0.0071491555426004185
0 0.7181928510718422 0.7723294496522726 0.010937493623007982 0.014583324830677497
0 0.6351420520361201 0.7320399251200621 0.009083681144532037 0.014088974836417094
0 0.5925043650311734 0.7612065747814171 0.008712918648836948 0.01260592485363631
0 0.6122474679269423 0.9030850231341089 0.008898299896684564 0.010134174882335287
0 0.6378300801299102 0.8754014234555347 0.005561437435427834 0.010134174882335145
0 0.45570314158364555 0.8115706500785242 0.006525438893355826 0.009119890501557678
0 0.44961011129165657 0.8238877435720073 0.003930987285154188 0.007547495587496087
0 0.4503569988758358 0.800144580369676 0.004795804487888091 0.00702336394947551
0 0.4624251298412591 0.8107320394576913 0.006604058639059005 0.007233016604683797
0 0.4676926528033658 0.789871600264473 0.006604058639059076 0.00828127988072481
