0 0.5680777019924588 0.811621743661386 0.008142386542426215 0.010657020851417825
0 0.271997865041097 0.48296664202654804 0.009866438971625435 0.013851985224971063
0 0.50694154103597 0.7853042885109232 0.009601720174153646 0.012842644585503472
0 0.41977356804741744 0.7036497328016493 0.009077368842230902 0.012572111906828705
0 0.47956860860188805 0.5967917548285591 0.0101226806640625 0.012889268663194444
0 0.290019777086046 0.7868612501356337 0.010702090793185763 0.015277608235677082
0 0.5985932879977756 0.587438201904297 0.009925291273328992 0.01370391845703125
0 0.34646655188666453 0.8121220624005352 0.010651058620876737 0.015368030689380786
0 0.7178960588243273 0.5560624581796152 0.009524620903862847 0.012613423665364583
0 0.4376046922471788 0.25371243512188946 0.010012732611762155 0.01371940330222801
0 0.5428091261121962 0.20591645417390048 0.009823693169487847 0.012262697573061343
0 0.4736212836371528 0.756236747459129 0.009297943115234375 0.012733007360387731
0 0.7654851701524522 0.6486654493543837 0.011146121554904513 0.013211681224681714
0 0.6420365439520943 0.6795083222565828 0.00941056145562066 0.01297138355396412
0 0.5867377175225151 0.3939949035644531 0.008999930487738715 0.01212226019965278
0 0.4889259550306532 0.2901728594744647 0.00901018778483073 0.012000755027488425
0 0.5413273493448894 0.8803770842375579 0.009401830037434895 0.011885240342881943
0 0.41420839097764756 0.4643229449236835 0.008864593505859376 0.012522379557291664
0 0.34666151470608186 0.41960491604275174 0.009277619255913628 0.01244495533130787
0 0.40363856421576605 0.7917479338469329 0.007716157701280381 0.01038162796585648
0 0.38037802378336594 0.8192059269657841 0.009764141506618924 0.012327236599392362
0 0.3008287747701009 0.5433207476580584 0.008449490865071614 0.011378818088107638
0 0.31858344607883027 0.7025132355866609 0.008996751573350694 0.011765656647858795
0 0.7167947981092665 0.7053920321994357 0.009274376763237847 0.012402739348234954
0 0.6584409778782938 0.32031514528824323 0.008834287855360242 0.012305083098234955
0 0.7093447937778342 0.7619830704919689 0.00797072516547309 0.011341349283854168
0 0.6158967384876489 0.7549165687637205 0.00941327412923177 0.0129974365234375
0 0.5505151748657227 0.7411249796549478 0.008350923326280383 0.010999891493055556
0 0.662707773844401 0.4695573877405237 0.008975558810763888 0.012094398781105324
0 0.6882994622294021 0.5837549611871541 0.007971021864149306 0.010171452275028935
0 0.6165355835602359 0.2903649661564527 0.01003591749403212 0.0142465662073206
0 0.7385543399386936 0.5674855550130209 0.008869001600477431 0.013405128761574075
0 0.7123088282263559 0.46813419489665636 0.006182913453475257 0.007088694273230112
0 0.41348524969076567 0.5145138517392125 0.0063308943326136815 0.009622959385572828
0 0.4040522171351712 0.4967873476078941 0.005697804899352335 0.00793472089687576
0 0.3846796804773733 0.5130788490238201 0.005191333352743257 0.008778840141224294
0 0.4642806473440344 0.2895125908679391 0.0066737249225133155 0.0076624249110338735
0 0.4889363533077645 0.20300134187239532 0.010010587383770116 0.009639824888074884
0 0.5719871523434865 0.41124627695452587 0.010010587383770045 0.009886999885204943
0 0.7294685223900176 0.4865110635806491 0.0053760561875802184 0.0066737249225133155
0 0.6796009667190149 0.585133887435569 0.0061175811789706816 0.00815677490529403
0 0.6482715358327715 0.6544664741305692 0.006488343674665771 0.00790959990816404
0 0.5751386335568958 0.8056139848756407 0.008898299896684564 0.010628524876595548
0 0.5528001931912605 0.8381174969982521 0.007229868666056234 0.009392649890944824
0 0.5451995620295093 0.8204444847034482 0.0076006311617513945 0.008651124899554361
0 0.43536117267980984 0.9159776210942416 0.006673724922513387 0.00790959990816404
0 0.4344342664405719 0.9065849712032968 0.005561437435427905 0.008898299896684564
0 0.4351757914319623 0.7118110734647582 0.0081567749052941 0.012358749856506392
0 0.46122185675454924 0.6903068487144373 0.005005293691885129 0.007415249913903779
0 0.4683590347966816 0.6887002112330916 0.005561437435427834 0.008651124899554219
0 0.4508405068750839 0.6650949990071645 0.006859106170360931 0.008403949902424301
0 0.49681505634128714 0.6155364120825745 0.007229868666056163 0.007168074916773648
0 0.5002446094264676 0.6104693246414068 0.006302962426818297 0.008403949902424372
0 0.2910418712304579 0.7205857858628777 0.008712918648836911 0.010134174882335003
0 0.28844653376059154 0.7123054234590183 0.0061175811789706104 0.005932199931123137
0 0.2882611525127439 0.7082270360063714 0.0057468186832754144 0.006179374928253054
0 0.26850378783590945 0.693728155646612 0.004938099730111034 0.006757399630678407
0 0.2910825991018778 0.6820759729501219 0.00539292470525286 0.007883632902457834
0 0.2803942121860453 0.6974100721120458 0.005197999715906327 0.007190566273670527
0 0.28364296200848677 0.7044706883928186 0.0046781997443157055 0.006930666287875198
0 0.39072500226309903 0.5110247547069123 0.004938099730110963 0.0062375996590876785
0 0.5835219865464658 0.5240858332708551 0.005707793538043831 0.008763480987703716
0 0.5903540424480639 0.5236822519095792 0.005188903216403489 0.007725700344422961
0 0.7203853279368414 0.4879043647268477 0.004887323806891147 0.007639954456749365
0 0.7094309814731199 0.4835226261413591 0.005561437435427763 0.007864658999594952
0 0.4417502632963118 0.9085145842805048 0.005975100673434426 0.007337842932287799
