0 0.4848028659820557 0.13181076049804688 0.009109973907470703 0.012712256113688153
0 0.40018110275268554 0.5266058127085368 0.009508228302001953 0.012826061248779297
0 0.3491163492202759 0.5427293141682943 0.009383106231689453 0.011775970458984375
0 0.5066793203353882 0.17207222779591877 0.009628629684448243 0.012114254633585612
0 0.5437760591506957 0.4817745049794515 0.010630273818969726 0.013802051544189453
0 0.6236793756484986 0.29712497393290205 0.009067392349243164 0.012180169423421226
0 0.31760493516921995 0.5147847175598145 0.009719491004943848 0.012598292032877606
0 0.6338468313217163 0.6201015472412109 0.00933823585510254 0.012218475341796875
0 0.6877270460128784 0.30739293098449705 0.009213495254516601 0.012106100718180336
0 0.7184342384338379 0.47042477925618487 0.009365081787109375 0.013493855794270836
0 0.36515690088272096 0.3346355597178141 0.009036803245544433 0.012275600433349609
0 0.49857354164123535 0.5533931732177735 0.008795356750488282 0.01090075174967448
0 0.6560220956802368 0.20864170392354328 0.009204435348510741 0.011430295308430989
0 0.650213074684143 0.3411033948262533 0.010672807693481445 0.014315287272135414
0 0.26374844312667844 0.49142069816589357 0.007316946983337402 0.010260868072509765
0 0.35740597248077394 0.35571990013122556 0.00818619728088379 0.011031373341878254
0 0.5390014648437499 0.26199457645416263 0.009710407257080078 0.01316370964050293
0 0.3308002233505249 0.28483618100484215 0.01007390022277832 0.013202190399169922
0 0.4796319007873535 0.5462464332580567 0.00859365463256836 0.011596870422363282
0 0.47798135280609133 0.1484070301055908 0.008344411849975586 0.012589391072591145
0 0.5788213491439819 0.17255992889404298 0.009711694717407227 0.012832991282145182
0 0.3386602759361267 0.6068607012430827 0.00955355167388916 0.01301161448160807
0 0.3202099919319153 0.43219116528828944 0.00898730754852295 0.011782232920328777
0 0.5491612672805786 0.5897879918416342 0.008535051345825195 0.01049181620279948
0 0.29844686985015867 0.7084062258402507 0.009162616729736329 0.012375195821126304
0 0.25305852890014646 0.38768523534139 0.008725976943969727 0.012084388732910156
0 0.4142531156539917 0.2847238699595134 0.009647989273071289 0.012314701080322265
0 0.4781991720199585 0.7282135963439942 0.007750940322875976 0.009581057230631511
0 0.3162597298622131 0.23296233812967937 0.00958845615386963 0.013516267140706383
0 0.5104567766189576 0.6898468335469565 0.00906214714050293 0.011517270406087238
0 0.3580610156059265 0.7467944780985515 0.011224818229675294 0.014197731018066406
0 0.5049517393112183 0.30122531255086266 0.009939146041870118 0.013515472412109375
0 0.6286067247390748 0.4746085166931152 0.010385560989379882 0.013939285278320312
0 0.556568717956543 0.2057017962137858 0.009357166290283204 0.012713305155436198
0 0.3238131761550903 0.3902794520060222 0.00936875343322754 0.0120022455851237
0 0.4310927152633667 0.23510494232177734 0.008062124252319336 0.011048253377278645
0 0.31102081537246706 0.47412815093994143 0.009648489952087402 0.012786102294921876
0 0.6365130424499512 0.5225970268249512 0.009001827239990235 0.012787628173828124
0 0.7573747873306275 0.3975296338399252 0.010602426528930665 0.01436144510904948
0 0.5843533992767335 0.2433410406112671 0.00945596694946289 0.01236424446105957
0 0.2924314260482788 0.28938562075297036 0.010124301910400391 0.013599363962809245
0 0.5614456415176392 0.5277994632720947 0.00916600227355957 0.011410172780354817
0 0.6803298950195312 0.2710270325342814 0.008040809631347656 0.010960817337036133
0 0.39299166202545166 0.35399665832519533 0.00815877914428711 0.01033312479654948
0 0.6555267572402954 0.24956963857014972 0.008878946304321289 0.012030696868896485
0 0.4802610158920288 0.6945741335550945 0.008855581283569336 0.010993512471516927
0 0.3904031038284302 0.3349840005238851 0.008267593383789063 0.010464700063069661
0 0.3561551094055176 0.19278669357299805 0.009228181838989259 0.012700494130452473
0 0.2853430986404419 0.5101178010304769 0.00886082649230957 0.011645666758219401
0 0.6407251596450806 0.7262622197469075 0.008831548690795898 0.011667887369791664
0 0.7209872484207154 0.43552708625793457 0.009631967544555664 0.012322394053141277
0 0.5407692909240722 0.63068265914917 0.007863426208496093 0.010049502054850258
0 0.2713260531425476 0.3031913757324219 0.009823298454284668 0.012859280904134114
0 0.6740817070007324 0.20555971463521325 0.00911121368408203 0.012196954091389973
0 0.43103599548339844 0.5572456041971843 0.008319473266601563 0.010067558288574219
0 0.43205263614654543 0.21186885039011635 0.008452272415161133 0.012502590815226235
0 0.26905885934829715 0.3831478913625081 0.009721064567565918 0.012250741322835289
0 0.6860721588134766 0.4087860584259033 0.009557628631591797 0.013429927825927734
0 0.5344653844833374 0.6808497746785482 0.006977510452270508 0.010974629720052082
0 0.2766449093818665 0.5958235104878743 0.009228253364562988 0.011670239766438802
0 0.6442063570022583 0.30065375963846847 0.009372186660766602 0.012175401051839195
0 0.30917575576847056 0.36353929208322733 0.00779256820678711 0.00971813201904297
0 0.6509866952896118 0.7653699239095052 0.007572317123413086 0.010048929850260417
0 0.3346618413925171 0.4201165199279785 0.008256769180297852 0.010833168029785156
0 0.7279635679335209 0.6833059719906878 0.008708667755126954 0.011393483479817708
0 0.4415651559829712 0.3856558005015056 0.00784926414489746 0.01065212885538737
0 0.5791048049926758 0.7984199206034343 0.00825052261352539 0.012100028991699218
0 0.6217130661010742 0.7062068621317547 0.008695125579833984 0.011875851949055988
0 0.42010624408721925 0.21287109851837158 0.007683515548706055 0.011766449610392254
0 0.4953919797202031 0.5775838830193044 0.009583806991577149 0.013168716430664062
0 0.47623634338378906 0.4483968893686931 0.008484458923339844 0.011554686228434245
0 0.42906734246941314 0.3943810469279072 0.006854653358459473 0.009722010294596354
0 0.607321262359619 0.7457521438598633 0.008470630645751953 0.01198870340983073
0 0.5983657875537184 0.6092866857216666 0.00864725112915039 0.010304959615071614
0 0.4747908592224121 0.4235779603322347 0.008747386932373046 0.011375713348388671
0 0.4397436618804932 0.5441725730895995 0.007917022705078125 0.010549863179524742
0 0.3626602292060852 0.6793623288472493 0.00829145908355713 0.011066500345865886
0 0.3831045627593994 0.3859673023223877 0.008608341217041016 0.011482906341552735
0 0.3784513907359786 0.5481098246950102 0.009195597286907713 0.012698681967634328
0 0.3736893849981157 0.5148305202281063 0.0062398695875444336 0.011822910797452764
0 0.4397006369505601 0.5249018886851957 0.00689669796518082 0.013574453137816179
0 0.42525041264256236 0.5172388909461059 0.006896697965180891 0.012260796382543475
0 0.49109745750059774 0.46907147658611337 0.006568283776362662 0.010509254042180132
0 0.5047266463365503 0.47016619054884046 0.006896697965180678 0.010947139627271056
0 0.49963622640986927 0.5805133579917326 0.007881940531635151 0.008319826116725864
0 0.27171677937008587 0.4889952707077466 0.009852425664543923 0.008319826116726006
0 0.3861691241732047 0.3922225564026705 0.006896697965180749 0.011822910797452764
0 0.42574303392578955 0.41564943520503056 0.008538768909271396 0.009633482871998495
0 0.4160548153556546 0.2280154619936048 0.0095240114757258 0.01445022430799778
0 0.38830381640052253 0.1551075120759796 0.007225112153998907 0.009633482871998549
0 0.3871543667396591 0.1623326242299785 0.0055830412099081884 0.010947139627271073
0 0.5360902013686818 0.21684937957378833 0.009852425664543887 0.012260796382543546
0 0.6211494762725778 0.19889607058506378 0.007881940531635151 0.01313656755272529
0 0.6589171079866629 0.17503130619761287 0.006568283776362591 0.010947139627271021
0 0.6648285633853894 0.18335113231433892 0.007225112153998907 0.010947139627271056
0 0.6679484981791616 0.18006699042615756 0.007553526342817065 0.00875771170181686
0 0.6536624809655729 0.1783154480857942 0.005911455398726418 0.009633482871998495
0 0.6116254647968521 0.18247536114415724 0.006568283776362591 0.009195597286907678
0 0.6155664350626696 0.17459342061252203 0.0065682837763625206 0.01007136845708935
0 0.6057140093981256 0.19035730167579235 0.007881940531635151 0.01007136845708935
0 0.6053855952093075 0.184445846277066 0.007881940531635151 0.007006169361453445
0 0.6810850657318869 0.24750137053014726 0.007553526342817065 0.010509254042180238
0 0.6976699822672024 0.24531194260469305 0.0059114553987262754 0.00963348287199846
0 0.6978341893616116 0.25472648268414616 0.007553526342816923 0.008319826116726006
0 0.6950426687566573 0.24925291287051063 0.0065682837763624494 0.00875771170181686
0 0.6850260359977045 0.22976700433396816 0.008867183098089555 0.013574453137816108
0 0.5923391681760607 0.3601709702700995 0.0053019036884412426 0.0073410974147647325
0 0.5941744425297519 0.36452125021958964 0.0040783874526471205 0.005165957440019682
0 0.5893823372728916 0.38722427370599166 0.00509798431580883 0.010875699873725537
0 0.5888725388413107 0.3798831762912269 0.005301903688441172 0.007612989911607855
0 0.6078370404961195 0.3904869836681093 0.0069332586694999775 0.0081567749052941
0 0.609264476104546 0.38491318748282494 0.007748936160029416 0.008972452395823538
0 0.7447016068453729 0.2853280034598322 0.008670134584798603 0.012041853589998083
0 0.7808271676153673 0.41851090416521186 0.007225112153998907 0.013486876020797922
0 0.5723826819724992 0.4758301272536031 0.007947623369398756 0.013486876020797994
0 0.7212199923448764 0.5252017269725956 0.009392645800198522 0.012041853589998226
0 0.6605290502512857 0.5047305758695987 0.00650260093859913 0.010596831159198388
0 0.6292804401852407 0.5892643880713858 0.007586367761698866 0.01396855016439794
0 0.6361442967315395 0.5940811295073849 0.006863856546298948 0.014931898451597831
0 0.6901520100826812 0.6222590669079807 0.007225112153998907 0.008670134584798674
0 0.5783433994995484 0.7332849570077635 0.006141345330898957 0.014931898451597902
0 0.6171783773272925 0.7539969451825604 0.009392645800198593 0.012041853589998226
0 0.6014231364727749 0.6210957836012441 0.006067022656830332 0.008763477170977155
0 0.6039510625797875 0.6295222039579529 0.006067022656830261 0.008538772628131568
0 0.5992322671800305 0.6327804198292136 0.005729965842562024 0.008763477170977155
0 0.5960784354274485 0.6932423176274171 0.005932199931122995 0.00790959990816404
0 0.5993226072647815 0.697073530082934 0.005005293691885058 0.008156774905294241
0 0.5551091796531302 0.6670417679316238 0.006673724922513387 0.00790959990816404
0 0.5835652011977359 0.6868157677020339 0.007971393657446556 0.012853099850766513
0 0.497401203195882 0.7184207387701405 0.00558304120990826 0.008319826116726006
0 0.5006112785091327 0.7277293794409982 0.005301903688441172 0.00706920491792161
0 0.5038739884712504 0.7275934331925769 0.0057097424337059265 0.0073410974147647325
0 0.4832781318353826 0.7966541273907337 0.008564613650558925 0.010060022383196098
0 0.4718334650666041 0.6451482783517624 0.006863856546298948 0.010596831159198317
0 0.46840153679345464 0.6516508792903614 0.00578008972319914 0.007225112153999049
0 0.3533416257410223 0.6774204459729575 0.007586367761698795 0.01156017944639828
