0 0.6171838283538819 0.5532943407694498 0.01033782958984375 0.012914212544759114
0 0.48430254459381106 0.427193800608317 0.010251855850219727 0.013779449462890624
0 0.42889254093170165 0.7115799268086752 0.008632802963256836 0.0115268071492513
0 0.4324413537979126 0.5042452335357666 0.009828901290893555 0.013181145985921223
0 0.5383747816085814 0.2317254940668742 0.010928964614868164 0.015919955571492513
0 0.5682254314422607 0.4555349349975586 0.009474468231201173 0.012009429931640624
0 0.47587754726409914 0.8126636823018393 0.009558820724487304 0.013298352559407554
0 0.25115076303482053 0.40828143755594887 0.009911131858825684 0.01426369349161784
0 0.5710023880004883 0.2440563678741455 0.009678173065185546 0.012999343872070312
0 0.39191728830337524 0.443265708287557 0.009761166572570801 0.012252902984619141
0 0.38365851640701293 0.6462537129720052 0.010383534431457519 0.013294347127278646
0 0.475554895401001 0.5544153213500976 0.009448719024658204 0.011837387084960937
0 0.32631354331970214 0.2174441893895467 0.009978342056274413 0.012951326370239259
0 0.5136570692062379 0.5525107065836589 0.00862870216369629 0.010503260294596355
0 0.7568143129348754 0.4820185979207357 0.00992894172668457 0.012682215372721356
0 0.6626661777496338 0.1947371164957682 0.009820842742919922 0.01275469462076823
0 0.44703629016876223 0.4126549084981283 0.010260534286499024 0.013027064005533854
0 0.6620336294174194 0.222280756632487 0.009709692001342774 0.013908004760742188
0 0.5471011877059936 0.7600414911905925 0.009773683547973634 0.013305282592773438
0 0.4223850965499878 0.6405145645141601 0.008801698684692383 0.012377421061197914
0 0.5964464902877807 0.6568678855895996 0.008741998672485351 0.01252918243408203
0 0.6016788959503173 0.7133729298909505 0.010949325561523438 0.015131632486979164
0 0.4965446949005127 0.34118119875590003 0.009898662567138672 0.013340409596761067
0 0.3670686364173889 0.4348874886830648 0.009527754783630372 0.012454191843668617
0 0.515334153175354 0.20557464758555097 0.007547140121459961 0.011865123112996418
0 0.690066909790039 0.4465903123219808 0.009640884399414063 0.012930774688720703
0 0.6684982776641846 0.3665799617767334 0.009956645965576171 0.012737305959065755
0 0.419397759437561 0.5856168429056804 0.009397172927856445 0.011992454528808594
0 0.3186043620109558 0.5957845052083333 0.008385396003723145 0.01126708984375
0 0.43946526050567625 0.15954740047454835 0.01024317741394043 0.013149436314900715
0 0.6894873142242431 0.564509423573812 0.009412670135498047 0.012798754374186198
0 0.6254152297973632 0.6067508697509766 0.009552860260009765 0.012818018595377602
0 0.463477635383606 0.4030707041422526 0.009593534469604491 0.012042363484700523
0 0.5999473094940185 0.40027306874593094 0.010772418975830079 0.013997968037923176
0 0.4657620668411255 0.688858159383138 0.008552026748657227 0.010893885294596355
0 0.4597468852996826 0.6519079208374023 0.008802223205566406 0.01351915995279948
0 0.44818453788757323 0.5067985375722249 0.008774185180664062 0.01142733891805013
0 0.3172149658203125 0.5617411931355794 0.01096343994140625 0.01352094014485677
0 0.4848817825317383 0.4728560129801433 0.009142398834228516 0.012251472473144532
0 0.4212165832519531 0.5628191947937011 0.009801006317138672 0.013337262471516927
0 0.6244254589080811 0.2397654930750529 0.009566402435302735 0.013000059127807616
0 0.579047966003418 0.6562143961588542 0.008554458618164062 0.011269251505533852
0 0.32198764085769654 0.36378717422485357 0.010581707954406739 0.013834635416666664
0 0.578698754310608 0.22992262840270997 0.00938429832458496 0.01161066691080729
0 0.48055031299591067 0.5959027926127116 0.00949110984802246 0.011597379048665363
0 0.5258488912534915 0.5267760730753346 0.010175371170043945 0.014859835306803383
0 0.31560205221176146 0.6153967221577962 0.009253621101379395 0.012364514668782552
0 0.515506682719344 0.5396876776799694 0.00829005241394043 0.010729153951009117
0 0.38004366159439085 0.2293479283650716 0.009888243675231934 0.013991228739420573
0 0.7460209846496582 0.45886329015096033 0.008492660522460938 0.011240259806315106
0 0.2729593157768249 0.4458697160085043 0.009294247627258301 0.012911192576090495
0 0.549793553352356 0.5620921452840169 0.009579229354858398 0.012852096557617187
0 0.4610631996663506 0.6769852641701185 0.01158146858215332 0.016364161173502603
0 0.6327294111251831 0.6433448155721028 0.008817911148071289 0.010918172200520833
0 0.5317850351333618 0.3180403232574463 0.008665323257446289 0.012477779388427734
0 0.6120738983154297 0.6195281982421875 0.009427833557128906 0.012752532958984375
0 0.3978763672574314 0.2533504607358436 0.010405588150024413 0.013471635182698567
0 0.5048273324966431 0.20315928459167482 0.009645032882690429 0.01409149169921875
0 0.5171288251876831 0.8358969688415527 0.00875401496887207 0.011891110738118488
0 0.5831879377365112 0.5810599009195964 0.01069331169128418 0.014039866129557292
0 0.4279695749282837 0.44705670674641923 0.010176801681518554 0.013410695393880208
0 0.5258031606674194 0.8222209930419924 0.00968308448791504 0.012075169881184894
0 0.4545996904373169 0.6085665067036947 0.00999464988708496 0.013140424092610676
0 0.4590387105941772 0.7433233261108398 0.009529542922973634 0.012559763590494792
0 0.5729374885559083 0.7600036303202312 0.009385967254638672 0.012629000345865886
0 0.7459573745727539 0.5687816937764485 0.009124469757080079 0.011769803365071614
0 0.6729776620864868 0.7097861925760905 0.009162473678588866 0.012679481506347656
0 0.6100855827331544 0.8011401176452637 0.009122943878173828 0.010889879862467448
0 0.7184507608413696 0.6523508071899414 0.01017308235168457 0.014138412475585938
0 0.6704415737814143 0.5231918153136971 0.007829594612121581 0.011173375447591146
0 0.5700036764144898 0.5009954770406088 0.007833051681518554 0.01204973856608073
0 0.4470589876174927 0.8316233952840171 0.008251714706420898 0.011681493123372395
0 0.43968816259169147 0.5729593886267745 0.011921435054098168 0.0081884604411988
0 0.5446329166285254 0.6167917356943677 0.008670134584798603 0.011078505302798334
0 0.5435491498054257 0.6237760107765667 0.007947623369398684 0.01059683115919846
0 0.5451748000400753 0.7350427379481497 0.009031390192498634 0.009633482871998637
0 0.5789521993600202 0.7434720354611484 0.00939264580019845 0.011078505302798192
0 0.4180128261296948 0.7172207946349525 0.008308878977098715 0.013486876020797922
0 0.3107199106428113 0.4631376838859914 0.009031390192498599 0.012041853589998226
0 0.35623811721300436 0.3920907477050023 0.007586367761698795 0.010596831159198388
0 0.31017802723126137 0.2280807018092274 0.009392645800198558 0.010115157015598406
0 0.5074235890354312 0.24469845976342483 0.007947623369398827 0.010596831159198388
0 0.4203609875797445 0.26733714451262136 0.007225112153998765 0.016376920882397457
0 0.42505731047984385 0.26420626257922186 0.007225112153998836 0.014931898451597689
0 0.502366010527632 0.2478293416968244 0.005057578507799292 0.011078505302798369
0 0.4796069072425354 0.3174312554470137 0.007225112153998836 0.012523527733598137
0 0.6391012580420609 0.25577696506622316 0.009031390192498634 0.014450224307997814
0 0.5742558764599208 0.15944213634623788 0.01083766823099829 0.014450224307997797
0 0.6761299578313051 0.3123736769392145 0.010837668230998361 0.01589524673879758
0 0.664569778384907 0.3123736769392144 0.00939264580019838 0.013968550164397832
0 0.6660148008157065 0.3899232140588025 0.007947623369398827 0.011078505302798263
0 0.671794890538906 0.4323105386955961 0.006502600938598988 0.013005201877197977
0 0.722731931224598 0.41497026952599875 0.008670134584798745 0.010115157015598442
0 0.7254413482823476 0.42267705582359755 0.009753901407898412 0.013005201877197977
0 0.7306795545939968 0.41930533681839804 0.008670134584798603 0.010115157015598513
0 0.5740752486560707 0.47373451504518976 0.007586367761698866 0.013968550164397868
0 0.553122423409474 0.7966970283289403 0.008308878977098786 0.010596831159198246
0 0.5417428717669259 0.7913986127493412 0.007225112153998907 0.01059683115919853
0 0.4581121985843886 0.8299325442373353 0.007586367761698866 0.011560179446398137
