0 0.4936356862386068 0.159954509028682 0.00992397732204861 0.013440873887803819
0 0.6732056511773004 0.4085409658926505 0.010556538899739586 0.013975750958478007
0 0.4943486531575521 0.2664701532434534 0.011001841227213543 0.014942395245587386
0 0.5064964082505967 0.6551666542335793 0.011339102851019965 0.014279796459056714
0 0.5629695468478733 0.8179929380063657 0.009818183051215278 0.013087745949074074
0 0.6625765694512262 0.2126007645218461 0.00985916985405816 0.013943990071614586
0 0.7421340942382814 0.3219698870623553 0.009561326768663194 0.014244023075810186
0 0.4335040622287326 0.6651362383807147 0.009448157416449653 0.013011960630063657
0 0.3128967814975315 0.6486579895019531 0.011583391825358074 0.015005775734230325
0 0.6522314071655273 0.8480327747486256 0.008819283379448786 0.011791483561197918
0 0.4669403500027127 0.5901821560329861 0.011468675401475694 0.01608502423321759
0 0.5097140206231011 0.29895391111020686 0.010844548543294273 0.015156866002965856
0 0.6216508017645942 0.19361000061035155 0.01030871073404948 0.01426498978226273
0 0.47653382619222 0.9292269671404803 0.010578282674153646 0.01413529007523148
0 0.3907863193088108 0.318114584463614 0.011757320827907987 0.015792564109519677
0 0.43667748769124354 0.408569985848886 0.009974458482530382 0.013873630099826388
0 0.4547426223754883 0.711928360550492 0.010515043470594619 0.01584144874855324
0 0.42070677015516494 0.4034954918755425 0.007883114284939235 0.011029080991391781
0 0.3921369552612305 0.7990551701298467 0.009200498792860242 0.011868907787181714
0 0.5384461296929254 0.5576805397316262 0.010715315077039931 0.01555774830005787
0 0.41197566986083983 0.21394243593569154 0.012054485744900175 0.015661168981481483
0 0.5638477537367079 0.41543279577184605 0.009719297620985242 0.01361168755425347
0 0.6615722444322374 0.4179222954644098 0.010321850246853299 0.015664107711226852
0 0.6877963172064887 0.8576668350784867 0.011070675320095487 0.01498565673828125
0 0.7966424306233725 0.5075973510742188 0.011211564805772569 0.014818883825231482
0 0.2791595141092936 0.648439704047309 0.011575804816351998 0.015424488208912037
0 0.4003429412841797 0.8443680374710648 0.009741041395399306 0.013020042136863426
0 0.6127948549058703 0.4359092147262008 0.009293153550889758 0.011904681170428241
0 0.5005322774251302 0.4329979790581596 0.010456254747178819 0.015018434877748843
0 0.668186166551378 0.6488776312934028 0.010862011379665798 0.01493869357638889
0 0.5996874703301324 0.7193910104257089 0.008835983276367188 0.011040751139322917
0 0.8116832733154297 0.5307589495623553 0.010017479790581598 0.013094301576967593
0 0.5042856640285917 0.348505359225803 0.00792071024576823 0.010055626763237848
0 0.39368042079759513 0.5215969183831212 0.008666441175672742 0.012395053439670138
0 0.4288945939805772 0.39647903442382815 0.006724124484592014 0.010364673755787037
0 0.75478515625 0.3247454890498409 0.0089752197265625 0.012241787380642362
0 0.2572716183132595 0.5034813209816261 0.009998957316080729 0.013674135561342593
0 0.5970918019612631 0.7261665626808448 0.009270562065972222 0.010712800202546295
0 0.3363371791697821 0.448911178954971 0.00683736587922283 0.010298254781051596
0 0.3424781466724174 0.4459567615997514 0.007217219539179638 0.01046707862992129
0 0.3497586751549231 0.45178118438575593 0.007343837425831837 0.011311197874269823
0 0.3511514719080982 0.44291793232009674 0.008103544745745594 0.008441192443484909
0 0.34577021172537653 0.4370935095340922 0.007470455312484105 0.009285311687833371
0 0.359381634540496 0.448911178954971 0.008356780519049992 0.012661788665227434
0 0.3776779191617496 0.38467370446005084 0.00873663417900687 0.012155317118618286
0 0.3823627809678837 0.3856022356288342 0.007217219539179638 0.012324140967487907
0 0.38812389481056214 0.38492694023335544 0.0063308943326136815 0.011648845572009136
0 0.41072518757799303 0.3808751678604827 0.007723691085788786 0.009960607083312282
0 0.41908196809704307 0.3746286854523039 0.007723691085788715 0.01063590247879091
0 0.42256395997998064 0.3839139971401373 0.008103544745745381 0.010635902478790982
0 0.5078816926566231 0.35328049158109404 0.007005019342144791 0.009570643710255382
0 0.512162537810156 0.35333814606127634 0.006572610740777946 0.00922471682916175
0 0.5493929183878513 0.33996230665899163 0.007523909663785133 0.01130027811572326
0 0.5620624904079033 0.36705991234465457 0.008475208586792533 0.012453367719368558
0 0.5708403850156527 0.34774566148359687 0.007350946223238353 0.008878789948068259
0 0.565954167820206 0.35183912957653746 0.006918537621871366 0.008302245146245611
0 0.5781430960594086 0.3419330578660298 0.0056978048993522636 0.006921777803657676
0 0.6272038836122588 0.3447882668224318 0.008934062011713949 0.010482632760411193
0 0.6233443688231982 0.33644980894483195 0.005646327191403344 0.008671996192703873
0 0.6212359301884338 0.34221525696305816 0.00571779968749702 0.007814326239579188
0 0.623737467551713 0.3634187641375262 0.007861974570308367 0.00962496280728668
0 0.6353659276439717 0.3722209447993114 0.011122874870855597 0.01235874985650625
0 0.651881711543121 0.4241276941966376 0.00943759079951377 0.014605795284961899
0 0.7711512065373104 0.668405103846539 0.007277199602268922 0.008143532888253304
0 0.7651735068640181 0.6786278366211548 0.00870664952414316 0.009009866174237545
0 0.7692344441420699 0.6756389867845087 0.006042674669741075 0.007883632902457976
0 0.7753096063100355 0.6757689367774062 0.0063675496519852 0.008836599517040753
0 0.762347094518494 0.6902367026533457 0.007212224605819983 0.008490066202647029
0 0.7688445941633769 0.6917961025681177 0.006302574655536546 0.0076237329166627885
0 0.7667004192805655 0.695218119047756 0.006432524648434139 0.007190566273670385
0 0.7753745813064842 0.6903233359819442 0.008446749538347974 0.008836599517040895
0 0.7752446313135866 0.6846055362944472 0.005977699673292278 0.008836599517040895
0 0.7699166816047827 0.6816600031221003 0.004938099730110963 0.007970266231056513
0 0.7717034940071256 0.6860783028806208 0.00578277468394603 0.007970266231056513
0 0.7814000836992365 0.6779327035944616 0.0059776996732924205 0.007190566273670527
0 0.6104748066965717 0.83946192131436 0.00874814489597533 0.009822478479691484
0 0.6061007342485841 0.8489774473415612 0.007366858859768684 0.009208573574710784
0 0.6004029293492317 0.8644018080792019 0.007251751690084731 0.009975954705936943
0 0.6266473640371576 0.8383875877306437 0.0072517516900848025 0.009208573574710926
0 0.6425897070383758 0.8548095439388781 0.007366858859768684 0.010129430932181833
0 0.64448897533816 0.8626368314773822 0.007942394708187948 0.010129430932181976
0 0.6435105643958469 0.8713849763733574 0.006906430181033159 0.009822478479691484
0 0.6059856270789002 0.902003483509271 0.008057501877872042 0.008441192443485051
0 0.6094963957542587 0.9057636510522781 0.007021537350716969 0.009822478479691626
0 0.6062158414182681 0.895634220120096 0.007827287538504138 0.009208573574710926
0 0.6162301651807661 0.9131305099120468 0.00713664452040085 0.009822478479691484
0 0.6214099878165409 0.9085262231246912 0.008517930556607425 0.009515526027201276
0 0.6276257749794708 0.916813939341931 0.007136644520400992 0.009515526027201134
0 0.6607190862635877 0.9013128404911677 0.00978410942313019 0.009515526027201134
0 0.43179334793693586 0.8710070847268401 0.007325001707156318 0.009766668942875043
0 0.428178412029508 0.8693581665936274 0.006563962568750483 0.009259309517271106
0 0.4151456167843078 0.8788711558237006 0.008276300630163647 0.009766668942875185
0 0.4220900989222612 0.8795053551057055 0.00637370278414906 0.01052770808128102
0 0.4244207812836291 0.8890817642639791 0.006088313107246819 0.008371430522464323
0 0.4306993541754774 0.8851497287155489 0.008942209876268805 0.010147188512077888
0 0.4309371789062293 0.8987850132786538 0.008276300630163647 0.011542426932488753
0 0.40363665427749695 0.6987212244352676 0.009323680744394736 0.01151071696838855
0 0.39891726032045777 0.6884383172768406 0.008633037726291377 0.01273852677834995
0 0.37825552336220025 0.649455355810565 0.006446001502297563 0.0093620498009561
0 0.33342128077032696 0.6603521678739728 0.008402823386923615 0.010282907158427008
0 0.4571690841026313 0.6471987718346484 0.006546144739922468 0.009285311687833513
0 0.55693126707205 0.8358158052764797 0.009869697635405928 0.014146566610748437
0 0.48227511819262503 0.7560946705802892 0.009208573574710855 0.011971145647123933
0 0.49113837025828433 0.7484208592680304 0.008978359235343163 0.012892003004595125
0 0.5001742830784692 0.7504160502092176 0.006561108671981444 0.009822478479691626
0 0.5015555691146758 0.7453513347431265 0.00794239470818809 0.006752953954787842
0 0.5010951404359403 0.7409005241820164 0.006561108671981444 0.008901621122220434
0 0.572634246394475 0.7601617905757866 0.008517930556607496 0.010282907158426866
0 0.5699292279069037 0.7383681664489709 0.007942394708188019 0.01028290715842715
0 0.5766629973334111 0.7524112411504049 0.006446001502297705 0.008901621122220576
0 0.5813476854431407 0.6097630352315534 0.006053720419137534 0.008176453553120666
0 0.5969537049652028 0.6154760700859775 0.005660621690621994 0.007233016604683726
0 0.6003343540304354 0.6134319566976973 0.006289579656246716 0.008176453553120808
0 0.5875777998872218 0.6080411957747021 0.006894343928216173 0.008988181713822669
