0 0.41923477649688723 0.4474839369455973 0.008358621597290039 0.011685975392659505
0 0.5984735727310181 0.33093622525533045 0.008282709121704101 0.011037794748942058
0 0.3502222657203674 0.6396572748819986 0.008470463752746581 0.01108385721842448
0 0.6053980112075805 0.5016314665476481 0.008698797225952149 0.011678727467854817
0 0.28289691209793094 0.38449241320292155 0.008127713203430175 0.012224547068277995
0 0.3572069764137268 0.48588099479675295 0.008863377571105956 0.011530017852783203
0 0.4463838577270508 0.7867195765177408 0.00884389877319336 0.011840057373046876
0 0.6069133758544922 0.7148032506306967 0.007228183746337891 0.00914777119954427
0 0.3010945439338684 0.36600000063578286 0.008438801765441895 0.012142976125081383
0 0.2565432071685791 0.6304459571838378 0.008357524871826172 0.011859448750813802
0 0.652086877822876 0.4166597366333008 0.007474517822265625 0.009863853454589844
0 0.23435571193695068 0.43496241569519045 0.00847930908203125 0.01221323013305664
0 0.3557300090789795 0.6826757113138835 0.008401870727539062 0.011707242329915364
0 0.6095171213150025 0.7505763689676921 0.008404207229614259 0.011529986063639324
0 0.5716973781585694 0.24689846038818358 0.007404899597167969 0.010062313079833985
0 0.3723555564880371 0.7700390179951985 0.007667112350463867 0.010953330993652343
0 0.5974662780761719 0.7782596270243326 0.007717132568359375 0.00985113779703776
0 0.2672114968299866 0.5348803997039796 0.008918404579162598 0.01199808120727539
0 0.5221609354019165 0.7936734517415364 0.00785841941833496 0.010343170166015625
0 0.44210917949676515 0.6420670509338379 0.009163427352905273 0.0121395746866862
0 0.44679818153381345 0.43050883611043295 0.00825357437133789 0.010649871826171876
0 0.45981762409210203 0.4067119916280111 0.006474542617797852 0.009883944193522136
0 0.29264806509017943 0.42923998832702637 0.008841109275817872 0.010811901092529297
0 0.3666828989982605 0.6304714520772298 0.007802748680114746 0.011523246765136719
0 0.5128488063812255 0.7195292154947915 0.007273674011230469 0.0103729248046875
0 0.3273351788520813 0.632744026184082 0.007558131217956543 0.010852177937825523
0 0.37595698833465574 0.38038201332092286 0.006606769561767578 0.009054215749104817
0 0.7063877582550049 0.31211717923482263 0.007986164093017578 0.010544109344482421
0 0.6638504981994628 0.5691240310668946 0.007782554626464844 0.010602951049804688
0 0.5854065418243408 0.6204127629597981 0.007649707794189453 0.01101837158203125
0 0.38458011150360105 0.7297958374023438 0.006989669799804687 0.009131240844726562
0 0.3299427628517151 0.408984899520874 0.007014584541320801 0.010109806060791015
0 0.42975678443908694 0.7550856908162434 0.007346820831298828 0.009927622477213542
0 0.7560935974121094 0.44099906285603846 0.007752609252929687 0.011391512552897136
0 0.699341869354248 0.6700775782267253 0.008744239807128906 0.011300913492838542
0 0.31943789720535276 0.5055635611216227 0.008016514778137206 0.011201763153076172
0 0.7260037183761596 0.3807417233784994 0.008023881912231445 0.010331980387369792
0 0.456641678971824 0.7418525692344226 0.00574650764465332 0.007434527079264324
0 0.3680341482162476 0.3359679381052654 0.007785367965698242 0.010136953989664714
0 0.5797269582748413 0.12083489100138346 0.008159208297729491 0.010944318771362305
0 0.7285595417022706 0.3988614559173584 0.007155799865722656 0.011451816558837891
0 0.6266736507415772 0.7277814865112304 0.007746982574462891 0.010917282104492188
0 0.4503461837768555 0.40356030464172366 0.007231521606445313 0.010457833607991539
0 0.6215229034423828 0.2629049777984619 0.009145259857177734 0.012058862050374349
0 0.5212406396865845 0.6305116335550944 0.006958150863647461 0.01036243438720703
0 0.3633673548698425 0.3793532530466716 0.007169079780578613 0.01035604476928711
0 0.635071086883545 0.5808979352315267 0.007351207733154297 0.010487556457519531
0 0.6158923387527466 0.21968040466308594 0.00876603126525879 0.012238597869873047
0 0.4671142578125 0.7515949885050456 0.006279277801513672 0.007934951782226562
0 0.32654831409454343 0.3175106207529704 0.008518218994140625 0.010961119333902996
0 0.6059912919998169 0.370235013961792 0.007497835159301758 0.010413201649983723
0 0.38444602489471436 0.47805681228637703 0.008934450149536134 0.012430636088053386
0 0.4644870042800903 0.2500506162643433 0.008745718002319335 0.011058855056762695
0 0.2770169138908386 0.4915434201558431 0.00949394702911377 0.012714322408040364
0 0.3041693329811096 0.2383115768432617 0.008800101280212403 0.012027136484781901
0 0.7177571773529052 0.5030638058980306 0.008174324035644531 0.010852940877278646
0 0.40240963697433474 0.7404471397399901 0.006878876686096191 0.008767000834147136
0 0.39407050609588623 0.3096682707468668 0.007625722885131836 0.010263792673746745
0 0.777344012260437 0.47133324940999344 0.009754610061645509 0.012686665852864583
0 0.37342430353164674 0.7198029200236004 0.006741070747375488 0.009948348999023438
0 0.5756861209869384 0.29301315943400064 0.008493804931640625 0.01117566426595052
0 0.5827673673629761 0.3813559373219808 0.009650278091430663 0.01299721399943034
0 0.43686809539794924 0.30741100311279296 0.007764625549316406 0.009236844380696614
0 0.48455238342285156 0.6543013890584309 0.006484127044677735 0.008693695068359375
0 0.5270673513412475 0.43520401318868 0.00816483497619629 0.010579967498779297
0 0.4963541984558105 0.45994359652201333 0.006600093841552734 0.010280450185139976
0 0.3441525220870972 0.7453988711039226 0.008113288879394531 0.011321067810058594
0 0.5074047565460205 0.19985749721527102 0.008907890319824219 0.012041457494099935
0 0.3395156145095825 0.36306258837382005 0.00948023796081543 0.013216559092203777
0 0.23766250610351564 0.508892806371053 0.008726024627685547 0.012842909495035809
0 0.35251694917678833 0.6152962684631348 0.00954606533050537 0.012150510152180988
0 0.3295818567276001 0.7047974904378255 0.00765385627746582 0.010498046875
0 0.4458390951156616 0.1528336524963379 0.009604310989379883 0.013013617197672528
0 0.7187013149261474 0.2712401390075683 0.008565807342529297 0.01117998758951823
0 0.7553536415100097 0.46494557062784836 0.008287620544433594 0.01246992746988932
0 0.5955896615982056 0.28342761993408205 0.008142423629760743 0.010880343119303386
0 0.6405614137649536 0.6135845820109049 0.007114553451538086 0.009896214803059895
0 0.5278566598892211 0.28996864954630536 0.008426523208618164 0.010833803812662761
0 0.465362548828125 0.1134542981783549 0.007867431640625 0.012019260724385578
0 0.2732701778411865 0.4068755149841309 0.00745391845703125 0.009841728210449218
0 0.5072574377059936 0.37157181104024256 0.007421064376831055 0.010324637095133461
0 0.5898607492446899 0.5803893407185872 0.005953454971313476 0.008209609985351562
0 0.6175849437713623 0.800515619913737 0.007816314697265625 0.01099230448404948
0 0.47066483497619627 0.21637918154398603 0.007935237884521485 0.010861142476399738
0 0.35324219465255735 0.16957310835520428 0.00872342586517334 0.011172183354695638
0 0.442094087600708 0.7326395352681477 0.007735633850097656 0.012077776590983073
0 0.40452873210954465 0.6372704282587882 0.007289600372314452 0.010325876871744792
0 0.41259939670562745 0.6569052696228027 0.007279157638549805 0.010073661804199219
0 0.493639874458313 0.6311561584472656 0.006603097915649414 0.008120091756184895
0 0.44854092597961426 0.7015124638875325 0.006468296051025391 0.007870864868164063
0 0.7386862993240356 0.2946353435516358 0.007772397994995117 0.01022653579711914
0 0.7367730140686035 0.42359194755554197 0.006996440887451172 0.009793504079182943
0 0.6501408815383911 0.23270467917124432 0.008978509902954101 0.012506469090779621
0 0.501422643661499 0.7127340634663901 0.007987117767333985 0.010745938618977864
0 0.5421818733215331 0.326778252919515 0.009791755676269531 0.014312171936035156
0 0.6746325254440307 0.28973797162373865 0.008321809768676757 0.011000283559163411
0 0.4090034246444702 0.3715639591217041 0.007575464248657226 0.009918816884358724
0 0.7445754051208496 0.5205873012542724 0.006632041931152344 0.008765252431233723
0 0.47365455627441405 0.18419426282246906 0.009317493438720703 0.012961864471435547
0 0.5831882953643799 0.6881801923116048 0.00743408203125 0.009648450215657552
0 0.25184195041656493 0.5618773460388183 0.007975482940673828 0.011316490173339844
0 0.3733155965805054 0.5094262440999349 0.006823492050170898 0.009113629659016928
0 0.39670788049697875 0.6076157887776693 0.00795743465423584 0.010770416259765625
0 0.48842811584472656 0.7494606018066408 0.007260894775390625 0.010692723592122396
0 0.5706799030303955 0.5589020093282064 0.006856155395507812 0.009843254089355468
0 0.6192936897277833 0.46705164909362795 0.00776519775390625 0.010987631479899089
0 0.5445912599563598 0.7992994308471679 0.008130216598510742 0.0099822998046875
0 0.6224276065826416 0.7388324419657389 0.007860374450683594 0.008296521504720052
0 0.26620285511016845 0.29933137893676753 0.00736532211303711 0.009624735514322916
0 0.7647912502288818 0.5063603719075521 0.006507301330566406 0.008810170491536458
0 0.5764386892318726 0.30707802772521975 0.007287073135375977 0.008086872100830079
0 0.5273921579660762 0.6119483935069903 0.00925741195678711 0.012102508544921875
0 0.7105709563728088 0.5871743293311825 0.008390188217163086 0.010949961344401042
0 0.3984489679336548 0.27911214828491215 0.009627008438110351 0.012440999348958336
0 0.5467339277267456 0.651698366800944 0.00951695442199707 0.011912027994791664
0 0.7459485054016113 0.4086634318033854 0.007343864440917969 0.010808118184407552
0 0.3262256979942322 0.45333056449890136 0.0073059797286987305 0.010063838958740235
0 0.7086076259613037 0.4030662695566813 0.007454586029052734 0.010251839955647789
0 0.6623035669326782 0.595681635538737 0.007802629470825195 0.010591506958007812
0 0.61150004863739 0.42301111221313475 0.01007857322692871 0.01237659454345703
0 0.294844663143158 0.5251814683278402 0.009192490577697754 0.012690130869547527
0 0.4411833047866821 0.32541780471801757 0.006981611251831055 0.01124273935953776
0 0.5017059326171875 0.6200631459554037 0.0072306632995605465 0.009044774373372396
0 0.5897721290588379 0.4375112851460775 0.008046817779541016 0.012416140238444012
0 0.709985876083374 0.6082849502563478 0.006729984283447265 0.01012560526529948
0 0.5669481754302979 0.43873397509256995 0.007944393157958984 0.010682264963785805
0 0.36972031456450916 0.3055369789205838 0.008059477806091309 0.010349464416503907
0 0.34044442176818845 0.45287510553995763 0.007605171203613282 0.010670916239420574
0 0.45456907749176023 0.2622829914093017 0.007967042922973632 0.010808531443277996
0 0.5296565771102906 0.4002069473266602 0.008083581924438477 0.011723836263020836
0 0.40670974254608155 0.5643063545227051 0.009620141983032227 0.0118801752726237
0 0.4338765412755924 0.18897383175547372 0.007625579833984374 0.009216976165771485
0 0.6353403568267822 0.6283019701639811 0.005957698822021485 0.007879193623860676
0 0.3034251093864441 0.5540166854858399 0.007788920402526855 0.011055628458658852
0 0.4220877170562744 0.6744457244873046 0.007392311096191406 0.011272303263346354
0 0.42694051265716554 0.258939528465271 0.008705854415893555 0.010895204544067384
0 0.6579680919647217 0.5366158167521159 0.008279037475585938 0.011278152465820312
0 0.320268452167511 0.38172977765401206 0.006377482414245605 0.007464949289957682
0 0.4271268367767334 0.41708693504333494 0.007858562469482421 0.009284305572509765
0 0.4353605270385742 0.24063578446706138 0.0076086997985839845 0.01053312619527181
0 0.23248144675452004 0.4515866777022444 0.009031390192498599 0.013005201877198048
0 0.3710229723074488 0.43809980168144647 0.010837668230998361 0.012041853589998226
0 0.3246016267180059 0.3935449433984533 0.010476412623298402 0.0125235277335981
0 0.4266563358932403 0.3913774097522536 0.010115157015598442 0.011078505302798334
0 0.4362296094972889 0.45423588549204397 0.012643946269498017 0.0125235277335981
0 0.4770514931673826 0.4633876942204425 0.008308878977098786 0.011560179446398209
0 0.4369521207126887 0.5007174403494369 0.0075863677616989375 0.010115157015598442
0 0.42719821930479024 0.5113142715086353 0.006863856546298877 0.010115157015598371
0 0.42864324173559 0.5158901758728345 0.006141345330899099 0.010596831159198317
0 0.43875839875118844 0.5332304450424319 0.007586367761698866 0.013486876020797994
0 0.5023393857063787 0.5238377992422333 0.009031390192498562 0.011078505302798334
0 0.5166089822105265 0.46290602007684273 0.007947623369398684 0.014450224307997743
0 0.5382843186725232 0.4159427910758498 0.005780089723199069 0.011078505302798263
0 0.545690058630372 0.41546111693224996 0.006141345330899028 0.010115157015598442
0 0.5465931976496219 0.421963717870849 0.00578008972319914 0.009633482871998566
0 0.5400905967110229 0.3884873648906541 0.007947623369398827 0.010115157015598442
0 0.3424837792991532 0.5503298771402294 0.008670134584798674 0.01396855016439794
0 0.3184602813871068 0.5604450341558278 0.010476412623298402 0.012041853589998226
0 0.35314081972630157 0.5695968428842264 0.0075863677616989375 0.011078505302798334
0 0.520040910483676 0.5984972915002218 0.008308878977098644 0.010115157015598513
0 0.5502057537266214 0.4881939126158387 0.0065026009385990595 0.012041853589998154
0 0.40606476625434346 0.4135344203578502 0.007225112153998765 0.010115157015598371
0 0.40624539405819343 0.4200370212964492 0.006863856546298877 0.006743438010398961
0 0.35964342066490057 0.5019216257084367 0.009753901407898552 0.010596831159198246
0 0.3341749003220545 0.48602637896963913 0.010115157015598513 0.013486876020797994
0 0.33832933981060376 0.4072726564910512 0.009753901407898552 0.01396855016439794
0 0.27781902552086307 0.3097336424120661 0.00867013458479871 0.013486876020797994
0 0.4262950802855403 0.3350215349510621 0.008670134584798674 0.011078505302798263
0 0.4170830622891918 0.22230978534867943 0.009753901407898412 0.009151808728398585
0 0.43261705342028944 0.20135696010208265 0.007586367761698866 0.009633482871998531
0 0.4391196543588884 0.20328365667648238 0.008308878977098715 0.011560179446398209
0 0.5160670987989766 0.18257166850168552 0.0068638565462988054 0.010596831159198388
0 0.5176927490336263 0.17414237098868682 0.00578008972319914 0.00915180872839862
0 0.5583340048998702 0.23868670623107696 0.010476412623298402 0.013005201877198011
0 0.5444256640034223 0.192686825517284 0.009392645800198593 0.011560179446398209
0 0.5305173231069743 0.22688568971287876 0.008308878977098786 0.009633482871998566
0 0.5285304172646247 0.2415767510926765 0.007947623369398756 0.013968550164397903
0 0.5191377714644261 0.2791473342934707 0.008670134584798745 0.011078505302798297
0 0.4389390265550384 0.2748122670010714 0.007947623369398827 0.011078505302798297
0 0.49023732284843047 0.3275555857252634 0.007947623369398756 0.014450224307997743
0 0.41961185154309133 0.37885388201865555 0.007586367761698795 0.013005201877198048
0 0.42683696369709023 0.3774088595878557 0.006863856546299019 0.012041853589998154
0 0.4501379503937368 0.33116814180226284 0.010115157015598442 0.013005201877197906
0 0.46549131372098435 0.3526026411924594 0.009753901407898552 0.015413572595197565
0 0.5027006413140787 0.3388749280998616 0.008308878977098715 0.013005201877198048
0 0.5747711350502176 0.33935660224346154 0.008670134584798603 0.013005201877198048
0 0.5942789378660147 0.3123828502018657 0.009392645800198664 0.014931898451597654
0 0.3975752594733947 0.12115821519269498 0.009753901407898412 0.014931898451597708
0 0.42665633589324026 0.1291058385620938 0.01156017944639828 0.015413572595197654
0 0.4718132868557333 0.15102201209589042 0.009392645800198522 0.011078505302798297
0 0.552192659568971 0.16595391054748812 0.009753901407898481 0.013005201877197994
0 0.5039650359410284 0.11104305817709653 0.008670134584798674 0.013005201877198011
0 0.6513573238826058 0.2769798006472711 0.010115157015598442 0.013486876020797957
0 0.6441322117286069 0.27625728943187117 0.006502600938598988 0.00915180872839862
0 0.6538861131365056 0.3143095467762654 0.007225112153999049 0.012041853589998226
0 0.6481060234133063 0.3215346589302643 0.007947623369398827 0.011078505302798369
0 0.683689700771751 0.35380682655145934 0.007586367761698795 0.012041853589998226
0 0.6540667409403553 0.3475450626846603 0.008308878977098857 0.013005201877198048
0 0.7662366071311882 0.38993238732145385 0.009392645800198522 0.013968550164397797
0 0.6956111358258491 0.40823600477825095 0.009753901407898552 0.013968550164397797
0 0.6309463820475589 0.3709062586492567 0.007586367761698866 0.012523527733598029
0 0.6291401040090593 0.39547163997285295 0.01119892383869825 0.011560179446398209
0 0.5960852159045144 0.38583815710085445 0.00939264580019845 0.010596831159198317
0 0.591027637396715 0.4120893979270504 0.009392645800198664 0.013005201877197906
0 0.6674331984252534 0.4135344203578502 0.008308878977098573 0.013968550164397868
0 0.6800771446947514 0.4253354368760484 0.006863856546299019 0.012523527733598029
0 0.6880247680641501 0.4328013861018472 0.007586367761698795 0.013005201877197977
0 0.6779096110485519 0.4754295478104407 0.011921435054098026 0.013486876020797922
0 0.6907341851218999 0.4737436883078409 0.007947623369398827 0.013005201877198048
0 0.6972367860604988 0.4857855418978392 0.006502600938598988 0.014931898451597689
0 0.6757420774023521 0.4482149586970449 0.009031390192498776 0.013005201877197906
0 0.6004202831969137 0.4527908630612443 0.007225112153998907 0.011560179446398209
0 0.5973496105314642 0.4701311322308415 0.008308878977098715 0.010596831159198388
0 0.578925574538767 0.4609793235024429 0.009031390192498634 0.009633482871998566
0 0.5832606418311663 0.4657960649384422 0.006863856546298948 0.01059683115919846
0 0.6031297002546632 0.5308220743244321 0.009753901407898552 0.011560179446398209
0 0.702836247979848 0.5050525076418362 0.009753901407898552 0.013005201877198048
0 0.7044618982144977 0.5286545406782326 0.006502600938598988 0.010115157015598442
0 0.7145770552300962 0.46314685714864257 0.00650260093859913 0.012041853589998154
0 0.6531636019211057 0.5392513718374309 0.008670134584798745 0.010115157015598513
0 0.5828993862234663 0.5695968428842264 0.01119892383869825 0.011078505302798334
0 0.62408252550126 0.5556282927198284 0.007586367761699009 0.012041853589998154
0 0.7393230643575422 0.5623717307302275 0.007586367761698795 0.013968550164397797
0 0.7478125711384911 0.5645392643764271 0.00505757850779915 0.01059683115919846
0 0.7595533783887393 0.5621308936584275 0.0075863677616989375 0.015413572595197635
0 0.669420104267603 0.6389579195626156 0.008670134584798888 0.012041853589998154
0 0.6603887140751045 0.6339003410548165 0.010837668230998361 0.0125235277335981
0 0.6524410907057058 0.6615966043118122 0.007225112153998765 0.013005201877197977
0 0.6667106872098535 0.6799002217686094 0.008308878977098715 0.013968550164397726
0 0.6092710455855622 0.6324553186240166 0.007586367761698866 0.008670134584798674
0 0.4468866499244372 0.5734502360330257 0.008670134584798674 0.012041853589998083
0 0.45537615670538595 0.6705075759684107 0.01119892383869825 0.01156017944639828
0 0.5368392962417234 0.7242142429798025 0.009392645800198522 0.014931898451597618
0 0.5502057537266214 0.720601686902803 0.007225112153998907 0.014450224307997814
0 0.5543601932151707 0.7271042878414022 0.006141345330898957 0.012041853589998226
0 0.6123417182510118 0.6630416267426119 0.005780089723199211 0.012041853589998226
0 0.6170380411511112 0.6702667388966108 0.005057578507799221 0.013005201877197977
0 0.6119804626433119 0.6765285027634098 0.007225112153998836 0.009151808728398407
0 0.6154123909164615 0.6861619856354082 0.006141345330899028 0.010115157015598585
0 0.5913888930044151 0.6714709242556107 0.008670134584798745 0.012523527733598029
0 0.6116192070356119 0.6998896987280062 0.007947623369398756 0.01156017944639828
0 0.6482866512171563 0.7121723893898044 0.008308878977098715 0.012041853589998226
0 0.40895481111594295 0.6972404909382067 0.008670134584798745 0.009151808728398549
0 0.4721745424634332 0.7656382193293961 0.008670134584798674 0.012041853589998226
0 0.520040910483676 0.7266226136978022 0.008308878977098644 0.011078505302798334
0 0.6446740951401568 0.7456487423699995 0.007586367761698795 0.012523527733598029
0 0.5836218974388662 0.8248841389921872 0.006863856546298948 0.012041853589998083
0 0.5095644978603775 0.8215124199869877 0.007586367761698725 0.011078505302798334
0 0.5334073679685738 0.7567272476727976 0.008308878977098715 0.013486876020798065
0 0.4141930174275922 0.794297830873592 0.009031390192498705 0.01348687602079778
0 0.4183474569161415 0.7837009997143934 0.007225112153998907 0.01059683115919853
0 0.4154574120545419 0.7784025841347944 0.005057578507799292 0.01156017944639828
0 0.4864441389675811 0.7853868592169932 0.006141345330899099 0.012041853589998083
0 0.31990530381790655 0.662078278455412 0.007586367761698831 0.013968550164397726
0 0.3831250351653969 0.6016281734336215 0.007586367761698795 0.010596831159198317
