0 0.3739356146918402 0.5426113269947193 0.007405768500434028 0.010272499367042824
0 0.3364517635769314 0.35549590499312794 0.006941562228732639 0.009127581561053241
0 0.6053641637166342 0.2717795619258174 0.008610746595594618 0.011935566089771412
0 0.5574312210083008 0.2521208162660952 0.009593412611219617 0.012388356526692708
0 0.2927119784884983 0.28316899052372685 0.009854634602864584 0.012370187264901623
0 0.636516613430447 0.4895683853714554 0.007892778184678819 0.012158711751302086
0 0.6158263312445746 0.39446021185980906 0.008462439643012153 0.011510947898582176
0 0.3625626669989692 0.4557539621988932 0.008515379163953993 0.01151182386610243
0 0.6706818262736003 0.3678731423837167 0.008279037475585938 0.01078561853479456
0 0.43266887664794923 0.8490961993182147 0.007121319240993924 0.010091541431568287
0 0.4942603641086154 0.28511246575249566 0.009496900770399306 0.012307711000795718
0 0.2635059886508518 0.4958684285481771 0.008476320902506511 0.01124889232494213
0 0.7178214179144965 0.3605184060555917 0.008392333984375 0.011207100197120949
0 0.42381354437934027 0.5410038135669849 0.008310190836588542 0.01154525191695602
0 0.6556385676066081 0.7643851103606047 0.008082622951931424 0.010834135832609953
0 0.43185742696126306 0.20591954125298392 0.006651136610243056 0.01047633135760272
0 0.5677745607164171 0.40828911110206884 0.007332399156358507 0.010758011429398149
0 0.5759312947591145 0.2947521068431713 0.010022905137803819 0.013814685962818287
0 0.2544027964274089 0.5069936399106626 0.007289038764105903 0.00926349781177662
0 0.5888209660847982 0.6450403284143519 0.008497577243381077 0.01073631004050926
0 0.5626517825656467 0.5197629575376157 0.008456166585286458 0.011794478804976851
0 0.5695608350965712 0.385149242259838 0.008496348063151042 0.011350278501157407
0 0.6885299258761935 0.32030488473397717 0.007456885443793403 0.009858053701895254
0 0.4307384279039171 0.17653242040563513 0.009005949232313367 0.012492314091435187
0 0.6024324417114258 0.3140745233606409 0.008126280042860243 0.010691522668909144
0 0.3856142467922634 0.45694443031593607 0.007708104451497396 0.010813310411241318
0 0.5968859990437826 0.5386979562264901 0.008092371622721355 0.011212779857494214
0 0.6090310838487413 0.34223162333170576 0.008742438422309028 0.01238485265661169
0 0.24270082049899627 0.44591948897750283 0.008489672342936199 0.010042430736400463
0 0.3461216608683268 0.2673176376907914 0.008264117770724826 0.010994437888816551
0 0.5493240780300563 0.2689692038076895 0.007393052842881945 0.01026811952944155
0 0.5320139778984917 0.29467926025390623 0.00680859883626302 0.008439805772569444
0 0.3196512646145291 0.24304806038185403 0.009601593017578125 0.01310731393319589
0 0.5256035910712348 0.7174630341706453 0.007482189602322048 0.011671108669704862
0 0.2641017913818359 0.3202819682933666 0.009617826673719618 0.01404336999963831
0 0.4580965889824762 0.5470403600622106 0.007965893215603299 0.01058112250434028
0 0.4426280975341797 0.3081774393717448 0.008772616916232639 0.011301732946325232
0 0.4783223893907335 0.42226027029531976 0.00753360324435764 0.012144668013961225
0 0.7732476976182725 0.6435823793764467 0.008296542697482638 0.00994873046875
0 0.3789012273152669 0.3777717025191696 0.009523900349934895 0.012780366120515045
0 0.7699985080295139 0.4178679996066623 0.009441799587673612 0.012872003625940393
0 0.26175998051961263 0.6301446420175058 0.007434527079264324 0.009995863172743055
0 0.6049658881293403 0.4930151480215567 0.0064999898274739586 0.00884105541087963
0 0.36144837273491753 0.38770179748535155 0.008803643120659722 0.011506455032913775
0 0.5302501678466797 0.3393943080195674 0.008044772677951388 0.01017656679506655
0 0.36892019907633467 0.5162087617097078 0.00844010247124566 0.010977455421730325
0 0.7338692559136285 0.582263692220052 0.007860989040798612 0.00902110912181713
0 0.5401057137383355 0.6467279222276475 0.008510038587782117 0.01197899712456597
0 0.7149666468302409 0.6838983323838975 0.010151036580403646 0.013315667046440972
0 0.24844540490044487 0.5891258522316262 0.008191850450303819 0.010218641493055555
0 0.46918485429551865 0.765828252721716 0.006677118937174479 0.008915371365017362
0 0.47960830264621307 0.701032539650246 0.007651307847764756 0.009366240324797454
0 0.6266862021552192 0.5183433250144676 0.007970470852322048 0.010196261935763888
0 0.544720713297526 0.8082717612937644 0.008029513888888888 0.010860132288049768
0 0.6539430830213759 0.7015969453034577 0.008056640625 0.011617194281684028
0 0.7699724409315322 0.5837491635923032 0.008718956841362847 0.010365351924189813
0 0.251106940375434 0.5681701095015914 0.0087485843234592 0.01047713668258102
0 0.727413558959961 0.3994941005000362 0.007342274983723958 0.01026388097692419
0 0.48278840382893884 0.3452609309443721 0.008377287122938368 0.010814525462962963
0 0.5761318418714735 0.5836206506799768 0.007731840345594618 0.009584214952256944
0 0.5102594799465604 0.12266157644766348 0.009594938490125868 0.012338454635054976
0 0.4039613723754883 0.7935034292715567 0.007475662231445313 0.010450009946469907
0 0.49544105529785154 0.4097684507016783 0.007759941948784722 0.012210987232349537
0 0.4706530888875326 0.4055797153049045 0.008176294962565105 0.01016913519965278
0 0.6721475177341037 0.6065095406991464 0.007616382175021702 0.010934730812355324
0 0.267734071943495 0.5883031491880063 0.007056575351291233 0.009808406123408565
0 0.5697047975328234 0.86296632554796 0.00776261223687066 0.010842047797309028
0 0.6138911565144857 0.7324046382197628 0.00794419182671441 0.010329748083043981
0 0.4193754408094618 0.49646465160228587 0.007779693603515625 0.009362340856481481
0 0.5523994445800782 0.6883583068847655 0.007104322645399306 0.008993360731336806
0 0.552320056491428 0.6328250178584347 0.007643381754557293 0.010265604654947918
0 0.7737819247775607 0.6325608995225696 0.007394070095486111 0.009980152271412038
0 0.6882076687282986 0.21825699982819735 0.008145226372612847 0.010960896809895836
0 0.35096470514933265 0.3570363645200376 0.009728050231933594 0.012995628074363426
0 0.34000370237562394 0.2115525069060149 0.008086374070909287 0.012910532068323205
0 0.761646948920356 0.38800913492838546 0.007932366265190973 0.012094963921440972
0 0.6789693196614585 0.49020552458586514 0.008185238308376737 0.010897770634403937
0 0.33942249086168075 0.22613763039374882 0.007425244649251302 0.009345527931495949
0 0.5186266162800975 0.3238693711882981 0.008020528157552083 0.011436829743561921
0 0.4863647037082248 0.7130104630081742 0.005841064453125 0.008330225061487269
0 0.3978010601467556 0.38592875445330577 0.008363638983832465 0.010418559886791088
0 0.4658135732014974 0.8677068357114439 0.006504058837890625 0.009491362395109953
0 0.45892206827799475 0.4601210417570891 0.007971445719401041 0.009853673864293982
0 0.6356404198540582 0.27352330243145984 0.00727081298828125 0.009260191740813078
0 0.6329083336724175 0.1552541308932834 0.007484605577256945 0.01221738744665075
0 0.6230454338921442 0.14908450797752099 0.007194942898220485 0.011366992526584201
0 0.3290224287245009 0.2248078946714048 0.008192825317382812 0.010708787706163195
0 0.6731142285869396 0.7665142997611685 0.007607354058159723 0.01059864185474537
0 0.6527064573390338 0.694717395271621 0.009237374199761285 0.01099197952835648
0 0.4495913644121516 0.19682447645399306 0.00572556389702691 0.008466084798177084
0 0.7360655890570746 0.31294061166268805 0.008014594184027777 0.011165251555266204
0 0.4276021286252785 0.25575433080753907 0.008742438422309028 0.011116861414026331
0 0.6788095262315538 0.6213533189561632 0.0074312845865885414 0.010540771484375
0 0.6486524369981553 0.1982315628616898 0.00940890842013889 0.01193929601598669
0 0.5567467795477973 0.4679393768310547 0.008386272854275173 0.0102320635760272
0 0.7475032382541232 0.4885262100784867 0.007944403754340277 0.01037151195384838
0 0.30736145443386503 0.46226851851851847 0.007805718315972222 0.010591860170717593
0 0.2770468605889214 0.5135232430917245 0.009418996175130208 0.012118304217303241
0 0.2873269956641435 0.4443077826378074 0.006568283776362591 0.009633482871998495
0 0.2860133389088709 0.45218972316944245 0.005911455398726418 0.009633482871998495
0 0.2914321730243701 0.45569280785016913 0.006896697965180749 0.008757711701816788
0 0.2873269956641434 0.5669157464632429 0.004597798643453821 0.008757711701816788
0 0.2901185162690975 0.5688862315961518 0.0068966979651807845 0.008319826116726006
0 0.3016130128777321 0.5721703734843331 0.006239869587544539 0.007881940531635151
0 0.308838125031731 0.5715135451066969 0.0055830412099081884 0.007444054946544369
0 0.31015178178700353 0.5542170644956087 0.004269384454635769 0.007006169361453516
0 0.3007919774056868 0.540861554150338 0.006568283776362662 0.009195597286907713
0 0.3154064088080937 0.5426130964907013 0.008210354720453275 0.0126986819676344
0 0.3252588344726376 0.5432699248683376 0.008210354720453238 0.011385025212361767
0 0.38962801548099135 0.5437078104534284 0.00689669796518082 0.006130398191271809
0 0.4912722069202032 0.5367016410919749 0.008538768909271468 0.014888109893088596
0 0.5372501933547416 0.5244408447094312 0.007225112153998907 0.010509254042180274
0 0.5382354359211959 0.540423668565247 0.007881940531635151 0.011822910797452693
0 0.48733123665438555 0.5872774261699673 0.007225112153998978 0.013574453137816037
0 0.38535863102635565 0.5881531973401489 0.0062398695875444336 0.008319826116725864
0 0.46811900660852485 0.44824875290362487 0.00821035472045331 0.01138502521236191
0 0.4750157045737056 0.44671615335580694 0.007553526342816994 0.009195597286907642
0 0.4395469721813474 0.41956724708017473 0.00689669796518082 0.009195597286907642
0 0.4385617296148931 0.42832495878199156 0.007553526342816994 0.01007136845708935
0 0.43363551678262097 0.42219456059071975 0.00689669796518082 0.009195597286907642
0 0.42854509685593994 0.42022407545781093 0.006568283776362733 0.008757711701816717
0 0.4255893691565768 0.41518839122926626 0.005911455398726418 0.010947139627271127
0 0.4255893691565768 0.4261355308565373 0.005911455398726418 0.009195597286907713
0 0.42197681307957735 0.42328927455344684 0.005254627021090173 0.008757711701816788
0 0.556298216306193 0.41628310519199346 0.0059114553987263466 0.014888109893088667
0 0.5618812575161014 0.4140936772665391 0.005911455398726418 0.00875771170181686
0 0.5319955663336513 0.31578836341364513 0.007225112153998907 0.011822910797452693
0 0.5364291578826962 0.3289249309663704 0.006239869587544575 0.011822910797452764
0 0.4246041265901224 0.2969592832547389 0.007881940531635222 0.010947139627271021
0 0.4094970739044883 0.29476985532928474 0.00788194053163508 0.010071368457089384
0 0.3704157854351307 0.3236703039452803 0.006568283776362662 0.010947139627271056
0 0.39882361276789907 0.22011036307129614 0.007553526342816994 0.01313656755272529
0 0.40572031073307985 0.22558393288493164 0.007553526342816923 0.008319826116726006
0 0.436262830293166 0.22361344775202288 0.008867183098089626 0.01138502521236191
0 0.4850323373326586 0.22580287567747712 0.006568283776362591 0.010509254042180238
0 0.49094379273138494 0.22361344775202288 0.008538768909271396 0.010509254042180203
0 0.4745230832904784 0.23193327386874887 0.0059114553987263466 0.007006169361453445
0 0.46368541505948 0.23981521440038403 0.007881940531635151 0.012260796382543546
0 0.5789587953346442 0.2229566193743866 0.007881940531635222 0.009195597286907678
0 0.5902890848488697 0.22142401982656865 0.006896697965180891 0.01313656755272529
0 0.6482541891752699 0.17785440411002987 0.006568283776362732 0.009195597286907713
0 0.4645064505315254 0.15114338341948852 0.00689669796518082 0.010071368457089367
0 0.6566287509901323 0.16603149331257716 0.006239869587544575 0.012698681967634417
0 0.6939037614209903 0.21835882073093277 0.007225112153998907 0.013136567552725253
0 0.6392227989827713 0.3006813107280111 0.008867183098089555 0.012260796382543581
0 0.60079833889105 0.30177602469073816 0.008867183098089626 0.0126986819676344
0 0.7055624651240339 0.3663641484916374 0.008210354720453238 0.013136567552725253
0 0.7219831745649404 0.3851932286505436 0.006896697965180749 0.00875771170181686
0 0.7072045360681245 0.3764355169487267 0.0036125560769994535 0.005254627021090173
0 0.7017857019526254 0.3764355169487267 0.006568283776362591 0.007881940531635151
0 0.6909480337216272 0.40073816692126846 0.006568283776362733 0.008319826116726006
0 0.7119665418059875 0.4140936772665391 0.009852425664544029 0.013136567552725253
0 0.6986657671588532 0.41781570473981133 0.004926212832271801 0.011822910797452764
0 0.7026067374246707 0.4208809038354472 0.00558304120990826 0.007444054946544298
0 0.7019499090470345 0.4256976452714465 0.0062398695875444336 0.004816741435999177
0 0.7055624651240339 0.44146152633471675 0.0062398695875444336 0.01269868196763447
0 0.7390607123834834 0.41431262005908454 0.007553526342817065 0.011822910797452764
0 0.7697674390379785 0.38847737053872494 0.007225112153998765 0.011822910797452622
0 0.783232420779522 0.4896289406947094 0.009852425664543887 0.011822910797452835
0 0.6848723712284916 0.49006682627980025 0.009524011475725729 0.01007136845708935
0 0.5558055950229659 0.45634963622780544 0.007553526342816994 0.011822910797452764
0 0.6293703733182273 0.43883421282417173 0.008867183098089697 0.01007136845708935
0 0.6402080415492257 0.44255624029744395 0.00821035472045331 0.009633482871998566
0 0.6523593665354965 0.44102364074962597 0.008867183098089412 0.010947139627271056
0 0.6673022121267215 0.44299412588253473 0.010509254042180345 0.009633482871998495
0 0.5930806054538239 0.49247519699779985 0.007881940531635151 0.010509254042180274
0 0.6186969121816381 0.4541602083023511 0.007225112153998907 0.010947139627271056
0 0.6577782006509958 0.49050471186489103 0.005911455398726418 0.008319826116725935
0 0.6014551672686862 0.5380152978472474 0.007553526342817065 0.009633482871998495
0 0.7428374755548919 0.5248787302945221 0.008538768909271396 0.011385025212361838
0 0.7993247160316105 0.5281628721827036 0.008538768909271681 0.011822910797452622
0 0.8078634849408819 0.5393289546025201 0.006568283776362591 0.007006169361453374
0 0.7246104880754856 0.540861554150338 0.006896697965180749 0.008319826116726077
0 0.725759937736349 0.5458972383788826 0.006568283776362591 0.008757711701816788
0 0.7300293221909848 0.5577201491763354 0.004597798643453785 0.007006169361453374
0 0.7599150133734347 0.6242787581101433 0.006568283776362591 0.01138502521236198
0 0.665988555371449 0.6234029869399618 0.009852425664543887 0.010509254042180132
0 0.591438534509733 0.564288432952698 0.007225112153998907 0.010509254042180274
0 0.5929163983594147 0.5879342545476035 0.006896697965180678 0.01138502521236198
0 0.5727189257470997 0.6323796414343239 0.008538768909271396 0.013574453137816037
0 0.6408648699268619 0.6234029869399618 0.006239869587544575 0.00875771170181686
0 0.6252651959580008 0.6728840580552269 0.009195597286907784 0.008757711701816788
0 0.6129496638773209 0.6744166576030449 0.00821035472045331 0.011822910797452693
0 0.5520288318515574 0.6759492571508627 0.008538768909271396 0.01401233872290689
0 0.5654938135931009 0.698938250368132 0.006568283776362662 0.008319826116726006
0 0.5663148490651462 0.7175483877344928 0.006239869587544505 0.01138502521236191
0 0.5730473399359179 0.7168915593568564 0.007225112153998907 0.01007136845708942
0 0.6116360071220482 0.722365129170492 0.006896697965180749 0.010509254042180345
0 0.6480899820808608 0.6860206256079521 0.007553526342816923 0.009633482871998354
0 0.7654980545833429 0.6757303143583173 0.006568283776362591 0.01007136845708942
0 0.6479257749864519 0.7812607403652103 0.01247973917508901 0.014450224307997672
0 0.6007983388910499 0.7718462002857572 0.007553526342816994 0.01138502521236191
0 0.5569550446838294 0.7843259394608461 0.009852425664543887 0.010071368457089563
0 0.6122928354996846 0.8204515002308406 0.00689669796518082 0.012260796382543617
0 0.6027688240239587 0.8208893858159315 0.008210354720453238 0.012260796382543617
0 0.5917669486985513 0.8197946718532043 0.005911455398726418 0.011822910797452835
0 0.5817503159395983 0.8167294727575686 0.006896697965180891 0.010071368457089279
0 0.5768241031073263 0.8156347587948415 0.0049262128322720145 0.009633482871998495
0 0.5728831328415087 0.8151968732097506 0.00558304120990826 0.01050925404218006
0 0.5622096717049194 0.854387633075381 0.007881940531635151 0.008319826116726006
0 0.5590897369111473 0.8631453447771977 0.00821035472045331 0.009195597286907713
0 0.5528498673236026 0.8646779443250157 0.0062398695875443624 0.009633482871998495
0 0.6075308297618217 0.8618316880219251 0.006568283776362662 0.010947139627271127
0 0.48322605929415885 0.7836691110832099 0.008867183098089626 0.013136567552725182
0 0.46319279377625283 0.7854206534235731 0.010180839853362045 0.01226079638254376
0 0.48010612450038664 0.7236787859257646 0.0059114553987263466 0.007881940531635222
0 0.47534411876252364 0.7243356143034009 0.006239869587544505 0.009195597286907713
0 0.4712389414022971 0.7206135868301285 0.0059114553987263466 0.008757711701816788
0 0.3305134614937277 0.7208325296226741 0.008210354720453238 0.010947139627271127
0 0.2786240196604629 0.6601853760875926 0.007553526342816994 0.012260796382543475
0 0.3104801959758216 0.6382910968330504 0.005583041209908224 0.01751542340363372
0 0.3158990300913208 0.6385100396255958 0.007225112153998907 0.009195597286907642
0 0.361220188148223 0.6363206117001416 0.009195597286907642 0.011822910797452693
0 0.4119601803206243 0.6345690693597783 0.006896697965180749 0.011822910797452622
0 0.40539189654426167 0.6352258977374144 0.006239869587544575 0.010509254042180132
