0 0.41919814215766066 0.6277852658872252 0.009327782524956597 0.012688361273871528
0 0.4323866102430556 0.6076390301739728 0.00995635986328125 0.01381061695240162
0 0.41011513604058164 0.3341376551875362 0.010080973307291664 0.013278735125506364
0 0.3289342668321397 0.6786238776312934 0.008476681179470487 0.011183957700376158
0 0.6586532168918187 0.686790438051577 0.010190327962239586 0.014374740035445602
0 0.5440874099731445 0.22375676190411603 0.010417811075846354 0.01375721119068287
0 0.654280874464247 0.7915389166937935 0.008948559231228299 0.013184893572771993
0 0.42523629930284285 0.4105715151186343 0.010580020480685763 0.014670647515190972
0 0.2826698621114095 0.6823110509801795 0.009428977966308594 0.012667620623553241
0 0.6344948238796658 0.9111636691623264 0.009907446967230903 0.014248318142361112
0 0.35730536778767896 0.5145988746925636 0.009669982062445747 0.012431731047453704
0 0.6701287587483723 0.4859089604130498 0.010140567355685763 0.012927020037615741
0 0.5024108039008247 0.5585935522008825 0.008566538492838541 0.011925986961082175
0 0.5342396418253581 0.5650027804904514 0.008332867092556423 0.012817947952835649
0 0.40975943671332465 0.7128480134186921 0.009398990207248263 0.012790256076388888
0 0.67910525004069 0.3123402913411459 0.008802625868055556 0.011852066605179396
0 0.7080866071912978 0.8292570326063369 0.008764733208550347 0.012484515154803241
0 0.6697778065999348 0.7618296870478878 0.009275054931640625 0.013099952980324075
0 0.7638981713189018 0.6022151805736401 0.009893035888671875 0.014444873951099536
0 0.6786779827541776 0.667900057192202 0.00887158711751302 0.011555593985098377
0 0.3457550260755751 0.6806280630606192 0.007628122965494793 0.010714269567418982
0 0.5408921135796441 0.297621253684715 0.009093221028645833 0.013198315655743633
0 0.4534259160359701 0.4784879472520616 0.010692808363172743 0.015563484474464699
0 0.41140817006429037 0.8677904764811197 0.009195666842990452 0.012401835123697918
0 0.6596321953667534 0.6335925632052952 0.009887949625651041 0.012277786820023149
0 0.6494615130954319 0.45668724907769087 0.009564166598849826 0.012081004955150463
0 0.43668791083583025 0.2942366804523274 0.007394020320747627 0.008629108080445135
0 0.7767032485276522 0.48180052915268823 0.0056238777226982105 0.0063657319845044765
0 0.4690437104966906 0.2922477722167968 0.008183161417643229 0.011380230938946759
0 0.5041367636786567 0.22011953461522274 0.009341557820638021 0.009069884298443636
0 0.6467426088121202 0.778658972846137 0.00952898661295573 0.012024660463686342
0 0.30742355900904916 0.4765590035575418 0.008106782701280383 0.010664593731915507
0 0.449733543395996 0.33928670529966 0.010254796346028645 0.01285482335973669
0 0.5463522169325086 0.6049475775824653 0.011162906222873263 0.013990840205439815
0 0.5319193945990668 0.7326989350495515 0.007056342230902778 0.010605819137008102
0 0.5833842383490668 0.4602312441225406 0.008524831136067708 0.010961348922164351
0 0.6829676760889963 0.7010215650775321 0.005023832346596673 0.008689293445825447
0 0.34318032936735976 0.7473935484420903 0.007402273226554357 0.008972452395823609
0 0.34688146598063696 0.6645479046539863 0.004486226197911733 0.007776125409713757
0 0.3512555365236008 0.6639497411609314 0.003364669648433889 0.005981634930548978
0 0.3558539183764604 0.6688845899786344 0.004486226197911804 0.005682553184021657
0 0.35058260259391405 0.668884589978634 0.003813292268225095 0.004486226197912051
0 0.42516611313419744 0.6817451050793147 0.0062807166770765125 0.007477043663186293
0 0.42777225302057403 0.6446475511602044 0.004143858108619867 0.007059906407278334
0 0.4419879884765339 0.6547002439792639 0.005640251314510394 0.007827287538503924
0 0.4437721496066341 0.6749591058436275 0.004143858108619867 0.005985572823561967
0 0.4339880401835039 0.6626810077440132 0.005064715466090988 0.006599477728542809
0 0.434851343956133 0.6582301971829029 0.005640251314510465 0.0075203350860137165
0 0.4361175228226557 0.6534724341693025 0.004258965278303748 0.006292525276052317
0 0.43617507640749764 0.6494820522869277 0.004604286787355463 0.005678620371071759
0 0.43548443338939435 0.6703548190562723 0.005064715466090988 0.0069064301810330166
0 0.37051679593228415 0.418352866542499 0.004486226197911804 0.0062807166770765125
0 0.4662977252577006 0.264026685334334 0.004934848817702999 0.006878880170131368
0 0.46719497049728287 0.2677652071659271 0.0058320940572853175 0.005981634930548978
0 0.4691016166313955 0.28092480401313497 0.005607782747389791 0.0053834714374941224
0 0.4767282011678455 0.25370836507913685 0.006056405367180915 0.00657979842360394
0 0.4700946374764009 0.241323818094404 0.003925154486220492 0.00590883471043945
0 0.46800544234663843 0.24714824088040857 0.0043050081461773 0.006077658559309143
0 0.464143596803744 0.249680598613454 0.005191333352743257 0.006752953954787948
0 0.47655214969566695 0.2641150376918132 0.003925154486220492 0.004558243919481839
0 0.4711708895129453 0.2595567937723314 0.004811479692786378 0.005571187012700029
0 0.46889176755320433 0.2571932598881556 0.003798536599568223 0.00489589161722126
0 0.5097260359985626 0.22823996980700237 0.00468486180613418 0.006752953954787948
0 0.5659903589577098 0.25387958538254124 0.006117581178970539 0.01235874985650625
0 0.7635140785393213 0.5169973698275595 0.007044487418208547 0.00914547489381455
0 0.7497031755746755 0.5211993447787717 0.00574681868327545 0.006179374928253054
0 0.7497958661985993 0.49635825756719415 0.005561437435427905 0.007415249913903636
0 0.7162418603381847 0.7100410425861874 0.007044487418208689 0.008651124899554361
0 0.7282234577163164 0.6979928864056391 0.005951040672656802 0.0086100162923546
0 0.7254378642099664 0.7009473037608587 0.005444569126047866 0.006415306257048456
0 0.7127127666014128 0.7188426317410468 0.005064715466091059 0.008103544745745523
0 0.7226522707036162 0.7569968215855987 0.005191333352743044 0.006752953954787984
0 0.725691099983271 0.761217417807341 0.005697804899352406 0.009116487838963678
0 0.7310723601659924 0.7664509571223016 0.006584130105918149 0.00911648783896382
0 0.7415816447581313 0.7662821332734321 0.0070906016525275105 0.007765897048006138
0 0.7431010593979585 0.7756518568857002 0.005571187012699994 0.007597073199136304
0 0.7381629618185198 0.7603732985629926 0.005064715466090917 0.006752953954787984
0 0.607739888595271 0.8601356656712789 0.0073410974147647325 0.008428667402137364
0 0.666570627599705 0.8163609736795336 0.004282306825279391 0.011691377364254976
0 0.6660608291681239 0.8256053185722004 0.004486226197911804 0.0073410974147647325
0 0.7294797540567859 0.8111950162395141 0.005709742433705855 0.009516237389509711
0 0.7320287462146904 0.8064368975447591 0.004690145570544075 0.006525419924235223
0 0.661982441715477 0.8179923286605925 0.004894064943176488 0.006797312421078488
0 0.6358807620185357 0.9017352176882789 0.0065254199242352935 0.008972452395823467
0 0.5579835616729767 0.8329464159869651 0.005301903688441172 0.006797312421078346
0 0.5625717475572047 0.8337620934774944 0.003874468080014779 0.007884882408450977
0 0.4812079178768957 0.8839262591450534 0.007545016787397146 0.010875699873725466
0 0.5163840096559766 0.8069806825384456 0.005709742433705784 0.007612989911607855
0 0.5094507509864766 0.8026304025889552 0.006525419924235223 0.00924434489266659
0 0.5205643567949398 0.7921625414604944 0.004690145570544146 0.006797312421078488
0 0.5311681641718223 0.7841417128036219 0.0067293392968676355 0.009788129886352834
0 0.5382033825276384 0.7717706041972591 0.0073410974147647325 0.010060022383195956
0 0.47427465920739564 0.792026595212073 0.00509798431580883 0.0081567749052941
0 0.4705021508136971 0.7886279390015336 0.005301903688441172 0.006797312421078346
0 0.4823294744263737 0.7936579501931317 0.00407838745264705 0.0081567749052941
0 0.4792706838368883 0.792026595212073 0.0040783874526471205 0.008700559898980345
0 0.5182192840096677 0.7350651171234354 0.0069332586694999775 0.010060022383196098
0 0.520156518049675 0.7290834821928864 0.004690145570544146 0.0062535274273921
0 0.5646109412835281 0.7320742996581608 0.0050979843158089014 0.007884882408450977
0 0.5532934161024325 0.7277240197086706 0.006525419924235223 0.006797312421078346
0 0.557575722927712 0.7330259233971119 0.005301903688441172 0.0081567749052941
0 0.5183212436959839 0.7426781070350432 0.0071371780421323906 0.007884882408450977
0 0.44949845543256456 0.5696185327943859 0.0053019036884412426 0.0081567749052941
