0 0.6146604537963867 0.5645734716344762 0.008923127916124133 0.011384921603732638
0 0.5957249959309896 0.6891147189670138 0.008822970920138888 0.011314109519675925
0 0.42062390645345055 0.445490872418439 0.007502492268880208 0.010006742124204281
0 0.4034156375461155 0.4195883291739005 0.0085418701171875 0.011572209110966436
0 0.6680979834662544 0.6522246749312789 0.009587605794270834 0.01289955421730324
0 0.27147107654147673 0.515913814968533 0.008917003207736545 0.011565201370804398
0 0.4587477789984809 0.8624035305447049 0.0077059427897135414 0.009307861328125
0 0.51617431640625 0.49634012292932583 0.009221394856770834 0.012610145851417825
0 0.3788649876912435 0.37312771832501446 0.010114754570855035 0.013432651095920138
0 0.27865276336669925 0.7383426242404514 0.00919918484157986 0.01228298611111111
0 0.56866332160102 0.8624916076660156 0.008713531494140624 0.011393624764901623
0 0.3312928729587131 0.44895867241753473 0.009318033854166666 0.012499039261429399
0 0.5159491221110026 0.5205162896050348 0.0067836337619357635 0.01021717212818287
0 0.5888945897420247 0.5951331527144821 0.0075236426459418405 0.009488875777633101
0 0.7181042565239799 0.332230970594618 0.009844038221571181 0.012300448947482638
0 0.5286080890231662 0.7038008795844184 0.010102038913302951 0.01404560230396412
0 0.6191663106282553 0.2471752025462963 0.009855736626519097 0.013842716923466437
0 0.5285497029622396 0.5595658196343316 0.009036678738064236 0.011942828143084491
0 0.6191124810112847 0.40277776364926937 0.009398312038845487 0.013073589183666088
0 0.5773582882351346 0.7648205792462385 0.009228939480251736 0.01215537742332176
0 0.6938134299384224 0.7874131944444445 0.009791353013780382 0.011850992838541664
0 0.43385825686984597 0.43877480118362994 0.008794191148546007 0.012066113507306136
0 0.34700742297702364 0.5109673394097222 0.008579826354980469 0.011746441876446759
0 0.44007977379692925 0.47396418253580735 0.008169004652235244 0.011247027361834493
0 0.4051231808132596 0.3258293010570385 0.009023454454210069 0.012882458722149886
0 0.6227801005045572 0.693433775725188 0.007476213243272569 0.010085098831741898
0 0.2976567480299208 0.49778049610279224 0.008866055806477865 0.01147319652416088
0 0.4313447528415256 0.2624484309443721 0.008912701076931423 0.011909032751012731
0 0.3864816029866537 0.5070500974301938 0.010597652859157987 0.013817963776765045
0 0.24586045286097064 0.5257144259177422 0.008174130635426664 0.01282216570262996
0 0.3232742782905994 0.5859786047201032 0.007212468207729401 0.010257732562104067
0 0.4958926840622564 0.6641938155061464 0.009135793063123857 0.011539949132367014
0 0.3429883580583932 0.6510510956609507 0.00721246820772933 0.008334407706709613
0 0.5526307672963944 0.5327666170541885 0.005289143352334875 0.008975515991841121
0 0.5584007418625778 0.5327666170541886 0.008174130635426735 0.007693299421578033
0 0.49348852799301324 0.5273171966305708 0.005289143352334875 0.009616624276972558
0 0.48603564417835954 0.5112894895022834 0.008654961849275295 0.010898840847235575
0 0.4910843719237701 0.5112894895022833 0.007212468207729401 0.008334407706709542
0 0.5019030742353643 0.5362927126224118 0.006731636993880698 0.0070521911364465235
0 0.40717932510718485 0.43724148256959483 0.007693299421578033 0.011539949132367014
0 0.42761465169575147 0.40005720203196765 0.007212468207729401 0.010257732562103996
0 0.4737744482252196 0.37761841205236507 0.0062508057800320675 0.01282216570262996
0 0.4898822938891486 0.3766567496246679 0.010578286704669822 0.009616624276972487
0 0.4629557459136254 0.3583851634984201 0.008654961849275366 0.00897551599184105
0 0.368953243606219 0.3987749854617047 0.008174130635426593 0.01282216570262996
0 0.3396225395614528 0.36479624634973506 0.008174130635426664 0.00897551599184105
0 0.3319292401398748 0.36287292149434064 0.005289143352334946 0.00897551599184105
0 0.3280825904290857 0.3603084883538146 0.005289143352334875 0.00897551599184105
0 0.2686999355187804 0.36255236735177493 0.007693299421578068 0.009616624276972558
0 0.338180045919907 0.2978004305534931 0.007212468207729401 0.009616624276972453
0 0.3480370858038038 0.31767478739256966 0.007693299421577962 0.00833440770670947
0 0.34971999505227386 0.28914546870421787 0.008174130635426664 0.00897551599184105
0 0.3879460765532397 0.26029559587330026 0.008654961849275295 0.010257732562104032
0 0.4439629129666048 0.30741705483046566 0.007212468207729401 0.01089884084723554
0 0.4595899274166851 0.28433715656573155 0.006731636993880769 0.008334407706709505
0 0.4687257204798091 0.2679888952948783 0.005769974566183507 0.006411082851315015
0 0.4692065516936577 0.2635011372989578 0.006731636993880769 0.00897551599184105
0 0.6435078667137847 0.2526022964517222 0.00721246820772933 0.010257732562104032
0 0.6343720736506608 0.2420240097470524 0.009135793063123785 0.012181057417498557
0 0.685821013532464 0.42826596657775373 0.008174130635426735 0.015386598843156065
0 0.3682319967854461 0.27728496542928505 0.006731636993880769 0.008334407706709542
0 0.772611047632141 0.5253938717751763 0.008654961849275224 0.009616624276972558
0 0.7819872563021891 0.503916744223271 0.009135793063123857 0.014104382272893047
0 0.5973480701843166 0.6045707449889167 0.006250805780032138 0.005128866281052069
0 0.6026372135366515 0.6103407195551003 0.007212468207729401 0.0076932994215778904
0 0.5976627478139023 0.6115600918690479 0.007841823466902256 0.007567610908948935
0 0.5832551996581724 0.8248023354775179 0.00699390856507101 0.011073688561362332
0 0.5646776300322027 0.8029463712116715 0.005682550709120164 0.009325211420094633
0 0.5613992353923258 0.8020721326410376 0.005245431423803169 0.008742385706338496
0 0.5275224907802634 0.8807536039980856 0.010053743562289483 0.013404991416385882
0 0.48971167260034876 0.8892045768475464 0.006993908565070868 0.009325211420094633
0 0.511349077223537 0.8743425211467705 0.005682550709120022 0.009908037133850484
0 0.5054479668717583 0.7347557627022299 0.00699390856507101 0.01049086284760648
0 0.4811878465366685 0.8912444668456919 0.008305266421021713 0.011073688561362332
0 0.4355088812210489 0.7563203141111985 0.008742385706338708 0.008159559992582785
0 0.37933905305782306 0.8058604997804512 0.009179504991655563 0.009325211420094633
0 0.3782462548445307 0.8163513626280573 0.007868147135704788 0.009325211420094633
0 0.43572744086370746 0.7918726826503092 0.007431027850387863 0.006993908565070939
0 0.43441608300775664 0.7962438755034785 0.007431027850387863 0.006411082851315086
