0 0.43730106353759757 0.33124716016981337 0.00928145514594184 0.012402485035083913
0 0.6078766292995877 0.2800659462257668 0.01014031304253472 0.012569399233217593
0 0.34734361436631944 0.7799280802408853 0.009036593967013888 0.012678358289930556
0 0.5213104459974501 0.5844067891438801 0.008879046969943577 0.011403006094473377
0 0.4283211178249783 0.6511635109230324 0.008695560031467015 0.012158881293402778
0 0.7351287417941624 0.5912656430844907 0.008348507351345485 0.01169501410590278
0 0.7348939259847005 0.5666436089409722 0.008825768364800347 0.011463871708622685
0 0.2531275007459853 0.4564250239619502 0.008949449327256944 0.01192333080150463
0 0.5860796822441949 0.8799271477593316 0.00851639641655816 0.011332928692853008
0 0.41392016940646703 0.7786678455494069 0.007863701714409723 0.011551072862413194
0 0.6365609063042534 0.6124917206940829 0.009528011745876737 0.012735833062065972
0 0.5074653413560655 0.4523786191587094 0.00933486090766059 0.012109940140335649
0 0.3171058866712782 0.6516650729709201 0.009064992268880209 0.01232921459056713
0 0.5575576782226562 0.1950551845409252 0.009573788113064237 0.012857465390805844
0 0.5872091081407336 0.6009126451280382 0.008016289605034723 0.010835322627314814
0 0.5509026633368598 0.8665548819082756 0.007807117038302952 0.010628820348668981
0 0.3400916205512153 0.38239503083405674 0.007700898912217881 0.010946881329571757
0 0.6132309171888564 0.5060801470721209 0.008248519897460938 0.011330329047309028
0 0.4480189429389106 0.4294509746410229 0.0072239345974392365 0.009617925573278356
0 0.479666010538737 0.3496935667815032 0.008565266927083334 0.011616261800130208
0 0.548139402601454 0.3205979241265191 0.008870188395182292 0.01207168013961227
0 0.6020793702867295 0.6612506442599826 0.007405047946506076 0.01032059280960648
0 0.4707920074462891 0.7754271330656829 0.008806694878472222 0.0107147216796875
0 0.6867318047417534 0.45713776482476126 0.009255557590060763 0.0120936358416522
0 0.4750940958658854 0.18810778017397278 0.00934566921657986 0.012646993001302086
0 0.6085869683159723 0.46568484836154517 0.008339775933159722 0.011220748336226851
0 0.5698151058620876 0.2606247654667607 0.007685428195529514 0.009044703730830439
0 0.505936982896593 0.3604928617124204 0.008526696099175347 0.011804114447699653
0 0.4342187669542101 0.5798491301359954 0.009554121229383681 0.011533949110243056
0 0.39058028327094185 0.3046059361210576 0.007896847195095487 0.010632126419632524
0 0.28016293843587237 0.49728560271086514 0.009398142496744791 0.012194993760850694
0 0.5538272645738389 0.7462010984067564 0.009491263495551214 0.013163079155815972
0 0.40894393920898436 0.34820389924225986 0.008754730224609375 0.012166341145833336
0 0.3195259518093533 0.32509885717321324 0.00988112555609809 0.013503660979094329
0 0.4507929907904731 0.6525391472710502 0.0083038330078125 0.011574356644241899
0 0.564769384596083 0.8829373677571614 0.008890151977539062 0.011248157642505786
0 0.3200956450568305 0.48178069503219034 0.007596397399902343 0.010790054886429399
0 0.47975404527452264 0.4922680607548467 0.007774183485243055 0.010396717212818287
0 0.3268930223253039 0.7800463923701534 0.007550133599175347 0.011029448332609954
0 0.5658906724717883 0.4629088790328414 0.008005777994791666 0.010928683810763888
0 0.5824264738294813 0.6834697016963253 0.00812119377983941 0.010756881148726851
0 0.565897454155816 0.5016777886284722 0.008707682291666666 0.011140611436631944
0 0.5705719417995876 0.6260449444806134 0.00760498046875 0.01052008734809028
0 0.32242858674791125 0.7357032775878907 0.007904328240288628 0.01065815113208912
0 0.6994759453667534 0.8180196691442418 0.008543650309244791 0.011310718677662037
0 0.5727746115790473 0.30052380032009546 0.008954747517903646 0.01166709617332176
0 0.5039210001627604 0.3477663393373842 0.00804324679904514 0.009784331145109954
0 0.35560601552327475 0.23762252242476856 0.008649317423502605 0.011021140769675926
0 0.771477296617296 0.4396232604980469 0.00767152574327257 0.012088182237413194
0 0.3029154883490668 0.7874267578125 0.008192401462131077 0.010022424768518518
0 0.3008966787534335 0.3929731413650552 0.007742140028211806 0.010590164749710649
0 0.36693242390950526 0.5357368751808449 0.007716793484157986 0.011492693865740741
0 0.6465852313571506 0.8135789941858362 0.007952075534396702 0.01049053050853588
0 0.3760778314008189 0.5493397651816884 0.008421219719780815 0.010895736129195602
0 0.2966140725944456 0.5695436945283882 0.013463273987761539 0.01859214026881368
0 0.35847439909016104 0.47919246285727296 0.011921435054098168 0.014835563622877714
0 0.36244821077486045 0.4428983161370185 0.008742385706338639 0.014305722064917745
0 0.3433739146883033 0.4039549616269645 0.007152861032458872 0.010596831159198388
0 0.3507254663049972 0.4066041694167641 0.009139766874808615 0.010596831159198388
0 0.3165506858165824 0.4625024537815355 0.011524053885628226 0.01642508829675748
0 0.26846756443171976 0.374813675939169 0.011524053885628226 0.014835563622877785
0 0.3803303633560077 0.37401891360222905 0.00953714804327852 0.011126672717158287
0 0.3972190630159801 0.37428383438120905 0.0075502422009288495 0.013775880506957917
0 0.43775194219991376 0.41932036680780216 0.00834500453786866 0.014835563622877714
0 0.48484161066360165 0.45508467197009667 0.007947623369398827 0.012186355833078224
0 0.4804704178104323 0.45587943430703654 0.006358098695519061 0.013775880506957917
0 0.4625882652292851 0.5001212043966897 0.008742385706338639 0.01324603894899802
0 0.45821707237611575 0.47097991870889433 0.011921435054098239 0.018544454528597144
0 0.5190163911520164 0.4889945316795315 0.007947623369398827 0.010066989601238419
0 0.5128569830407324 0.4889945316795315 0.006755479863989038 0.011126672717158215
0 0.5225928216682459 0.5131023225667078 0.0071528610324589435 0.011656514275118325
0 0.522394131084011 0.5252886783997859 0.007550242200928921 0.00953714804327852
0 0.5170294853096667 0.5340310641061247 0.009537148043278662 0.011126672717158287
0 0.5235862745894209 0.5719147355002587 0.006755479863989038 0.011656514275118112
0 0.5088831713560329 0.5753587056269983 0.008345004537868732 0.01218635583307801
0 0.38748322438846655 0.49720707582791024 0.006358098695519061 0.01059683115919846
0 0.39483477600516037 0.2786474331694436 0.009139766874808615 0.013246038948998055
0 0.4097365698227831 0.21453660465629348 0.011126672717158215 0.01324603894899795
0 0.5577610550778356 0.1766529332621593 0.009139766874808615 0.01165651427511822
0 0.5988900060144742 0.2034099319391352 0.007152861032458801 0.010066989601238419
0 0.6020690553622338 0.23678995009061007 0.00953714804327852 0.011126672717158287
0 0.5782261852540374 0.24738678124980842 0.014305722064917745 0.012186355833078118
0 0.6290909748181897 0.30328506561457985 0.007947623369398827 0.019074296086557148
0 0.6990300604688988 0.3467320733672933 0.010331910380218546 0.011656514275118183
0 0.7212834059032156 0.36713097334875017 0.007947623369398827 0.01324603894899802
0 0.6767767150345823 0.41031306032248344 0.007947623369398969 0.011656514275118183
0 0.5816039251860319 0.45084593950641716 0.011524053885628263 0.015365405180837613
0 0.730025791609554 0.5223745498310063 0.009537148043278449 0.011126672717158287
0 0.6054467952942282 0.5626425082359602 0.007550242200928921 0.013246038948998163
0 0.6428006251304024 0.5568142510984011 0.007550242200928921 0.01324603894899802
0 0.6771740962030521 0.6047649120937737 0.011126672717158215 0.014835563622877785
0 0.6223354949542006 0.6672862159330442 0.007947623369398684 0.011656514275118183
0 0.6177656115167963 0.6837113042298015 0.009934529211748427 0.015895246738797653
0 0.7022091098166584 0.6810620964400019 0.010331910380218261 0.011656514275118325
0 0.7383707961474228 0.700931154863499 0.007947623369398684 0.011126672717158215
0 0.7139318542865216 0.747292291184992 0.007550242200928778 0.012716197391038122
0 0.7030038721535984 0.7703403989562483 0.010331910380218403 0.01324603894899795
0 0.7079711367594725 0.8002764469809839 0.009934529211748356 0.011656514275118041
0 0.5845842839495564 0.7300724405512945 0.008742385706338568 0.009007306485318622
0 0.599684768351414 0.7729896067460479 0.007947623369398684 0.00900730648531848
0 0.5033198349974538 0.9186960351850254 0.012318816222568075 0.014305722064917887
0 0.3958282289263353 0.7947131106224046 0.008742385706338708 0.012186355833078295
0 0.44470611264813775 0.7200054509500561 0.011126672717158358 0.015365405180837542
0 0.40198763703761925 0.6611930380165049 0.010729291548688309 0.01006698960123856
0 0.3731775023235487 0.6490066821834267 0.011126672717158287 0.01218635583307801
0 0.37238273998660887 0.6622527211324248 0.00953714804327852 0.011126672717158358
0 0.5527937904719612 0.6699354237228436 0.007947623369398756 0.009537148043278591
0 0.5547806963143109 0.6776181263132625 0.008742385706338708 0.010066989601238419
0 0.5597479609201852 0.6325815938866693 0.0075502422009288495 0.015365405180837684
0 0.41291561917054265 0.5875450614600762 0.008742385706338639 0.014305722064917887
0 0.2617120845677308 0.6566893847738459 0.007550242200928814 0.014835563622877572
0 0.25237362710868727 0.6211900003905312 0.00953714804327852 0.011656514275118254
