0 0.26414425373077394 0.5053027947743733 0.00915060043334961 0.011666393280029297
0 0.3948608636856079 0.36944936116536453 0.010283708572387695 0.013160514831542968
0 0.5826085567474365 0.7765179634094238 0.010568523406982422 0.012647056579589843
0 0.4827742364243201 0.40311053506324507 0.009302043914794922 0.012929662068684894
0 0.7167149066925049 0.5443424224853516 0.007962417602539063 0.01063067118326823
0 0.5038128852844238 0.7981173515319823 0.008198165893554687 0.011894289652506511
0 0.71864812374115 0.6398207346598307 0.00824875831604004 0.009782791137695312
0 0.42340817451477053 0.5212186972300211 0.008631038665771484 0.010544681549072265
0 0.36559168100357053 0.4688509623209635 0.00902402400970459 0.012027486165364582
0 0.5334111452102661 0.6134604454040528 0.00966334342956543 0.012812614440917969
0 0.658631420135498 0.16045799255371093 0.010504722595214844 0.015054607391357422
0 0.6928742119794203 0.42660831782611836 0.011307621002197265 0.015430514017740886
0 0.3137896418571472 0.6081914265950521 0.009766888618469239 0.01244354248046875
0 0.5580751180648804 0.3279133955637614 0.008941221237182616 0.012277507781982422
0 0.5609259843826293 0.46028315226236977 0.00911726951599121 0.011788431803385417
0 0.28832095861434937 0.5683581988016764 0.009486079216003418 0.011900520324707032
0 0.4685305118560791 0.5328863620758056 0.00812234878540039 0.010952409108479817
0 0.6649231910705566 0.2516069730122884 0.008697223663330079 0.012221495310465492
0 0.44315345287323 0.21109997431437175 0.009240674972534179 0.011886119842529297
0 0.5562013626098633 0.29533503850301107 0.009725666046142578 0.011730003356933593
0 0.4650861740112305 0.8041258176167806 0.008022499084472657 0.009746615091959636
0 0.773012638092041 0.5290979226430257 0.009898853302001954 0.012823009490966797
0 0.4138164043426514 0.6439635594685872 0.008988380432128906 0.01117846171061198
0 0.7385125160217285 0.33830340703328443 0.008780574798583985 0.01231683095296224
0 0.28289003372192384 0.5921204566955567 0.007980632781982421 0.011495399475097656
0 0.5849655151367188 0.7961431503295898 0.01133432388305664 0.01411908467610677
0 0.39467917680740355 0.2948041598002116 0.009740900993347169 0.013860321044921875
0 0.4411468505859375 0.7007278124491373 0.008190727233886719 0.011084938049316406
0 0.2795296907424927 0.34126369158426917 0.00809774398803711 0.010976441701253255
0 0.48540989665925527 0.11099743540903616 0.006798553466796874 0.008255338668823243
0 0.45489266691553054 0.13083854232300765 0.008836793899536132 0.011638259887695313
0 0.578724455833435 0.25194362799326575 0.008939218521118165 0.011962175369262695
0 0.7096368074417114 0.5538273493448893 0.007037687301635742 0.0094329833984375
0 0.5469883680343628 0.24833622773488362 0.00981001853942871 0.011997556686401368
0 0.5961947917938232 0.7455558458964029 0.0085784912109375 0.011499087015787758
0 0.6558731079101563 0.3676169077555339 0.00857992172241211 0.011967150370279948
0 0.5320590960661891 0.13259771651338031 0.008246946334838866 0.010846877098083496
0 0.38657992189832413 0.21379360808166276 0.007029914855957031 0.008829895655314128
0 0.31097410917282103 0.4762686093648275 0.009889674186706544 0.01360613505045573
0 0.46051123142242434 0.5443496704101561 0.007925844192504883 0.010419464111328125
0 0.34236282110214233 0.6854279836018882 0.010026097297668457 0.012717183430989583
0 0.46217520236968995 0.6694400787353516 0.009450769424438477 0.011343129475911458
0 0.7280267715454102 0.6150339126586915 0.007911968231201171 0.010204950968424477
0 0.5320804119110106 0.6507478713989259 0.008978462219238282 0.011004002888997395
0 0.3350880861282349 0.43584818840026857 0.008369112014770507 0.010617860158284505
0 0.5941846609115601 0.6307599703470866 0.008768987655639649 0.010308265686035156
0 0.31665031909942626 0.6399815559387207 0.008533906936645509 0.010442288716634114
0 0.5032215356826782 0.17733227411905922 0.007919740676879884 0.010625616709391278
0 0.7117493152618408 0.6093914667765299 0.00943164825439453 0.012680308024088543
0 0.40926969051361084 0.14333157539367675 0.007934141159057616 0.011055278778076171
0 0.5690614223480225 0.6940181096394856 0.008847427368164063 0.010257975260416668
0 0.45569326877593996 0.7213757197062175 0.009460020065307616 0.012126541137695313
0 0.6133012294769287 0.7128904342651368 0.00943613052368164 0.011243565877278644
0 0.5852845238759556 0.48497369358428544 0.007599667179262539 0.007961556092560685
0 0.5869130239857976 0.49004013837046045 0.005428333699473171 0.005790222612771459
0 0.7284568251995626 0.45728919171697185 0.006242583754394104 0.009047222832455404
0 0.7413491177358115 0.4552988026938316 0.00759966717926261 0.010132889572350052
0 0.6706450713001724 0.29443918073277436 0.007328250494288824 0.009047222832455404
0 0.6748520299172642 0.2920869027963359 0.008142500549209898 0.010132889572350088
0 0.6342752355137016 0.22984200970904273 0.007328250494288824 0.00940911174575362
0 0.5463362295822348 0.17646339499755576 0.006242583754394175 0.007599667179262539
0 0.5661496475853123 0.11059961277728035 0.007871083864236184 0.009771000659051853
0 0.5330368120185256 0.10408561233791247 0.007871083864236184 0.009047222832455439
0 0.5371080622931305 0.11982778006638489 0.006785417124341606 0.00940911174575362
0 0.540636479197788 0.1353890033382082 0.006785417124341464 0.00940911174575362
0 0.5449791461573666 0.13737939236134838 0.005699750384446887 0.007599667179262557
0 0.3547160499908294 0.15909272715924136 0.007328250494288966 0.009047222832455421
0 0.34928771629135613 0.14787417084699667 0.005699750384446887 0.009047222832455404
0 0.2871332954323874 0.22568028720611324 0.00895675060413094 0.010494778485648268
0 0.3051825049831359 0.23762262134495438 0.009228167289104548 0.011218556312244736
0 0.2814335450479405 0.2917250138830378 0.007871083864236184 0.010132889572350088
0 0.2789907948831775 0.46217469204649775 0.00787108386423629 0.010856667398946484
0 0.3235031312188582 0.4703171925957076 0.006242583754394175 0.010494778485648197
0 0.4069637618482594 0.43412830126588586 0.007056833809315179 0.011942334138841134
0 0.4069637618482594 0.4476991355145691 0.008142500549209756 0.008685333919157259
0 0.4198560543845082 0.49275430522019703 0.007871083864236184 0.009047222832455404
0 0.43301976360573086 0.48171669336460143 0.005428333699473313 0.01013288957234998
0 0.42514867974149473 0.4779168597749701 0.006514000439367891 0.010494778485648268
0 0.27532666963603303 0.4784596931449175 0.007599667179262503 0.011580445225542918
0 0.29581862935154457 0.5354571969893867 0.012213750823814777 0.011218556312244771
0 0.2511705846733771 0.5162770845845811 0.008685333919157188 0.010494778485648197
0 0.4505261397865322 0.8166448826221009 0.01004241734402555 0.011942334138841205
0 0.6170402760178741 0.7585617120377371 0.006514000439367891 0.012304223052139207
0 0.6103905672360194 0.7368483772398442 0.009499583974078121 0.011580445225542918
0 0.64676040302249 0.6545186494644999 0.008413917234183544 0.01121855631224463
0 0.49883830971184406 0.5750840329955413 0.01004241734402555 0.009409111745753549
0 0.4476762645943087 0.5904643118107156 0.007599667179262539 0.009771000659051978
0 0.489335599597198 0.4971484434439208 0.006168561022128713 0.010856667398946555
0 0.49772484258729305 0.4681973303800634 0.0056750761403584 0.010198687556586065
0 0.48625131908613367 0.44533253085803975 0.007895758108324743 0.010527677477766275
0 0.6234401162182758 0.25517635641588593 0.009869697635405999 0.00855373795068509
0 0.5786563631976216 0.29712257136636105 0.006168561022128713 0.009540707714225717
0 0.6661265299062947 0.3658519315006967 0.00721246820772933 0.010257732562104067
