0 0.48855675591362846 0.1984903688783999 0.010593414306640625 0.013574755633318865
0 0.3667702992757162 0.553292903193721 0.009234788682725694 0.012389684606481481
0 0.6145209842258029 0.6390236466019241 0.009763505723741319 0.012982686360677086
0 0.35510133107503256 0.5802994339554398 0.008781221177842882 0.011239058883101852
0 0.45284692976209845 0.6410938404224537 0.010307608710394964 0.012953016493055556
0 0.3926700592041016 0.30770643728750724 0.009636010064019098 0.012957170274522568
0 0.553682518005371 0.18718327416314018 0.010495630900065105 0.014440366956922744
0 0.43895630306667754 0.2755244219744647 0.008582093980577257 0.011202211733217593
0 0.410427369011773 0.7055887010362413 0.009754308064778646 0.01324310302734375
0 0.5501118554009332 0.25206057230631507 0.010056304931640624 0.013116765905309606
0 0.5676195356580946 0.7335409093786168 0.010527801513671876 0.013294022171585646
0 0.704442024230957 0.3434751016122324 0.010907787746853298 0.014968956841362848
0 0.3630737304687499 0.32325110258879486 0.008743201361762152 0.011119446931061922
0 0.6633374532063802 0.5806137932671441 0.009162478976779513 0.011703660753038194
0 0.7488969590928819 0.5697328355577258 0.009398735894097222 0.012135484483506945
0 0.7158072153727214 0.7782029045952692 0.008820343017578124 0.012198723687065972
0 0.3819721221923828 0.7662291915328414 0.007749345567491319 0.01027594672309028
0 0.530629751417372 0.29636836581759984 0.008929485744900174 0.011303456624348958
0 0.578127670288086 0.3196766182228371 0.009415520562065972 0.01249059041341146
0 0.4572852664523655 0.20566609700520833 0.00858612060546875 0.011335217511212385
0 0.34252102110120985 0.3857945477520978 0.008887545267740885 0.011550338179976851
0 0.33952534993489586 0.8343205769856771 0.01036270989312066 0.013529459635416664
0 0.7269092135959201 0.7574329800075955 0.009890238444010416 0.013031288429542825
0 0.7709523095024957 0.47463962413646554 0.009906938340928819 0.01341131704824942
0 0.42583802541097 0.46931351555718315 0.01082259284125434 0.012918740731698495
0 0.32018136978149414 0.46837114404748986 0.006881014506022135 0.009527220549406828
0 0.25694125493367515 0.39464124043782556 0.009764713711208767 0.013365201596860532
0 0.2828568988376194 0.3348139444986979 0.00804841783311632 0.009931098090277778
0 0.440440275550201 0.8123087178723095 0.008125940958658854 0.010599998191550926
0 0.28232896592881945 0.6266756976092303 0.00820147196451823 0.010424578631365741
0 0.2593859460618761 0.4312681268762659 0.01046632130940755 0.01273326167353877
0 0.3220326953464084 0.3604219648573133 0.008446163601345487 0.01166514643916377
0 0.5692582660251193 0.716722332989728 0.00858167012532552 0.011173728660300926
0 0.38309830559624564 0.8748957881221066 0.008907148573133681 0.010801753291377315
0 0.7546237945556641 0.48847319991500293 0.009150611029730903 0.012322715476707175
0 0.48595220777723525 0.49062313503689237 0.009010399712456598 0.012850726092303241
0 0.5402360280354818 0.32599502846046735 0.008098771837022569 0.011762689661096644
0 0.328296152750651 0.3283900084318938 0.008229276869032118 0.011422814263237848
0 0.3212836159600152 0.5515093202944155 0.009067535400390625 0.011516429759837963
0 0.31980608834160695 0.4283417878327546 0.008864996168348524 0.011505409523292825
0 0.2834742070690245 0.4416937739604199 0.0070396120302541835 0.008498270378865342
0 0.29232128705299254 0.4444842508012414 0.007229871814855571 0.009005629804469279
0 0.2850438502919866 0.43382970286355943 0.005422403861141661 0.008244590666063374
0 0.2953604445307754 0.4375041647155961 0.008217500843732566 0.009285311687833371
0 0.31249184459482815 0.4341614525079761 0.006267585389287547 0.0081710742852934
0 0.3160434763154244 0.43852554900125784 0.006406865064604972 0.007613955584023415
0 0.356364942319841 0.41874783510617264 0.006824704090557603 0.011142374025400059
0 0.36534848137781994 0.4107624670546353 0.0075211024671449685 0.010399549090373399
0 0.3625628878714698 0.4018485678343158 0.006406865064605114 0.0077996618177800766
0 0.3700143505009561 0.40500557380817925 0.006824704090557603 0.008913899220319977
0 0.3621450488455173 0.2961817208267717 0.008635339869685127 0.0122566114279401
0 0.36493064235186734 0.2606189770623697 0.007242543116510021 0.013556555064236803
0 0.36325928624805726 0.2847607874507366 0.005849746363335058 0.007985368051536774
0 0.4730813102359069 0.27649686004856483 0.007103263441192596 0.012256611427940066
0 0.43714715400399173 0.2239419958954278 0.008496060194367558 0.010028136622860088
0 0.4617996565351893 0.20360716329907264 0.009053178895637615 0.01021384285661675
0 0.4748919460150344 0.2684186388801498 0.007381822791827588 0.007985368051536774
0 0.5165365689349674 0.2675829608282448 0.007938941493097644 0.00965672415534673
0 0.5190436030906823 0.25931903342607304 0.007381822791827659 0.009842430389103391
0 0.6747582800956485 0.2555120556340614 0.005710466688017419 0.008913899220320083
0 0.680747306134301 0.2547692306990347 0.006824704090557532 0.009285311687833442
0 0.6675853768167971 0.3153094629037085 0.0058497463633349865 0.0074282493502666825
0 0.6741315215567198 0.3128952818648718 0.006406865064605114 0.009285311687833406
0 0.6793771583090722 0.31525799173357943 0.0056920244822940445 0.008878126236534313
0 0.6741147205801588 0.323670732320618 0.008162148314233236 0.008806528444304114
0 0.6826527573036 0.3316180872581609 0.006551197989055595 0.007660963768622295
0 0.5966275522771598 0.39589874393058255 0.007044487418208618 0.010381349879465276
0 0.6050623990542253 0.3986176688990139 0.006488343674665913 0.011370049867985656
0 0.5899538273546463 0.42469463109624206 0.007044487418208618 0.008651124899554361
0 0.6808736333714529 0.45660202927801935 0.00610067999324599 0.009515526027201205
0 0.6815642763895562 0.4635084594590524 0.005640251314510465 0.008594668669730084
0 0.6796074545049301 0.4744052715224602 0.005870465653878228 0.010743335837162533
0 0.679780115259456 0.48246277340033217 0.0052949298054588215 0.008134239990994559
0 0.6690175948940127 0.4574461485223678 0.00794239470818809 0.007827287538504209
0 0.6753679692238846 0.4691327722129833 0.005921818581243485 0.00822474802950488
0 0.7397455090412266 0.5166142379771579 0.0065461447399226816 0.009285311687833371
0 0.7337564830025741 0.5180998878472112 0.007103263441192667 0.007056836882753501
0 0.730413770794954 0.5226496905742495 0.00766038214246251 0.007242543116510021
0 0.7249818634575714 0.5269209339506529 0.005710466688017561 0.00724254311650995
0 0.6740751421290249 0.5330492396646229 0.006406865064604972 0.007985368051536596
0 0.6794374096287487 0.529706527457003 0.006267585389287689 0.007613955584023344
0 0.6907190633294661 0.5698190739484432 0.005989026038652554 0.006871130648996697
0 0.6905797836541487 0.5755759671949 0.007381822791827517 0.007613955584023273
0 0.6850085966414485 0.5739974642079683 0.005431907337382569 0.007056836882753359
0 0.6904405039788313 0.5587695530399215 0.004596229285477449 0.005942599480213318
0 0.7246881590654106 0.539076403126353 0.005621311817770476 0.006687919701142491
0 0.7232612106809002 0.5439770339418452 0.006053720419138162 0.009340025789526434
0 0.6365248856095448 0.5824997616903163 0.006446001502297563 0.008901621122220362
0 0.7276965381087913 0.7697748531904302 0.007325001707155928 0.009893508799275991
0 0.5645322049909932 0.7996107330443778 0.008656820199366635 0.013445024778503267
0 0.5684800955214735 0.7831849716404514 0.006088313107246748 0.009512989230073004
0 0.5684325305753231 0.7736085624821777 0.006183442999547495 0.008371430522464323
0 0.571286427344345 0.7938395195781334 0.006183442999547566 0.009259309517271249
0 0.5375787504700352 0.6948244736526422 0.005232144076540166 0.007864071096860527
0 0.5432168413390289 0.6662556294499967 0.006832055901598011 0.008648172027339172
0 0.5432600821991656 0.6723093498691343 0.006572610740777875 0.008302245146245753
0 0.5484489854155692 0.6713292237060358 0.006399647300231024 0.008648172027339314
0 0.5394548865071364 0.7026932609251861 0.006399647300230953 0.009340025789526436
0 0.4542033427601169 0.894609919978127 0.009876195158877294 0.012155317118618286
0 0.4636996842590375 0.8076656378102323 0.007343837425831837 0.008441192443484766
0 0.4476825215975248 0.747311111839315 0.006204276445961412 0.011311197874269681
0 0.4502148793305703 0.7507720007411439 0.005951040672656873 0.00945413553670292
0 0.41438201740797687 0.7812447054621242 0.005697804899352406 0.008272368594615215
0 0.4118496596749314 0.7833550035729957 0.007470455312484105 0.008441192443484909
0 0.40982377348849497 0.7871535401725639 0.00671074799257049 0.007597073199136446
0 0.40444251330577335 0.7888417786612609 0.0068373658792226875 0.009285311687833513
0 0.3511363830251662 0.8031073938907505 0.005571187012700065 0.007428249350266611
0 0.3541119033614946 0.8024320984952718 0.005444569126047796 0.010804726327660745
0 0.3544284480781253 0.8107888790143218 0.005064715466090917 0.006584130105918149
0 0.3582902936210196 0.8242947869238977 0.005444569126047725 0.007597073199136446
0 0.3587334562243026 0.8172041852713702 0.00683736587922283 0.006584130105918149
0 0.35100976513851395 0.7159098759495512 0.008863252065659211 0.010298254781051668
0 0.3197984560787283 0.7056960330929344 0.006963983765874992 0.008778840141224294
0 0.3290415618043444 0.6886448243570947 0.008736634179006941 0.008778840141224436
0 0.329801269124258 0.6943004232942297 0.0064575122192660215 0.007597073199136304
0 0.33644870817350236 0.7062869165639785 0.007090601652527368 0.00793472089687569
0 0.33252355368728187 0.6818074584778722 0.0063308943326136815 0.009960607083312282
0 0.3630128248990112 0.6418783497784591 0.00644681914765286 0.007547495587495945
0 0.3755133644658016 0.6491637795469448 0.008333693044526882 0.012055027674472854
0 0.3595535560880755 0.6354315306308062 0.005346142707809705 0.006813711294267222
0 0.37276167336619365 0.6427169603992919 0.00581786118202821 0.005450969035413849
0 0.4297167019289908 0.5902766266449232 0.006659092461051088 0.008371430522464465
0 0.4275762793522243 0.5990285767365905 0.005422403861141661 0.007610391384058346
0 0.4362806644977414 0.6003603952288007 0.005137014184239561 0.007483551527657539
0 0.47114577002595937 0.6477350815945649 0.007134741922554823 0.011161907363285763
0 0.24510492754355082 0.6388986389653919 0.006824704090557532 0.008913899220320189
0 0.478936118359353 0.49940081044318824 0.005717799687496949 0.007814326239579259
0 0.47732798719724445 0.48896582601350613 0.004359822261716531 0.007147249609371258
0 0.5324598228010868 0.555071227413478 0.005860001365725082 0.007673811312259105
0 0.5316226797488405 0.5258409825058733 0.0054414298396017816 0.006697144417971543
0 0.5374303596738002 0.5559083704657246 0.0051275011950095 0.006557620575930443
0 0.5603618965690549 0.6105586904813696 0.0070475515710656115 0.011848057713675501
0 0.5556890634621525 0.6140313970526192 0.0062815133568192745 0.0081710742852934
0 0.48792524142886295 0.3658970082614496 0.005217492214841073 0.006384876317705021
0 0.4877465601886286 0.36975652305051016 0.006146634664059292 0.0068613596249964106
0 0.49049825128823665 0.3753790260765488 0.005646327191403344 0.007242546270829564
