0 0.5580153359307183 0.4285359135380498 0.010205035739474826 0.013796318901909722
0 0.5170932133992514 0.9106940375434027 0.009152857462565105 0.012695538556134261
0 0.6743105782402887 0.4673980289035373 0.00952008565266927 0.013546498616536458
0 0.4289593378702799 0.7779275117097078 0.009245342678493924 0.012366005226417825
0 0.5430478413899739 0.5013988918728298 0.010268910725911457 0.01312007197627315
0 0.44265496995713977 0.5903733430085358 0.009900410970052084 0.015689425998263888
0 0.8289671579996744 0.7078572591145833 0.00899259779188368 0.011777524594907407
0 0.6322842068142361 0.5059397944697627 0.010304514567057292 0.012831172236689815
0 0.37276598612467454 0.4796751658121745 0.009367624918619791 0.012220961959273725
0 0.41885505252414285 0.5974120528609663 0.009693611992730035 0.012463717990451388
0 0.4962592442830404 0.2595969729953342 0.009503979153103298 0.01245023939344618
0 0.5184754625031525 0.46968737916825615 0.009318881564670138 0.01447906494140625
0 0.49478352864583336 0.27559482433177807 0.009738243950737847 0.012670531096281827
0 0.6787369834052193 0.9326842979148583 0.00899094475640191 0.01203765869140625
0 0.4856740951538086 0.5713377210828994 0.008633634779188368 0.010744900173611112
0 0.3156049819671398 0.48854795865667117 0.007723691085788751 0.009791783234442448
0 0.572289728619889 0.23950006556684883 0.004371045215648621 0.006143090573343919
0 0.5697793310298207 0.23544405063701276 0.004784522465777457 0.006221848144796986
0 0.564345058599555 0.2257174905625516 0.005965886037574321 0.007560726859500164
0 0.5592061270622384 0.22548121784819222 0.005729613323214977 0.007560726859500164
0 0.6891378528085903 0.37384112457071306 0.005392909028293644 0.007190545371058192
0 0.6958789890939576 0.3154179434308654 0.00640407947109864 0.008089363542440432
0 0.7783736443861367 0.6211284739722611 0.007583778321037755 0.009212886256668327
0 0.6703469354131297 0.8083073581626198 0.008257891949574514 0.011909340770815078
0 0.3553187894173806 0.7369631941704301 0.0044911342398890495 0.009828424206133946
0 0.35939498190684505 0.7367353830133344 0.004247050857286396 0.009893513108161188
0 0.43547029499608564 0.5527013829323758 0.006592501536440665 0.012278098099614497
0 0.5225633912834372 0.5484508990992011 0.0066854244152399645 0.009099605454076709
0 0.5299919510054008 0.4655929302033179 0.005646327191403344 0.009815556130203192
0 0.5278477761225893 0.47350255310435535 0.006789887128902734 0.008481402869787331
0 0.5987348590636492 0.40093289662999765 0.007827287538504138 0.007366858859768613
0 0.5995375530241394 0.3820457735605845 0.0053698344172585875 0.010166886496676355
0 0.6042093089671545 0.38143719232662854 0.005477231105603835 0.009952093119986074
0 0.6997674304976749 0.6578191677322982 0.006077658559309213 0.007428249350266611
0 0.7055285443403534 0.6512350376263799 0.004938097579438789 0.007765897048005997
0 0.692423593071843 0.6573126961856892 0.008103544745745666 0.00979178323444259
0 0.5843486187369222 0.34556371235873856 0.005967238698864108 0.007264464502964998
0 0.583397319813915 0.32526933533458247 0.006140202139410959 0.006572610740777875
