0 0.4323228120803833 0.4548618952433268 0.010640478134155274 0.013388633728027344
0 0.2906001925468445 0.3064018408457438 0.010163474082946777 0.014159679412841797
0 0.4374151468276978 0.17067145506540934 0.010581159591674804 0.014840936660766602
0 0.3457994818687439 0.235187015243356 0.007947850227355956 0.01020652453104655
0 0.33070859909057615 0.5680755297342936 0.007480621337890625 0.011140378316243489
0 0.4359944581985474 0.2445170323053996 0.010213041305541992 0.013913234074910484
0 0.7255609273910523 0.3232778708140056 0.010916376113891601 0.014038562774658203
0 0.5172882080078124 0.6457164446512859 0.00976858139038086 0.012637138366699219
0 0.23567955493927 0.44249606132507324 0.009015607833862304 0.011964766184488933
0 0.37358163595199584 0.2754063129425049 0.00805494785308838 0.010910129547119141
0 0.5681154489517212 0.17238317330678302 0.009718942642211913 0.011765241622924805
0 0.5936450242996216 0.21840054988861085 0.010784006118774414 0.01484990119934082
0 0.5817579984664917 0.296287473042806 0.009840059280395507 0.012847900390625
0 0.6516727209091187 0.3180396874745687 0.008835840225219726 0.011083126068115234
0 0.5698787450790406 0.5285213947296142 0.009212732315063477 0.01154012680053711
0 0.24356207847595215 0.4868330637613932 0.01018528938293457 0.013248189290364582
0 0.6433617639450518 0.6864919550064781 0.008393239974975587 0.010415013631184895
0 0.3813152194023132 0.36974574724833176 0.008483815193176269 0.011551634470621746
0 0.38143348693847656 0.25544874668121337 0.007753801345825195 0.010543266932169594
0 0.672948956489563 0.5789962450663249 0.00851893424987793 0.012165006001790364
0 0.5572239637374878 0.12334620952606201 0.008376359939575195 0.010432863235473632
0 0.36201133728027346 0.26846985816955565 0.00832986831665039 0.011333878835042317
0 0.5874314308166505 0.39388840993245444 0.0094512939453125 0.012433560689290364
0 0.6295854091644287 0.4071242173512777 0.011414718627929688 0.013610172271728515
0 0.49401178554890235 0.12921876120174558 0.009915924072265625 0.013084451357523598
0 0.5303258657455444 0.7225069999694824 0.009877729415893554 0.013165219624837238
0 0.5924988985061646 0.4857419649759928 0.010688066482543945 0.013379987080891926
0 0.5394254684448242 0.6413971900939941 0.009574317932128906 0.01203746795654297
0 0.5044804334640502 0.5421897888183593 0.00933823585510254 0.0120086669921875
0 0.42890081405639646 0.582480525970459 0.00803060531616211 0.010207049051920573
0 0.678941297531128 0.5332303841908773 0.008182525634765625 0.011294968922932943
0 0.4552680730819702 0.6468825022379557 0.009162092208862304 0.011717605590820312
0 0.5588647365570069 0.6100564002990723 0.008519935607910156 0.012166786193847656
0 0.6971678495407104 0.587056827545166 0.009336709976196289 0.012814013163248698
0 0.7716672658920288 0.4322873751322429 0.00774989128112793 0.009904162089029948
0 0.49237489700317383 0.3312810262044271 0.00868988037109375 0.01149336496988932
0 0.5025644302368164 0.7272153218587241 0.008088779449462891 0.01152165730794271
0 0.28687781989901195 0.5258137905338703 0.008413917234183508 0.016646890011718013
0 0.28972769509123547 0.47713973169526014 0.008685333919157188 0.012666111965437566
0 0.2969202372430375 0.4599500083135949 0.008956750604130832 0.007237778265964394
0 0.3187692803834173 0.4642926752731734 0.006514000439367855 0.008685333919157188
0 0.3267760725901404 0.49342473279367993 0.007871083864236184 0.010494778485648339
0 0.3972087023408058 0.570326126869551 0.008142500549209827 0.010856667398946484
0 0.2657073184710663 0.4385985624290001 0.007328250494288895 0.013028000878735782
0 0.24277260859079186 0.3846771143475658 0.01085666739894652 0.008685333919157188
0 0.28538502813165684 0.370020613358988 0.005971167069420567 0.010494778485648339
0 0.3079126129844708 0.4002383376193891 0.009228167289104477 0.010856667398946484
0 0.39164466029884565 0.364954168572813 0.008413917234183544 0.015561223271823365
0 0.38580920157191195 0.35844016813344515 0.005971167069420602 0.016285001098419797
0 0.32324765568548275 0.2270744926061925 0.009499583974078192 0.011942334138841134
0 0.5109322933447702 0.26706321752564544 0.006514000439367891 0.010856667398946484
0 0.5021112510831263 0.2690536065487856 0.007328250494288895 0.009771000659051765
0 0.5221960857711773 0.3636875573762693 0.007328250494288895 0.01230422305213942
0 0.5646727969695554 0.37201100238212814 0.0070568338093152504 0.010856667398946555
0 0.4504063725956435 0.09643259490553632 0.0070568338093152504 0.011942334138841151
0 0.5406524203493863 0.1391354866747259 0.008956750604130832 0.012666111965437583
0 0.6669968872046261 0.28769088558364375 0.008685333919157188 0.01230422305213935
0 0.7296941414335422 0.24155004913812114 0.005428333699473455 0.01411366761863043
0 0.723315849336661 0.26814888426554007 0.0062425837543943884 0.00796155609256072
0 0.7146305154175039 0.27412005133496065 0.006785417124341677 0.010494778485648304
0 0.7083879316631096 0.26959643991873294 0.006785417124341677 0.009409111745753656
0 0.7049952231009388 0.2728534401384169 0.005428333699473313 0.009409111745753656
0 0.621398884129051 0.3573545013935504 0.0070568338093153216 0.009771000659051836
0 0.6433836356119176 0.3616971683531291 0.008142500549209756 0.0112185563122447
0 0.6854532217828353 0.3609733905265326 0.00759966717926261 0.013389889792034069
0 0.6884388053175456 0.3743632803185666 0.008685333919157188 0.014837445445226862
0 0.721823057569306 0.4243039503537205 0.010856667398946342 0.009047222832455475
0 0.6223488425264587 0.4487314520013501 0.008956750604130974 0.009409111745753549
0 0.770135227494618 0.4881773435508558 0.0070568338093153216 0.01013288957234998
0 0.7135448486776093 0.45108372993778856 0.005156917014499669 0.008323445005858972
0 0.6664540538346789 0.5366704579328168 0.008685333919157188 0.011580445225542918
0 0.6047067580031706 0.5744878493724804 0.012213750823814849 0.011942334138841205
0 0.7491004344091592 0.5927632394940404 0.011128084083920272 0.011580445225542918
0 0.6006355077285658 0.610676740702302 0.008956750604130832 0.012666111965437637
0 0.5204318773188485 0.5753925716557259 0.008142500549209898 0.010856667398946413
0 0.5017041260556657 0.5924013505807421 0.009228167289104548 0.010856667398946555
0 0.6133920919223278 0.7615844175476585 0.008413917234183544 0.01700877892501623
0 0.564265671942095 0.7570608061314306 0.008413917234183615 0.011580445225542918
0 0.5943929239741714 0.7295572487207661 0.01004241734402555 0.00940911174575362
0 0.4955972506437583 0.7469279165590805 0.0067854171243415355 0.007961556092560756
0 0.5680655055317262 0.6007247955866011 0.007328250494288824 0.010856667398946555
0 0.37291690903566294 0.6475894098587202 0.009499583974078192 0.009047222832455333
0 0.2631288599638165 0.6327519644134932 0.010313834028999125 0.01338988979203414
0 0.49084745865671936 0.44818861863140286 0.010313834028999196 0.012666111965437566
0 0.4917974170541271 0.3752680026018122 0.007328250494288895 0.010856667398946484
