0 0.6735257466634114 0.7869680616590712 0.010761854383680556 0.014369088632089123
0 0.4329544279310438 0.3414787433765553 0.010240893893771702 0.014598337809244792
0 0.5949865129258898 0.32864543773509836 0.010899013943142362 0.014475052445023149
0 0.445830429924859 0.7489934002911603 0.01090439690483941 0.014881444860387732
0 0.7118928485446506 0.6651891920301649 0.01053759256998698 0.013796601472077546
0 0.7638357374403211 0.6134489836516204 0.009771219889322917 0.013156806098090277
0 0.6234553019205729 0.6136003847475405 0.009972890218098959 0.012961041485821757
0 0.5975191752115885 0.8649228413899739 0.009739939371744792 0.013272490324797454
0 0.721615939670139 0.7854167231807001 0.010767110188802083 0.014216105143229164
0 0.4086778428819444 0.4864179540563513 0.011065589057074655 0.013390604654947917
0 0.5931847042507595 0.8268037584092882 0.010301378038194444 0.014188413266782407
0 0.6492362976074219 0.45439386721010566 0.010424889458550347 0.013313943368417245
0 0.5797467125786675 0.5813498602973091 0.01060333251953125 0.013734605577256944
0 0.5538434982299806 0.5499258818449797 0.01081225077311198 0.014526197645399306
0 0.6432344224717882 0.8786775094491465 0.008826361762152778 0.011442226833767362
0 0.7346298641628689 0.7242450007685909 0.008936309814453125 0.011601031268084492
0 0.7019338607788087 0.5444506892451534 0.009970643785264757 0.012670163755063657
0 0.6487227121988933 0.7783838625307437 0.010379367404513888 0.014533318413628472
0 0.3190915001763238 0.5343688964843749 0.009586885240342883 0.012047548647280092
0 0.5230446176727694 0.4138630728185821 0.0081567749052941 0.01033191488003915
0 0.684956599542858 0.4753107771051313 0.009788129886352977 0.012507054854784413
0 0.8363900222978762 0.45104854531170774 0.008359633897188842 0.011544256334213188
0 0.6044573269323776 0.49289956990885797 0.011699492726670044 0.01021384285661675
0 0.7054455709224243 0.6240068197124675 0.011320457183787056 0.011415587076087802
0 0.7007842061996885 0.6310464317427216 0.009227599553171047 0.011288747219686854
0 0.6974546599691629 0.6371981647781688 0.008466560414765211 0.01040086822488
0 0.6788344176344211 0.6928391035206724 0.008120005071010183 0.008579627999558142
0 0.6688198423291187 0.6677135381714473 0.004717184742185054 0.005336613041663867
0 0.6694273585459155 0.6608045302157218 0.007218722105464934 0.006575469640621634
0 0.7530157413976339 0.830615943658035 0.011459931685124047 0.012808158942197423
0 0.6565753639932826 0.8740253159807773 0.0058807569785906825 0.009455334749890909
0 0.637462903812863 0.8617449117019556 0.006399647300230953 0.009109407868797206
0 0.4192202480522551 0.776924351367997 0.00518890321640356 0.00795631826515219
0 0.44254634655440334 0.8633601057982415 0.003839431608339936 0.0077182420024064415
0 0.5209652214732057 0.8935265643511326 0.008956750604130832 0.010856667398946484
0 0.6293961871201839 0.9034785094668335 0.008142500549209827 0.011942334138841205
0 0.7049857338853488 0.8953360089176234 0.008413917234183544 0.013751778705332214
0 0.6602734304123428 0.8647887865305228 0.004134772501289063 0.007166939002234613
