0 0.5298991097344292 0.614048201949508 0.008350499471028646 0.011677381727430556
0 0.5577918582492405 0.4424842410617405 0.009186214870876737 0.012023162841796876
0 0.32963338428073463 0.5923587092646847 0.008361456129286024 0.010878216778790507
0 0.5247358110215928 0.5059862207483361 0.008697085910373263 0.011295064290364582
0 0.2638337241278754 0.5775100142867476 0.00954085456000434 0.013841304072627314
0 0.6131514443291558 0.3076197730170356 0.01008932325575087 0.013809119330512152
0 0.4463601854112413 0.5841758445457176 0.009419928656684028 0.012654848451967593
0 0.5573151270548503 0.3792576683892144 0.00844561258951823 0.01059087117513021
0 0.4472989824083116 0.7194404602050781 0.008153533935546875 0.010986158582899306
0 0.5255940543280707 0.5215326662416812 0.008524534437391493 0.011512982403790511
0 0.25281305313110347 0.6763488204390914 0.008915011088053386 0.011322586624710649
0 0.3454639858669705 0.35057213394730175 0.009179306030273438 0.011973147922092014
0 0.3572934256659614 0.39785085607458043 0.008034303453233508 0.010798701533564815
0 0.43395451439751526 0.4433794657389323 0.009288067287868924 0.01159515380859375
0 0.7290766821967232 0.4108311971028646 0.009056515163845487 0.01246490478515625
0 0.5362117767333985 0.22374117109510636 0.010259331597222223 0.013842165911639179
0 0.3826309204101561 0.296031827994682 0.00893012152777777 0.009819348082824373
0 0.3776372061835395 0.3914219185158058 0.008658642239040799 0.011725164342809607
0 0.5892428927951389 0.3495576081452546 0.008892483181423612 0.01174175121166088
0 0.613374752468533 0.5751568547001592 0.007357279459635418 0.011655623824508101
0 0.4433009465535482 0.642830573187934 0.00915726555718316 0.011793461552372686
0 0.4370362175835503 0.2224646109121817 0.008525254991319444 0.010634160924840857
0 0.37354482014973955 0.7830209237557871 0.008260345458984375 0.012333961769386574
0 0.3285754733615452 0.5754924632884838 0.009253184000651041 0.011916323061342594
0 0.328745983996015 0.7149171360886105 0.008994632297092013 0.011095795808015046
0 0.5996137195163302 0.21434867293746382 0.01040509541829427 0.014053909866898149
0 0.38952973683675124 0.49558416295934604 0.009911304050021701 0.013946759259259261
0 0.37259576585557724 0.8032881842719185 0.008764394124348958 0.012625969780815972
0 0.365199449327257 0.33555258291739 0.008027479383680555 0.010368629738136575
0 0.5843277401394313 0.5703918739601418 0.009020233154296875 0.012653774685329862
0 0.5496724319948513 0.6357607395299173 0.00858493381076389 0.011404645001446757
0 0.30446693632337785 0.6155190927010995 0.009178013271755643 0.011906941731770836
0 0.4951577292548285 0.6573318481445313 0.007765155368381077 0.010277416087962963
0 0.5788323296440973 0.36256049827293113 0.008412255181206597 0.011030409071180556
0 0.47939334299820074 0.6475990890557958 0.008674780650376848 0.012585513042289841
0 0.4539831797281901 0.40490071332013167 0.00995941162109375 0.013380177815755208
0 0.5111289342244467 0.6262513902452257 0.007619349161783854 0.00994839138454861
0 0.7317777421739364 0.36219521981698494 0.008449384901258681 0.011543952094184028
0 0.6932297812567818 0.6847302189579717 0.008374828762478298 0.011102351435908564
0 0.6658009847005207 0.5907632615831163 0.009450870090060765 0.013079777470341437
0 0.597561390801946 0.4691303202975872 0.008444849650065105 0.011204867892795138
0 0.7879416571723091 0.610470128942419 0.008795335557725695 0.011809398509837962
0 0.35322970377657364 0.5412246452382588 0.008739934574590364 0.014242856343776821
0 0.2588384103709982 0.3760075116504477 0.009905259184535744 0.014242856343776892
0 0.3836252540193156 0.3011677755895114 0.00776883073296915 0.009581557903995268
0 0.44781521795047324 0.2978012822718914 0.010682142257832651 0.011653246099453795
0 0.47957031357148483 0.26154673885136864 0.012041687636102196 0.012689090197183006
0 0.48559115738953584 0.25818024553374863 0.009322596879563036 0.013724934294912181
0 0.5057901172952558 0.28977349051449 0.011264804562805325 0.012689090197182971
0 0.4810269693339165 0.19305154788902373 0.010293700721184108 0.012948051221615273
0 0.6521354662275624 0.24212466201894567 0.009128376111238765 0.01786831068582906
0 0.7190445209152594 0.3134684242500459 0.008545713806266094 0.011394285075021422
0 0.7193358520677458 0.32071933293415045 0.007574609964644878 0.011394285075021458
0 0.7197242936043944 0.3295240077648488 0.007574609964644878 0.011394285075021387
0 0.7055461775167255 0.3512767338171625 0.009128376111238765 0.012948051221615273
0 0.6959322494846762 0.3640953045265617 0.0069919476596720645 0.009581557903995232
0 0.6295087467177898 0.40539958792351444 0.011264804562805182 0.010876363026156853
0 0.766143057233885 0.47208205171483314 0.009516817647887308 0.013724934294912146
0 0.6326162790109775 0.5612941246317624 0.009322596879563036 0.009840518928427642
0 0.7541013695977827 0.6388529514492379 0.01068214225783251 0.01320701224604747
0 0.6932131587281369 0.6729063261620861 0.01048792148950838 0.013465973270479879
0 0.7668228299230198 0.6950474937510482 0.008934155342914495 0.014242856343776963
0 0.6349469282308682 0.7472281401741578 0.010487921489508452 0.013983895319344413
0 0.6639829330953405 0.7771381384960893 0.009128376111238765 0.011653246099453866
0 0.6701008872975537 0.7702756713486331 0.009322596879563036 0.011394285075021458
0 0.6829194580069529 0.7758433333739276 0.009322596879563036 0.014242856343776821
0 0.6839876722327359 0.8493882643127025 0.009128376111238765 0.014242856343776821
0 0.5585210558952841 0.8409720310186526 0.009128376111238836 0.010358440977292247
0 0.4531731324905768 0.891605281930376 0.010635012646190987 0.011677660944837385
0 0.4105209420123403 0.8096195874968025 0.009711038416211508 0.016950176144659962
0 0.3518133006779709 0.8418720059942806 0.00776883073296915 0.012712632108494971
0 0.33221465951070767 0.802439304546634 0.01200637476913414 0.016243918805299132
0 0.3300076053252052 0.6757838216879244 0.0075922663981289416 0.015302242352818069
0 0.3262114721261407 0.679432817941289 0.00776883073296915 0.009887602751051787
0 0.3682337838181102 0.6548315206202199 0.008121959402649637 0.01153553654289368
0 0.37035255583619275 0.6494168810184534 0.0074157020632888045 0.014831404126577468
0 0.39542469138350245 0.6658962189368728 0.008828216742010397 0.010123021864171876
0 0.2764203297012019 0.6689566674074365 0.009181345411690849 0.009652183637931416
0 0.43974233942839475 0.5014559684223587 0.008121959402649566 0.012241793882254442
0 0.49597808007500105 0.48803707897450294 0.008298523737489703 0.01177095565601384
0 0.5063953758305735 0.6908506449276223 0.008651652407170118 0.010593860090412476
0 0.5210502156223107 0.721219710520138 0.011476681764613588 0.014831404126577609
0 0.4734661273828745 0.755120062809458 0.007415702063288734 0.012477212995374742
0 0.4787630574280808 0.7601815737415442 0.011300117429773309 0.013654308560976033
0 0.5552154144138911 0.6930871265022648 0.008121959402649566 0.011770955656013911
0 0.5655444280020433 0.7081539497419627 0.008298523737489844 0.009887602751051645
0 0.563690502486221 0.7139217180134093 0.007062573393608389 0.008239668959209752
0 0.6015635523094458 0.6266989366023467 0.007945395067809358 0.011770955656013982
0 0.5734898230698526 0.6119852420323292 0.009004781076850606 0.010123021864172016
0 0.5469168906764014 0.6401178260502024 0.0063563160542474155 0.011770955656013911
0 0.5404722924547336 0.7776025881124445 0.0075922663981289416 0.009887602751051645
0 0.555309603929575 0.5480774124647521 0.009400285186892603 0.012847056422086708
0 0.570820074487948 0.5624911830846542 0.009400285186892746 0.010966999384708132
0 0.6034860655124001 0.5753382395067409 0.010810327964926642 0.012847056422086708
0 0.5140658526720832 0.4467110038660924 0.0072852210198418275 0.011280342224271322
0 0.5272262519337328 0.4562679604727667 0.008225249538531116 0.011593685063834371
0 0.5362740264261171 0.4254036907758023 0.008460256668203386 0.01128034222427118
0 0.5326314159161963 0.4022163206481336 0.008695263797875654 0.011280342224271251
0 0.5853905165276315 0.4180401340460697 0.008930270927548065 0.009713628026455723
0 0.6240491893587277 0.43198389040662716 0.009165278057220476 0.011280342224271322
0 0.6347420137588182 0.4324539046659719 0.006110185371480341 0.012847056422086708
0 0.49574768143337594 0.42780706168953514 0.009870299446237353 0.0115936850638343
0 0.46613678309466394 0.42968711872691373 0.007990242408858777 0.009713628026455794
0 0.45438642661104806 0.3605950226032523 0.009400285186892746 0.013787084940775927
0 0.4348808348482457 0.3511947374163597 0.009400285186892674 0.013160399261649757
0 0.42606806748553383 0.40242629168492483 0.009635292316565014 0.012220370742960611
0 0.5555569959349808 0.366548536554951 0.010575320835254374 0.015667141978154504
0 0.6030708613078885 0.6552510831377714 0.008243323419858442 0.011601714442763865
0 0.7081732349110843 0.5853354882063786 0.00870128583207249 0.012212330992382968
0 0.6527597830331467 0.5343490063131797 0.007785361007644127 0.011601714442763865
