0 0.49281455145941844 0.8371969717520256 0.01081051296657986 0.014479686595775462
0 0.41458892822265625 0.3459466439706308 0.01128387451171875 0.015332370334201388
0 0.29457295735677086 0.6920568112973814 0.01139505174424913 0.01331340648509838
0 0.40100661383734804 0.3460626390245226 0.010725911458333333 0.015728590223524304
0 0.347530386182997 0.8005451908817999 0.00987476772732205 0.013844807942708336
0 0.446718618604872 0.8290038497359664 0.009717432657877605 0.01390109592013889
0 0.4431934992472331 0.6641030770760996 0.01045578850640191 0.01378456398292824
0 0.6920133378770617 0.4069331416377315 0.01055145263671875 0.013157992892795138
0 0.4857104831271702 0.606585947672526 0.009325832790798612 0.012472477665653936
0 0.47238858540852857 0.8580634505660446 0.010549333360460069 0.013171895345052082
0 0.3758844587537978 0.8443053068938079 0.01021728515625 0.013156806098090277
0 0.47358926137288415 0.8104303430627893 0.010679668850368924 0.014219495985243056
0 0.49337857564290366 0.17788344489203559 0.01167933146158854 0.01586772777416088
0 0.5888562096489801 0.7258624324092158 0.010935465494791664 0.015795841923466437
0 0.5936243693033854 0.44924443562825517 0.010090467664930556 0.01373969184027778
0 0.30320978164672846 0.3978733204029225 0.009391933017306857 0.013119450321903935
0 0.7454067230224609 0.7387646427860968 0.009814876980251736 0.014155239529079862
0 0.538062392340766 0.8350198533799913 0.010931354098849827 0.014774294252748843
0 0.6210244920518663 0.6879844665527343 0.01057586669921875 0.013994852701822914
0 0.40323293473985466 0.6799660011574075 0.01220080057779948 0.015312816478587963
0 0.24703244103325736 0.456194814046224 0.009238009982638889 0.012410764341001157
0 0.34349171320597327 0.6863972981770834 0.0098224851820204 0.013332564742476854
0 0.33644660313924146 0.36334075927734377 0.010238583882649739 0.012997606065538195
0 0.6082994249131944 0.48479967470522284 0.009019215901692709 0.012189003273292824
0 0.5937721464369032 0.7969713281702113 0.01124009026421441 0.014629053186487268
0 0.6023097991943359 0.8336514508282697 0.009952799479166666 0.012969970703125
0 0.36951065670643596 0.3142212209726353 0.005763492604019566 0.009955238781532079
0 0.692386606004503 0.5228027343749999 0.009526019626193576 0.012807436342592593
0 0.37955363494732874 0.6046603696668721 0.007105085584852432 0.00996964066116898
0 0.5516594992743599 0.4992905510796441 0.010107464260525174 0.01322162769458912
0 0.699927266438802 0.7815208717628761 0.008809661865234375 0.011466697410300925
0 0.37315849753654673 0.3212917524789563 0.005197999715906292 0.007623732916662717
0 0.36900009776382164 0.32549346891598063 0.005197999715906434 0.008749966188442357
0 0.37302854754364917 0.3272261354879494 0.004938099730111034 0.006497499644882936
0 0.3642894105212815 0.3203387858643735 0.005652824691048224 0.007277199602268922
0 0.3110304975121161 0.42314005508083036 0.005898053322645325 0.006976192102053744
0 0.30703504203548543 0.41825672060939284 0.006088313107246819 0.007103031958454622
0 0.3377375233731064 0.4877898770843263 0.008894644930118361 0.010464288153080474
0 0.3258952485738738 0.4924176694533504 0.008894644930118432 0.009348097416751884
0 0.31890180469756146 0.4905105920041272 0.008057501877871935 0.009766668942875114
0 0.29796450381775885 0.29447234228505065 0.005789272183590768 0.007623732916662682
0 0.3781656585732428 0.21096094892962397 0.009639824888074813 0.01038134987946524
0 0.7254786885887918 0.30360900885883974 0.006011309753354937 0.007100607493895694
0 0.7223318284494518 0.31060203139070675 0.004800978930531983 0.005702002987522299
0 0.7204961600348366 0.31503991107439155 0.004115124797598782 0.005755795468536746
0 0.7137752079343804 0.38045802282441454 0.006832055901598153 0.009340025789526364
0 0.6257916516837193 0.7679241010033039 0.0051460197187473255 0.006480172979163257
0 0.6331890550294186 0.7698776825631987 0.005074547222653649 0.007909622901037494
0 0.6399074696622276 0.7741183839980923 0.005074547222653578 0.006861359624996482
0 0.6355476474005112 0.7800744253392351 0.003930987285154117 0.005813096348955184
0 0.6350116036798082 0.7851251483965241 0.003859514789060512 0.006194282994788409
0 0.6366912073380105 0.7900329264616256 0.003930987285154188 0.006289579656246645
0 0.6397287884219932 0.7835051051517331 0.004717184742184983 0.006003689671871939
0 0.6300800014493421 0.7856016317038155 0.004860129734372407 0.006956656286454716
0 0.6486271141856605 0.8034221073965145 0.00550338219921585 0.006956656286454858
0 0.6470547192715986 0.7875075649329812 0.00550338219921585 0.005813096348955327
0 0.6454465881094902 0.8044227223418264 0.0035736248046856645 0.0070519529479129515
0 0.5259838134378149 0.8844693343050233 0.005101342696395719 0.008305343898693423
0 0.5308703627575202 0.8856506978768204 0.004993946008050614 0.006229007924020067
0 0.5358643087655708 0.8964619645035676 0.006067912891502374 0.007947354937542884
0 0.5413952382153471 0.8972495402180991 0.004564359254669839 0.007804159353082553
0 0.5316489887480226 0.8903761521640081 0.006121611235674891 0.006515399092940442
0 0.535166230291327 0.8802092656673317 0.004456962566324663 0.006372203508480254
0 0.40252037936372553 0.8815157170683756 0.004940247663877954 0.005871018962869385
0 0.40045299311308086 0.8866349592128288 0.004779152631360262 0.005799421170639363
0 0.3975532825277611 0.8808355380421894 0.005530929449776423 0.006372203508480254
0 0.40815870550184696 0.8803343534965785 0.00558462779394894 0.006801790261861101
0 0.3776392863516031 0.613503377705009 0.00553483009749705 0.007033846582235838
0 0.37409353582039406 0.6101594178544377 0.0058807569785906825 0.007495082423693873
0 0.3720179745338326 0.6158672113924817 0.007091501062418146 0.009455334749890909
0 0.2665305514103262 0.5843360073811955 0.0057392414363251374 0.007547495587496016
0 0.2563492943417769 0.5768409249575014 0.004874424233591199 0.0055557953630177796
0 0.2526148564208804 0.5827111993033316 0.004324086013669621 0.005765448018226209
0 0.25119970099822486 0.5775222960869282 0.007468875841792943 0.010063327449994688
0 0.2661767625546624 0.57553059586245 0.008490932535933098 0.00733784293228787
0 0.26130233832107114 0.5456550924952782 0.005346142707809705 0.008386106208328883
0 0.26130233832107114 0.5530977617551701 0.004245466267966549 0.007128190277079583
0 0.49666365301676796 0.3517252379371068 0.007638930351748741 0.009208573574710712
