0 0.5444809913635253 0.28104942639668784 0.009000682830810547 0.013017686208089192
0 0.744681453704834 0.4716307004292806 0.008641529083251952 0.011516443888346354
0 0.5307763814926147 0.6928868929545086 0.00684504508972168 0.009675407409667968
0 0.5214729547500611 0.7681194305419923 0.009114694595336915 0.012611897786458333
0 0.44690964221954343 0.47939893404642747 0.008013010025024414 0.009149519602457683
0 0.35022534132003785 0.4718820095062256 0.00892808437347412 0.012271277109781901
0 0.29103379249572753 0.2876885414123535 0.009553098678588867 0.013386408487955727
0 0.2920809149742126 0.5294326941172283 0.0087752103805542 0.011508146921793617
0 0.58702552318573 0.49033919970194506 0.007771062850952149 0.010332584381103516
0 0.37714399099349977 0.738596757253011 0.008284687995910645 0.011300722757975258
0 0.6871653510998302 0.28755989116409636 0.008095932006835938 0.011285813649495442
0 0.3279484510421753 0.5456004142761232 0.007682943344116211 0.0109036127726237
0 0.5046050786972045 0.6547713915506997 0.008355283737182617 0.011487770080566406
0 0.37619279623031615 0.3317680835723877 0.00757591724395752 0.010214646657307945
0 0.5505949020385742 0.1822346528371175 0.0074481964111328125 0.009566688537597656
0 0.40390247106552124 0.3576571305592855 0.008047890663146973 0.010573927561442058
0 0.5970362901687623 0.2064695437749227 0.007376337051391601 0.009984795252482097
0 0.7515573740005493 0.3653562386830648 0.008503961563110351 0.012855625152587891
0 0.3743919014930725 0.5333784898122151 0.007621073722839355 0.010889403025309245
0 0.6452751159667969 0.44389878908793134 0.007515239715576172 0.009876600901285807
0 0.5685969114303588 0.6050405184427897 0.0073245525360107425 0.0100491205851237
0 0.4672327280044556 0.7694173812866211 0.008688211441040039 0.012200419108072917
0 0.3189812660217285 0.5111303329467773 0.008998584747314454 0.01258557637532552
0 0.4700333595275879 0.3649851004282633 0.008856487274169923 0.012828858693440755
0 0.3467165231704712 0.5589184125264485 0.008257532119750976 0.011480267842610676
0 0.5112277746200562 0.3637597401936849 0.007384347915649414 0.010142707824707031
0 0.6142086982727052 0.29470024108886717 0.007128143310546875 0.009989229838053386
0 0.4591296434402466 0.5194899876912435 0.007750368118286133 0.010626729329427083
0 0.3904270529747009 0.545682716369629 0.00786745548248291 0.010478846232096354
0 0.4582364082336426 0.831840991973877 0.00783681869506836 0.011569531758626302
0 0.23550254106521606 0.5341890811920166 0.008353066444396973 0.011785793304443359
0 0.4273157358169556 0.20043540000915527 0.008577299118041993 0.010679276784261067
0 0.5650207281112671 0.6885263760884602 0.007946157455444336 0.010655021667480469
0 0.6383611917495728 0.6828955014546711 0.00842127799987793 0.011071077982584636
0 0.41111140251159667 0.48184636433919276 0.008053779602050781 0.01070995330810547
0 0.6723049879074097 0.4359827836354574 0.00822148323059082 0.010211149851481117
0 0.4011059761047363 0.23745261033376056 0.007094764709472656 0.0111144224802653
0 0.420988130569458 0.14790650208791095 0.009166145324707031 0.012354071935017903
0 0.7341585397720337 0.5077453454335531 0.007278966903686524 0.009564812978108723
0 0.6815519571304322 0.7066123962402344 0.007797765731811524 0.010813395182291664
0 0.6019283533096312 0.43609363238016763 0.007916784286499024 0.010398960113525391
0 0.6766056299209595 0.3411639054616293 0.007772111892700195 0.010486698150634766
0 0.5445115327835083 0.20760796864827477 0.007925271987915039 0.009910869598388671
0 0.5306124925613404 0.41885431607564294 0.006775331497192383 0.008630084991455077
0 0.5281811470608884 0.8366551623990895 0.00818929672241211 0.012527275085449218
0 0.365264892578125 0.6618897120157876 0.007598447799682617 0.011197153727213542
0 0.6030358076095581 0.7690910657246907 0.00863337516784668 0.011911455790201824
0 0.44827024936676024 0.6289641698201497 0.006913423538208008 0.008960851033528646
0 0.658616018295288 0.5592949867248536 0.009079647064208985 0.011686770121256511
0 0.6070399761199952 0.25485413074493407 0.006357002258300781 0.010399611790974934
0 0.6355091333389282 0.2804801940917969 0.006501913070678711 0.010055859883626304
0 0.4845573902130127 0.7321459770202636 0.0070057868957519535 0.010609753926595052
0 0.38494124412536623 0.5190385341644287 0.007918882369995116 0.01069790522257487
0 0.6067783117294312 0.5339808940887452 0.008503103256225586 0.01099888483683268
0 0.4294837713241577 0.42369879086812334 0.008260774612426757 0.010968812306722005
0 0.3029394388198853 0.254162319501241 0.009365224838256836 0.013141775131225586
0 0.6534776210784912 0.6678610801696777 0.006725215911865234 0.008628527323404947
0 0.4242429256439209 0.7266866366068521 0.00834064483642578 0.010233370463053386
0 0.4304607629776001 0.4659967740376791 0.007858705520629884 0.009801610310872396
0 0.25193259716033933 0.5158459504445393 0.007893562316894531 0.010084184010823567
0 0.4307072162628174 0.336570676167806 0.008031940460205078 0.010993385314941406
0 0.5647413730621339 0.7818774541219077 0.008405590057373047 0.011037190755208336
0 0.7610726356506348 0.4416566848754882 0.008043956756591798 0.01121381123860677
0 0.4977967977523804 0.7259994506835937 0.007793569564819336 0.010279591878255208
0 0.3849126832860763 0.3298609504379655 0.008565711975097656 0.012858899434407552
0 0.3650944948196411 0.3437685171763102 0.007773876190185547 0.010727532704671224
0 0.7254176616668702 0.36075948079427084 0.00918436050415039 0.011115519205729167
0 0.5792069435119629 0.2623667319615682 0.007333946228027344 0.008972501754760743
0 0.6076847076416015 0.7445820808410645 0.007442760467529297 0.010419527689615883
0 0.761100959777832 0.5339452107747396 0.008195781707763672 0.010339736938476562
0 0.5078664432640924 0.7842132722197573 0.006228113174438476 0.008696301778157552
0 0.622060489654541 0.40590629577636717 0.00807809829711914 0.011314837137858073
0 0.5969165325164795 0.23025503158569335 0.00787353515625 0.011065165201822914
0 0.3121550440788269 0.48362387021382647 0.007909131050109864 0.010470612843831379
0 0.5701086282730102 0.12074505488077798 0.007564115524291992 0.010228665669759114
0 0.6952874911828844 0.6418820371343382 0.0078582763671875 0.01036707560221354
0 0.6953335534710233 0.24876478207579023 0.008782720565795899 0.011904875437418617
0 0.4663274049758911 0.24828013579050698 0.008334684371948241 0.010466210047403971
0 0.48895280361175536 0.1690260648727417 0.007925462722778321 0.010819737116495769
0 0.6299904823303223 0.7668504079182942 0.0096282958984375 0.013115437825520833
0 0.4103415012359619 0.24252653121948242 0.006752395629882812 0.010783068339029948
0 0.4758174896240234 0.5581042289733886 0.008979511260986329 0.01129029591878255
0 0.6986253499984741 0.30997285842895506 0.007740449905395508 0.009768486022949219
0 0.5973622083663941 0.572758420308431 0.007556486129760742 0.011104202270507813
0 0.2716375589370727 0.43331286112467454 0.007211732864379883 0.009074656168619792
0 0.4328944206237793 0.4597925186157227 0.007807731628417969 0.011045265197753906
0 0.6546366453170777 0.41723848978678385 0.00595402717590332 0.008167012532552084
0 0.25573134520208496 0.3668042821666543 0.007611632347106933 0.011942863464355469
0 0.37900627851486207 0.6995000839233398 0.009261584281921387 0.0119781494140625
0 0.3943561911582947 0.4160109043121338 0.008058619499206544 0.011628437042236327
0 0.3811755657196045 0.15974013805389403 0.008557796478271484 0.011369276046752929
0 0.6739482164382935 0.2162412405014038 0.007351064682006836 0.0101105531056722
0 0.2791574954986572 0.5204871813456218 0.00839090347290039 0.011014493306477864
0 0.5875856876373291 0.6393664042154947 0.007192134857177734 0.00932464599609375
0 0.5777163982391358 0.7196353276570637 0.007300472259521485 0.009863154093424479
0 0.30773035130350995 0.21697927618815777 0.008767366409301758 0.011189762751261394
0 0.6687773704528809 0.7192302703857422 0.007426929473876953 0.009374364217122396
0 0.6280174970626831 0.32960685094197584 0.008222246170043945 0.010282452901204426
0 0.6186664581298829 0.3659867763519287 0.00800790786743164 0.010081450144449867
0 0.4325192928314209 0.3872701327006023 0.0071923255920410155 0.010722605387369792
0 0.3809965968132019 0.6531317392985027 0.008504796028137206 0.009698232014973959
0 0.28877143859863286 0.5504533767700195 0.007909345626831054 0.011299387613932293
0 0.32589282989501955 0.34373591740926107 0.008488273620605469 0.01061846415201823
0 0.38092851638793945 0.2899904568990072 0.00802597999572754 0.01068890889485677
0 0.690929465844643 0.6732108880599909 0.008479928970336914 0.011240641276041664
0 0.5527480046694712 0.4115361814474722 0.00744757652282715 0.010663731892903644
0 0.4882385730743408 0.18534516493479408 0.007386112213134765 0.009565083185831706
0 0.28132840394973757 0.44559995333353675 0.006454253196716308 0.00845797856648763
0 0.7076974153518677 0.5148411432902018 0.007876920700073241 0.010468292236328124
0 0.6545676469802857 0.3099566777547201 0.00657200813293457 0.009473546346028646
0 0.6677113056182862 0.5962828954060871 0.008660221099853515 0.01011823018391927
0 0.3575340032577515 0.7790870984395345 0.0066509246826171875 0.00915978749593099
0 0.6490949563109654 0.6322761484908521 0.007343435287475585 0.010003662109375
0 0.6452916383743286 0.27603030204772955 0.007454633712768555 0.011051781972249349
0 0.34244006336729016 0.578762364385979 0.009852425664543958 0.010748100724956942
0 0.33751385053501815 0.5873210371854819 0.010150984018014952 0.01592311218512144
0 0.35826365610125466 0.5278084053935902 0.009852425664543958 0.01234041194346922
0 0.3651304982310883 0.5192497325940874 0.009255308957601826 0.011942334138841134
0 0.36005500622208075 0.49397179200020686 0.008658192250659837 0.013136567552725253
0 0.26720335829259084 0.5242257051519378 0.009255308957601934 0.010748100724957013
0 0.26496417064155814 0.5009381535811975 0.007762517190246783 0.011146178529585028
0 0.28795316385882735 0.49158332517243863 0.009553867311072928 0.00995194511570091
0 0.2869082096216788 0.47088327933178065 0.007463958836775717 0.011544256334213117
0 0.2870574887984143 0.45814478958368343 0.011345217431899073 0.012340411943469149
0 0.2352576144711908 0.4714803960387226 0.011643775785370103 0.013534645357353341
0 0.33497610453051435 0.44938707788186655 0.01104665907842815 0.011544256334213117
0 0.450070349793596 0.4667034623831863 0.008956750604130832 0.014330800966609374
0 0.42334937715793886 0.536964194900035 0.011643775785370068 0.011544256334212974
0 0.4279770316367399 0.5433334397740837 0.008359633897188913 0.017117345599005702
0 0.44678620790541457 0.61001147204928 0.007165400483304651 0.01353464535735327
0 0.45230953744462865 0.621555728383493 0.008061075543717848 0.015126956575865477
0 0.3440821343113808 0.6271288176482855 0.009553867311072892 0.011942334138841134
0 0.361249239635965 0.6442461632472913 0.009255308957601968 0.012738489748097166
0 0.43991936577558105 0.630512478987624 0.007165400483304651 0.011544256334213188
0 0.455892237686281 0.651411563730596 0.009255308957601826 0.010350022920328996
0 0.49127140257259794 0.6187691837510968 0.008359633897188771 0.014330800966609445
0 0.33766312971175366 0.6368817238616725 0.009852425664543887 0.00995194511570098
0 0.33840952559543125 0.4145552699769132 0.011345217431899144 0.013534645357353341
0 0.36677256917517903 0.4145552699769132 0.007762517190246712 0.0111461785295851
0 0.37752066990013605 0.4221187482648459 0.008956750604130832 0.012738489748097237
0 0.40782434277744545 0.41714277570699543 0.008061075543717705 0.013932723161981358
0 0.4158854183211632 0.4107735308329468 0.009852425664543887 0.013932723161981287
0 0.42439433139508753 0.40321005254501413 0.010748100724957013 0.01234041194346922
0 0.47589564736884 0.39007348499228883 0.010449542371486018 0.011544256334213117
0 0.3873730955646799 0.36141188305907007 0.009553867311072892 0.010748100724957013
0 0.2619785871068479 0.35902341623130185 0.008956750604130832 0.00995194511570091
0 0.2648148914648227 0.3628051553752682 0.006866842129833657 0.009553867311072963
0 0.27944425078490304 0.36997055585857297 0.0074639588367757526 0.007165400483304651
0 0.27884713407796097 0.3749465284164234 0.008658192250659837 0.0075634782879326675
0 0.3288556582843583 0.2802040109149503 0.0083596338971887 0.00995194511570098
0 0.3224366536847312 0.3194146746708121 0.009852425664543958 0.012738489748097166
0 0.4717158304202455 0.30189925126717837 0.009255308957601826 0.011942334138841168
0 0.501720944944084 0.3030934846810625 0.009553867311072963 0.011146178529585065
0 0.44380062437070433 0.2732376493339596 0.010150984018014952 0.010350022920328925
0 0.3763264364862519 0.27104822140850543 0.007165400483304651 0.013136567552725218
0 0.38170048684873037 0.2748299605524718 0.007165400483304651 0.011146178529585065
0 0.4139447890236015 0.23681353021049417 0.008359633897188842 0.010748100724957013
0 0.4258871231624427 0.23900295813594838 0.008359633897188771 0.013534645357353305
0 0.43409747788289593 0.2372116080151222 0.006269725422891597 0.009155789506444877
0 0.46201268393243716 0.25452799251644187 0.006568283776362733 0.011146178529585065
0 0.4975411279954895 0.24596931971693906 0.007762517190246783 0.011544256334213117
0 0.5033630158881747 0.2435808528891708 0.008658192250659837 0.012340411943469186
0 0.5197837253290811 0.3174242856476719 0.006269725422891526 0.010350022920328961
0 0.52814335922627 0.32757526966568684 0.008658192250659837 0.013932723161981358
0 0.5306811052307736 0.3462849264832047 0.008359633897188842 0.008359633897188842
0 0.5199330045058167 0.349469548920229 0.005374050362478542 0.00995194511570091
0 0.5253070548682952 0.35464456038039344 0.008359633897188842 0.008359633897188771
0 0.44305422848702675 0.21770579558834832 0.008061075543717848 0.013932723161981358
0 0.481120418554583 0.2079528893749614 0.008956750604130903 0.010350022920328996
0 0.4818668144382606 0.19640863304074827 0.008658192250659837 0.009553867311072928
0 0.5009745490604064 0.1928259327990959 0.007463958836775788 0.011146178529585065
0 0.5329202928818064 0.20178268340322678 0.0068668421298335855 0.01234041194346922
0 0.5363537139467233 0.19501536072455014 0.00597116706942046 0.01234041194346922
0 0.5412799267789953 0.19660767194306228 0.005672608715949537 0.01234041194346922
0 0.446039812021737 0.17033453683761174 0.008061075543717848 0.011544256334213082
0 0.4590271003977267 0.11022478833877798 0.0047769336555364104 0.007563478287932721
0 0.46290835899285016 0.11181709955729012 0.005374050362478542 0.008359633897188808
0 0.4830610478521446 0.11699211101745462 0.008658192250659837 0.009155789506444877
0 0.5053036451857362 0.14107581819745094 0.007165400483304722 0.013534645357353287
0 0.5005267115301997 0.14844025758306967 0.008956750604130903 0.010748100724957048
0 0.5096327413110662 0.15958643611265472 0.01044954237148609 0.010748100724957067
0 0.5248592173380886 0.173121081470008 0.009255308957601897 0.010748100724957048
0 0.5314275011144513 0.18088359866025477 0.009255308957601968 0.009553867311072928
0 0.5827795379114683 0.19003938816669966 0.008061075543717705 0.011942334138841134
0 0.5891985425110953 0.13649792344422848 0.007762517190246712 0.012340411943469149
0 0.5974088972315487 0.1400806236858808 0.008061075543717705 0.013136567552725272
0 0.638162112480344 0.15341623014092012 0.011942334138841205 0.011146178529585118
0 0.6111425814912159 0.20297691681711086 0.009852425664544029 0.012340411943469186
0 0.5954682679339869 0.25273664239561566 0.008956750604130832 0.010748100724957119
0 0.5838244921486168 0.2686597545807372 0.008359633897188842 0.00995194511570098
0 0.6496566090889786 0.20257883901248286 0.008061075543717634 0.009951945115700944
0 0.6569712887490189 0.20516634474256512 0.00716540048330458 0.009553867311072928
0 0.6977245039978144 0.23860488033132032 0.009255308957601755 0.010350022920328996
0 0.7069798129554162 0.23621641350355213 0.006866842129833799 0.010350022920329032
0 0.7122045841411591 0.27224245482238957 0.009553867311072821 0.012340411943469257
0 0.6838415405614114 0.2782136218918101 0.009553867311072963 0.010748100724957013
0 0.7293716894657433 0.2547270314187559 0.006269725422891526 0.008359633897188808
0 0.6011408766499365 0.27781554408718206 0.010150984018014952 0.009951945115700944
0 0.6266676158717094 0.2796068942080083 0.0068668421298335855 0.009553867311072928
0 0.6389085083640217 0.24059526935446052 0.006866842129833728 0.010350022920328996
0 0.5636718032893223 0.30966176845742516 0.0068668421298335855 0.00995194511570091
0 0.5732256706003953 0.30388964029031856 0.0068668421298335855 0.011942334138841168
0 0.5794953960232869 0.32956565868882703 0.008061075543717777 0.013932723161981358
0 0.5772562083722542 0.3624070775706402 0.007762517190246712 0.010350022920328996
0 0.5497888398529196 0.3793253842673318 0.008359633897188913 0.00995194511570091
0 0.5518787483272167 0.3896754071876608 0.007165400483304651 0.010748100724957084
0 0.6496566090889786 0.401816780228816 0.007463958836775788 0.010350022920328996
0 0.6611511056976133 0.402413896935758 0.006568283776362733 0.011544256334213117
0 0.5781518834326672 0.40659371388435245 0.007165400483304722 0.01353464535735327
0 0.7283267352285947 0.35145993794336916 0.008956750604130832 0.012340411943469149
0 0.6577176846326964 0.33175508661428127 0.008061075543717777 0.010350022920328996
0 0.6974259456443432 0.2780145829894961 0.008061075543717777 0.011146178529585028
0 0.6726456023062479 0.31603101333147376 0.008061075543717777 0.009155789506444805
0 0.6681672270041824 0.3206089080846962 0.007463958836775646 0.012738489748097272
0 0.7107117923738041 0.3882821348714628 0.010748100724956942 0.012738489748097237
0 0.5875564715670046 0.4143562310745992 0.008061075543717705 0.01234041194346922
0 0.5418770434859372 0.46272268433690583 0.008061075543717705 0.011942334138841205
0 0.5720314371865112 0.47984002993591146 0.006866842129833728 0.011146178529585028
0 0.5788982793163449 0.4762573296942591 0.007463958836775788 0.010350022920328996
0 0.5932290802829542 0.47108231823409463 0.009255308957601897 0.009553867311072963
0 0.6168151902071655 0.5013362313858255 0.007463958836775646 0.007961556092560756
0 0.612038256551629 0.5077054762598742 0.008061075543717705 0.007961556092560756
0 0.611739698198158 0.517259343570947 0.007463958836775646 0.011146178529584959
0 0.5962146638176645 0.5124824099154107 0.007463958836775788 0.011942334138841276
0 0.5939754761666318 0.5363670781930929 0.010150984018014952 0.010350022920329067
0 0.5527744233876298 0.5297987944167304 0.008359633897188771 0.011544256334213188
0 0.6298024785831552 0.5678152247587079 0.008956750604130903 0.011942334138841205
0 0.6366693207129889 0.5504988402573883 0.010748100724957013 0.01472887877123739
0 0.7035463918904994 0.5353718836815229 0.008359633897188985 0.015525034380493494
0 0.7144437717921919 0.4937727530978928 0.008061075543717777 0.01353464535735327
0 0.7234005223963227 0.4874035082238442 0.009852425664543887 0.011942334138841205
0 0.7235498015730584 0.5069093206506181 0.007762517190246854 0.015126956575865477
0 0.7048899044811189 0.4499841945888086 0.010449542371486018 0.01592311218512151
0 0.7493750991483022 0.4452072609332721 0.006866842129833657 0.011942334138841205
0 0.7684828337704481 0.4374447437430254 0.008061075543717777 0.012340411943469149
0 0.767885717063506 0.39385522413625523 0.009852425664543887 0.010350022920328996
0 0.7752003967235461 0.5011371924835116 0.01015098401801481 0.013136567552725253
0 0.5475496522018868 0.41097256973526086 0.006269725422891597 0.011942334138841134
0 0.5463554187880029 0.5692084970749061 0.010449542371486018 0.011544256334213188
0 0.5962146638176645 0.6131960944863043 0.008061075543717777 0.009553867311072892
0 0.632041666234188 0.6123999388770482 0.011046659078427936 0.01512695657586562
0 0.6784674901989329 0.6123999388770482 0.007165400483304722 0.011146178529584959
0 0.7110103507272751 0.6223518839927492 0.006568283776362591 0.008757711701817002
0 0.7092190006064488 0.6291192066714258 0.007165400483304722 0.011942334138841134
0 0.732207993823718 0.6207595727742371 0.00895675060413069 0.011942334138841205
0 0.7693785088308612 0.569009458172592 0.008658192250659766 0.009553867311073034
0 0.6011408766499365 0.6478288634889436 0.0083596338971887 0.0111461785295851
0 0.6432376044893515 0.7362021361163681 0.010150984018015095 0.011146178529585028
0 0.638162112480344 0.7421733031857886 0.008359633897188771 0.010350022920328853
0 0.6269661742251804 0.7298328912423195 0.009852425664544029 0.010350022920328996
0 0.5694936911820073 0.6468336689773736 0.007165400483304722 0.009155789506444877
0 0.5296361509936252 0.6790779711522447 0.008061075543717705 0.012340411943469149
0 0.5350102013561036 0.7099290010109175 0.007463958836775788 0.01114617852958517
0 0.5471018146716802 0.7320223191677736 0.008359633897188842 0.013932723161981358
0 0.5108269747249503 0.6733058429851383 0.008061075543717848 0.008757711701816646
0 0.49978031564652226 0.6880347217563757 0.011643775785370068 0.011146178529585028
0 0.48873365656809414 0.7101280399132318 0.008658192250659837 0.013932723161981358
0 0.4827624894986735 0.7089338064993476 0.008061075543717705 0.010748100724957084
0 0.42484216892529403 0.6983847446767045 0.009852425664543958 0.011942334138841205
0 0.41991595609302207 0.6866414494401775 0.008956750604130903 0.010748100724957084
0 0.512469045669041 0.7909378342527235 0.008956750604130903 0.009155789506444877
0 0.4950033819909858 0.8034772850985067 0.009255308957601826 0.014330800966609445
0 0.46440115076020533 0.7909378342527235 0.013733684259667384 0.013932723161981358
0 0.4757463681921044 0.8032782461961926 0.008956750604130832 0.009951945115701194
0 0.47783627666640166 0.8098465299725552 0.008956750604130832 0.01114617852958517
0 0.4717158304202455 0.8203955917951984 0.009852425664543958 0.011544256334213117
0 0.4691780844157418 0.837114859589576 0.010748100724957013 0.011544256334213117
0 0.38080481178831727 0.796510923517516 0.011942334138841063 0.017913501208261663
0 0.4524588166213641 0.6741019985943941 0.008359633897188842 0.011146178529585028
0 0.42887270669715294 0.673703920789766 0.010150984018015024 0.008757711701816788
0 0.43379891952942484 0.6693250649388577 0.007463958836775646 0.009553867311073105
0 0.3248251205124994 0.7366002139209962 0.009255308957601897 0.011942334138841063
0 0.3343789878235723 0.7521252483014896 0.008061075543717777 0.01114617852958517
0 0.2955664018723386 0.7023655227229849 0.008061075543717777 0.011942334138841063
0 0.305269548360147 0.6671356370134035 0.010150984018014952 0.01472887877123739
0 0.31318134472712933 0.6689269871342298 0.009255308957601897 0.012738489748097237
0 0.4411135991894652 0.6476298245866298 0.008956750604130903 0.010748100724956942
