0 0.5968521833419799 0.29559499422709146 0.007119035720825196 0.009596856435139973
0 0.29318699836730955 0.38304524421691893 0.008455562591552734 0.011046059926350911
0 0.40056729316711426 0.7792916615804037 0.00833597183227539 0.011693318684895836
0 0.26622896194458007 0.4171631495157878 0.008006763458251954 0.010574531555175782
0 0.7196180343627929 0.46808972358703616 0.00846099853515625 0.012078952789306641
0 0.2939279675483704 0.5901015281677245 0.007477593421936035 0.01021226247151693
0 0.5823800802230835 0.5041624387105306 0.009139013290405274 0.01122633616129557
0 0.2479333758354187 0.4815674622853596 0.009046196937561035 0.012722047170003255
0 0.37571539878845217 0.6424743334452312 0.008756494522094727 0.011603482564290364
0 0.7077605724334717 0.26826754411061604 0.009136486053466796 0.012281147638956706
0 0.441194748878479 0.3740273952484131 0.008197641372680664 0.010933589935302735
0 0.6046440601348878 0.14815775553385416 0.008026504516601562 0.010784244537353516
0 0.36903430223464967 0.3086906592051188 0.009275078773498535 0.011621252695719403
0 0.3028219699859619 0.5101709683736166 0.009650039672851562 0.01356646219889323
0 0.6695008277893066 0.21582190990447997 0.01053915023803711 0.013904809951782227
0 0.5048117399215698 0.663548469543457 0.007845830917358399 0.00948804219563802
0 0.33692178726196287 0.2608371257781983 0.00701446533203125 0.00938256581624349
0 0.46589581966400145 0.2607523997624715 0.007797956466674805 0.010511318842569985
0 0.5350218772888183 0.30354386965433755 0.00850381851196289 0.012414964040120442
0 0.38237273693084717 0.49327793121337893 0.00821995735168457 0.011012903849283854
0 0.5215904235839844 0.6834266980489094 0.008010673522949218 0.01110541025797526
0 0.6142161369323731 0.40443404515584314 0.007697200775146485 0.009585062662760416
0 0.3211640336923882 0.261467023727148 0.006882715225219727 0.008775647481282551
0 0.4388221263885498 0.4532571315765381 0.008222389221191406 0.01034695307413737
0 0.49913156032562256 0.6879677772521973 0.009098196029663086 0.010528500874837239
0 0.32925455359747857 0.2913215222881803 0.007363128662109375 0.009986019134521485
0 0.3780112385749817 0.413074254989624 0.008309769630432128 0.010959593454996745
0 0.6925394773483277 0.46430290540059405 0.00868678092956543 0.011587238311767578
0 0.6692543745040893 0.5171042442321778 0.008315610885620116 0.01016387939453125
0 0.6509335517883301 0.42949957847595216 0.007659626007080078 0.009248701731363933
0 0.4156294345855713 0.6633919715881348 0.009006786346435546 0.010171572367350258
0 0.45473179817199705 0.22744665940602618 0.00941638946533203 0.012458149592081707
0 0.5066930770874023 0.34222068786621096 0.008519363403320313 0.011587079366048176
0 0.7742746114730835 0.4029326756795248 0.008550310134887695 0.011993980407714844
0 0.5402681827545166 0.5229059378306071 0.007567691802978516 0.010774771372477211
0 0.26601300239562986 0.38711015383402514 0.00814676284790039 0.012118689219156901
0 0.3392547607421875 0.3451718012491862 0.007237815856933593 0.010305849711100261
0 0.33089756965637207 0.404456345240275 0.007411956787109375 0.010205682118733723
0 0.6767495155334473 0.5683865865071615 0.009350395202636719 0.011961746215820312
0 0.5723439216613769 0.6065023104349772 0.008228778839111328 0.011807187398274738
0 0.41488122940063477 0.6137067794799805 0.008136177062988281 0.010193506876627602
0 0.2913404583930969 0.6785555521647136 0.00899035930633545 0.012726720174153645
0 0.6191477771487349 0.6223913085886852 0.007983589172363281 0.011539967854817708
0 0.3188933610916138 0.34375338554382323 0.007354307174682617 0.0096952756245931
0 0.3343616008758545 0.6566839853922527 0.00836634635925293 0.011513137817382812
0 0.4882203578948975 0.7596039772033691 0.0078028678894042965 0.010785865783691406
0 0.39555174112319946 0.3299990971883138 0.0073424577713012695 0.0092864990234375
0 0.27281482219696046 0.60629243850708 0.006980752944946289 0.009207979838053385
0 0.4469773530960083 0.7292921066284179 0.006827592849731445 0.00931536356608073
0 0.6375800848007203 0.710559050242106 0.00843501091003418 0.011153221130371094
0 0.6626331090927124 0.27874341011047366 0.009338903427124023 0.012525272369384766
0 0.5934700679260464 0.42476962004353724 0.00931720733642578 0.011742305755615235
0 0.4907669275219195 0.27575588529797174 0.0068643569946289056 0.008549149831136067
0 0.32937840223312376 0.32400083541870117 0.008359694480895996 0.01144873301188151
0 0.40556883811950684 0.5585117022196452 0.008127498626708984 0.011505190531412761
0 0.7351858854293823 0.3403553167978922 0.008623647689819335 0.012693627675374347
0 0.7172032594680786 0.6095300038655599 0.007648324966430664 0.011374409993489583
0 0.41301851272583007 0.7737963676452638 0.008244895935058593 0.010654385884602864
0 0.28077365159988404 0.3831080595652263 0.007672333717346191 0.010575644175211589
0 0.5964142726041445 0.4192854989964961 0.00833749771118164 0.011486562093098958
0 0.5585492051179589 0.794598370556873 0.007187843322753905 0.00947418212890625
0 0.6154867172241211 0.5942392031351725 0.0076446533203125 0.010607719421386719
0 0.597370982170105 0.5407869338989257 0.007534456253051758 0.009662373860677084
0 0.5707314252853394 0.31083974838256834 0.006622171401977539 0.008607101440429688
0 0.3485836134962536 0.4992711946559212 0.007553526342817065 0.015763881063270303
0 0.4182074215256976 0.5268579865166445 0.006239869587544505 0.013136567552725324
0 0.5154180214158645 0.596919680131179 0.00821035472045331 0.012260796382543617
0 0.37469254150729514 0.4359967276102945 0.00788194053163508 0.008319826116725935
0 0.3814250323780668 0.4309610433817499 0.007553526342817065 0.008757711701816788
0 0.3873364877767932 0.44103241183883923 0.006896697965180678 0.00788194053163508
0 0.46270754411055437 0.40315530872848143 0.0065682837763625206 0.009195597286907713
0 0.5224789264754542 0.40709627899429907 0.006568283776362662 0.010947139627271056
0 0.521493683909 0.4121319632228436 0.006568283776362378 0.007881940531635151
0 0.529375624440635 0.40819099295702604 0.005254627021090173 0.007006169361453516
0 0.5326597663288165 0.41322667718557077 0.00525462702109003 0.008319826116726006
0 0.5372575649722703 0.41344561997811624 0.005911455398726418 0.007881940531635151
0 0.5375859791610884 0.42964738662647733 0.006568283776362662 0.010509254042180274
0 0.48930909340482304 0.3891429700055744 0.007225112153998907 0.008319826116726077
0 0.4978478623140944 0.38191785785157556 0.008538768909271468 0.01138502521236191
0 0.5485878544864958 0.372284374979577 0.00558304120990826 0.010509254042180274
0 0.5349586656505434 0.3385671849275822 0.009195597286907713 0.012260796382543546
0 0.48996592178245935 0.3245548462046753 0.006568283776362733 0.007881940531635151
0 0.5242852045139541 0.2628129787068666 0.0062398695875444336 0.009633482871998566
0 0.5246136187027721 0.25558786655286764 0.012151324986270709 0.01007136845708935
0 0.3134432952927136 0.25712046610068556 0.006239869587544505 0.009633482871998566
0 0.35203196247884405 0.2461733264734145 0.010509254042180274 0.014888109893088633
0 0.5528572389411315 0.37272226056466784 0.0055830412099081884 0.007006169361453516
0 0.6175548341383036 0.253179495834868 0.008867183098089483 0.01138502521236191
0 0.5384070146331337 0.2102667084959655 0.006239869587544505 0.009633482871998531
0 0.5403774997660424 0.2052310242674208 0.00689669796518082 0.00831982611672597
0 0.5039235248072298 0.18049048870978823 0.007553526342816923 0.010509254042180203
0 0.33544704594352837 0.17501691889615273 0.006896697965180678 0.010947139627271021
0 0.3602423171992973 0.17479797610360726 0.009195597286907642 0.013136567552725253
0 0.42526832658528735 0.17501691889615267 0.009852425664543958 0.017953308988724537
0 0.39784574181897336 0.13276095993488643 0.008867183098089555 0.01488810989308865
0 0.47239576268068917 0.12794421849888718 0.00821035472045331 0.014012338722906961
0 0.5462889551647688 0.11239928022816228 0.008867183098089555 0.012698681967634436
0 0.5586044872454486 0.1240032482330696 0.009195597286907642 0.014888109893088615
0 0.5750251966863554 0.24026187107468813 0.009195597286907642 0.013574453137816071
0 0.6837302931851571 0.18968608599669587 0.008538768909271396 0.010509254042180166
0 0.6385733422226638 0.39593019657448253 0.008210354720453238 0.009633482871998566
0 0.6075382013793503 0.42307910285011474 0.006568283776362662 0.008757711701816788
0 0.6093444794178501 0.4193570753768425 0.007553526342817065 0.008319826116726006
0 0.7400533265674665 0.45219849425865566 0.007553526342817065 0.01007136845708942
0 0.7338134569799221 0.47847162936410625 0.010180839853362045 0.01269868196763447
0 0.5904606635608076 0.5491901513562774 0.007881940531635294 0.007881940531635151
0 0.5944016338266251 0.5958249661684519 0.00788194053163501 0.009195597286907642
0 0.6047466807743963 0.6229738724440841 0.006896697965180749 0.008319826116726077
0 0.5898038351831714 0.6354536116191731 0.007225112153998907 0.009633482871998637
0 0.666488548272205 0.6599752043842603 0.009524011475725729 0.009633482871998495
0 0.6679664121218866 0.7217170718820689 0.00919559728690757 0.010509254042180203
0 0.5549919311684492 0.7114267606324342 0.0059114553987263466 0.010071368457089279
0 0.5937448054489889 0.7271906416957046 0.008538768909271468 0.010071368457089279
0 0.611643378739577 0.7779853695662422 0.006239869587544505 0.010947139627271127
0 0.48175556706200595 0.7843347105500595 0.009195597286907713 0.013136567552725324
0 0.611807585833986 0.7990038776506025 0.011166082419816448 0.00919559728690757
0 0.6876712634509744 0.685372568319529 0.005911455398726418 0.009633482871998495
0 0.5750251966863554 0.8184897861871451 0.009195597286907642 0.013136567552725324
0 0.5924311486937163 0.818489786187145 0.008538768909271396 0.010509254042180203
0 0.5630380787944935 0.8167382438467817 0.007553526342817065 0.007006169361453516
0 0.5636949071721298 0.8211170996976901 0.006239869587544505 0.008757711701816788
0 0.4090118242387899 0.7602510033700632 0.00821035472045331 0.015763881063270445
0 0.35219616957325317 0.7479902069875196 0.00821035472045331 0.008757711701816788
0 0.436762823193922 0.707704733159162 0.007881940531635151 0.008757711701816646
0 0.39850257019660956 0.6643540602351689 0.00689669796518082 0.012260796382543475
0 0.30720342570516906 0.6387377535073544 0.008210354720453275 0.010947139627270985
0 0.3099949463101232 0.6358914972042641 0.007225112153998907 0.00875771170181686
0 0.33823856654848256 0.6063342202106321 0.007881940531635151 0.010071368457089207
