0 0.7857828352186416 0.6656397784197772 0.01018651326497396 0.014163151493778937
0 0.5609712600708007 0.40616017094364876 0.011164220174153645 0.014551628960503472
0 0.4729377110799154 0.8491244563349971 0.011514663696289062 0.01621314154730903
0 0.6226198832194011 0.681997624150029 0.010193973117404513 0.013782077365451388
0 0.5708189222547744 0.4680775112575955 0.010384029812282987 0.013387439869068287
0 0.8220616658528646 0.7298107853642217 0.010293070475260417 0.01356591118706597
0 0.3535601827833388 0.5016815185546875 0.011367946200900607 0.014627979419849536
0 0.5139961878458659 0.41535308272750293 0.010892105102539063 0.014552363642939815
0 0.40221693250868057 0.8261279635959201 0.008601040310329862 0.011780915436921295
0 0.797040303548177 0.4110460352014612 0.011279635959201388 0.015519318757233795
0 0.5348495695326063 0.3422899034288195 0.010190709431966144 0.014805433485243056
0 0.3670495775010851 0.40424702962239584 0.010761684841579862 0.013848933467158564
0 0.3875689824422201 0.6701467725965712 0.010314729478624132 0.014026726616753473
0 0.8394166734483507 0.6307334334762008 0.010059102376302082 0.014520998354311343
0 0.3805844200981989 0.7752846894440828 0.010556877983940973 0.01358184814453125
0 0.6031556023491753 0.9352673565899883 0.009475962320963541 0.013828418872974537
0 0.6543393876817492 0.8011778372305411 0.01031366984049479 0.014032264992042824
0 0.7632255130343967 0.4076366424560547 0.009878963894314237 0.013169097900390624
0 0.6187480290730794 0.6066818237304686 0.009900283813476563 0.013957270869502315
0 0.5475709491305881 0.5481319003634983 0.01072281731499566 0.013324370207609954
0 0.43989058600531683 0.7552344710738571 0.010179731580946181 0.014791022406684028
0 0.5882202360365125 0.5342285438820168 0.009732352362738715 0.013096731680410877
0 0.3529667536417644 0.7467817801016348 0.011298836602105036 0.014111158582899306
0 0.6511100133260093 0.6741221957736545 0.008944490220811632 0.01249553539134838
0 0.7825893825954862 0.595806630452474 0.010242886013454862 0.012179169831452546
0 0.5245355787818206 0.8733398262718924 0.011301431205326935 0.011440955047367965
0 0.6208931334908135 0.717366978810396 0.009100533985245605 0.01011170442805053
0 0.8598753337663974 0.599648481831191 0.008342156153141645 0.012358749856506321
0 0.8456936683060564 0.5042389329389627 0.00926906239237951 0.013841799839287105
0 0.6508454117945242 0.4244855480311505 0.009771000659051765 0.010856667398946484
