0 0.560159789191352 0.5892395584671586 0.009649615817599827 0.013853398075810186
0 0.5543583552042644 0.4051488946985316 0.010039138793945312 0.013958881519458913
0 0.4756131278143989 0.41579322814941405 0.009327655368381076 0.0133143389666522
0 0.515696652730306 0.40825708177354597 0.01075486077202691 0.013351807770905671
0 0.6614692476060655 0.33070206818757236 0.010094239976671006 0.014615659360532407
0 0.42936200035942934 0.37346343994140624 0.01043535868326823 0.014178297254774305
0 0.38217247856987846 0.7771272729944301 0.01004155476888021 0.012912269874855324
0 0.3310969140794542 0.5394823992693866 0.008676592508951824 0.013287579571759259
0 0.6714168548583984 0.3131613978633174 0.00900082058376736 0.012295108371310764
0 0.6969729953342013 0.6301267270688659 0.009325408935546875 0.011861843532986112
0 0.3186441845364041 0.5179873996310764 0.008648766411675347 0.011336828161168981
0 0.5725169287787543 0.7058117619267216 0.009145100911458334 0.013089384856047454
0 0.4218776279025607 0.7921584800437645 0.009512498643663195 0.012597938820167824
0 0.3750839657253689 0.435022226969401 0.009530809190538194 0.012530856662326388
0 0.34198734495374894 0.6219930013020835 0.010262319776746963 0.013263956705729168
0 0.573510636223687 0.29139298333062064 0.01040814717610677 0.014256032307942708
0 0.30579728020562064 0.5697415104618778 0.010454898410373264 0.014613229257089123
0 0.45383544498019746 0.7364114549424913 0.00922041998969184 0.012147295916521993
0 0.47423566182454424 0.24136200657597295 0.008914523654513888 0.012078165124963831
0 0.23641335540720676 0.6321041373643024 0.006851908716422024 0.00732445414514082
0 0.2392190938902244 0.6384441218662791 0.00702911325219155 0.005985575430437535
0 0.24220203690901154 0.6415944247244042 0.004725454287187602 0.009135878288562651
0 0.32415957203346984 0.6967075611875292 0.00898986995231141 0.009791783234442448
0 0.3409997509582222 0.6742539892878591 0.007217219539179638 0.012155317118618286
0 0.34714071846085753 0.6726501627235973 0.007343837425831907 0.013674731758445517
0 0.4128658501753115 0.894206376109085 0.00846656041476514 0.013698704491305306
0 0.4017832177222762 0.863511130860049 0.004375975045833655 0.009639829086474094
0 0.39607542418423236 0.8673797464802787 0.005327273968840913 0.010274028368478981
0 0.40344799083753896 0.8832347285304007 0.00580292343034472 0.007990910953261477
0 0.39750237256874327 0.8787319136281658 0.008561690307065889 0.01040086822487993
0 0.3787142188393488 0.8647795294240587 0.004661364722735897 0.007103031958454693
0 0.35735755801783453 0.8603401344500246 0.005517533753442407 0.007864071096860527
0 0.38156811560837073 0.8706141628185036 0.0059931832149461425 0.00761039138405863
0 0.38699051946951246 0.8735948994439267 0.00637370278414906 0.009259309517271249
0 0.4877330754159871 0.896299233739701 0.005612663645743155 0.009005629804469208
0 0.4892075887466485 0.9070172016055834 0.005327273968840984 0.007103031958454551
0 0.6695202935541894 0.7117964339887556 0.005611476966035269 0.008584575288390682
0 0.6760768613776622 0.7026999344859195 0.0045482497514180405 0.007403211716593745
0 0.4998730548357878 0.3142992566902773 0.00917637176845588 0.011419484867411782
0 0.5745973104529404 0.4271970814331904 0.005993183214946001 0.008117750809662426
0 0.5729801022838279 0.43601245145305817 0.004661364722735968 0.006976192102053744
0 0.5728849723915271 0.4439399424781192 0.004661364722735897 0.007864071096860457
0 0.5812088379678412 0.44546202075493085 0.005137014184239561 0.005834633394444922
0 0.6106515396349177 0.4680395151943044 0.006563962568750483 0.008625110235266291
0 0.5927195549362296 0.4603657038820454 0.004566234830435008 0.005707793538043901
0 0.5978090041743188 0.4637903800048718 0.00485162450733732 0.005707793538043901
0 0.604325401796919 0.46258540136906245 0.006468832676449879 0.006088313107246748
0 0.6084159871658504 0.46017544409744404 0.0053272739688410556 0.006849352245652653
0 0.6076073830812941 0.4436228428371167 0.005041884291938743 0.005961473250845941
0 0.5883911448365464 0.42358214552576257 0.004280845153532909 0.007229871814855642
0 0.5320082934467556 0.6759653092050217 0.007971393657446414 0.008898299896684564
0 0.5268176185070229 0.670651046766724 0.007229868666056163 0.014088974836417236
0 0.4651467667253361 0.5885995142088895 0.00470892966888627 0.00655762057593023
0 0.4642049807915589 0.5812745125017331 0.0063832157733791205 0.007255239786135874
0 0.4560951574729215 0.5812745125017331 0.005232144076540237 0.010045716626957173
0 0.45803105078124134 0.5872042757884788 0.005336786958071045 0.008510954364505424
