0 0.6598121854994032 0.7244394090440538 0.009508895874023437 0.01342620849609375
0 0.275873597462972 0.7013528046784577 0.010418425665961371 0.01449737548828125
0 0.5502473619249132 0.4655093722873264 0.008021460639105903 0.011980805573640046
0 0.551596302456326 0.49059781674985536 0.008683819240993923 0.012654057255497685
0 0.39522378709581163 0.7678368179886429 0.010892571343315973 0.014238315158420138
0 0.5235426796807183 0.8502615186903212 0.010057788425021702 0.013698606137876157
0 0.5620939254760742 0.8533649020724826 0.01095593770345052 0.014610007957175925
0 0.6869599872165256 0.7514252839265047 0.011987601386176215 0.015485862449363426
0 0.669154167175293 0.3708645149513527 0.010548358493381076 0.013514850757740162
0 0.4797229554918077 0.37791861074942124 0.01039899190266927 0.014348065411603009
0 0.506864251030816 0.6781928733543112 0.010064273410373263 0.012814783166956018
0 0.6424883736504448 0.6049405133282696 0.008811399671766492 0.012319268120659723
0 0.5454207314385308 0.43509398566352 0.010102801852756076 0.012658776177300348
0 0.6861312018500434 0.7743461043746384 0.010384707980685763 0.014421646683304399
0 0.4743766572740343 0.5253161960177951 0.01154340108235677 0.015596177842881944
0 0.32836615244547523 0.6063924436216002 0.009091695149739584 0.012471912525318287
0 0.5203097237481011 0.5670802081072772 0.01075545416937934 0.014542812771267361
0 0.3112054612901476 0.4271738405580874 0.010663350423177086 0.013424626103153935
0 0.4581458409627278 0.6984929967809606 0.011133956909179687 0.015213803891782406
0 0.30624947018093535 0.45922519542552803 0.010308371649848092 0.013981204562717014
0 0.434058698018392 0.4371276007758247 0.010625330607096355 0.013530872486255787
0 0.6063847435845269 0.22916877887867115 0.010141415066189237 0.013862228393554688
0 0.677604145473904 0.5152840225784867 0.009887144300672742 0.012568890606915508
0 0.6254760318332248 0.6979809796368635 0.01085027058919271 0.014049953884548612
0 0.31090410020616316 0.3484356350368924 0.009799236721462674 0.013207386158130788
0 0.5250626246134439 0.4509504247594762 0.00925856696234809 0.014311613859953705
0 0.2927579032050238 0.7121855841742623 0.010900370279947917 0.014632217972366898
0 0.5766573799981011 0.7968736436631945 0.011064698961046006 0.014246396665219907
0 0.5231541739569769 0.9053560892740884 0.00936902364095052 0.012456427680121528
0 0.24036259121365014 0.5525954069914641 0.010758929782443576 0.014173154477719907
0 0.6765321519639756 0.5868528295446325 0.010859425862630208 0.013866113733362268
0 0.3286557939317491 0.4509563869900174 0.009776136610243055 0.01359416820384838
0 0.6577596876356337 0.7684119613082321 0.010361141628689237 0.014082562481915507
0 0.42347045474582246 0.6975724114312065 0.010772154066297744 0.014861664948640047
0 0.7531490492099939 0.5806693056237274 0.008446460300021701 0.011598940248842593
0 0.6262090593311611 0.46697227789357937 0.009102545844184028 0.013517393889250577
0 0.33406539493136933 0.42494787993254485 0.010751512315538194 0.013325246175130208
0 0.3775022294786241 0.6244442409939236 0.010396321614583336 0.014020453559027778
0 0.3278403306874047 0.501094713962727 0.007881940531635151 0.014012338722906961
0 0.6278466921727679 0.20179991655313645 0.00821035472045331 0.015325995478179451
0 0.707651340055574 0.36097132673365756 0.008210354720453238 0.007881940531635222
0 0.7178001063665651 0.3480753178905921 0.005292627662065001 0.007056836882753359
0 0.7214910177624787 0.3517894425657254 0.003203432532302628 0.005571187012700136
0 0.725599768184345 0.34528972438424205 0.005571187012699994 0.00705683688275343
0 0.7439846853262552 0.35225370815011714 0.005571187012699994 0.00798536805153681
0 0.7425222487354216 0.3423184246441353 0.005431907337382569 0.00705683688275343
0 0.7366028625344277 0.3385114468521236 0.005292627662065001 0.007242543116510021
0 0.7189818804836665 0.3633201376112224 0.004894064943176631 0.007341097414764661
0 0.7373067890262138 0.5748049189682359 0.006785417124341393 0.010132889572350052
0 0.745992122945371 0.5986895872459183 0.0067854171243415355 0.007961556092560756
0 0.7326927053816615 0.5950706981129361 0.005699750384446958 0.007961556092560756
0 0.7290285801345172 0.5860234752804806 0.005428333699473313 0.006514000439367891
0 0.706500995281703 0.5775190858179725 0.0070568338093153216 0.009047222832455262
0 0.7027011616920718 0.5829474195174459 0.005971167069420602 0.009047222832455475
0 0.7173576626806496 0.5807760860376565 0.004342666959578594 0.006875889352666107
0 0.7174933710231365 0.5847568640839369 0.0046140836445522386 0.006152111526069675
0 0.22948617144049138 0.5739001966849905 0.00678541712434157 0.009771000659051765
0 0.5608859437933331 0.4758283011811737 0.005699750384447029 0.009047222832455333
