0 0.8315682305230034 0.48421353940610534 0.010482618543836806 0.013953653971354167
0 0.6092161602444119 0.29721722073025175 0.00989121331108941 0.01404571533203125
0 0.5446885214911567 0.8529613918728299 0.009968354966905383 0.014697039568865741
0 0.8476796891954208 0.583877252649378 0.009883711073133681 0.012547415274160877
0 0.6860749774509006 0.37709015740288626 0.01100485059950087 0.014330461290147568
0 0.4014624701605903 0.30403401410138164 0.010113610161675345 0.013548589635778357
0 0.5613872104220919 0.5139671325683594 0.009696790907118056 0.013877416540075231
0 0.47087781694200304 0.7516855875651042 0.010009468926323786 0.013164944118923612
0 0.5585343043009441 0.5976309882269966 0.009604687160915799 0.012666716399016202
0 0.7252595689561631 0.853507204408999 0.009779188368055556 0.01387340404369213
0 0.5290313508775499 0.2930222405327691 0.009930970933702257 0.012488245081018519
0 0.8402500576443142 0.603937784830729 0.009603712293836806 0.012344925491898149
0 0.5649975882636177 0.3382779439290365 0.009989547729492187 0.01303688331886574
0 0.7016662173800998 0.8951523109718607 0.010168287489149306 0.013956875271267362
0 0.46041522555881076 0.6488297356499565 0.009749942355685763 0.013922062626591436
0 0.764352289835612 0.619081398292824 0.010242631700303819 0.012149726019965277
0 0.4475998620293024 0.5177327071977235 0.008764436509874116 0.006785382668247384
0 0.43671457502577044 0.3653418081778067 0.009482616848415799 0.013154319480613425
0 0.37109366522894965 0.4082066006130642 0.010406917995876737 0.013844525372540509
0 0.3982075500936561 0.6309723872523457 0.008162144759402778 0.008790002048587623
0 0.39093486982726516 0.5999980943192276 0.006592501536440665 0.008790002048587552
0 0.44179131025123625 0.5866038054832846 0.006173930010317506 0.008510954364505566
0 0.43886130956837377 0.5244459338539865 0.007429644588687125 0.010324764311039373
0 0.3612686129132821 0.4463125823109857 0.007534287470217933 0.010324764311039444
0 0.8680714630722549 0.5355493227560326 0.004588767592930196 0.005076934358135361
0 0.8716350804582538 0.5373392675617855 0.0038077007686017337 0.005792912280436653
0 0.8697556384122135 0.5306351106529656 0.004247050857286609 0.006443801300710277
0 0.4583458519452212 0.9091319935411616 0.004393500886847974 0.008698244180022243
0 0.4649361032754932 0.8953153947926228 0.0043491220900111925 0.007692324785053728
0 0.45732513961797383 0.8996645168826339 0.005014804042563767 0.007041435764780033
0 0.45224376738015465 0.8979189508737179 0.0048816676520533515 0.006272203286274589
0 0.4534419948947496 0.9023568305574027 0.0039053341216427383 0.006035516369811375
0 0.4267680249487186 0.7659606991202494 0.010111704428050601 0.011909340770815078
0 0.5932946021533638 0.5448642893166706 0.007325001707156318 0.007990910953261477
0 0.6489005208871649 0.423951306790512 0.007813589785311735 0.008579627999558142
