0 0.34779155519273547 0.8282749034740305 0.009661844041612412 0.013555060492621528
0 0.44127886030409075 0.7036507500542534 0.010935592651367187 0.0135009765625
0 0.33779729207356773 0.7652291191948783 0.008477867974175348 0.011728922526041664
0 0.4055213928222656 0.6625645955403645 0.0099334716796875 0.01393749095775463
0 0.504760127597385 0.4924905847620081 0.00901290045844184 0.011077880859375
0 0.47835072411431206 0.6017414799442998 0.010281329684787326 0.012626817491319444
0 0.3468473858303494 0.30856077406141497 0.01052941216362847 0.013677074291087964
0 0.5593145582411025 0.7642733256022134 0.011215464274088543 0.013677130805121528
0 0.29912402894761825 0.35032530890570746 0.010554567972819012 0.013031655770760995
0 0.707030381096734 0.5826768098054109 0.011198806762695312 0.014166598849826389
0 0.40312589009602867 0.5949761284722223 0.009889645046657985 0.01177356861255787
0 0.5748740726047092 0.9005071851942275 0.010391659206814237 0.013291705096209493
0 0.5112866083780925 0.6225282457139757 0.009825685289171007 0.012521023220486111
0 0.6807584762573242 0.6562393471046729 0.01125195821126302 0.014379148130063657
0 0.5271566179063585 0.47732307999222373 0.010103013780381944 0.013150448269314236
0 0.6839246114095053 0.8500539143880208 0.009108395046657987 0.011359094690393519
0 0.7275438520643447 0.7968497099699797 0.011198001437717013 0.014237750018084493
0 0.31048389010959204 0.6967463175455729 0.010483000013563368 0.013612535264756944
0 0.6239369286431207 0.7870635703757957 0.010038587782118056 0.013344489203559028
0 0.5171122233072917 0.36482976277669266 0.010406748453776043 0.013661532931857638
0 0.3156342484487616 0.7224054549589687 0.010837668230998396 0.01138502521236191
0 0.47520493513995626 0.2554076224349401 0.010807726749514756 0.010331914880039256
0 0.6157177887162556 0.38552764165928893 0.0122566114279401 0.014707933713528121
0 0.6118875976450243 0.3994184679442877 0.008579627999558071 0.011439503999410832
0 0.5850762601464053 0.3907367015161634 0.008886043285256662 0.00755824371389636
0 0.5835441837179128 0.3964564535158688 0.008273212713859479 0.01000956599948438
0 0.6412963750697358 0.46666219088790717 0.012479739175089079 0.019704851329087916
0 0.7276693067289045 0.5351912849546241 0.011166082419816377 0.016639652233452155
0 0.7803797840342145 0.5354102277471695 0.010837668230998361 0.013574453137816037
0 0.5219653518743214 0.5093560354342643 0.011459931685124047 0.009886999885204943
0 0.46087380428818236 0.524074182990649 0.008594948763842893 0.013706977113579625
0 0.5855842006550387 0.6971492912325218 0.012235162357941221 0.011147592370568732
0 0.6362581647541786 0.6158534346764234 0.009584210513720635 0.011691377364254834
0 0.6373797213036566 0.60429800356059 0.009788129886353048 0.011963269861098098
0 0.6389666298959051 0.8981335121468063 0.010399888004250003 0.008972452395823609
0 0.6274451853421771 0.8690410149845904 0.01141948486741171 0.011691377364254834
0 0.6665977048875888 0.8395406790771099 0.0081567749052941 0.013050839848470447
0 0.40908573534334586 0.8831277312411224 0.008635985430980072 0.014146566610748722
0 0.5376217602155339 0.6286259300843312 0.011011646122147098 0.012778947351627466
