0 0.4641307406955295 0.5213294135199653 0.010360463460286457 0.015535481770833333
0 0.4148994657728407 0.6532363891601562 0.010595745510525174 0.013786598488136575
0 0.5862339655558269 0.6646682174117475 0.010311508178710937 0.013813386140046296
0 0.34785890579223633 0.6191070556640625 0.00924371083577474 0.01335709183304398
0 0.2446337276034885 0.5520129451045284 0.010014533996582031 0.014250635217737269
0 0.41108801099989145 0.7112658747920283 0.010369449191623263 0.014525858561197917
0 0.6051834530300564 0.34253362019856765 0.009273105197482638 0.01273357250072338
0 0.6796225441826713 0.6809501930519386 0.010309134589301215 0.013934891312210646
0 0.46387481689453125 0.3487257074426722 0.009797837999131944 0.014053486011646412
0 0.4050078709920248 0.30754870661982786 0.008340072631835938 0.011879617196542245
0 0.23558474646674263 0.6030795062029803 0.01045392354329427 0.014652958622685185
0 0.5234743542141385 0.316252687242296 0.010133658515082465 0.01393361974645544
0 0.6382194519042969 0.47666363186306426 0.010375722249348957 0.014628261990017362
0 0.4735572814941406 0.9074611522533276 0.009160614013671875 0.012409012405960646
0 0.7674027760823567 0.6746408250596788 0.010072241889105903 0.013600384747540509
0 0.5601118299696181 0.388469300446687 0.009986199273003472 0.013795245135271993
0 0.7289848751491971 0.5302312215169271 0.008907318115234375 0.011901064272280094
0 0.4680518256293403 0.22667669366907192 0.009827677408854167 0.01293568081325955
0 0.3169680595397949 0.5383636757179543 0.00961755116780599 0.01215351246021412
0 0.7152845382690429 0.5566261856644242 0.009342320760091146 0.012086147732204861
0 0.7081565645005967 0.4352605607774523 0.007716751098632813 0.010109315095124421
0 0.25394719613416206 0.5005806905187816 0.0056507156026634675 0.007673811312259105
0 0.2588654115661098 0.5019061670181718 0.005022858313478658 0.005301905997560752
0 0.257191125461617 0.49765068983591904 0.004185715261232161 0.006278572891848242
0 0.23202451245345848 0.4920697361542761 0.0059646442472558545 0.006836668260012644
0 0.25760969698774017 0.48725616360385915 0.005232144076540273 0.006418096733889271
0 0.2539995175749274 0.4820240195273189 0.005127501195009429 0.005720477523683982
0 0.24834880197226397 0.48439592484201716 0.0047089296688862 0.005999525207766112
0 0.24081451450204605 0.488790925866311 0.004708929668886235 0.005022858313478693
0 0.23793683525994894 0.48627949670957166 0.004604286787355427 0.005022858313478693
0 0.23432665584713613 0.4847447344471199 0.004499643905824584 0.005301905997560752
0 0.23919254983831859 0.47686163737179926 0.004395001024293776 0.005441429839601853
0 0.23427433440637074 0.4774894946609841 0.006697144417971508 0.010045716626957244
0 0.36669990098360405 0.5016968812551102 0.00722035882562551 0.007952858996341234
0 0.36649061522054255 0.4811868764750725 0.00596464424725589 0.006557620575930372
0 0.3633513287746183 0.47344330324179296 0.007638930351748741 0.008371430522464323
0 0.35848543478343586 0.4847447344471199 0.006069287128786698 0.006697144417971472
0 0.3665429366613078 0.4929068792065226 0.004604286787355392 0.005720477523683911
0 0.40536939074587025 0.4393578797740746 0.006487858654909928 0.006836668260012502
0 0.4061018909165859 0.4262426386222137 0.005441429839601853 0.007394763628176832
0 0.3984629605648371 0.427568115121604 0.005650715602663396 0.008092382838382263
0 0.35836117971012227 0.32535803515777234 0.004566234830435079 0.006849352245652582
0 0.3551743283180477 0.32738747286018793 0.005422403861141661 0.0055809536816428815
0 0.35493650358729595 0.33398314539303864 0.004756494615036573 0.006595672532850756
0 0.3532717304720332 0.3411495972796938 0.005612663645743155 0.006976192102053674
0 0.35936004357928 0.33899331972087715 0.0046613647227358255 0.005200434112440036
0 0.36497270722502306 0.32948033049080394 0.005802923430344649 0.007737231240459508
0 0.3650678371173238 0.3380420207978698 0.005993183214946071 0.006341992820048717
0 0.3644494928173691 0.3633465721498645 0.006278572891848242 0.009005629804469208
0 0.461349306243529 0.18276096976786477 0.00644681914765286 0.008176453553120737
0 0.45612109315427385 0.1861678254149984 0.004481325505075802 0.00765232191510016
0 0.4644940960716523 0.19025605219155878 0.003302029319529538 0.006604058639059076
0 0.4669313081884479 0.18905054942411148 0.003459268810935683 0.006708884966663184
0 0.45946243234665496 0.19612632653738907 0.004717184742185054 0.008910237846349495
0 0.4490846259138479 0.20304486415926043 0.004874424233591199 0.00723301660468369
0 0.4620961938277082 0.21635780776498265 0.004953043979294307 0.0063944059838508234
0 0.45478455747732144 0.20907237799649686 0.0038523675394510804 0.007128190277079618
0 0.7490085818165724 0.34826861225723627 0.0050476443522231304 0.006944985846321146
0 0.743934088292263 0.35027335043967944 0.005101342696395648 0.006229007924020067
0 0.7413028694278063 0.34300617452832277 0.005638326138121528 0.006443801300710419
0 0.7476124248680853 0.33874610589063087 0.004188470845461581 0.005513030001718988
0 0.7448738093152832 0.33566740082473595 0.0046180575988425685 0.006372203508480254
0 0.7502107360796784 0.39047184602957424 0.0065925015364408064 0.008650478206546524
0 0.7090860836380721 0.41851613827982986 0.005964644247255819 0.006976192102053674
0 0.7131148345770082 0.42807352145964345 0.0056507156026634675 0.007394763628176903
0 0.7332585892716881 0.49330091761384504 0.005964644247255961 0.007813335154300063
0 0.7280264451951477 0.49818425208528255 0.008057501877871971 0.0064180967338894135
0 0.7737553844241094 0.5375997374618857 0.006383215773379192 0.009348097416751956
0 0.7789352070598842 0.5379485470669885 0.006487858654909928 0.009208573574710712
0 0.6851228637675177 0.8042995615233965 0.005755358484194489 0.008650478206546524
0 0.4908010327648135 0.8776193405159805 0.006383215773378978 0.010743335837162676
0 0.5038813929561641 0.7902076534772482 0.005336786958070903 0.008371430522464465
0 0.4913242471724675 0.7895797961880633 0.0047089296688862 0.007394763628176691
0 0.5026256783777945 0.8027647992609448 0.007220358825625439 0.009487621258792983
0 0.4987015703203892 0.8096014675209574 0.005650715602663396 0.007534287470218004
0 0.48059835181556 0.8101595628891215 0.006487858654909857 0.007534287470218004
0 0.4782438869811169 0.8053459903387047 0.006173930010317506 0.006557620575930514
0 0.4900685325940979 0.8194378983848529 0.0055460727211325885 0.005720477523683911
0 0.49409728353303384 0.8135081350981074 0.004395001024293776 0.006418096733889342
0 0.3889835090353405 0.862341479812483 0.006592501536440665 0.010603811995121504
0 0.2996721176848179 0.5242265167260908 0.00905317889563758 0.012628023895453352
0 0.5556681609183849 0.7131826095735004 0.006267585389287618 0.007613955584023415
0 0.6101464246935128 0.5986091430299996 0.007402273226554357 0.010766942874988387
0 0.5592587952512971 0.4542289384901093 0.00529492980545875 0.005832096597316792
0 0.562366688832762 0.4500850803814895 0.004374072447987558 0.005218191692336092
0 0.5745104952344118 0.4867658984540876 0.00610067999324599 0.008594668669730226
0 0.5676616186382206 0.48753327958531345 0.005064715466090988 0.006446001502297563
0 0.5700213156167403 0.4647420599879042 0.004719393957039344 0.005678620371071617
0 0.5577048484605647 0.4641281550829234 0.004258965278303748 0.006292525276052388
0 0.5556904729910968 0.45016181849461206 0.004834501126723225 0.006599477728542738
