0 0.5853578567504883 0.35925381978352866 0.0097625732421875 0.01318531036376953
0 0.5028222084045411 0.4060367425282796 0.008168697357177734 0.010345554351806641
0 0.2756451487541199 0.6200107574462891 0.008709883689880371 0.012298583984375
0 0.47852349281311035 0.48318537076314294 0.008501625061035157 0.012630303700764976
0 0.36693785190582273 0.7647322336832681 0.008831024169921875 0.011209360758463542
0 0.36449297666549685 0.4414146264394125 0.00722954273223877 0.0094358762105306
0 0.48575830459594727 0.14782994588216145 0.008107948303222656 0.010897890726725262
0 0.7337067127227783 0.5902722040812174 0.00863962173461914 0.01198870340983073
0 0.5332931706046706 0.8343017704906671 0.009172630310058594 0.011298497517903648
0 0.7095529079437256 0.2852996349334717 0.009127998352050781 0.012902673085530598
0 0.6960140228271484 0.5819604873657227 0.008845710754394531 0.01153564453125
0 0.40448052883148194 0.5389097690582276 0.008755731582641601 0.012425390879313152
0 0.5844631195068359 0.42035202980041503 0.009309959411621094 0.012391376495361327
0 0.5142168760299682 0.7304799715677897 0.00878148078918457 0.012805239359537762
0 0.5163371324539185 0.5949866612752278 0.008439397811889649 0.01145299275716146
0 0.39738622470947166 0.5208285269175693 0.008776640892028809 0.012224451700846356
0 0.5965580224990845 0.4090477148691813 0.00791478157043457 0.011028703053792317
0 0.3853838801383972 0.36102544466654457 0.009432673454284668 0.012219969431559246
0 0.6414830207824707 0.704548931121826 0.008743858337402344 0.010615221659342448
0 0.31001379489898684 0.2719100634256999 0.007945728302001954 0.010251172383626302
0 0.6739573955535889 0.20901517073313391 0.00924062728881836 0.011905495325724285
0 0.4504298448562622 0.818175220489502 0.007550954818725586 0.011977068583170573
0 0.3766332507133484 0.5713483174641927 0.008417820930480957 0.011829884847005208
0 0.32779773473739626 0.211328387260437 0.008853554725646973 0.011359707514444988
0 0.6664712235315088 0.4260470155650829 0.008956336975097656 0.011530653635660809
0 0.3066136360168457 0.3574337005615235 0.009890365600585937 0.012312380472819011
0 0.6159763097763062 0.5667604446411133 0.008237218856811524 0.01041412353515625
0 0.6928916215896607 0.2965307712554932 0.008734655380249024 0.011816247304280597
0 0.67998206615448 0.566460641225179 0.007659387588500976 0.010703976949055989
0 0.6143629312515259 0.6041481971740723 0.008392763137817384 0.01005140940348307
0 0.5510942697525024 0.6183113416035969 0.008434343338012695 0.0124423344930013
0 0.2611604928970337 0.5915895462036134 0.009575366973876953 0.013333002726236977
0 0.4476231813430786 0.1479602018992106 0.008739805221557618 0.010757255554199218
0 0.3495567083358765 0.34805161158243814 0.00832071304321289 0.011954879760742188
0 0.6648684501647949 0.6304197311401366 0.008501529693603516 0.011814626057942708
0 0.4026692628860474 0.5839382807413738 0.008600854873657226 0.011825180053710938
0 0.5536452645113932 0.42507403091975104 0.006818819046020508 0.009919166564941406
0 0.3200012445449829 0.5925606409708659 0.008431339263916015 0.011146291097005207
0 0.5396613836288452 0.4644510746002198 0.00804591178894043 0.011629263559977211
0 0.700384545326233 0.6038970311482748 0.007933282852172851 0.0103118896484375
0 0.6155129671096802 0.7696531613667805 0.008273077011108399 0.011516761779785157
0 0.4090787649154663 0.35809758504231776 0.00896000862121582 0.011515490214029948
0 0.265295946598053 0.5036045392354329 0.00833117961883545 0.010579808553059894
0 0.40323052406311033 0.440213139851888 0.008039569854736328 0.011321004231770833
0 0.33844043016433717 0.6182244300842284 0.007883858680725098 0.010861523946126302
0 0.296003575073729 0.5010587151286889 0.011080360412597657 0.01491686503092448
0 0.3157994270324707 0.23922349611918134 0.00952162742614746 0.012142753601074219
0 0.7322401762008667 0.4371382077534994 0.00854802131652832 0.011420186360677083
0 0.43308658599853517 0.6908226331075032 0.007614421844482422 0.010468482971191406
0 0.5199589729309082 0.508640988667806 0.009044361114501954 0.011275100708007812
0 0.38153555393218996 0.17116563320159908 0.009200763702392579 0.012312904993693035
0 0.5312330245971679 0.13772180080413818 0.008092117309570313 0.009125057856241863
0 0.4335038423538208 0.6699453353881836 0.008670282363891602 0.011212031046549477
0 0.5009839773178101 0.17344220479329425 0.009583616256713867 0.012324301401774089
0 0.5250451087951661 0.737466303507487 0.008863258361816406 0.011360422770182293
0 0.3262528538703918 0.27633233070373536 0.008918547630310058 0.011490917205810547
0 0.5998728752136231 0.34358940124511717 0.008941936492919921 0.012605730692545574
0 0.4411448001861572 0.13993873596191408 0.008150482177734375 0.011333370208740234
0 0.5390274524688721 0.7230200767517091 0.009280872344970704 0.012853940327962242
0 0.4153835535049438 0.3903179327646892 0.008602094650268555 0.011106204986572266
0 0.5533737659454346 0.2543075402577718 0.008482265472412109 0.011729780832926433
0 0.6146160364151001 0.1477632125218709 0.008459043502807618 0.011620696385701497
0 0.628194785118103 0.25073355038960776 0.008572053909301759 0.011617596944173176
0 0.7257354021072387 0.35599239667256677 0.007184362411499024 0.008830801645914713
0 0.6927058458328247 0.39543156623840325 0.008086156845092774 0.011044915517171223
0 0.533020806312561 0.5338232199350993 0.007648324966430664 0.010244337717692058
0 0.3797101616859436 0.6646887143452962 0.010391163825988769 0.012798372904459636
0 0.3842462182044983 0.7364981333414714 0.0073995828628540036 0.010007476806640625
0 0.5958416461944579 0.6473924263702128 0.008146095275878906 0.010738372802734375
0 0.6405129432678223 0.26807302633921304 0.008879375457763673 0.011670160293579101
0 0.5301388740539551 0.12392620642979939 0.008553314208984374 0.01092086633046468
0 0.2889437794685364 0.2973987420399984 0.008497262001037597 0.012606652577718098
0 0.44624854327332886 0.530181307585846 0.009847164154052734 0.011780389149983724
0 0.6284867525100708 0.343423859278361 0.009596776962280274 0.012164338429768879
0 0.6095075368881225 0.7330063501993814 0.00879683494567871 0.01259752909342448
0 0.4420339107513428 0.8103629112243652 0.007703018188476562 0.011522483825683594
0 0.6554832935333252 0.3123801867167155 0.00878143310546875 0.011189206441243488
0 0.3899049997329712 0.25679660638173424 0.00892949104309082 0.01141517957051595
0 0.2946393370628357 0.6257488886515299 0.00828864574432373 0.01040484110514323
0 0.4509681940078735 0.7982959429423014 0.00793004035949707 0.010913658142089843
0 0.533868169784546 0.17117877006530763 0.0068608283996582035 0.009147930145263671
0 0.4073571682006365 0.49650835405379534 0.009580373764038086 0.01335906982421875
0 0.5525129079818726 0.8009224255879721 0.006707906723022461 0.009003766377766927
0 0.38890883859756104 0.42137010893033505 0.005883240699768066 0.007592105865478515
0 0.3307713270187378 0.6965936342875163 0.009967803955078125 0.012482261657714844
0 0.478521728515625 0.8397972106933593 0.008092117309570313 0.01146405537923177
0 0.5589168548583985 0.1250046968460083 0.00743255615234375 0.009891366958618164
0 0.40833392596511997 0.6483961678579174 0.006963801383972167 0.008662096659342448
0 0.6505765438079834 0.5675439834594727 0.007977485656738281 0.011376571655273438
0 0.40642433166503905 0.17179032166798908 0.009380054473876954 0.01185425122578939
0 0.2787665128707886 0.30317551294962564 0.009381675720214843 0.013253021240234374
0 0.46723387241363523 0.18872621059417724 0.008420038223266601 0.01031333605448405
0 0.501780343055725 0.43739469846089674 0.008884859085083009 0.011898454030354817
0 0.6405201435089112 0.6627997716267905 0.008660507202148438 0.01168225606282552
0 0.48753814697265624 0.4871643384297689 0.008735275268554688 0.011056582132975258
0 0.5188458285272705 0.22804003793843833 0.007817411422729492 0.010357888539632161
0 0.45834543704986574 0.6519630432128907 0.006915235519409179 0.008797073364257812
0 0.3513674458801526 0.39054282491837466 0.010115157015598513 0.01396855016439794
0 0.40627829825054435 0.34237541055838205 0.00939264580019845 0.012041853589998154
0 0.4635373120709855 0.37705594889757676 0.008308878977098715 0.012041853589998226
0 0.5347046667878746 0.389338639559375 0.008308878977098644 0.015413572595197635
0 0.5383172228648739 0.3325010906145836 0.008308878977098715 0.016376920882397526
0 0.6941990175874002 0.20774748742220275 0.007947623369398827 0.013486876020797922
0 0.6826388381410018 0.37729678596937677 0.010115157015598442 0.008670134584798674
0 0.6383850261977586 0.389097802487575 0.006141345330899028 0.013005201877197977
0 0.6447069993325075 0.40354802679557283 0.008670134584798603 0.007225112153998836
0 0.6468745329787075 0.39945379657497343 0.007225112153998907 0.007706786297598783
0 0.7057591970337984 0.3963229146415738 0.008670134584798745 0.011078505302798334
0 0.6891414390796009 0.42666838568836923 0.007947623369398827 0.013005201877198048
0 0.6593378514443554 0.3308152311119839 0.006141345330898957 0.006261763866799086
0 0.6598797348559055 0.32672100089138456 0.005780089723199069 0.00578008972319914
0 0.5726365055963687 0.13959059610281319 0.003973811684699342 0.009151808728398603
0 0.558005653484521 0.1550041686980108 0.005780089723199211 0.010115157015598494
0 0.56505013783467 0.18053289830880692 0.006141345330899028 0.009151808728398585
0 0.7709658342236385 0.43606103148856773 0.006863856546299019 0.010596831159198388
0 0.7136069950111874 0.40808590360779107 0.005932199931123137 0.009392649890944824
0 0.7323305010437945 0.39313181628141847 0.005190674939732674 0.008651124899554361
0 0.778675813005693 0.5148655023680052 0.005190674939732674 0.008898299896684492
0 0.7598596163491621 0.5546606769059554 0.008712918648837019 0.01235874985650625
0 0.7133289231394161 0.5162249648522209 0.0068591061703610024 0.008651124899554432
0 0.6906197202780858 0.538099952098237 0.009639824888074884 0.01186439986224606
0 0.6775503423048304 0.49138387764064334 0.007600631161751181 0.008898299896684492
0 0.683204470364182 0.49360845261481445 0.007044487418208689 0.009392649890944824
0 0.7022060482685605 0.4911367026435131 0.006488343674665771 0.006920899919643446
0 0.7061917450972837 0.48446297772099983 0.004819912444037442 0.008898299896684492
0 0.7114751106609402 0.48384504022817454 0.007229868666056234 0.007662424911033909
0 0.7311255229327851 0.48149687775543826 0.0061175811789706816 0.00840394990242423
0 0.7472536914955257 0.48545167770952036 0.005376056187580361 0.00790959990816397
0 0.7521662945634869 0.49274334012485904 0.0063029624268183685 0.008651124899554361
0 0.7578204226228387 0.49818119006172173 0.005005293691884845 0.007662424911033838
0 0.7472536914955258 0.4950915025975952 0.005746818683275308 0.006920899919643446
0 0.7450291165213546 0.5054728524770604 0.0061175811789706816 0.00840394990242423
0 0.7517028414438681 0.50448415248854 0.006488343674665771 0.008898299896684492
0 0.7548543226572771 0.5194382398149124 0.005746818683275308 0.007168074916773577
0 0.7391896072141555 0.5079446024483617 0.005932199931122852 0.008898299896684564
0 0.6651297986990418 0.5751762016677557 0.005376056187580076 0.008898299896684704
0 0.6231409460615616 0.5334036271527646 0.010752112375160508 0.01186439986224606
0 0.5737293404822427 0.5781158288203622 0.008210354720453238 0.011822910797452693
0 0.6110043509131006 0.68101894131671 0.009195597286907642 0.01007136845708942
0 0.6632222069351834 0.6582488908919863 0.005911455398726418 0.011822910797452835
0 0.6573107515364572 0.714298245783614 0.006568283776362591 0.01007136845708942
0 0.6402332137179144 0.7742885709410594 0.00919559728690757 0.011822910797452835
0 0.5000003550925721 0.7471396646654272 0.005911455398726418 0.011822910797452693
0 0.5476765811691923 0.7484101755551787 0.006434720999668571 0.007149689999631619
0 0.5469871467763706 0.7542320659834503 0.006894343928216315 0.007762520571028802
0 0.5496682805262324 0.7597475411260234 0.0064347209996684996 0.006128305713970121
0 0.5515067722404234 0.7640373551258023 0.00520905985687456 0.0077625205710286594
0 0.5599331925971323 0.7904912081244398 0.005821890428271672 0.00755824371389636
0 0.3918791179338972 0.7221272915614262 0.009499583974078192 0.009047222832455333
0 0.2903692777537474 0.5994469499533308 0.007871083864236184 0.007599667179262539
0 0.2926763195760235 0.6052371725661022 0.006514000439367926 0.006875889352666107
0 0.44688618921872075 0.5731249148699706 0.007583778321037897 0.00943759079951377
0 0.44916132271503223 0.5654849604132213 0.005392909028293644 0.010336408970896186
0 0.4618852174536625 0.5598673468420821 0.0069096646925012805 0.008538772628131639
0 0.45396438231835634 0.5591932332135454 0.005898494249696213 0.006291727199676061
0 0.4592730271430828 0.5887418805977377 0.006404079471098711 0.008763477170977084
0 0.4537958539112221 0.543800972028624 0.006909664692501138 0.010561113513741631
0 0.5169940065865383 0.48796189313150024 0.00724672150676966 0.010785818056587288
0 0.5290437876966319 0.4972871316595914 0.008426420356708987 0.010111704428050601
0 0.5304762791572724 0.4818948704746699 0.005898494249696071 0.014381090742116385
0 0.36766781042543345 0.4281565543486094 0.006056405367180986 0.008374288902768683
0 0.24037114205968677 0.4549243706628163 0.006729339296867671 0.00807520715624122
0 0.23453904800240147 0.4547748297895526 0.005383471437494158 0.0071779619166588305
0 0.2479977265961368 0.4529803393103879 0.0053834714374941224 0.006579798423603975
0 0.23588491586177504 0.41783823409341236 0.005832094057285353 0.006878880170131438
0 0.25921329209091626 0.4335400257861035 0.006729339296867671 0.01016877938193339
0 0.26796143317684423 0.4235207872774339 0.008075207156241184 0.00807520715624122
0 0.7410994220171873 0.49163337182056893 0.005064715466090917 0.006752953954787913
0 0.7178017308731688 0.506658694369972 0.005064715466090917 0.008441192443484838
0 0.7198909260029314 0.501593978903881 0.005444569126047866 0.008441192443484909
