0 0.4759208679199219 0.9220279269748264 0.010043758816189236 0.01438655146846065
0 0.6697794384426541 0.8872714289912471 0.010651185777452256 0.015224145959924768
0 0.28487859302096896 0.6459395514594185 0.00972037845187717 0.012375612612123842
0 0.47804499732123473 0.8128003438313803 0.010103564792209202 0.013043834544994214
0 0.626446384853787 0.7796973334418402 0.01037186516655816 0.013627002857349538
0 0.2657881736755371 0.696138819941768 0.011278851826985676 0.013856280291521993
0 0.36010776095920144 0.5158704121907554 0.01048583984375 0.014611420808015045
0 0.5639699088202582 0.29949735005696615 0.01053293016221788 0.01367715906213831
0 0.6171577877468533 0.3079312501130281 0.010243733723958336 0.013675915753399886
0 0.5138030158148872 0.638084242078993 0.00960574679904514 0.013560994466145832
0 0.4890261544121636 0.8963020042136864 0.00990647210015191 0.013307924623842593
0 0.4240449905395508 0.341135816220884 0.01042925516764323 0.014175443296079282
0 0.5963883929782443 0.3565483940972222 0.008522330390082464 0.01143844039351852
0 0.38096531762017144 0.39303831877531836 0.011160829332139757 0.014579320836950231
0 0.37772396935356994 0.6316719055175782 0.00947464836968316 0.012374595359519675
0 0.6151046541002061 0.8132078947844329 0.009753460354275174 0.01212485984519676
0 0.25402764214409723 0.6441086097999856 0.008791139390733506 0.011452173303674769
0 0.5491926193237304 0.5358526724356192 0.00972607930501302 0.012676097728587963
0 0.5008103264702691 0.6022819519042969 0.010473717583550347 0.014180105703848377
0 0.2900627454121908 0.36450727957266355 0.010516548156738281 0.013875071207682292
0 0.5706753624810113 0.5479528921621817 0.009082116021050347 0.012358488859953705
0 0.3043127271864149 0.6564048201949508 0.009274673461914063 0.012959063494646992
0 0.2883525636461046 0.7235593159993489 0.009936947292751736 0.012495987503616898
0 0.4784218046400282 0.3090461872242115 0.00955187479654948 0.013310100414134838
0 0.4124546898735894 0.6708820484302662 0.00893588595920139 0.012329666702835649
0 0.3796098709106445 0.9025434988516348 0.011245769924587675 0.014260581687644675
0 0.5521751615736219 0.5621885794180411 0.010907279120551217 0.013973377369068287
0 0.7004784266153972 0.39883948432074656 0.009687762790256077 0.012225680881076388
0 0.3155384593539768 0.63245445534035 0.010120964050292969 0.012448176631221063
0 0.5480955123901368 0.39686173333062064 0.00938275655110677 0.01237722326208044
0 0.5918936411539713 0.2326308285748517 0.010539160834418405 0.01410111321343316
0 0.39697831854445553 0.6479480575396366 0.01039988800424986 0.012507054854784342
0 0.41573890082663206 0.50180584048645 0.01121556549477944 0.010060022383196098
0 0.3253006590641833 0.3848920668439008 0.008564613650558854 0.01006002238319617
0 0.7693350929711329 0.46224548219577355 0.009584210513720706 0.010331914880039293
0 0.6113995388673752 0.6414226376154013 0.008564613650558854 0.009244344892666732
0 0.5831567057577942 0.7402555602178819 0.008768533023191125 0.012778947351627466
0 0.6235327415390002 0.9216078556122548 0.007137178042132319 0.008972452395823609
0 0.6171092813010811 0.9205202856248823 0.0053019036884412426 0.006253527427392242
0 0.49448263280992905 0.4846784008275823 0.007011073062563966 0.009906192784916215
0 0.4941687041653367 0.47707435143634386 0.007638930351748812 0.008650478206546524
0 0.5191260314104337 0.4966076893220941 0.005232144076540237 0.007813335154299992
0 0.5811001808040339 0.8927413519105818 0.0043598222617164594 0.006956656286454716
0 0.5832443556868453 0.8895012654210003 0.004931602230466154 0.006194282994788409
0 0.5935721313723868 0.9017945347491189 0.0050030747265599725 0.006956656286454858
