0 0.6145633061726888 0.19465235957392937 0.009149890475802952 0.01231488828305845
0 0.33160320917765296 0.4273499665436921 0.010627598232693143 0.014703425654658564
0 0.3483972019619411 0.5526559052643953 0.010845120747884114 0.015382159197771993
0 0.23453245162963868 0.5527909455475984 0.009739791022406684 0.013531720196759259
0 0.30190289815266924 0.3955887405960648 0.010111787584092882 0.013509114583333336
0 0.526366318596734 0.6335131609881366 0.009911219278971354 0.014503987630208333
0 0.5502859115600587 0.5952967608416522 0.009850184122721354 0.014304097493489583
0 0.6009102927313911 0.7450980292426216 0.009989971584743924 0.013875099464699074
0 0.7009483337402344 0.506992820457176 0.008403608534071181 0.011824996383101851
0 0.6741829342312283 0.22502130579065396 0.010838233100043403 0.014191888879846643
0 0.5717059665256076 0.6553081653736256 0.009316762288411459 0.012099258987991898
0 0.4221378538343641 0.7915433247884114 0.009384875827365451 0.012221894440827547
0 0.26048989825778535 0.7402696962709779 0.009318521287706162 0.012092307761863425
0 0.6768644544813368 0.3770796457926433 0.009993404812282987 0.014114464653862848
0 0.43916312323676215 0.6921855502658419 0.008393181694878472 0.011300376609519675
0 0.5587401707967122 0.7982036166720919 0.009721586439344619 0.012684744375723377
0 0.3853306664360894 0.8868065162941262 0.009354909261067709 0.011424311885127315
0 0.5718031777275934 0.6692661991825811 0.00883471171061198 0.011116536458333333
0 0.47200653405188503 0.23696555048357748 0.008008914523654515 0.01092906528049045
0 0.5410651948716905 0.2770618297435619 0.009357833862304687 0.012748040093315972
0 0.35662744310167105 0.8294715033637152 0.008924187554253473 0.010834531430844906
0 0.2690612860839225 0.3723825916426651 0.008522330390082464 0.011557911060474537
0 0.30282951990763346 0.7082075613516349 0.010601192050509982 0.014023561830873842
0 0.7348367479112414 0.5321110478153934 0.006768968370225694 0.00849292896412037
0 0.30423767028138954 0.6973694243817488 0.00856461365055889 0.010603807376882345
0 0.47122885236894463 0.24502080895488576 0.005232144076540237 0.008790002048587589
0 0.6193083587454088 0.1781904510211007 0.009129470312750456 0.01315959684720788
0 0.5839094580726207 0.3656024553868176 0.007343837425831907 0.007765897048006138
0 0.5845425475058821 0.37429688360360713 0.006077658559309213 0.007259425501397061
0 0.5880878483321458 0.3768292413366525 0.004811479692786378 0.006246482408178835
0 0.7071086617852831 0.3891533823041405 0.005824422786004675 0.007597073199136375
0 0.7019173284325398 0.3889845584552708 0.006077658559309072 0.011311197874269752
0 0.6976756292296886 0.38670543649552996 0.005444569126047725 0.006752953954787913
0 0.6983720276062761 0.39151691618831636 0.003798536599568081 0.007597073199136375
0 0.6855836210543964 0.3883936749842269 0.005571187012699994 0.0074282493502666825
0 0.7267947106613264 0.5259907336471983 0.009083681144532108 0.011370049867985869
0 0.6853552210133087 0.539646495769448 0.004946754399637996 0.006976192102053744
0 0.6821208046750837 0.5424369726102696 0.004185715261232161 0.006468832676449736
0 0.6901592805744957 0.5378707377798344 0.004851624507337249 0.006976192102053674
0 0.6706576526528457 0.5451640295228904 0.00580292343034472 0.006595672532850685
0 0.6542953111771197 0.5309579656059812 0.005232144076540237 0.006595672532850614
0 0.6629045664303359 0.5320361043853894 0.004946754399638138 0.006468832676449736
0 0.6680415806145755 0.5384415171336389 0.004946754399637996 0.005327273968840913
0 0.6723699907142587 0.532860563451996 0.004661364722735754 0.0050735942560390865
0 0.6710857371681991 0.5288016880471647 0.0074201315994569935 0.006088313107246748
0 0.6590042408460061 0.5227767948681185 0.004185715261232304 0.006722512389251705
0 0.6626191767534337 0.5072389124589989 0.005137014184239632 0.005580953681642953
0 0.6649498591148019 0.5000724605723438 0.005041884291938743 0.006976192102053744
0 0.6700393083528908 0.496077005095713 0.005707793538043972 0.006849352245652653
0 0.6675183662069213 0.5119954070740355 0.004471104938134403 0.005454113825242075
0 0.6728932051219129 0.5126296063560403 0.00399545547663081 0.007229871814855642
0 0.6755092771601829 0.5158006027660647 0.0058029234303445774 0.0062151529636478384
0 0.5454212319066667 0.7829725931383238 0.0071779619166588305 0.009271534142351072
0 0.4807329775186085 0.8622311213872166 0.006128305713969979 0.00835678051904992
0 0.48428460923920474 0.8565670812576383 0.005989026038652554 0.007428249350266754
0 0.4195744063417813 0.572812641759663 0.010509254042180132 0.011822910797452693
0 0.5067316260700633 0.5663587010415466 0.00480814973721337 0.006584132973481403
0 0.5095580384155874 0.5692609175495944 0.0033137248188904065 0.005804433016095558
0 0.5118321632912965 0.5722064507219414 0.003833524790480993 0.006497499644883078
0 0.5195317003704829 0.5657522677413576 0.003638599801134461 0.004504933087118985
0 0.521026125288806 0.5614206013114357 0.004678199744315777 0.005891066344693953
0 0.5245022875988183 0.5658389010699559 0.004483274754969244 0.005717799687496949
0 0.5248596500792868 0.5612473346542387 0.0046781997443157055 0.00571779968749702
0 0.5188169754095457 0.5518476185013079 0.005457899701701763 0.006670766302079869
0 0.5267114374780786 0.5541867183734659 0.004483274754969386 0.006324232987686145
0 0.4850299772561544 0.5378996525969592 0.005587849694599356 0.0063242329876860735
0 0.4823335149035279 0.5339578361457302 0.0055228746981504885 0.00571779968749702
0 0.5363432213356267 0.4984233924082025 0.007442590502320528 0.007954514716765787
0 0.5437858118379472 0.49669072583623375 0.004607317930007895 0.006379363287703299
0 0.5482159252321855 0.49251657454921804 0.005906817858984539 0.00921463586001579
0 0.5538274021982208 0.48889372626237415 0.005316136073086071 0.007166939002234613
0 0.5519962886619357 0.5005104680517104 0.004489181572828187 0.006930666287875198
0 0.547270834374748 0.5032276042668432 0.004252908858468843 0.006536878430609576
0 0.5517895500368712 0.5096069675545465 0.0037212952511601572 0.005119242144453366
0 0.5602658336645141 0.50956758876882 0.005079863358726797 0.005197999715906363
0 0.5569875497527775 0.5051177859817183 0.004311977037058625 0.0060643330018908155
0 0.5572533565564319 0.5010223922661557 0.005079863358726655 0.005276757287359573
