0 0.7345797061920166 0.443710978825887 0.00933389663696289 0.012643527984619141
0 0.2941110968589783 0.6146469116210938 0.009811186790466308 0.013210423787434896
0 0.2770791292190552 0.4178468704223633 0.010101318359375 0.013433583577473958
0 0.36420178413391113 0.6884252230326335 0.010008478164672851 0.012504132588704427
0 0.6239635229110718 0.25467064380645754 0.008990812301635741 0.012333154678344727
0 0.6797057151794433 0.7075064341227213 0.010559654235839844 0.013564173380533855
0 0.46822314262390136 0.6992006619771323 0.009527873992919923 0.012809689839680989
0 0.7552635669708252 0.4899759928385417 0.009789371490478515 0.012298393249511718
0 0.4799314260482788 0.4991944313049317 0.009902238845825195 0.013561503092447918
0 0.33562602996826174 0.4422177314758301 0.009185361862182616 0.01145172119140625
0 0.6518811702728271 0.40291123390197753 0.00906229019165039 0.011656411488850911
0 0.631437087059021 0.47769071261088053 0.00892777442932129 0.011146640777587891
0 0.4876068115234375 0.37400666872660326 0.009532451629638672 0.013055769602457683
0 0.4394326448440552 0.5143874645233154 0.009530878067016602 0.012810420989990235
0 0.7282528400421142 0.47351252237955727 0.008460140228271485 0.011812400817871094
0 0.5966118574142456 0.49756992657979326 0.008010339736938477 0.011223888397216797
0 0.3948004603385925 0.3458662192026774 0.009392046928405761 0.013504123687744141
0 0.6225227594375611 0.5281402269999185 0.008945322036743164 0.011039670308430989
0 0.5957059383392334 0.474194081624349 0.00896453857421875 0.01226634979248047
0 0.6767220497131348 0.35227084159851074 0.011034965515136719 0.014187463124593099
0 0.5091840210103384 0.6997838630358838 0.008383560180664062 0.009592119852701824
0 0.25895515634366684 0.49532171612610315 0.009380291141088293 0.01223516235794115
0 0.3048370151859464 0.4019266434604853 0.008564613650558819 0.011419484867411782
0 0.3830400945904539 0.3111145495148773 0.010399888004250003 0.013594624842156905
0 0.5537206094837337 0.3759609100119657 0.007137178042132462 0.009516237389509853
0 0.5840026363196382 0.4054612459194462 0.008972452395823538 0.011419484867411782
0 0.546917351963279 0.5267302536646706 0.009031390192498634 0.009633482871998424
0 0.6587259625464118 0.543588848690668 0.010837668230998361 0.014450224307997814
0 0.6749824648929093 0.3771704320768934 0.008670134584798745 0.013005201877197977
0 0.5306608496167814 0.37500289843069384 0.008308878977098786 0.01156017944639828
0 0.5449747623384071 0.37378575699812766 0.005739241436325102 0.006813711294267222
0 0.549456087843483 0.37451954129135645 0.005110283470700452 0.009748848467182398
0 0.6836716716227559 0.2619915960944967 0.009139766874808686 0.014305722064917816
0 0.6596301109303246 0.15363899749169327 0.008742385706338639 0.011656514275118202
0 0.6186226691468566 0.4999028560041123 0.008345004537868732 0.01059683115919846
0 0.6162420029017381 0.4954644738628855 0.00665909246105123 0.006572610740777734
0 0.6953179867920315 0.41116953560305836 0.005951040672656802 0.01114237402540013
0 0.5045372796159642 0.34328776026587604 0.008089363542440324 0.009212886256668327
0 0.5703873303500395 0.6975031659969306 0.00939264580019845 0.011078505302798334
0 0.47176454944795476 0.6661943466629353 0.009392645800198664 0.011078505302798334
0 0.31190894304072914 0.6852204753351324 0.008308878977098678 0.010596831159198388
0 0.3294298400141764 0.5265088450189568 0.008670134584798674 0.013005201877198048
0 0.2562755794549376 0.5293988898805564 0.007586367761698831 0.011078505302798334
0 0.22502696938889244 0.4015144047547759 0.008670134584798674 0.009633482871998495
