0 0.4275195651584201 0.395425937793873 0.010019090440538194 0.013674898500795719
0 0.52128660413954 0.7120182461208767 0.011074150933159723 0.015535312228732638
0 0.34072941674126517 0.5539878280074508 0.010778850979275174 0.014362872088396992
0 0.48926003774007154 0.5778853522406684 0.010076522827148438 0.014086292408130786
0 0.5026850382486979 0.30224801522714123 0.011347198486328125 0.01503668891059028
0 0.5081654018825955 0.43578478495279954 0.010303497314453125 0.014166570592809607
0 0.4516587999131944 0.7010186089409721 0.009140184190538194 0.012720969871238426
0 0.4123539394802518 0.577697358308015 0.009953392876519097 0.013867978696469907
0 0.33199521170722107 0.3930093977186415 0.009691725836859809 0.013098455358434607
0 0.6235440360175238 0.3601305502432364 0.009971321953667536 0.01397470544885706
0 0.6467535018920898 0.5198502434624567 0.010249964396158854 0.01376495361328125
0 0.5405145221286349 0.467983556676794 0.009356053670247395 0.012266484013310186
0 0.6428878572252061 0.24691554881908273 0.006919987996419272 0.009269036187065972
0 0.37704077826605903 0.27319645351833766 0.009815894232855903 0.0137507403338397
0 0.45251057942708334 0.3901819158483435 0.009759691026475694 0.0136174237286603
0 0.653230857849121 0.6039930838125724 0.00978228251139323 0.013184554488570602
0 0.35515027576022684 0.5134824399594908 0.010205735100640191 0.013590268735532407
0 0.6358996921115452 0.23278544390643086 0.008215162489149306 0.011073557535807292
0 0.255169857872857 0.453174153080693 0.009376462300618489 0.012943211308232061
0 0.5039515177408854 0.554304024025246 0.00838411119249132 0.011309757939091437
0 0.6477959738837348 0.5594178941514757 0.010660510592990452 0.014841489438657407
0 0.4268291473388672 0.35539974636501737 0.00979461669921875 0.013409084743923612
0 0.6421526167127821 0.7476737128363716 0.009154171413845487 0.013112838179976851
0 0.29107353422376847 0.6822895756474249 0.01024083031548394 0.013829775209780093
0 0.734624735514323 0.4451267383716725 0.008423699273003472 0.011010233561197917
0 0.42804927825927735 0.7138729236744068 0.010164769490559895 0.013312728316695601
0 0.38149664137098527 0.7557960227683738 0.009823693169487847 0.012515597873263888
0 0.6136015150282118 0.7299141212745949 0.0090789794921875 0.011494389286747685
0 0.654420895046658 0.8031979313603154 0.008780331081814237 0.012095868145978008
0 0.5867828369140624 0.6326710171169705 0.009713490804036459 0.01180877685546875
0 0.3895007875230577 0.453052732679579 0.009747272067599826 0.013321685791015624
0 0.328338114420573 0.5719524242259838 0.009438196818033854 0.01206032081886574
0 0.6146221584743924 0.2976140057599103 0.0075367397732204865 0.010209147135416667
0 0.7057061725192599 0.399631909970884 0.009744559393988715 0.012547160961009838
0 0.6228800455729167 0.8264285899974682 0.010528564453125 0.01385345458984375
0 0.5215179231431748 0.841051596182364 0.008819876776801214 0.011556950321903936
0 0.6627583397759332 0.23100576047544127 0.00869937472873264 0.011404249403211806
0 0.5605220370822482 0.7415185151276766 0.008437262641059028 0.011759270562065972
0 0.41161986456976996 0.7594046698676216 0.010464562310112845 0.014464314778645833
0 0.7639759063720704 0.4183356956199363 0.008951229519314235 0.012398444281684028
0 0.6183258692423503 0.583028722692419 0.007910961574978299 0.010479397243923612
0 0.4838228437635633 0.40474227622703274 0.008834584554036459 0.010132316306785301
0 0.6495044355032634 0.2631113966185778 0.008380762736002604 0.010865585892288775
0 0.611350695292155 0.26334388167769823 0.010489273071289062 0.013254660147207754
0 0.38941086663140195 0.6429931075484664 0.01010004679361979 0.013487639250578705
0 0.5442984686957465 0.8384457623517072 0.009061686197916667 0.011691623263888888
0 0.671523306104872 0.785351845070168 0.00904282463921441 0.012617888274016205
0 0.33176427417331267 0.28753934789586955 0.008614285786946615 0.011626829924406829
0 0.4868051528930664 0.39357826798050494 0.009062152438693577 0.011301309091073495
0 0.693564075893826 0.282932366265191 0.009882312350802952 0.012981556080005787
0 0.5974721272786458 0.6217707033510562 0.008856031629774306 0.01201007984302662
0 0.49231344858805337 0.7825460363317418 0.009664196438259548 0.01309882269965278
0 0.5700202306111654 0.7457317776150174 0.009159469604492187 0.013395069263599537
0 0.3843231201171875 0.2128174322622794 0.008468204074435763 0.011203440913447627
0 0.2680927665707201 0.46758918404001626 0.0074639588367757526 0.010350022920328996
0 0.37684430648606676 0.306478933182671 0.006906430181033088 0.010603811995121504
0 0.3793034142020407 0.2989446457124531 0.007848216114810356 0.009766668942875114
0 0.7227179734589175 0.4422875110911576 0.00888272787186537 0.009211717793045509
0 0.6005804652207694 0.5521701447653433 0.005428333699473171 0.007237778265964394
0 0.6079827384473238 0.5513476699623928 0.004441363935932614 0.007566768187144532
0 0.6045283442749317 0.5518411548441632 0.003454394172392128 0.007895758108324743
0 0.6074892535655535 0.5579274683859967 0.0034543941723919856 0.005592828660063418
0 0.6119306175014861 0.568290650903173 0.004441363935932614 0.007237778265964323
0 0.6151382692329931 0.568290650903173 0.004441363935932614 0.007895758108324743
0 0.6791679326426889 0.6533345455282539 0.005181591258588014 0.00888272787186537
0 0.6887908878372095 0.6617237885183489 0.0056750761403583285 0.006579798423603904
0 0.6848430087830474 0.665178182690741 0.004688106376817842 0.006908788344783971
0 0.6902713424825205 0.6696195466266737 0.006168561022128642 0.011843637162487255
0 0.7596059683712469 0.6605723237942184 0.006662045903898957 0.012172627083667321
0 0.7720664616359468 0.6888654570157152 0.004934848817702999 0.007566768187144532
0 0.651039294381782 0.772428896995485 0.0061685610221285 0.008224748029504951
0 0.54740746921002 0.8253962743054967 0.00814250054920997 0.010856667398946484
0 0.4451327274631264 0.7964451612416394 0.006415303463013871 0.009540707714225646
0 0.4166339755408917 0.820625920448384 0.0056750761403584 0.011843637162487113
0 0.41651060432044923 0.8536894075269937 0.005428333699473313 0.007566768187144532
0 0.3472993496521653 0.6786667694591288 0.006168561022128713 0.008224748029504951
0 0.3416242735118068 0.687220507409814 0.0056750761403584 0.006250808502423695
0 0.4633916680886273 0.590168480661656 0.007402273226554428 0.012172627083667321
0 0.3835704884622821 0.6309632308880004 0.006168561022128713 0.007566768187144532
0 0.5717115996372071 0.8964580972804194 0.006908788344784256 0.009540707714225789
0 0.5253456124431858 0.6313846435518622 0.005710466688017561 0.007613955584023344
0 0.5302900409169571 0.6234921286172039 0.0052926276620652146 0.007056836882753501
0 0.5295936425403697 0.6160638792669371 0.00612830571397005 0.006314011947726783
0 0.5154567554956433 0.6225635974484205 0.005431907337382569 0.008542486752806795
0 0.5221421799108833 0.6047357990077803 0.0054319073373824975 0.006314011947726854
0 0.5201226246187796 0.6100284266698454 0.004735508960794946 0.007613955584023344
