0 0.39342554807662966 0.18751362959543866 0.008218693733215331 0.010510396957397462
0 0.26635963916778566 0.31685535113016766 0.009454631805419922 0.012643782297770183
0 0.5893209218978882 0.36022319793701174 0.010236215591430665 0.014674758911132813
0 0.5760825634002685 0.6889644622802734 0.009466552734375 0.013538487752278646
0 0.327760124206543 0.6030016263326009 0.008294153213500976 0.011588350931803387
0 0.5972362756729126 0.6202057202657063 0.008919763565063476 0.011645062764485676
0 0.47678170204162595 0.5522045453389486 0.008391094207763673 0.01126270294189453
0 0.7097595930099487 0.28862705230712893 0.01067490577697754 0.013582102457682292
0 0.6787549972534179 0.5090760389963785 0.00966796875 0.013156286875406901
0 0.6001342296600342 0.32057598431905115 0.008842182159423829 0.011325995127360024
0 0.5952356815338135 0.44218956629435224 0.007916927337646484 0.010583750406901042
0 0.7088836193084717 0.5932443300882975 0.00908365249633789 0.012289619445800782
0 0.3715551495552063 0.6445216496785481 0.009227108955383301 0.013351058959960938
0 0.3972557783126831 0.6511599540710449 0.008733224868774415 0.010031572977701823
0 0.4113348960876465 0.3372246742248535 0.008248996734619141 0.010824521382649742
0 0.3866988182067871 0.3835629940032959 0.008989763259887696 0.012356408437093099
0 0.6503670930862426 0.6172234853108725 0.009696149826049804 0.011492029825846356
0 0.7550900459289551 0.3712373415629069 0.008792591094970704 0.011867459615071614
0 0.4739314079284668 0.3384204864501953 0.008953094482421875 0.012012736002604168
0 0.42711265087127687 0.14626776377360026 0.008732271194458009 0.01116024653116862
0 0.42342946529388426 0.5941769282023112 0.00844120979309082 0.01180267333984375
0 0.4024428606033325 0.15846494833628338 0.008199071884155274 0.010103623072306313
0 0.3771935820579529 0.5148413181304932 0.008912396430969239 0.012123775482177735
0 0.3581881284713745 0.22030643622080487 0.007480049133300781 0.010339721043904621
0 0.3320074319839478 0.5670020739237467 0.009406328201293945 0.011705716451009117
0 0.40996012687683103 0.5025226751963298 0.00739755630493164 0.010089461008707683
0 0.6371370792388916 0.3572561899820964 0.008312797546386719 0.010860697428385418
0 0.4109974384307861 0.7253465970357259 0.006707382202148437 0.009493827819824219
0 0.6064551830291748 0.5173733075459798 0.009498310089111329 0.012458992004394532
0 0.5417892456054687 0.2563257535298666 0.008150577545166016 0.010421466827392579
0 0.5412074089050293 0.49222428003946944 0.008239173889160156 0.011348025004069012
0 0.4135667085647583 0.5910909334818523 0.008185625076293945 0.011298942565917968
0 0.41216721534729006 0.12135779857635498 0.007973194122314453 0.01047345797220866
0 0.5404685497283935 0.7778876940409342 0.008184337615966797 0.0111935297648112
0 0.29919369220733644 0.20788960456848143 0.009474039077758789 0.011815293629964191
0 0.446485710144043 0.35617219607035316 0.007834815979003906 0.010123093922932945
0 0.5145902395248413 0.6308526992797852 0.008236360549926759 0.011016082763671876
0 0.46721203327178956 0.4661163330078125 0.008550882339477539 0.010431543986002606
0 0.4131223201751709 0.2614233891169231 0.00774679183959961 0.010141642888387044
0 0.3827219009399414 0.2914172490437826 0.008220815658569336 0.011874643961588542
0 0.6131407976150514 0.3578821341196696 0.007994508743286133 0.010358587900797528
0 0.6460132360458374 0.5227944533030192 0.00770115852355957 0.011334832509358723
0 0.47921392917633054 0.76953550974528 0.008241033554077149 0.01272443135579427
0 0.307441246509552 0.3708087603251139 0.00824439525604248 0.010579427083333336
0 0.40244991779327394 0.7463378270467124 0.008298254013061524 0.01208508809407552
0 0.429468560218811 0.738139279683431 0.00673518180847168 0.008284378051757812
0 0.4822626352310181 0.2207714557647705 0.010010480880737305 0.015279229482014973
0 0.30535135269165037 0.3387005805969239 0.007906866073608399 0.010432497660319012
0 0.4207568407058716 0.3981829961140951 0.008577489852905273 0.0110382080078125
0 0.427789568901062 0.42712175051371254 0.009308767318725587 0.012097771962483723
0 0.33725314140319823 0.5872245152791341 0.008408880233764649 0.012266031901041667
0 0.3743870258331299 0.34923717180887864 0.008014249801635741 0.011113516489664714
0 0.5530517578125 0.6157656987508138 0.007073497772216797 0.010776138305664063
0 0.7095327615737915 0.45768836339314783 0.008630132675170899 0.011910247802734374
0 0.3921563148498535 0.3110957145690918 0.008010435104370116 0.010619163513183594
0 0.58863525390625 0.4229491392771403 0.008407020568847656 0.011241563161214193
0 0.5025748740810694 0.2045772698744826 0.007453060150146485 0.010062599182128906
0 0.3931451678276062 0.49806938171386717 0.007604384422302246 0.010554758707682292
0 0.6131837158828628 0.12119548175724627 0.008346986770629884 0.010803413391113282
0 0.5713729619979859 0.652890396118164 0.00714716911315918 0.009553146362304688
0 0.7176742315292358 0.253144629796346 0.009647798538208009 0.013422934214274089
0 0.5381845474243164 0.4007932821909586 0.010237503051757812 0.01292746861775716
0 0.38026697794295566 0.30754368864240855 0.00947873592376709 0.012549336751302083
0 0.31892321109771726 0.6151458422342935 0.007451868057250977 0.009448941548665364
0 0.2980558633804322 0.23390291531880703 0.008058261871337891 0.009534581502278646
0 0.4180828014027211 0.45541523107254994 0.00692296028137207 0.010458215077718097
0 0.46350321769714353 0.5162935415903728 0.009495925903320313 0.013300291697184245
0 0.3401186943054199 0.6443274180094402 0.006290292739868164 0.00813446044921875
0 0.6137895822525025 0.3093932787577311 0.008520078659057618 0.010155677795410156
0 0.4611161231994629 0.7055377960205078 0.007730674743652344 0.00930646260579427
0 0.5455261468887329 0.7352417945861817 0.008093118667602539 0.011251004536946614
0 0.28962582606887716 0.3103366351184767 0.008413917234183579 0.010132889572350088
0 0.441619169654128 0.2935088006501097 0.01221375082381492 0.0075996671792625745
0 0.40280658370289435 0.3848857512579093 0.009499583974078263 0.006514000439367891
0 0.4036208337578153 0.391037862783979 0.008413917234183544 0.007237778265964323
0 0.34825183002318816 0.426141087373906 0.008413917234183544 0.011580445225542918
0 0.2825689922595619 0.22601651831999228 0.008956750604130868 0.012304223052139384
0 0.29600411816575817 0.19543690514629297 0.009771000659051836 0.010494778485648268
0 0.37851479039775154 0.1800566263311188 0.007599667179262539 0.010132889572350052
0 0.4154274595541696 0.21443607309444934 0.009228167289104548 0.011580445225542918
0 0.44216200302407543 0.22782596288648338 0.007871083864236255 0.013028000878735782
0 0.47568196361832266 0.26093879845327017 0.006514000439367891 0.008323445005859043
0 0.4758176719608095 0.26781468780593626 0.01058525071397284 0.008323445005858972
0 0.4790746721804935 0.24537757518144687 0.007871083864236184 0.008323445005858972
0 0.4441976281613778 0.142058290434806 0.009228167289104477 0.010132889572350017
0 0.4428405447365095 0.128668400642772 0.008685333919157188 0.010856667398946467
0 0.47798900544059886 0.12342101139994789 0.005156917014499527 0.009047222832455421
0 0.47337492179604657 0.12414478922654432 0.0067854171243415355 0.009047222832455421
0 0.4873528810721902 0.10785978812812455 0.008685333919157188 0.009047222832455404
0 0.4893885062094927 0.07004239668846092 0.005156917014499591 0.009409111745753634
0 0.5545285106031715 0.10351712116854596 0.006785417124341606 0.012666111965437583
0 0.5615853444124869 0.09266045376959947 0.007871083864236184 0.010494778485648287
0 0.6219755568191266 0.11401189965419423 0.008142500549209685 0.010494778485648268
0 0.5253512169685028 0.15219118000715606 0.010313834028999196 0.013751778705332268
0 0.537293551107344 0.2893470781471802 0.008685333919157117 0.011580445225542989
0 0.6207541817367452 0.265643354326147 0.007871083864236184 0.011942334138841168
0 0.7408560648375908 0.24212057496176292 0.008685333919157188 0.014113667618630466
0 0.5564284273979873 0.46413942327021873 0.0062425837543943884 0.007961556092560756
0 0.5868270961150376 0.4619680897904294 0.007871083864236255 0.010132889572350123
0 0.6301180573683367 0.5345268169067218 0.012485167508788635 0.009771000659051836
0 0.5822130124704852 0.5526212625716327 0.006242583754394246 0.01411366761863043
0 0.5894055546222873 0.5622113187740354 0.00597116706942046 0.01013288957234998
0 0.5609068027000528 0.6141423778323295 0.007056833809315179 0.0083234450058589
0 0.6637737263050707 0.5853722092251212 0.009228167289104477 0.011580445225542918
0 0.7108645211480012 0.5529831514849309 0.006242583754394246 0.010494778485648339
0 0.7363776895355255 0.6477980467690636 0.0067854171243415355 0.009771000659051765
0 0.6560383507833214 0.650150324705502 0.01004241734402541 0.010856667398946484
0 0.5792274289357748 0.666616270260571 0.006242583754394246 0.011942334138841205
0 0.5699992616466703 0.6729493262432896 0.007871083864236184 0.00940911174575362
0 0.6777516855812143 0.680006160052605 0.008956750604130974 0.010494778485648339
0 0.6439603083019932 0.7158331624691283 0.008142500549209756 0.012666111965437637
0 0.5239941335436346 0.6619117143876941 0.009771000659051765 0.012666111965437495
0 0.5307795506679761 0.6682447703704129 0.005428333699473242 0.009409111745753762
0 0.46835371312403384 0.6657115479773255 0.009228167289104477 0.010856667398946626
0 0.480296047262875 0.7122142733361463 0.009771000659051836 0.011942334138841347
0 0.5188372165291351 0.6892343273417094 0.006514000439367891 0.011580445225542918
0 0.4908812979768477 0.8019627238341038 0.0070568338093152504 0.011218556312244771
0 0.400635250223105 0.7116714399661989 0.008956750604130903 0.008685333919157188
0 0.4072849590049597 0.6331415457804859 0.008685333919157259 0.011580445225542775
0 0.5002451736084391 0.5511737069184397 0.0067854171243415355 0.009771000659051765
0 0.534172259230147 0.5517165402883871 0.00841391723418333 0.006514000439367891
0 0.5362078843674495 0.5464691510455629 0.007599667179262539 0.009771000659051907
0 0.4108133759096175 0.526565260814161 0.006514000439367891 0.010494778485648268
0 0.2846046173968643 0.6034666548900322 0.008685333919157188 0.01230422305213942
0 0.2779549086150096 0.5719823194330873 0.008413917234183579 0.013751778705332143
0 0.3117462858942306 0.6698732704802549 0.0075996671792625745 0.011942334138841205
0 0.24687769818552524 0.5560592072479658 0.009228167289104512 0.010132889572350052
0 0.4129847093894066 0.4541874781545178 0.007056833809315179 0.009771000659051836
0 0.33915937107657046 0.4288552542236427 0.005971167069420531 0.009047222832455404
0 0.5162587580218853 0.36317241646001636 0.007328250494288824 0.011580445225542918
0 0.6154298803915523 0.736572918141396 0.009139766874808544 0.011656514275118183
