0 0.27227991819381714 0.6003211657206218 0.008732056617736817 0.011634890238444011
0 0.3731090784072876 0.7273993810017904 0.008312225341796875 0.011024729410807293
0 0.46552038192749023 0.331200631459554 0.008440589904785157 0.01068585713704427
0 0.47622683048248293 0.35438903172810876 0.009131574630737304 0.012262789408365886
0 0.6078177452087403 0.3960704962412517 0.008417224884033203 0.01120430628458659
0 0.7245023965835571 0.32963334719340004 0.010631418228149414 0.014404773712158203
0 0.4489104986190796 0.2861217816670736 0.008855676651000977 0.011999066670735676
0 0.35437992811203 0.1947535276412964 0.009397292137145996 0.01173090934753418
0 0.39274762868881224 0.5770047823588054 0.00845167636871338 0.010869789123535156
0 0.6807116508483887 0.4580224514007568 0.00881786346435547 0.011819171905517577
0 0.39419773817062376 0.1835576931635539 0.009606671333312989 0.01269516944885254
0 0.28141189813613887 0.6461004575093586 0.009259295463562012 0.012687238057454427
0 0.7630971193313598 0.38368112246195474 0.009306192398071289 0.011574649810791015
0 0.6348875999450684 0.6533376375834148 0.009427261352539063 0.012036705017089843
0 0.44174482822418215 0.7678971290588379 0.009355306625366211 0.014024289449055989
0 0.5955366134643555 0.5007455031077067 0.008546066284179688 0.012461884816487629
0 0.6347992420196533 0.4082998434702555 0.008918476104736329 0.011486848195393883
0 0.325234055519104 0.2307713588078817 0.008577489852905273 0.011098750432332357
0 0.42213869094848633 0.5223280270894368 0.009386157989501953 0.012363179524739582
0 0.4900205612182617 0.11920514504114788 0.010085678100585938 0.013119069735209148
0 0.36014132499694823 0.2900448481241862 0.00899038314819336 0.011609840393066406
0 0.6367830991744995 0.14945855140686037 0.009187650680541993 0.01335016886393229
0 0.6676220178604126 0.3408529758453369 0.009641599655151368 0.013189856211344402
0 0.3809913992881775 0.3398157755533854 0.009051299095153809 0.01251691182454427
0 0.5864989757537842 0.5190390904744466 0.007758331298828125 0.009899202982584636
0 0.37607196569442747 0.6423841794331868 0.009209036827087402 0.011209424336751301
0 0.4407255411148071 0.5392224311828613 0.00933852195739746 0.011850802103678386
0 0.7372097492218017 0.5631548881530761 0.009421443939208985 0.01272411346435547
0 0.33813129663467406 0.6326598167419433 0.008840346336364746 0.012183698018391927
0 0.7210035562515259 0.6507086753845215 0.01003870964050293 0.01379095713297526
0 0.7279571056365967 0.3812796910603841 0.008806896209716798 0.011973063151041664
0 0.6993224382400512 0.4528720060984293 0.008258676528930664 0.010572274525960289
0 0.4183349609375 0.33132726351420083 0.009333133697509766 0.011715157826741535
0 0.4952759027481079 0.5907623926798502 0.007652711868286133 0.010708872477213542
0 0.2873604375373874 0.5648790040245991 0.007319688796997065 0.01195336297739757
0 0.4954596757888794 0.36847262382507323 0.007785654067993164 0.009423923492431641
0 0.582048487663269 0.13834493557612101 0.008658647537231445 0.010999623934427898
0 0.29078528881073 0.519581921895345 0.009599590301513672 0.012379964192708336
0 0.5607617139816284 0.20263445377349854 0.009709882736206054 0.012451632817586262
0 0.41923041343688966 0.6362343152364095 0.008562946319580078 0.011500612894694012
0 0.42312447555621885 0.6561404999973536 0.008481311798095702 0.012600580851236977
0 0.4337796688079834 0.7437722841898601 0.008966827392578125 0.011155509948730468
0 0.2375 0.5281753857930501 0.007879114151000977 0.011169242858886718
0 0.642446780204773 0.4797014554341634 0.007441473007202148 0.009791247049967448
0 0.6926893949508667 0.4398165067036947 0.008403921127319336 0.01214771270751953
0 0.5633880853652954 0.7482461611429849 0.00871291160583496 0.01166884104410807
0 0.3953640818595886 0.47902866999308263 0.0079941987991333 0.010584131876627606
0 0.582294354012668 0.4393072830859924 0.009719419479370116 0.014045333862304688
0 0.47312586307525634 0.4204858779907227 0.00905156135559082 0.01128037770589193
0 0.48406556303054776 0.5870520150857851 0.009875965118408204 0.013800875345865887
0 0.5447691202163696 0.31826558113098147 0.009079408645629884 0.011786746978759765
0 0.7424419403076172 0.5345395882924397 0.00893402099609375 0.011874675750732422
0 0.41751000881195066 0.4375141143798828 0.008154344558715821 0.01095441182454427
0 0.45266563892364503 0.32514870961507164 0.009296178817749023 0.012601534525553383
0 0.66713445186615 0.6211984634399415 0.010051584243774414 0.012400436401367187
0 0.5202647924423218 0.7140668869018555 0.00904545783996582 0.012119166056315104
0 0.6316704988479614 0.36635532379150393 0.009091424942016601 0.011144256591796875
0 0.7466763973236084 0.4543553511301676 0.008878326416015625 0.009693177541097005
0 0.28952922524158387 0.39506200532342595 0.00828850269317627 0.010231431325276692
0 0.6194158554077149 0.5125649929046631 0.00876150131225586 0.011514949798583984
0 0.5129843235015868 0.43979606628417967 0.007743549346923828 0.0109469731648763
0 0.3597844362258911 0.6008916219075521 0.0081939697265625 0.010554631551106773
0 0.31190429925918584 0.6605754216512044 0.009873557090759277 0.01346588134765625
0 0.46248612403869627 0.09859782059987386 0.01005706787109375 0.012858963012695313
0 0.42397024631500246 0.251310133934021 0.008382177352905274 0.01314234733581543
0 0.5281281709671021 0.4089198112487793 0.009688901901245116 0.011982663472493488
0 0.3391121983528137 0.28456570307413737 0.009498667716979981 0.012779553731282554
0 0.3603616237640381 0.28974254926045734 0.010369968414306641 0.014695199330647786
0 0.436117959022522 0.10320192178090414 0.010214757919311524 0.014143530527750652
0 0.6165959358215333 0.2514048417409261 0.008475112915039062 0.012065315246582031
0 0.7481094697808248 0.48941287290304564 0.0098114013671875 0.012973817189534505
0 0.4199958324432373 0.6358551025390624 0.0106048583984375 0.013608296712239586
0 0.4557060956954956 0.6602409998575847 0.008326101303100585 0.0112030029296875
0 0.5637020826339723 0.23305402596791583 0.009134626388549805 0.011043405532836914
0 0.47365398406982423 0.27560631434122723 0.009735393524169921 0.011653963724772136
0 0.6516223430633545 0.19670867125193278 0.008909988403320312 0.011453517278035482
0 0.3132885813713074 0.6166313171386719 0.00998222827911377 0.01255175272623698
0 0.6789655923843384 0.23004764715830486 0.007871866226196289 0.01171860694885254
0 0.3913043260574341 0.4976287523905436 0.008009958267211913 0.010588836669921876
0 0.7604964733123779 0.5398193041483562 0.009636497497558594 0.012289492289225261
0 0.5904126167297363 0.26212767759958905 0.008036136627197266 0.010268926620483398
0 0.5317667728594376 0.36280590025344445 0.011464691162109375 0.016783714294433594
0 0.6945594549179077 0.4173574924468994 0.010477972030639649 0.012709331512451173
0 0.5735695362091063 0.7130360921223958 0.009551143646240235 0.01120745340983073
0 0.3347833347411667 0.2896622141353265 0.007620716094970703 0.010779047012329101
0 0.3307555913925171 0.3173635641733805 0.0097808837890625 0.012256336212158204
0 0.5121118068695069 0.5478331883748373 0.007893180847167969 0.01160303751627604
0 0.4876927137374878 0.644127368927002 0.007234716415405273 0.0100338617960612
0 0.3482485291452649 0.41228044647462114 0.008413917234183544 0.012666111965437566
0 0.4270950761301139 0.40088094570572713 0.006514000439367696 0.011580445225542907
0 0.44039449369382333 0.2602871028893703 0.008142500549209898 0.011218556312244736
0 0.39995340763274756 0.2707818813750185 0.0059711670694206735 0.0112185563122447
0 0.39669640741306367 0.26987715909177296 0.0048855003295259535 0.01230422305213935
0 0.40918157492185203 0.2718675481149132 0.007056833809315108 0.008323445005858935
0 0.4078244914969833 0.266258269958791 0.007599667179262468 0.007961556092560869
0 0.3335920281566871 0.20111826556511184 0.007871083864236255 0.009409111745753656
0 0.39058953200115626 0.14122565041425697 0.007328250494288895 0.009771000659051818
0 0.400360532660208 0.12729292725227567 0.007328250494288895 0.01013288957235007
0 0.40728165812703643 0.12566442714243367 0.006514000439367891 0.009047222832455404
0 0.5077058315672915 0.12964520518871406 0.011942334138841134 0.012666111965437583
0 0.5592750017122874 0.10232259223469871 0.009228167289104477 0.011580445225542918
0 0.5898093787718245 0.19297576501590197 0.009499583974078121 0.0112185563122447
0 0.5761028361806545 0.2637250475657033 0.008142500549209827 0.01230422305213935
0 0.6561707582478848 0.2622774919125105 0.009228167289104477 0.010856667398946484
0 0.7470953477140618 0.3786247775378871 0.008142500549209898 0.010494778485648268
0 0.5914378788816664 0.5431032886319265 0.007871083864236184 0.011580445225542918
0 0.5287406246527504 0.5546837338574694 0.009499583974078263 0.011580445225542918
0 0.5345760833796842 0.574044790718924 0.005971167069420602 0.0112185563122447
0 0.5780027529754702 0.584177680291274 0.009228167289104477 0.0083234450058589
0 0.5736600860158916 0.6238045162974288 0.0070568338093153216 0.013751778705332214
0 0.6013445878832051 0.6221760161875868 0.006514000439367891 0.015561223271823294
0 0.7078756367353677 0.6672311858932147 0.006785417124341677 0.012304223052139207
0 0.7101826785576438 0.6732023529626354 0.007056833809315179 0.0083234450058589
0 0.6541351331105824 0.6569173518642156 0.005699750384446958 0.006875889352666036
0 0.584516753414838 0.6963632434137214 0.008142500549209898 0.016285001098419797
0 0.5689102940288524 0.6715738528527935 0.007328250494288895 0.014475556531928646
0 0.6352716735049129 0.7206098006047017 0.0070568338093153216 0.013389889792033927
0 0.610165630144849 0.7012487437432472 0.008413917234183473 0.007237778265964323
0 0.6082657133500335 0.696001354500423 0.008956750604130903 0.008323445005859043
0 0.6305218815178738 0.756255858564576 0.01004241734402548 0.014475556531928788
0 0.6094870884324151 0.7526369694315939 0.007599667179262539 0.008685333919157188
0 0.5980875876635211 0.7801405268422582 0.009228167289104477 0.010856667398946484
0 0.389910990288722 0.6900301874310024 0.009228167289104548 0.011580445225542918
0 0.484771121687017 0.6637932412168817 0.01004241734402555 0.005428333699473171
0 0.48368545494712234 0.6585458519740576 0.007871083864236255 0.006514000439368033
0 0.29776502574016367 0.6210903494476923 0.006242583754394246 0.009047222832455404
0 0.2703519405578238 0.6337564614131297 0.007871083864236184 0.011942334138841205
0 0.33915607019864724 0.5624643454933811 0.008685333919157117 0.009771000659051907
0 0.44799416087308586 0.5861680693144142 0.004342666959578523 0.010132889572350052
0 0.44704420247567794 0.577301790938608 0.008956750604130832 0.010494778485648268
0 0.40361753287989205 0.4745253395619145 0.005699750384446887 0.009771000659051765
0 0.4482655775580595 0.5011241746893333 0.008142500549209827 0.011580445225542918
0 0.37131894736802623 0.4643924499895644 0.01058525071397284 0.0112185563122447
