0 0.6467554728190104 0.615911215322989 0.009977552625868056 0.013932009096498842
0 0.6308174557156033 0.782158519603588 0.010929531521267362 0.01507884837962963
0 0.8444682651095919 0.7352357652452255 0.01232181125217014 0.015815678349247686
0 0.6315827263726128 0.8255848354763455 0.0107269287109375 0.013904882360387732
0 0.3348394923739963 0.5675185592086227 0.011002286275227863 0.013865379050925926
0 0.6904501385158963 0.6140420984338831 0.010687637329101562 0.013930370189525462
0 0.7766233232286243 0.7384454797815393 0.010226186116536458 0.014664826569733795
0 0.5799198574490019 0.48918965657552077 0.010469902886284722 0.014052327473958333
0 0.6119856940375434 0.7978164955421729 0.009721544053819444 0.013365399395978007
0 0.6826053619384765 0.2995457543267144 0.009903971354166667 0.01329060307255498
0 0.37940228780110674 0.6591985914442274 0.010234578450520832 0.01314533374927662
0 0.5678297042846681 0.47318257932309754 0.010266325208875868 0.012522012216073495
0 0.5228090498182509 0.7507652565285011 0.009622955322265625 0.01256114818431713
0 0.32544989056057405 0.6603647867838542 0.009671253628200954 0.013090910734953705
0 0.45909358130560973 0.30034518771701385 0.009037144978841146 0.011729770236545138
0 0.6370853635999891 0.37648737872088395 0.013775592380099826 0.01647855970594618
0 0.33570472992811823 0.6493144037572753 0.008527537400989332 0.011370049867985727
0 0.37083447639523726 0.6814471533841916 0.008342156153141716 0.010875699873725466
0 0.3652730389598095 0.6883680533038351 0.01019596863161766 0.009392649890944824
0 0.38232811376178816 0.4219134063975601 0.007971393657446485 0.008898299896684492
0 0.42691230386913454 0.3394805448546633 0.006302962426818226 0.011122874870855597
0 0.5031039967344956 0.30017972031097334 0.007044487418208476 0.012111574859376084
0 0.594218880051588 0.31056107019043866 0.006488343674665771 0.011122874870855668
0 0.723429609801361 0.3075949702248771 0.008712918648836734 0.013100274847896679
0 0.7366843690224641 0.31327999515886995 0.006302962426818226 0.010134174882335145
0 0.8648755019090754 0.5505679924037903 0.009454443640227198 0.009639824888074884
0 0.8188082618189483 0.6096428167178902 0.010381349879465205 0.010134174882335074
0 0.6301828421340212 0.6098899917150202 0.007600631161751252 0.014088974836417236
0 0.6147035079387472 0.6825594408712772 0.0081567749052941 0.010628524876595548
0 0.46000285660993 0.8471779889599405 0.0068591061703610024 0.013100274847896571
0 0.5180706799250865 0.47171609773170203 0.007813589785311735 0.01021384285661675
0 0.6214858388483311 0.4801935873026939 0.008120005071010468 0.01205233457080773
