0 0.2747301313612196 0.6253281769929109 0.011460834079318576 0.014883874963831019
0 0.42808233896891273 0.5953974123354311 0.010205035739474826 0.014993229618778935
0 0.36839440663655604 0.6526512428566261 0.011602062649197048 0.014774463794849537
0 0.6543013678656684 0.703672507957176 0.011035749647352431 0.013597050419560185
0 0.3104832655347464 0.5805356382159519 0.009115706549750434 0.01208343505859375
0 0.27451753616333013 0.4221817581741898 0.011425717671712238 0.015606915509259259
0 0.6129099316067166 0.5437057495117188 0.010327360365125868 0.014113249602141205
0 0.6041546291775173 0.23287553434018737 0.011150529649522569 0.015468470255533854
0 0.648815197414822 0.3308908109311704 0.010490247938368056 0.014257727728949652
0 0.5405362023247613 0.7540728533709491 0.008928510877821181 0.011899594907407407
0 0.24481549792819554 0.44493412441677516 0.009972487555609809 0.013191138373480902
0 0.40094363963905155 0.5311409434477724 0.006275709310004845 0.009149738125580157
0 0.4685302946302626 0.5544323108814381 0.009947586059570312 0.012508985731336806
0 0.2936024030049642 0.6542922408492476 0.00960759056939019 0.011550677264178239
0 0.6745191362169054 0.5536183675130208 0.010631985134548612 0.014948753074363426
0 0.34161180920071077 0.2550860087076823 0.010192934672037761 0.013967386881510417
0 0.3734896341959636 0.3803243142587167 0.007554456922743056 0.010985565185546876
0 0.7641476949055989 0.4096458152488426 0.009636773003472222 0.013842660409432873
0 0.38387311299641924 0.38557164227520985 0.008024173312717015 0.009976224546079283
0 0.3939662182122143 0.8132237140083204 0.006518743526207891 0.00808149738875041
0 0.4512987984551324 0.38117791635018805 0.007589679294162327 0.01010273121021412
0 0.39888083140055336 0.8185558177806712 0.010049057006835938 0.013654920789930556
0 0.6213197708129883 0.6355072021484375 0.008901256985134548 0.011831325954861112
0 0.2911937713623047 0.6439762539333767 0.008760452270507812 0.009339678729021991
0 0.24987570444742835 0.46108864678276906 0.009316974216037326 0.011899029767071759
0 0.36327650282118057 0.3737188833731192 0.007950676812065972 0.011147619176793981
0 0.54047179751926 0.4460112818965205 0.0067445966932508684 0.008248025399667245
0 0.5698385450575087 0.7327273898654515 0.008421240912543402 0.01164844654224537
0 0.3041357841373004 0.5857567232991384 0.008215846658405752 0.011240853380128044
0 0.371063968980245 0.5688192285682139 0.004813572550417078 0.006697144417971543
0 0.3688141470273327 0.5628894652814682 0.005336786958071045 0.006278572891848384
0 0.36420986023997726 0.5665170851745361 0.004918215431947814 0.007115715944094631
0 0.35986718065644896 0.5746792299339388 0.005232144076540166 0.005860001365725012
0 0.35369325064613144 0.5759349445123085 0.0056507156026634675 0.005860001365725082
0 0.35060628564097274 0.5850737561659989 0.004499643905824584 0.005999525207766183
0 0.34683914190586373 0.5783068498270069 0.00429035814276304 0.005301905997560681
0 0.34333360537458174 0.5822135174041567 0.005860001365725082 0.006139049049807142
0 0.33773521121268374 0.5851435180870194 0.00680178729950228 0.008371430522464323
0 0.32648610144812223 0.5665868470955566 0.005232144076540166 0.0064180967338894135
0 0.3318752098469587 0.564284703701879 0.004918215431947814 0.005441429839601924
0 0.3265384228888877 0.5561923208634967 0.005336786958071045 0.007115715944094631
0 0.3411361048624349 0.5381937452401984 0.006069287128786698 0.009069049732669754
0 0.3326600314584397 0.5404261267128555 0.005232144076540308 0.006836668260012502
0 0.32669538721118385 0.5420306508963278 0.0048135725504169355 0.006697144417971401
0 0.33334021018838994 0.5443327942900055 0.004918215431947814 0.005999525207766183
0 0.33679342527890654 0.5475418426569502 0.004499643905824584 0.006557620575930443
0 0.39909768759657566 0.5371392440543508 0.005074547222653578 0.007909622901037494
0 0.3908068780497051 0.5483842501064282 0.005646327191403273 0.007147249609371187
0 0.43476856375868395 0.5704942766333972 0.005467467770299664 0.00807102385139487
0 0.37629679282330725 0.4471304656535814 0.004353324762071509 0.009962832788820535
0 0.3781485802220989 0.43868371611523344 0.007277199602268851 0.0084900662026471
0 0.659209050006763 0.5374145445951434 0.00993419367192857 0.009594104158835392
0 0.6522551144364133 0.5318299168011943 0.009450908574375347 0.009450908574375133
0 0.6575595945982221 0.6156376770388612 0.006443801300710419 0.0078041593530826245
0 0.6561634376497346 0.6089074845692304 0.005906817858984397 0.008663332859843892
0 0.6833759850756823 0.6576741874502008 0.004837288855216428 0.005621314266000752
0 0.6836200684582849 0.653768853328558 0.005769243588790261 0.005621314266000752
0 0.68566149311278 0.6476741652296308 0.005769243588790402 0.007751496514169532
0 0.6804913632812872 0.664005562465591 0.005192319229911249 0.00633137501539025
0 0.6737457861620862 0.6675854520770967 0.0049260464488902755 0.0068639205774326225
0 0.6685312775337564 0.6662245023074334 0.005147940433074183 0.007218950952127301
0 0.6558743589428127 0.6547206426163339 0.004491134239888907 0.007094690320984114
0 0.6513099996881428 0.65556679834269 0.005418651093779232 0.0059230900844913495
0 0.6649786691138923 0.6548182759693749 0.005516284446820095 0.008331379459504263
0 0.6630992270678516 0.6497413416112395 0.004784034299012063 0.006378712398683035
0 0.6595600180201129 0.6487324636298152 0.005125751034656076 0.005923090084491207
0 0.657827026003634 0.6455756518814875 0.005369834417258659 0.005727823378409198
0 0.6629771853765501 0.6427768290943102 0.005321017740738228 0.006508890202737874
0 0.6612465445575311 0.6316028414957636 0.008569552281636276 0.010063327449994545
0 0.646387412619648 0.6279863331934218 0.005739241436325102 0.005975100673434355
0 0.6456405250354689 0.5981632429900521 0.00518890321640356 0.008386106208329025
0 0.7235523646553469 0.6293682099815424 0.006697144417971543 0.008092382838382334
0 0.5928530877156482 0.7404083702781452 0.004743174740764715 0.0064108663162845405
0 0.5878825004873127 0.7459962199727443 0.0061076496661900135 0.006497499644882793
0 0.5810241483270423 0.7384198323472763 0.008972452395823538 0.010603807376882345
0 0.5362638460342406 0.7377401011051685 0.007137178042132462 0.009788129886352977
0 0.5589586619927233 0.8468616627057887 0.004304743293174198 0.006390546744506054
0 0.5574719722986888 0.8434888741461884 0.005059182839400762 0.006272203286274447
0 0.5560962295967466 0.8385480347650193 0.004704152464705942 0.006923092306548142
0 0.5515030241241328 0.8309444675736393 0.007500016665427438 0.008165698617980013
0 0.4448356366252228 0.42606227452976936 0.004993946008050614 0.006157410131789973
0 0.43922415965918754 0.4203344511513602 0.008054751625888059 0.008305343898693423
0 0.4459364526807609 0.41908148978733323 0.005692024482294116 0.009236115197684924
