0 0.4773193571302625 0.35904761420355896 0.009699206882052952 0.013686003508391205
0 0.3115708245171441 0.4066801424379702 0.010268953111436632 0.013210353144892939
0 0.6085861841837565 0.567180096661603 0.01101061503092448 0.014235658998842594
0 0.2849070443047418 0.7388809204101563 0.011093351576063368 0.014870876736111111
0 0.42201338873969185 0.8841496785481772 0.010293748643663194 0.01357433177806713
0 0.38654403686523436 0.40322271276403354 0.010655297173394095 0.014017571343315972
0 0.4715782377454969 0.28854947973180706 0.01082284715440538 0.014447445339626736
0 0.6870182037353516 0.35488035413953994 0.009793599446614584 0.01258251048900463
0 0.5806430180867513 0.3104590521918402 0.011243904961480035 0.014447134512442127
0 0.5922045601344547 0.44141540545169916 0.008918465508355036 0.011461611147280093
0 0.4312653223673503 0.30445693687156394 0.00992113749186198 0.013545481363932292
0 0.5542007446289062 0.39914968985098376 0.009461551242404513 0.012730351200810185
0 0.5709534962972006 0.7446921737105759 0.009949578179253472 0.011877610948350693
0 0.32189968956841364 0.7600086918583622 0.010570526123046875 0.014523767541956018
0 0.5667339113023546 0.8383337515371817 0.009801949395073785 0.01271735297309028
0 0.4607475916544596 0.3829000826235171 0.007813305324978299 0.011758790192780673
0 0.31363446977403425 0.6544727184154369 0.009351815117730035 0.012022965042679398
0 0.6882687038845486 0.6595470004611547 0.009650929768880209 0.011924291540075231
0 0.27456034746422137 0.567325932270231 0.0058244227860046035 0.007428249350266754
0 0.2838034531898373 0.5149061271961898 0.0063308943326136815 0.006584130105918291
0 0.2888681686559283 0.5105167071255776 0.005064715466090952 0.006584130105918291
0 0.295705534535151 0.5169320133826261 0.00531795123939542 0.005571187012700136
0 0.2938695751786931 0.5121205336898398 0.008483398405702402 0.006752953954787913
0 0.31811690047260355 0.4378380401871725 0.006077658559309143 0.009454135536703134
0 0.7167733165972874 0.6615296399395229 0.00671074799257056 0.007428249350266754
0 0.7203186174235509 0.64633549354125 0.006204276445961341 0.009791783234442448
0 0.7047446173653213 0.6427057807905514 0.006710747992570419 0.008272368594615144
0 0.7098093328314121 0.6508093255362969 0.005697804899352406 0.007597073199136162
0 0.7184826580670929 0.6554519813802137 0.00633089433261361 0.007765897048006138
0 0.6403594220026401 0.6720811304938789 0.005824422786004532 0.0086100162923546
0 0.6453608285254049 0.6723343662671835 0.005191333352743328 0.007765897048006138
0 0.6492859830116253 0.6723343662671835 0.006204276445961483 0.0064153062570485985
0 0.6539708448177595 0.6675228865743971 0.006963983765875099 0.008272368594615215
0 0.6638470399766367 0.6640619976725682 0.005951040672656944 0.006077658559309213
0 0.6502356171615173 0.6768926101866652 0.004558243919481981 0.005740010861569829
0 0.46910873030544 0.8988959714503184 0.006204276445961412 0.009116487838963537
0 0.46442386849930584 0.9056489254051064 0.006204276445961412 0.009116487838963537
0 0.45239516926733986 0.8398076243459243 0.007217219539179638 0.008441192443484909
0 0.4154860553082021 0.8277367191517407 0.007597073199136446 0.007934720896875832
0 0.39744300646025316 0.839892036270359 0.007217219539179568 0.008272368594615215
0 0.39649337231036097 0.849937055278106 0.005571187012699994 0.007428249350266754
0 0.3909221852976611 0.8457164590563637 0.005571187012699994 0.007428249350266754
0 0.398329331666819 0.8103478627181618 0.007976926859093254 0.012324140967487978
0 0.4196644455677271 0.7952381282443238 0.00633089433261361 0.008441192443484909
0 0.41162420976530767 0.8166787570507755 0.005951040672656873 0.007428249350266754
0 0.37034677871666644 0.8051987353276361 0.007723691085788715 0.007090601652527368
0 0.3809826811954574 0.7972640144307603 0.00443162603282957 0.0064153062570485985
0 0.45964552332617026 0.5506841755450084 0.004834501126723154 0.00813423999099463
0 0.44209167994937787 0.4964303295673371 0.005640251314510394 0.007366858859768684
0 0.5773834127526557 0.5431351054347383 0.008075207156241078 0.01106602462151571
0 0.5886670173604636 0.4128009718122939 0.004931602230466225 0.006575469640621563
0 0.586808732462027 0.41661283827062534 0.0052174922148410015 0.006194282994788338
0 0.5971007718995217 0.4237124395492674 0.0057892721835908385 0.008576699531245496
0 0.5925622683975709 0.4251418894711416 0.005717799687496949 0.008386106208328883
0 0.5794113291163278 0.42071059471333155 0.005288964710934821 0.007147249609371258
0 0.5762665392882045 0.42356949455708004 0.006575469640621492 0.00524131638020549
0 0.5813410865108581 0.4256183727784331 0.006575469640621634 0.006098986333330032
0 0.5754803418311736 0.4116097635440654 0.005860744679684587 0.01143559937499397
0 0.46712535268902383 0.3888485997927609 0.008426420356708774 0.01041811971374905
0 0.5830106196675154 0.6928497770894849 0.006729339296868256 0.00842866740213722
0 0.48146492167404875 0.7236145884774902 0.005110283470700452 0.007757148242704233
0 0.48924827649865404 0.7199456670113462 0.007311636350386763 0.007757148242704375
0 0.4825262882410404 0.710249231707966 0.006132340164840571 0.008281279880724952
0 0.4800497662513933 0.7042217178707294 0.007311636350386834 0.007337842932287799
0 0.47376018659514657 0.70474584950875 0.006053720419137463 0.007547495587496087
0 0.4707333263855778 0.7090437289405185 0.004874424233591128 0.0073378429322876575
0 0.4689643821072584 0.715176069105359 0.005739241436325102 0.00702336394947551
0 0.46672371935472057 0.7304807129355595 0.005031663724997415 0.00807162722551638
