0 0.3824407153659397 0.6951332374855324 0.009605619642469618 0.013248019748263888
0 0.6170378579033746 0.3608269585503472 0.009670130411783854 0.011900386103877315
0 0.8384841916269141 0.6185981350292916 0.009018792581665599 0.009264309035657293
0 0.5444850921630859 0.36913593433521413 0.009500630696614583 0.012995967158564815
0 0.7363791147867839 0.6883387530291523 0.00992524888780382 0.012554988154658563
0 0.5234468460083007 0.9129802280002169 0.009249666002061632 0.011732708966290507
0 0.4030382156372071 0.7060023837619357 0.008738411797417535 0.010792767560040509
0 0.7462594774034288 0.3162768187346282 0.009189181857638888 0.013042789035373264
0 0.4554858313666449 0.2996365017361111 0.008692084418402777 0.011110545970775463
0 0.31810760257421977 0.5632550744757062 0.006383215773379049 0.006557620575930372
0 0.42837673818155486 0.4251361047651257 0.007103263441192525 0.009656724155346694
0 0.5414278751049557 0.19822411331095402 0.0065682837763625206 0.007165400483304651
0 0.8379006001688956 0.5218277735623454 0.00607765855930893 0.00911648783896382
0 0.8340845490573825 0.6252021559964978 0.008270593955958248 0.007853702228096822
0 0.7696650724594741 0.7964699234293673 0.0070781930996352575 0.013257568027888453
0 0.38761117348629637 0.7351255832325271 0.007752306728172229 0.012358749856506392
0 0.5940828244321547 0.7130196049662157 0.007137178042132462 0.011147592370568732
0 0.5103739219665735 0.6310440171680096 0.009380291141088293 0.009788129886352906
0 0.5563577404951693 0.6000482725278918 0.008768533023191125 0.010875699873725537
0 0.6235491737775297 0.6111958648984606 0.008564613650558854 0.017944904791647075
0 0.6307883115059782 0.6143226286121566 0.007952855532661758 0.010060022383196027
0 0.6427734029046916 0.62139285913496 0.007597073199136446 0.00861001629235453
