0 0.30115621354844835 0.5653698673954717 0.009385638766818576 0.01319111011646412
0 0.3860326555040147 0.7503519976580586 0.01036894056532118 0.01418270534939236
0 0.6895804087320964 0.4062623200593171 0.009399837917751737 0.01281116626880787
0 0.5171565797593859 0.8745643333152487 0.010779783460828994 0.015790247034143518
0 0.6263936784532335 0.7635613618073641 0.009686109754774306 0.013546922471788195
0 0.6445316526624891 0.2617012306495949 0.010081524319118924 0.014453746654369213
0 0.6987002902560764 0.6171247411657262 0.008488125271267362 0.011653363263165508
0 0.3670030381944444 0.6756817570439091 0.009869299994574653 0.012947873716001156
0 0.6274821387396918 0.40486623975965713 0.009230719672309028 0.013153839111328124
0 0.31189189487033425 0.5531167489510996 0.009830898708767362 0.01274956597222222
0 0.7252722422281902 0.662565838849103 0.009108395046657987 0.012250773111979167
0 0.41482652028401695 0.7545062594943576 0.009774398803710938 0.013371559425636574
0 0.577411863538954 0.5543990806297019 0.009561665852864583 0.012387706615306714
0 0.7376941680908203 0.4524896692346643 0.010458797878689237 0.013726411042390045
0 0.49559033711751305 0.530965338812934 0.009230465359157987 0.012349220558449074
0 0.3762002733018663 0.7691444679542824 0.009037611219618056 0.012110618308738426
0 0.608608627319336 0.5329090824833623 0.009006076388888888 0.013179411711516204
0 0.4384860144721137 0.2796268180564597 0.009169430202907987 0.012727327700014468
0 0.5629917780558269 0.8866124471028646 0.009116405910915799 0.012876157407407407
0 0.4402181837293837 0.4817413330078125 0.008410135904947916 0.011934068467881944
0 0.43925719790988504 0.42929376672815395 0.009168624877929688 0.011903155291521993
0 0.770095952351888 0.6138093453866464 0.009636179606119791 0.013106678150318287
0 0.4554318957858616 0.7390197471336082 0.01034897698296441 0.013390039514612269
0 0.4092349158393012 0.39316232469346785 0.010200330946180556 0.013376391375506365
0 0.6344029108683268 0.5757901227032697 0.009525426228841146 0.012804384584780093
0 0.6524200015597873 0.48050152813946767 0.009002685546875 0.011062056929976851
0 0.3290379736158583 0.30370302553530093 0.010458056131998699 0.01432602493851273
0 0.6251972834269206 0.2529060222484447 0.010395177205403646 0.014163970947265625
0 0.23188209275998592 0.6104369743441994 0.010151502821180556 0.01437129267939815
0 0.6362073474460178 0.7793282968026619 0.01091355217827691 0.013917484989872685
0 0.5104483498467339 0.4302491788510923 0.010928895738389757 0.014932335747612848
0 0.5193234761555989 0.5348475986056858 0.010553148057725694 0.014517494484230325
0 0.43549465603298615 0.8545175623010706 0.009226057264539931 0.011615894458912037
0 0.6256488164265951 0.6339595088252316 0.009250089857313367 0.012261397750289352
0 0.4181891547309028 0.6965810139973958 0.009504106309678819 0.01247603804976852
0 0.3366285430060493 0.5111494558828849 0.010578727722167969 0.013116737648292824
0 0.47286858028835715 0.5881740711353443 0.00940505133734809 0.012784209074797454
0 0.69050538804796 0.6553613168221932 0.008479902479383681 0.011024192527488425
0 0.45276771121554904 0.22615285802770546 0.01011365254720052 0.013280232747395836
0 0.5888490253024631 0.48498229980468754 0.00805770026312934 0.010317314995659722
0 0.6322121514214409 0.4890445850513599 0.00958311292860243 0.012816478587962962
0 0.5389879438612196 0.7969621728967737 0.009390343560112847 0.013202073838975694
0 0.29348001480102537 0.5362748322663484 0.010782814025878907 0.013373706958912037
0 0.5839282353719075 0.6488697758427372 0.010142135620117187 0.01337291576244213
0 0.6792137569851345 0.2673859490288628 0.009287940131293403 0.01321552417896412
0 0.4042806837293837 0.25775106924551505 0.008531358506944444 0.011528580277054399
0 0.6790651109483506 0.31523133737069586 0.009687635633680556 0.01261842515733507
0 0.5532672670152452 0.40055143568250867 0.008910581800672742 0.013096675166377313
0 0.6262747870551216 0.6535089846010562 0.00793270534939236 0.01098717583550347
0 0.3309955490960015 0.39211657488787616 0.009529813130696615 0.013246719925491899
0 0.4215636359320746 0.20394547780354816 0.010061391194661458 0.013762339839228876
0 0.5751818339029948 0.42793343155472363 0.009868197970920138 0.01357927675600405
0 0.4631544609485493 0.8831797968940593 0.01094733344184028 0.014520320185908564
0 0.5047044330173068 0.3377268332022208 0.007981830173068576 0.011263105604383681
0 0.29794993400283754 0.38848901558255394 0.009195597286907678 0.009195597286907713
0 0.3232378265418337 0.42330091959727584 0.0045977986434539275 0.008757711701816788
0 0.3229094123530156 0.3930868142260077 0.004597798643453856 0.008757711701816717
0 0.27155808890053323 0.3633000505867656 0.008230162632397793 0.005908834710439521
0 0.27035521897733666 0.35899504244058833 0.007090601652527333 0.0057400108615696865
0 0.3798163819882272 0.27078458140617095 0.00848339840570226 0.010298254781051633
0 0.39988531702261265 0.28859549746192414 0.005571187012699994 0.011480021723139444
0 0.4015946584924183 0.28310872237365897 0.004938097579438789 0.006246482408178799
0 0.6727468627582625 0.26571986594008 0.008356780519050063 0.012999436362966783
0 0.7087063425675082 0.6860912496256287 0.00683736587922283 0.009285311687833513
0 0.7547952533089358 0.7176613093642623 0.006330894332613753 0.010298254781051525
0 0.6721770822683272 0.8354159439508768 0.006204276445961341 0.0118176694208789
0 0.5319477728009341 0.9106269686223275 0.007597073199136375 0.009622959385572756
0 0.23730795056109316 0.6431255800882906 0.008610016292354637 0.011142374025399988
0 0.48028767504680636 0.6861756615500636 0.005824422786004532 0.008103544745745523
0 0.4775653904837825 0.7012853960239016 0.0064575122192660215 0.007259425501397061
0 0.4817437807433076 0.6940259705225046 0.009496341498920558 0.0086100162923546
0 0.48338981326978714 0.7001036290818138 0.006204276445961412 0.01063590247879091
0 0.5485980248957081 0.754127260720117 0.004431626032829499 0.008947663990094128
0 0.548091553349099 0.7434913582413262 0.005951040672656944 0.00793472089687569
0 0.5413808053565284 0.7386798785485397 0.005951040672656944 0.006415306257048456
0 0.520298927228925 0.7494001929517655 0.005064715466090846 0.007934720896875832
0 0.5246672443184284 0.7493157810273309 0.004938097579438647 0.008778840141224436
0 0.5599303257510866 0.6755397590712726 0.005824422786004532 0.008441192443484909
0 0.4610417562756608 0.5179426961514093 0.005571187012699994 0.007597073199136375
0 0.4594590326925074 0.5237671189374139 0.004938097579438718 0.007428249350266754
0 0.45179865055004487 0.487892051052603 0.006330894332613753 0.0086100162923546
0 0.6093746104887995 0.4418031403111754 0.006204276445961341 0.008947663990093986
0 0.5566356293631923 0.5374071804731368 0.007895758108324671 0.009869697635405857
0 0.6472056908422686 0.3563066672618473 0.005571187012699994 0.007985368051536667
0 0.6456736144137761 0.36484915401465395 0.004456949610160024 0.007613955584023415
0 0.49110033104079825 0.7008671163743736 0.005003074726559902 0.007433139593746176
