0 0.4289971669514974 0.7872598436143664 0.007120513916015625 0.009522219057436342
0 0.5213516235351563 0.5044848689326533 0.007300059000651043 0.009338774504484953
0 0.32263920042249894 0.4417325479012949 0.009997410244411892 0.013855065239800348
0 0.43125483194986985 0.6062749509458188 0.008139122856987847 0.01035342746310764
0 0.34897209803263346 0.3337077953197338 0.009391509162055122 0.011924517596209489
0 0.34997973971896706 0.7398641233091 0.008227581448025174 0.011340275517216437
0 0.6465208689371744 0.4473658243815104 0.009638468424479166 0.012791781955295138
0 0.4940993203057183 0.34523160016095195 0.007867219712999132 0.010591295030381944
0 0.42014520433213975 0.7388072543674045 0.00714874267578125 0.008940350567853009
0 0.34990785386827256 0.5057816964608651 0.009778340657552084 0.011828330711082176
0 0.3864255693223742 0.6638830396864148 0.008447689480251735 0.011968937626591436
0 0.7353210873074002 0.3566962489375362 0.007364654541015625 0.009422500045211227
0 0.28119449615478515 0.6428509747540508 0.007319429185655381 0.009816826714409723
0 0.6811569849650064 0.5883126718026621 0.008437559339735242 0.011848054108796297
0 0.4937459945678711 0.39916056880244505 0.00885420905219184 0.01187811957465278
0 0.6703863779703777 0.29502463164152926 0.007170783148871528 0.009316818802445023
0 0.5955394744873047 0.37101033528645827 0.007621256510416666 0.01023779975043403
0 0.3831808514065213 0.42388325443974245 0.008181720309787326 0.011447482638888888
0 0.4383291456434462 0.27908658628110533 0.00803621080186632 0.011758592393663194
0 0.3992689344618055 0.6205945332845052 0.008971320258246528 0.012549788863570601
0 0.3111168013678657 0.5458035786946615 0.008023431566026475 0.010684373643663194
0 0.6993488523695203 0.7538671988028066 0.008353635999891492 0.011344627097800925
0 0.4117659250895182 0.5303846853750723 0.007440355088975694 0.00994720458984375
0 0.696180174085829 0.5202115659360532 0.008397674560546875 0.011175876193576389
0 0.41987368265787756 0.6499343306929977 0.007713911268446181 0.010952419704861112
0 0.6256368849012586 0.328779771592882 0.010449981689453125 0.013837461118344907
0 0.3778829150729709 0.5685203269675926 0.008790885077582465 0.01171841091579861
0 0.4958545684814453 0.4525707668728299 0.008211771647135416 0.011572096082899306
0 0.42102680206298826 0.35699522230360253 0.00782576666937934 0.009372739438657407
0 0.5111461003621419 0.45118933783637155 0.008790630764431423 0.01303778754340278
0 0.6286068386501736 0.6491690459074797 0.009251064724392362 0.012967314543547454
0 0.5671355777316623 0.3217908082184968 0.00726657443576389 0.01019391660337095
0 0.7172435760498047 0.29164059956868493 0.00861417982313368 0.01182683308919271
0 0.5486267301771376 0.8367546646683305 0.008028030395507812 0.009795407895688658
0 0.45202782948811854 0.5412088182237412 0.008802244398328994 0.011990865071614586
0 0.34519023895263673 0.6368586787471064 0.00815582275390625 0.011975888852719907
0 0.5858746178130548 0.712956494280335 0.0074130588107638885 0.010728058991608795
0 0.29164577060275604 0.6987740410698785 0.008378770616319444 0.011760457356770832
0 0.2661704699198405 0.48122750741464115 0.00848992665608724 0.011623806423611112
0 0.5906019422743055 0.5904272291395398 0.008280012342664931 0.011986456976996528
0 0.35847647984822584 0.21830089710376882 0.0071919547186957465 0.009402804904513888
0 0.5618296517266167 0.6751976860894098 0.00709181891547309 0.011227643048321759
0 0.5428517235649957 0.5351308186848958 0.008434295654296875 0.011379100658275463
0 0.5970925013224284 0.6073745727539063 0.008536571926540799 0.011233294451678241
0 0.40947496626112195 0.29712070888943143 0.00932875739203559 0.011846386944806135
0 0.5633160485161676 0.7384042245370369 0.008188035753038194 0.010896244755497685
0 0.3924556096394856 0.23852504447654443 0.009613757663302951 0.01271527608235677
0 0.6827159245808919 0.38210860358344184 0.007479053073459202 0.011053382025824652
0 0.6882146623399522 0.26865501403808595 0.007813602023654513 0.010540065058955439
0 0.5512921227349175 0.7494424608018663 0.008029513888888888 0.01112518310546875
0 0.6711895200941298 0.20938269297281903 0.007585610283745659 0.011153793334960938
0 0.4422416475084093 0.14879858228895398 0.00810958014594184 0.011671165183738426
0 0.3047415309482151 0.7354644492820458 0.008622762891981337 0.010853124547887732
0 0.43096095191107847 0.13915916019015842 0.00885573493109809 0.011726563065140336
0 0.6435138914320204 0.5655189796730323 0.007396146986219618 0.008656254521122685
0 0.597077645195855 0.31808353000217016 0.00728946261935764 0.010447466814959491
0 0.4268316787886719 0.6855913866892571 0.009025149875217013 0.012926228841145833
0 0.47877260843912756 0.7174721894440828 0.007696533203125 0.010414575647424769
0 0.4018381118774414 0.3994467276114005 0.008087115817599827 0.011022327564380787
0 0.6239500681559245 0.26163947493941697 0.007352193196614582 0.009666527642144098
0 0.6284934880722084 0.6914830862622243 0.007078637017144097 0.008780189796730325
0 0.31375869115193683 0.7182896649395978 0.008470471700032551 0.01037151195384838
0 0.4752180099487305 0.15054346720377604 0.006575987074110243 0.009335411919487847
0 0.5571249855889214 0.5389856409143519 0.008522584703233508 0.011903550889756944
0 0.6927730136447482 0.22570403770164205 0.008612145317925347 0.01080180980541088
0 0.4270052591959636 0.5557478728117765 0.008917660183376737 0.01116694697627315
0 0.44731958177354597 0.49703708224826393 0.007425096299913194 0.009949973777488425
0 0.43667360941569006 0.45764421533655236 0.008943769666883681 0.011280003300419561
0 0.612590471903483 0.26109241909450953 0.00833693610297309 0.012288326687282986
0 0.451760991414388 0.5956312391493056 0.008281199137369792 0.011641551830150462
0 0.46868654886881506 0.36105815746166087 0.0065356784396701385 0.009738667805989584
0 0.44317215813530814 0.7993756894712096 0.008553059895833333 0.011247422960069444
0 0.5754041883680555 0.6912283155653212 0.008439381917317709 0.011337110731336806
0 0.6945409138997395 0.29330880906846785 0.008286963568793403 0.011076383237485532
0 0.39684836069742835 0.1898307235152633 0.007869084676106771 0.010586491337528935
0 0.6306109110514323 0.7147025214301216 0.008976830376519097 0.0113494873046875
0 0.30728769302368164 0.29698891816315826 0.008056365119086372 0.009968425609447338
0 0.49848910437689886 0.2387564835725007 0.008413653903537327 0.011398131759078414
0 0.33675298690795896 0.23592773013644744 0.006630219353569878 0.009151359840675636
0 0.3471938027275933 0.41261336715133096 0.008787579006618924 0.012480728714554398
0 0.3895613564385309 0.7433891296386719 0.009422005547417536 0.012354137279369213
0 0.5296273761325413 0.4788393656412761 0.008719677395290799 0.011376444498697917
0 0.4882595219844321 0.8509286773624513 0.006632081056327768 0.008701686007930977
0 0.7169672224256726 0.6915471959997107 0.005783674452039931 0.007977407949942129
0 0.41782237158881297 0.240609903688784 0.008021333482530382 0.011199400160047744
0 0.3782709757486979 0.3013091758445457 0.009192403157552083 0.012656995985243056
0 0.40287693871392144 0.6668458444100839 0.00790816413031684 0.011311792444299768
0 0.6221915774875217 0.7798638802987558 0.00780147976345486 0.009488706235532407
0 0.2578358756171332 0.33362291124131943 0.009873284233940972 0.01332770453559028
0 0.24248149768576885 0.5264823275981656 0.009196747673882379 0.014221756546585649
0 0.45222225189208987 0.30719694914641205 0.008332443237304688 0.01108635796440972
0 0.5326324674818251 0.5107882181803386 0.008883370293511285 0.011600805211950232
0 0.6227505789862738 0.38943286471896704 0.007919014824761286 0.010786381474247686
0 0.33691383997599283 0.7325961925365305 0.007638570997450087 0.010787794325086806
0 0.6387749777899848 0.6083388999656395 0.008441204494900174 0.010596776891637731
0 0.7340192159016928 0.41132983454951527 0.007267930772569444 0.010746510823567708
0 0.4963275273640951 0.7226254215946903 0.009684371948242187 0.013225583676938657
0 0.5501699235704209 0.3505438204164858 0.007682715521918403 0.011292153817635995
0 0.6364544338650173 0.4925281948513455 0.007140689425998265 0.009661356608072916
0 0.7364719390869141 0.7199638931839555 0.008030954996744792 0.010950554741753472
0 0.6162452273898654 0.16267820287633825 0.006906297471788194 0.008681968406394677
0 0.48112541997239083 0.3826048793943277 0.007865185207790799 0.01126663773148148
0 0.35524353451199003 0.7910536306875724 0.005968178643120659 0.00860748291015625
0 0.3902991400824652 0.45316773873788335 0.008336978488498265 0.01072786119249132
0 0.5012390560574002 0.5028562475133825 0.008768124050564235 0.011056349012586807
0 0.25323946917433715 0.597783701824504 0.007784483167860243 0.010569424099392362
0 0.6207146538628472 0.553049808078342 0.009588199191623265 0.011792952926070601
0 0.6427822536892361 0.4032925075954861 0.006682501898871528 0.009525835955584492
0 0.5894224335316682 0.27947904255360345 0.008662117852105035 0.01156780101634838
0 0.7081567764282226 0.23925243660255713 0.007757865058051216 0.010788486621997974
0 0.4953329485703905 0.8304333925029088 0.01011984083387587 0.012913852267795138
0 0.5968321069382256 0.684565805505175 0.007475535074869794 0.010103013780381944
0 0.5397303263346354 0.4462811364067925 0.006887902153862847 0.010433423077618636
0 0.6770755343967013 0.18767381597448277 0.008145904541015625 0.011067609433774595
0 0.6689803229437934 0.7188353644476996 0.007195536295572917 0.00910808421947338
0 0.24034233824121493 0.5356397926336605 0.010180839853362116 0.011385025212361838
0 0.24247703046853278 0.55096578811184 0.007225112153998907 0.010509254042180132
0 0.28976867365834375 0.5976006029240146 0.006568283776362626 0.01007136845708935
0 0.2900970878471618 0.5816177790681988 0.007881940531635117 0.010509254042180132
0 0.28599191048693523 0.5520605020745671 0.0095240114757258 0.008319826116725864
0 0.28336459697639016 0.5457111610907499 0.006896697965180713 0.007006169361453516
0 0.3969959063074636 0.5888428912221978 0.010180839853362045 0.010071368457089492
0 0.4033999829894172 0.5831503786160169 0.00788194053163508 0.016201766648361086
0 0.4107893022378252 0.5496521313565675 0.0062398695875444336 0.01138502521236191
0 0.40668412487759853 0.5402375912771143 0.006568283776362662 0.013574453137816108
0 0.48369725215545045 0.5470248178460224 0.007553526342816994 0.007006169361453374
0 0.4886234649877224 0.5518415592820217 0.007553526342816994 0.00788194053163508
0 0.49026553593181305 0.5435217331652956 0.007553526342817136 0.009633482871998566
0 0.4917433997814946 0.5888428912221978 0.007881940531635151 0.009195597286907642
0 0.49552016295290313 0.6102992848916491 0.010180839853362045 0.010947139627271127
0 0.48024890317286006 0.6122697700245578 0.008538768909271468 0.009633482871998354
0 0.4986400977466754 0.5049878016773016 0.007881940531635294 0.011385025212361838
0 0.2342666757480795 0.4200379981696783 0.007881940531635117 0.007006169361453445
0 0.26201767470321163 0.4106234580902251 0.00755352634281703 0.007444054946544298
0 0.2651376094969839 0.4180675130367694 0.00788194053163508 0.006568283776362591
0 0.26809333719634704 0.40296046035113536 0.007225112153998907 0.012260796382543546
0 0.27581107063357313 0.40055208963313577 0.006896697965180713 0.01007136845708942
0 0.3027410341166599 0.3716516410171402 0.008210354720453275 0.008319826116726006
0 0.4171933789197788 0.36968115588423134 0.007881940531635222 0.010509254042180132
0 0.4759795187182243 0.3653023000333229 0.007225112153999049 0.012260796382543546
0 0.28270776859875385 0.29108069336042525 0.011494496608634606 0.01269868196763447
0 0.3219532641625207 0.2674348717655198 0.008538768909271433 0.009195597286907678
0 0.317848086802294 0.2567066749307941 0.00821035472045331 0.008757711701816788
0 0.33262672529910986 0.24225645062279633 0.007553526342816994 0.008757711701816823
0 0.3523315766281978 0.20678771823043815 0.010180839853362045 0.014888109893088596
0 0.36152717391510547 0.2024088623795297 0.008867183098089555 0.012260796382543546
0 0.46300715825990824 0.14373219397735687 0.006239869587544505 0.01138502521236191
0 0.4782784180399513 0.17000532908280738 0.008538768909271396 0.012260796382543581
0 0.5267195108906257 0.1522709628866283 0.008867183098089626 0.013574453137816108
0 0.5334520017613974 0.13913439533390304 0.007881940531635151 0.011822910797452745
0 0.5336162088558065 0.16124761738099058 0.006896697965180678 0.00788194053163517
0 0.5487232615414405 0.16299915972135395 0.01083766823099829 0.013136567552725272
0 0.5439612558035776 0.18029564033244216 0.009852425664544029 0.009195597286907642
0 0.5792657811015267 0.21357494479934616 0.006239869587544505 0.010071368457089384
0 0.600120082091478 0.16212338855117225 0.010509254042180203 0.013136567552725253
0 0.6387087492776086 0.1846744961833506 0.006239869587544575 0.015325995478179451
0 0.7063620721741435 0.3031225469504234 0.008867183098089555 0.012260796382543546
0 0.740024526528002 0.29129963615297066 0.007881940531635222 0.01138502521236191
0 0.7066904863629617 0.35194678968805226 0.00952401147572587 0.013574453137816108
0 0.6943749542822818 0.3639886432780504 0.008538768909271396 0.012260796382543617
0 0.7740153950706786 0.38369349460713836 0.008210354720453238 0.013136567552725253
0 0.7818973356023139 0.3815040666816841 0.007553526342816923 0.013136567552725324
0 0.5876403429163891 0.340342821683145 0.008538768909271396 0.01138502521236191
0 0.5973285614865239 0.3269873113378743 0.006896697965180749 0.007444054946544298
0 0.5963433189200695 0.33968599330550875 0.006896697965180749 0.006568283776362662
0 0.6304983945571553 0.38610186532513796 0.00558304120990826 0.009195597286907642
0 0.6342751577285638 0.38697763649531963 0.00394097026581754 0.01007136845708935
0 0.6367382641446998 0.39069966396859174 0.008210354720453238 0.010509254042180274
0 0.6290205307074737 0.401208918010772 0.009852425664543887 0.010509254042180203
0 0.5677712844928922 0.39442169144186395 0.008210354720453238 0.01007136845708935
0 0.5633376929438474 0.39135649234622805 0.007225112153998978 0.011822910797452764
0 0.5613672078109385 0.395954290989682 0.007881940531635151 0.009633482871998566
0 0.68238783639042 0.4379913071584028 0.014121810119179798 0.012260796382543546
0 0.6938823329990547 0.4522225886738551 0.008867183098089412 0.015325995478179522
0 0.6869856350338739 0.45441201659930924 0.007553526342817065 0.012698681967634328
0 0.7257385093144134 0.409528744127498 0.010180839853362045 0.010509254042180203
0 0.7871519626234041 0.4559446161471272 0.010837668230998219 0.013136567552725324
0 0.7408455620000476 0.4787146665718511 0.0062398695875444336 0.010509254042180274
0 0.5508579537687583 0.47630629585385137 0.009195597286907784 0.011822910797452764
0 0.5429760132371232 0.46426444226385327 0.007225112153998978 0.008757711701816788
0 0.5515147821463947 0.4625128999234899 0.007225112153998907 0.010509254042180274
0 0.5508579537687583 0.4493763323707647 0.006568283776362662 0.009633482871998566
0 0.6411718556937447 0.4756494674762151 0.008538768909271396 0.01138502521236191
0 0.5658007993599833 0.5503089597342037 0.006239869587544505 0.011822910797452764
0 0.684850942806556 0.508928771943119 0.010509254042180203 0.010509254042180203
0 0.6882992917891464 0.5257873669691164 0.010180839853362045 0.013574453137816037
0 0.6758195526140574 0.5159349413045726 0.006896697965180749 0.00875771170181686
0 0.6792679015966477 0.50936665752821 0.006568283776362591 0.007881940531635294
0 0.6620261566836959 0.5185622548151176 0.008867183098089697 0.01138502521236191
0 0.6531589735856062 0.5174675408523903 0.007553526342816846 0.009195597286907551
0 0.6666239553271498 0.531260936782752 0.00558304120990826 0.008757711701816788
0 0.7163787049330966 0.524473710213844 0.009195597286907855 0.013574453137816108
0 0.7278732015417313 0.5748305524992908 0.005911455398726418 0.008319826116725864
0 0.7188418113492326 0.5682622687229282 0.006239869587544575 0.009195597286907642
0 0.7224543674262321 0.557753014680748 0.006239869587544575 0.01007136845708935
0 0.7938844534941757 0.5500900169416583 0.006568283776362591 0.01138502521236198
0 0.7787774008085416 0.5807420078980172 0.01116608241981652 0.009633482871998637
0 0.7626851055564532 0.6078909141736495 0.011166082419816377 0.009633482871998495
0 0.7520116444198638 0.6083287997587402 0.008210354720453238 0.010509254042180132
0 0.7551315792136364 0.6240926808220105 0.005911455398726418 0.014012338722907032
0 0.6943749542822818 0.6131455411947395 0.007225112153998907 0.01138502521236198
0 0.5408413210098053 0.6096424565140128 0.0095240114757258 0.013136567552725324
0 0.5743395682692547 0.6367913627896451 0.00821035472045331 0.010509254042180345
0 0.7291868582970038 0.6245305664071015 0.007225112153998907 0.008757711701816717
0 0.7222901603318229 0.633069335316373 0.006568283776362733 0.01007136845708935
0 0.707183107646189 0.6694138388789128 0.009852425664543887 0.011822910797452835
0 0.7390392839615477 0.6735737519372759 0.007881940531635222 0.01138502521236191
0 0.745114946454683 0.6665675825758223 0.008867183098089697 0.00875771170181693
0 0.7347698995069121 0.6829882920167288 0.007881940531635222 0.014450224307997814
0 0.7600577920459081 0.6510226443050974 0.010509254042180203 0.010071368457089279
0 0.7209765035765505 0.6643781546503681 0.00788194053163508 0.00875771170181693
0 0.7214691248597777 0.6707274956341854 0.006896697965180749 0.007444054946544298
0 0.71227352757287 0.654963614570915 0.006896697965180749 0.01007136845708942
0 0.7040631728524167 0.6617508411398231 0.00821035472045338 0.009633482871998354
0 0.7083325573070525 0.6906512897558187 0.008210354720453238 0.01050925404218006
0 0.7099746282511431 0.7677191527318069 0.00821035472045338 0.009633482871998637
0 0.5915813131822066 0.7127645118029062 0.006568283776362591 0.010071368457089279
0 0.5809078520456175 0.713202397387997 0.004926212832271943 0.008319826116725864
0 0.5313173095340795 0.6853966627347284 0.007553526342817136 0.010509254042180345
0 0.5421549777650779 0.7029120861383623 0.00689669796518082 0.00875771170181693
0 0.49207181397031285 0.8533257846170664 0.007225112153998907 0.009195597286907713
0 0.4633355724487263 0.8051583702570738 0.006896697965180749 0.011822910797452693
0 0.4667839214313167 0.8112887684483456 0.006568283776362733 0.01007136845708942
0 0.5309888953452614 0.726120022148177 0.007553526342816994 0.01138502521236191
0 0.39535383536337304 0.8439112445376133 0.00689669796518082 0.00875771170181693
0 0.4032357758950082 0.8288041918519792 0.0062398695875444336 0.009195597286907428
0 0.31374290944206734 0.6514605298901881 0.010509254042180203 0.010071368457089563
0 0.4421528572699568 0.6120508272320124 0.007225112153998907 0.011822910797452835
0 0.44691486300781974 0.6146781407425576 0.006239869587544505 0.012698681967634328
0 0.5022526538236748 0.6361345344120087 0.008538768909271468 0.010071368457089207
0 0.5057010028062653 0.6437975321510986 0.00821035472045331 0.010509254042180203
0 0.49568437004731225 0.642483875395826 0.0052546270210901014 0.00875771170181686
