0 0.7150679349899292 0.2817023913065593 0.01056685447692871 0.01473827362060547
0 0.4518147945404053 0.6254658381144206 0.009610939025878906 0.013410059611002605
0 0.37673723697662354 0.3439176559448242 0.008679628372192383 0.011415926615397136
0 0.40057389736175536 0.2930162111918132 0.00767970085144043 0.010165913899739582
0 0.3462130904197693 0.2574660221735636 0.008243346214294433 0.01125938097635905
0 0.38313956260681153 0.2986810366312663 0.008628416061401366 0.012356313069661458
0 0.432382869720459 0.568458080291748 0.009004688262939453 0.01212902069091797
0 0.2853395819664002 0.2302156130472819 0.009122061729431152 0.012336063385009765
0 0.3908053398132324 0.688328711191813 0.009904575347900391 0.013816897074381511
0 0.47910265922546386 0.09468692938486735 0.009917831420898438 0.013076400756835938
0 0.48940587043762207 0.5512060165405274 0.009467411041259765 0.012803141276041667
0 0.40997579097747805 0.2797069231669108 0.008046674728393554 0.011821301778157552
0 0.5999062061309813 0.3924275875091553 0.009627437591552735 0.013318475087483723
0 0.6416442155838012 0.764128303527832 0.009607076644897461 0.011966451009114582
0 0.5691691398620605 0.34723968505859376 0.008222007751464843 0.010433133443196614
0 0.7250463008880615 0.23158421516418456 0.00896749496459961 0.012776374816894531
0 0.4745227575302124 0.4038051128387451 0.009132146835327148 0.011939334869384765
0 0.591491413116455 0.4555359681447346 0.009601020812988281 0.013196404774983723
0 0.32782893180847167 0.32868887583414713 0.008828353881835938 0.011739476521809894
0 0.3277592062950134 0.4852482159932454 0.007650589942932129 0.010930569966634114
0 0.35331839323043823 0.4992650349934895 0.009038424491882325 0.012416966756184896
0 0.31466907494502155 0.3089136329854707 0.00757288932800293 0.010294024149576824
0 0.553914451599121 0.34195340474446617 0.008726978302001953 0.011576525370279948
0 0.3728014588356018 0.21076032320658367 0.009771132469177246 0.012848854064941406
0 0.7518949747085572 0.5331550757090251 0.009489297866821289 0.013075097401936847
0 0.5984546422958373 0.6063606897989908 0.008693170547485352 0.011806996663411458
0 0.48481159210205077 0.7088470141092936 0.008862495422363281 0.012807019551595052
0 0.47717986106872556 0.1964449405670166 0.007520103454589843 0.009149805704752604
0 0.5014523983001709 0.7077337265014648 0.008879375457763673 0.012431844075520832
0 0.6130079028607213 0.5309466997782389 0.009732866287231445 0.013202603658040364
0 0.5979140996932983 0.7735540707906087 0.008580255508422851 0.012201754252115886
0 0.5309777021408081 0.6567605972290039 0.009688615798950195 0.012730916341145836
0 0.5942174434661865 0.3486661434173584 0.009275245666503906 0.011748409271240235
0 0.33405681848526003 0.45408781369527185 0.009007906913757325 0.010637823740641277
0 0.6238827705383301 0.5557148297627766 0.008434581756591796 0.010427029927571614
0 0.6414782047271729 0.4938162167867025 0.007605934143066406 0.009956169128417968
0 0.3461293697357178 0.5665923118591308 0.00764317512512207 0.01062183380126953
0 0.5018575429916382 0.5420227050781251 0.008180570602416993 0.010444132486979167
0 0.2894921779632568 0.5241250197092692 0.009272336959838867 0.012771129608154297
0 0.3765276312828064 0.5148786385854085 0.009130549430847169 0.011822350819905599
0 0.28039242029190065 0.26441498597462976 0.009811043739318848 0.012935304641723632
0 0.3291424632072449 0.2973107655843099 0.006926512718200684 0.009441121419270834
0 0.6287030678505541 0.21157164505686546 0.007174777984619141 0.009174712498982747
0 0.650518536567688 0.25804848670959474 0.00845322608947754 0.011082204182942708
0 0.5297722101211547 0.7854198773701985 0.008476686477661134 0.01171461741129557
0 0.41112122535705564 0.0996045470237732 0.007245349884033203 0.009585722287495931
0 0.6139303684234619 0.34110099474589034 0.00781402587890625 0.010943190256754559
0 0.5871073246002197 0.26712493101755785 0.007676887512207031 0.011095317204793294
0 0.582762837409973 0.1416192928949992 0.00906214714050293 0.011717621485392253
0 0.522674747909807 0.14728709992900701 0.008567285537719727 0.011081043879191082
0 0.6735999345779419 0.5974351247151692 0.008677911758422852 0.01237653096516927
0 0.7648394584655762 0.5444893519083658 0.00806427001953125 0.01087048848470052
0 0.591214665894684 0.6330476439794969 0.01007857322692871 0.014597384134928386
0 0.7313069820404052 0.26125354766845704 0.008668994903564453 0.011183102925618492
0 0.5892890691757203 0.7417447408040365 0.006796026229858398 0.009095128377278645
0 0.6917675018310547 0.5036846001942953 0.007197666168212891 0.010058371225992839
0 0.6897988319396973 0.27333636283874513 0.00816516876220703 0.010121949513753255
0 0.6687164306640625 0.6221291859944661 0.00887470245361328 0.01182085673014323
0 0.36073423852219977 0.34234216190565364 0.007874250411987305 0.009983507792154948
0 0.76440908908844 0.3680108547210693 0.008043909072875976 0.011511707305908203
0 0.2503075571218474 0.5034733855544283 0.0079941987991333 0.009804026285807291
0 0.6437726736068725 0.5064860026041667 0.007230710983276367 0.008529853820800782
0 0.2655808091163635 0.27320957978566485 0.008989453315734863 0.013912248611450195
0 0.44087183475494385 0.5959026336669921 0.008052682876586914 0.010291671752929688
0 0.3980956196784973 0.46183686256408696 0.008451533317565919 0.011049048105875653
0 0.5373420238494873 0.4251122156778971 0.010413169860839844 0.013350486755371094
0 0.6735137154727249 0.5727277094947625 0.008359813690185548 0.011289882659912109
0 0.3774305939674377 0.34238479932149246 0.007990670204162598 0.01051600774129232
0 0.28781484365463256 0.4089381694793701 0.008675408363342286 0.012676270802815755
0 0.6374530076980591 0.5404839197794596 0.008763647079467774 0.011530685424804687
0 0.34615350559217206 0.4743547912703713 0.008539762752083463 0.009564534282333526
0 0.37757983251983923 0.5713664961340393 0.007856581731916777 0.008653626255444564
0 0.35742599242492223 0.5456333443744278 0.006490219691583405 0.008198172242000083
0 0.364257802626589 0.5476828874349278 0.008539762752083534 0.009564534282333455
0 0.3967089010845061 0.5786537603491505 0.005123857651250035 0.008653626255444635
0 0.40473627807146456 0.5793369413693172 0.005465448161333413 0.007287264215111265
0 0.40746900215213133 0.5654455939592614 0.0068318102016666415 0.009564534282333526
0 0.42745204699200656 0.5139792904400384 0.008539762752083463 0.009564534282333384
0 0.3010635582611715 0.38895716374953665 0.011955667852916818 0.014574528430222458
0 0.4166327294932446 0.3129904940886398 0.007763420683712212 0.010351227578282973
0 0.3068579610255537 0.18297907570540572 0.00993717847515164 0.007866932959495046
0 0.3315456387997585 0.18173692839601177 0.0071423470290152835 0.009523129372020307
0 0.355922779746615 0.1862914685304563 0.008073957511060784 0.011179325784545639
0 0.36120190581153927 0.18608444397889062 0.006210736546969855 0.010765276681414306
0 0.41663272949324465 0.20016211348535545 0.00900556799310614 0.012421473093939569
0 0.4447363123682828 0.15772208041439525 0.00931610482045464 0.012007423990808216
0 0.42470668700430536 0.1417811899438395 0.0071423470290152835 0.009937178475151657
0 0.5372762869181327 0.10368867245575814 0.008073957511060784 0.013249571300202198
0 0.5158492458310868 0.19415840148995134 0.006831810201666784 0.010351227578282973
0 0.5737643641315802 0.18028775653505213 0.009005567993106211 0.0115933748876769
0 0.6840049378402938 0.20927119375424447 0.005900199719621355 0.009937178475151711
0 0.6386665610474143 0.26289055260975025 0.008384494338409283 0.013663620403333531
0 0.6565224286199525 0.19043195956176945 0.008073957511060713 0.01200742399080827
0 0.5568401070410874 0.290424817967983 0.005589662892272926 0.009109080268889009
0 0.5614981594513148 0.2893896952101547 0.0055896628922726425 0.009523129372020307
0 0.570503727444421 0.28380003231788187 0.005589662892272784 0.010765276681414235
0 0.658075112756695 0.36909414756293357 0.008073957511060855 0.012421473093939497
0 0.6301267982953308 0.3868982589975802 0.006831810201666784 0.00828098206262645
0 0.6329216297414672 0.3935230446476814 0.005589662892272855 0.009109080268888974
0 0.6350953875329067 0.412569303391722 0.008695031165757783 0.009937178475151711
0 0.6704965858506344 0.4380333232342981 0.008695031165757712 0.009523129372020378
0 0.7319828776656354 0.3715784421817214 0.00745288385636357 0.010765276681414306
0 0.7506150873065445 0.32851733545606426 0.009937178475151569 0.012421473093939569
0 0.7110216418196122 0.35377433074707476 0.010247715302500212 0.009109080268889045
0 0.6700307806096117 0.5324365187482388 0.005900199719621355 0.007038834753232379
0 0.6717387331600284 0.528710076820057 0.006210736546969855 0.008695031165757783
0 0.6768625908112784 0.5272609049590973 0.008384494338409211 0.01242147309393964
0 0.6711176595053314 0.47861013534116736 0.011800399439242569 0.007038834753232379
0 0.6711176595053314 0.4755047670676824 0.009937178475151711 0.0057966874438385215
0 0.6714281963326799 0.4723993987941975 0.009316104820454712 0.006210736546969855
0 0.6203448882338535 0.5272609049590973 0.007763420683712141 0.010765276681414306
0 0.6329216297414673 0.5817083620208658 0.010558252129848568 0.012835522197070902
0 0.6332321665688156 0.5995124734555125 0.007452883856363712 0.011179325784545639
0 0.6807443011531347 0.6332574753607151 0.006831810201666713 0.011593374887676972
0 0.7035687579632486 0.6160744375807653 0.005900199719621355 0.00703883475323245
0 0.7035687579632486 0.6119339465494521 0.005900199719621355 0.007038834753232379
0 0.7121085207153319 0.6243554196433917 0.00683181020166657 0.007866932959495046
0 0.7253063358776427 0.633878549015412 0.007142347029015212 0.007866932959495188
0 0.7277906304964307 0.6384330891498564 0.008384494338409211 0.007866932959494975
0 0.5613428910376405 0.6978491354492007 0.006521273374318426 0.010765276681414235
0 0.49690649936282905 0.7338714074216256 0.007452883856363712 0.011593374887677043
0 0.3942740779241533 0.7299379409418779 0.007142347029015212 0.009523129372020378
0 0.387752804549835 0.7373908247982416 0.00900556799310614 0.011179325784545568
0 0.48557190516460913 0.6473351448671798 0.007763420683712212 0.01159337488767676
0 0.296299708895705 0.690396251592837 0.00993717847515164 0.01159337488767676
0 0.3021999086153263 0.6367768927373312 0.008073957511060713 0.011179325784545568
0 0.30856591357597035 0.6382260645982908 0.007763420683712212 0.01242147309393964
0 0.479826973858662 0.5848137302943506 0.009937178475151711 0.013249571300202235
0 0.5071542146653292 0.4999336641524303 0.006831810201666784 0.012421473093939497
