0 0.4378963046603732 0.41711414478443287 0.007453494601779515 0.010712800202546295
0 0.4700100792778863 0.7064335858380353 0.00849397447374132 0.011860769766348377
0 0.5130597432454427 0.1316682744909216 0.008620537651909722 0.01164386890552662
0 0.4109614902072483 0.554565684000651 0.007832590738932292 0.01005390308521412
0 0.5943930308024088 0.2975497634322555 0.008376905653211806 0.01075640077944155
0 0.6376351038614909 0.7177762066876447 0.008906597561306424 0.011858904803240741
0 0.5961262385050455 0.2677798800998264 0.00829726325141059 0.011567292390046295
0 0.48874528672960066 0.345623779296875 0.0077702840169270836 0.010265039514612268
0 0.523634974161784 0.26944214149757667 0.009240807427300348 0.014140574137369792
0 0.4701612896389431 0.482195536295573 0.007958179050021701 0.010800962094907407
0 0.5148433261447483 0.47166027492947044 0.008234914143880208 0.010516526963975694
0 0.5377284642304201 0.38584986303212565 0.007395977444118923 0.009899845829716435
0 0.6350025388929579 0.41863267686631944 0.009669282701280382 0.012672593858506944
0 0.5064588334825304 0.34136628044976125 0.008091396755642362 0.011722621211299189
0 0.45773016611735023 0.40370251690899883 0.007881885104709201 0.010885846173321757
0 0.47908744812011717 0.2962654820194951 0.008092244466145834 0.010794095639829282
0 0.335623656378852 0.4759144111915871 0.009052785237630208 0.012882119637948495
0 0.24510542551676434 0.4598191579182943 0.007696363661024306 0.010535826506438079
0 0.3764874988132053 0.752941640218099 0.007146665785047743 0.009893064145688657
0 0.3835132598876953 0.31769089875397855 0.0077664693196614586 0.010928005642361112
0 0.6620844735039604 0.4591187653718171 0.008132383558485242 0.010974629720052082
0 0.5295498318142361 0.2239193033289026 0.008643086751302083 0.01118366100169994
0 0.3500641610887316 0.50465333726671 0.007942475212944878 0.011178758409288194
0 0.4700231128268772 0.5436870716236255 0.008307266235351562 0.011227134422019676
0 0.5216775682237413 0.6674636840820314 0.006828901502821181 0.009783144350405093
0 0.4409468332926432 0.8022763852719907 0.006698184543185765 0.009335779260706018
0 0.718777084350586 0.37220371387622975 0.00727479722764757 0.009563135217737268
0 0.7278947194417319 0.4435505619755497 0.00843293931749132 0.010573210539641205
0 0.3674856609768337 0.6188450283474392 0.006829622056749132 0.009197602448640046
0 0.3256319763336456 0.6825889772178217 0.009479988945855035 0.012700398763020836
0 0.307687250773112 0.35759677180537475 0.007224485609266493 0.010172158700448495
0 0.3860692279615329 0.26479635392535494 0.006958134969075522 0.008366817898220486
0 0.6627307256062825 0.2000263002183702 0.006988822089301215 0.009382417466905381
0 0.4593595504760743 0.37341801678692854 0.006787745157877604 0.01028546933774595
0 0.6787066565619575 0.7665404708297164 0.007477230495876735 0.010253341109664351
0 0.6211737526787652 0.8119789971245659 0.007562976413302952 0.010199878833912037
0 0.3787939071655273 0.7080099600332754 0.008577092488606771 0.011261890552662038
0 0.5099838256835938 0.5160071196379485 0.00923309326171875 0.011248948838975694
0 0.5546569519919398 0.46155974197038724 0.009074317084418403 0.0125579833984375
0 0.5418345981174045 0.6205691867404515 0.007470448811848957 0.009971562138310186
0 0.3308284759521484 0.3534023143627026 0.00780910915798611 0.011256126121238426
0 0.2523322529262967 0.3959901315194589 0.007009824117024738 0.009117691605179399
0 0.3847215886129114 0.2548427081853778 0.007801649305555556 0.011105120623553242
0 0.3436112509833442 0.5676179108796297 0.009422726101345487 0.011409618236400463
0 0.40664049784342443 0.1892779668172201 0.009851498074001735 0.012185937386971933
0 0.5056058247884114 0.7123877066153067 0.006334516737196181 0.009183869538483797
0 0.58825560675727 0.3247446130823206 0.008153110080295138 0.010226214373553241
0 0.7424005296495224 0.5029235274703414 0.008286878797743055 0.010546083803530093
0 0.30662065082126194 0.686898097285518 0.009053399827745225 0.011720614963107638
0 0.7616253323025174 0.3592778241192853 0.008052741156684027 0.010497368706597222
0 0.502783203125 0.2936496875904224 0.008111741807725694 0.01108562328197338
0 0.6227302339341905 0.7395645424171731 0.008297093709309896 0.010651030363859953
0 0.59643431769477 0.8172792505334925 0.0068318684895833336 0.009555562337239584
0 0.32538348303900827 0.773876303213614 0.008416493733723959 0.010529299135561342
0 0.31292900509304467 0.5659431174949363 0.007627275254991319 0.008977254231770834
0 0.256484497918023 0.43993602328830295 0.007009718153211806 0.011273052074291088
0 0.7080826865302191 0.5481875666865595 0.008163748847113714 0.01142685501663773
0 0.3321245829264323 0.3837015505190249 0.008886973063151041 0.01184760199652778
0 0.4880652745564778 0.31397457829228154 0.008297093709309896 0.010864625153718171
0 0.3150738822089301 0.2896672001591435 0.011199188232421876 0.015027646665219907
0 0.4779520246717665 0.8050208762839989 0.007203335232204861 0.009850396050347222
0 0.27194666332668727 0.45906790274160886 0.006788190205891927 0.009151486997251157
0 0.4765374637408739 0.39227721566505047 0.007970046997070313 0.011584331371166087
0 0.6950498157077365 0.5365619235568576 0.008301925659179688 0.011379665798611112
0 0.5137959162394207 0.4157510262948495 0.00783398946126302 0.01055286548755787
0 0.41571636199951173 0.7701472247088397 0.008967717488606771 0.012354363335503472
0 0.366222169664171 0.2048415148699725 0.009137471516927084 0.012728090639467593
0 0.3554815822177463 0.2758593947799117 0.00791831546359592 0.010754987928602432
0 0.5325913959079318 0.42777505097565827 0.007929187350802952 0.011181668882016781
0 0.5236191431681315 0.8002477292661314 0.00651868184407552 0.00848236083984375
0 0.6530849032931859 0.30986164234302666 0.007966783311631944 0.01059864185474537
0 0.4699054929945204 0.6209069428620516 0.007508892483181423 0.010786098904079862
0 0.5737829173070584 0.7570541613708999 0.009385850694444444 0.011845002350983796
0 0.5919439315795898 0.17089977970829717 0.009489991929796007 0.011220296223958336
0 0.6503460142347548 0.3584005709047671 0.008092541164822048 0.010352325439453126
0 0.43118476867675776 0.4043148464626736 0.006875356038411457 0.00942218921802662
0 0.5633380677964952 0.4857975429958767 0.007890701293945312 0.009877692328559028
0 0.5299146228366428 0.31657768532081887 0.00796097649468316 0.011264942310474537
0 0.6036802503797744 0.723532443576389 0.007645077175564235 0.011793913664641205
0 0.7109113481309679 0.5104582327383536 0.007627444797092014 0.01063373706958912
0 0.46398423512776693 0.6768915247034143 0.008716032240125867 0.010184959129050925
0 0.7386948903401693 0.3841998064959491 0.007567765977647569 0.012178943775318286
0 0.5754303826226128 0.8093368812843607 0.008979627821180556 0.013575405544704862
0 0.40167482164171003 0.40864499409993493 0.006726752387152778 0.007767204002097801
0 0.549722056918674 0.2698779070818866 0.0077838897705078125 0.008974428530092593
0 0.49645977020263665 0.7733401545771846 0.00817214118109809 0.011325807924623843
0 0.7570824093288846 0.5382796676070601 0.008110470241970487 0.011506483289930557
0 0.5642817603217231 0.7343931410047745 0.007494523790147569 0.009974952980324074
0 0.2521145396762424 0.35684396249276623 0.00695031483968099 0.008298690230758101
0 0.35980682373046874 0.7652944776746962 0.008581288655598958 0.010397734465422455
0 0.6250740051269531 0.47387710853859233 0.008044518364800347 0.011235357213903356
0 0.6601685206095378 0.2411145740085178 0.00876053704155816 0.01255421108669705
0 0.7553586324055989 0.33264550103081597 0.006830851236979168 0.009150582772714121
0 0.678954760233561 0.7882360387731481 0.007083765665690103 0.00916454173900463
0 0.6552524990505643 0.2204045331036603 0.007380421956380208 0.010385216606987848
0 0.5414381239149306 0.1627084873340748 0.007634819878472222 0.009097304167570892
0 0.7324014875623915 0.31608123779296876 0.008085038926866319 0.011205150462962964
0 0.30895513958401155 0.2518961729826751 0.008251041836208768 0.011479045726634838
0 0.5656812906939027 0.29733840420804597 0.007758543226453993 0.009719905146846064
0 0.5540917502509223 0.5878746880425347 0.008280563354492187 0.01178905345775463
0 0.30038090811835394 0.4724325250696253 0.007119348314073351 0.009080081515842013
0 0.7348965030794079 0.5855495018161013 0.00654966566297743 0.009007771809895834
0 0.3219106702659713 0.4408230079595869 0.007553526342817065 0.011385025212361838
0 0.32798633275910677 0.4399472367894052 0.007881940531635151 0.009633482871998495
0 0.3613203729241471 0.45308380434213047 0.007553526342817136 0.01138502521236191
0 0.23225359671862145 0.4896472506972158 0.008210354720453346 0.010947139627271056
0 0.3345546165354694 0.5336547519988454 0.0052546270210901014 0.010509254042180203
0 0.28529248821274966 0.5021269898723049 0.009195597286907678 0.010509254042180274
0 0.4312725951424091 0.475197026389218 0.006239869587544575 0.01007136845708935
0 0.4036858032816861 0.4412608935446778 0.00821035472045331 0.008757711701816717
0 0.40664153098104927 0.49117985024503374 0.004926212832271943 0.007006169361453516
0 0.47610113191608405 0.49993756194685063 0.006568283776362662 0.012260796382543546
0 0.44588702654481593 0.5509512326099337 0.007881940531635151 0.010947139627271127
0 0.39908800463823224 0.559927887104296 0.005583041209908331 0.012260796382543546
0 0.4841472795421284 0.5627741434073864 0.00689669796518082 0.012698681967634328
0 0.4797136879930835 0.584887365454474 0.008538768909271325 0.011385025212361838
0 0.5043447521544434 0.5986807613848355 0.008538768909271468 0.010947139627270985
0 0.3898924073513246 0.6464102901597372 0.006896697965180891 0.009195597286907713
0 0.3478553911826037 0.6238591825275589 0.00558304120990826 0.008757711701816717
0 0.2971153990102024 0.6354631505324663 0.0059114553987263466 0.009195597286907713
0 0.23980712306143842 0.5202992416535749 0.00821035472045331 0.009195597286907642
0 0.2939954642164302 0.5165772141803027 0.0068966979651807845 0.007881940531635151
0 0.2821725534189774 0.5181098137281205 0.00558304120990826 0.007444054946544369
0 0.38660826546314325 0.4741023124264909 0.007553526342817065 0.010509254042180203
0 0.4499922039050427 0.4445450354328591 0.0062398695875444336 0.01007136845708935
0 0.5273337453717126 0.5071626741008495 0.008538768909271396 0.011822910797452693
0 0.3923555137674606 0.48767676556430717 0.007225112153998907 0.009633482871998566
0 0.24177760819434724 0.4371009804863148 0.006896697965180749 0.008319826116726006
0 0.4077909806419127 0.42374547014104413 0.008538768909271396 0.010509254042180203
0 0.4268390035933644 0.4145498728541365 0.006568283776362591 0.007006169361453516
0 0.39728172659973254 0.3990049345834116 0.009852425664543958 0.01007136845708935
0 0.39301234214509684 0.3655066873239622 0.005911455398726418 0.007881940531635151
0 0.278724204436387 0.36156571705814455 0.012479739175088973 0.01138502521236191
0 0.28315779598543184 0.35215117697869147 0.006896697965180749 0.010071368457089279
0 0.28693455915684035 0.3497428062606919 0.006568283776362626 0.007006169361453587
0 0.4555752451149509 0.3541216621116003 0.006239869587544505 0.013136567552725253
0 0.543261833529392 0.4138930444765002 0.00558304120990826 0.011822910797452764
0 0.5539352946659812 0.2803379410237934 0.005254627021090173 0.01007136845708942
0 0.5511437740610272 0.28405996849706555 0.004269384454635769 0.010509254042180166
0 0.3383313797068779 0.21969078748871176 0.01083766823099829 0.011385025212361946
0 0.3926839279562786 0.20589739155835018 0.003940970265817611 0.010071368457089313
0 0.42651058940454617 0.2205665586588934 0.005254627021090173 0.0070061693614534805
0 0.43521356540822675 0.1730559726765371 0.0062398695875444336 0.012698681967634436
0 0.460829872136041 0.17874848528271797 0.007553526342816994 0.011822910797452728
0 0.5391566561691653 0.13890089703945135 0.005911455398726418 0.010947139627271093
0 0.5345588575257115 0.14503129523072317 0.006568283776362662 0.011822910797452745
0 0.538499827791529 0.17546434339453668 0.0045977986434539275 0.008757711701816823
0 0.5376787923194837 0.18487888347398979 0.006896697965180891 0.009195597286907642
0 0.5393208632635744 0.1942934235534429 0.00558304120990826 0.00875771170181686
0 0.5829999503763859 0.2012995929148964 0.00689669796518082 0.010509254042180238
0 0.5951512753626568 0.1518185217996312 0.00689669796518082 0.009633482871998495
0 0.5700275899180697 0.22757272802034692 0.0065682837763625206 0.008757711701816823
0 0.5852988496981129 0.24859123610470732 0.006239869587544575 0.007881940531635117
0 0.5903892696247938 0.2507806640301615 0.005254627021090173 0.00875771170181686
0 0.5833283645652041 0.21465510326016704 0.00558304120990826 0.007444054946544334
0 0.6754485445286901 0.22012867307380263 0.008538768909271396 0.010509254042180238
0 0.7391608971594075 0.2746454284176124 0.007881940531635222 0.0126986819676344
0 0.6977807093683228 0.4254970124814075 0.007225112153998765 0.010509254042180274
0 0.705170028616731 0.4230886417634079 0.006239869587544575 0.008319826116726006
0 0.7618214761878584 0.39046616567414005 0.007225112153998765 0.01138502521236198
0 0.7347273056103626 0.365506687323962 0.0062398695875444336 0.009633482871998566
0 0.5867767135477944 0.4213370994230445 0.008538768909271468 0.01007136845708942
0 0.5864482993589761 0.4318463534652247 0.005911455398726418 0.008319826116726006
0 0.583328364565204 0.4412608935446778 0.010180839853362045 0.01138502521236191
0 0.6683876394691001 0.4456397493955862 0.007553526342817207 0.009633482871998566
0 0.6744633019622355 0.43140846788013393 0.005254627021090244 0.008319826116725935
0 0.7885872325765362 0.45155120479431254 0.006239869587544575 0.010947139627270985
0 0.7736443869853113 0.4550542894750393 0.00788194053163508 0.01007136845708935
0 0.7595225768661317 0.4697234565755825 0.007225112153998765 0.009633482871998566
0 0.6969596738962776 0.4552732322675847 0.007553526342817207 0.012260796382543546
0 0.6967954668018683 0.4657824863097649 0.007225112153998907 0.012260796382543546
0 0.6949891887633686 0.47738645431467225 0.006239869587544575 0.0126986819676344
0 0.7023785080117767 0.48504945205376204 0.007225112153998907 0.00875771170181686
0 0.715350868470093 0.5224886695790291 0.006239869587544575 0.010947139627271056
0 0.6662529472417822 0.5496375758546611 0.007881940531635222 0.010947139627271056
0 0.6565647286716474 0.5505133470248428 0.00821035472045338 0.01007136845708935
0 0.6572215570492835 0.585982079417201 0.007553526342816923 0.011822910797452835
0 0.5728191105230237 0.46293623000667444 0.008210354720453238 0.009195597286907713
0 0.5729833176174328 0.4703802849532188 0.007225112153998907 0.01007136845708935
0 0.5917029263800663 0.5080384452710313 0.006568283776362662 0.01007136845708935
0 0.5486806676448911 0.5406609213602989 0.0065682837763625206 0.007881940531635151
0 0.5549205372324356 0.5417556353230261 0.008538768909271396 0.008319826116726077
0 0.5605035784423439 0.5597089443117506 0.005911455398726418 0.009195597286907784
0 0.5371861710362564 0.5984618185922901 0.006568283776362662 0.009633482871998566
0 0.6270074516780154 0.5675908848433856 0.006896697965180678 0.012698681967634328
0 0.6327546999823328 0.5564248024235693 0.005911455398726418 0.012260796382543546
0 0.6613267344095103 0.5967102762519267 0.007225112153998907 0.008757711701816717
0 0.5375145852250747 0.6144446424481059 0.006568283776362662 0.010071368457089492
0 0.7327568204774539 0.6267054388306496 0.00558304120990826 0.012698681967634542
0 0.5271695382773036 0.6753107387757329 0.004926212832271943 0.01007136845708942
0 0.4721601616502664 0.7473429175231765 0.007225112153998836 0.011385025212361767
0 0.5921955476632936 0.7992323593564413 0.00689669796518082 0.01007136845708942
0 0.6122288131811996 0.8020786156595318 0.006896697965180749 0.01138502521236191
0 0.5468743896063915 0.7142825558488178 0.006239869587544505 0.01007136845708942
0 0.5634593061417071 0.7114362995457274 0.007225112153998907 0.009633482871998637
0 0.5767600807888414 0.6952345328973664 0.006896697965180749 0.009633482871998495
0 0.5741327672782964 0.6831926793073682 0.006896697965180891 0.008319826116726006
0 0.575774838222387 0.6768433383235509 0.007553526342816923 0.00788194053163508
0 0.5476954250784368 0.6796895946266415 0.006568283776362662 0.010947139627271127
0 0.5521290166274816 0.6842873932700952 0.00558304120990826 0.008757711701816788
0 0.5527858450051178 0.6926072193868211 0.0055830412099081884 0.00875771170181693
0 0.5572194365541625 0.7007081027110018 0.0065682837763625206 0.008319826116726006
0 0.6012269378557922 0.6982997319930021 0.008538768909271396 0.010509254042180203
0 0.6212602033736982 0.6687424549993701 0.0059114553987263466 0.008319826116726148
0 0.6253653807339249 0.6650204275260981 0.0049262128322720145 0.009633482871998495
0 0.6263506233003793 0.6573574297870084 0.006239869587544505 0.009195597286907713
0 0.6119003989923815 0.8325116638233453 0.006239869587544505 0.010947139627271127
0 0.5987638314396563 0.8349200345413448 0.0062398695875443624 0.01050925404218006
0 0.6194539253351985 0.830322235897891 0.006896697965180749 0.01007136845708942
0 0.6585352138045562 0.7554438008473571 0.008210354720453238 0.012698681967634257
0 0.660669906031874 0.7442777184275405 0.007225112153998907 0.01401233872290689
0 0.6526237584058299 0.7197561256624535 0.006239869587544575 0.007881940531635222
0 0.6805389644553711 0.6799085374191869 0.006896697965180891 0.008757711701816788
0 0.6892419404590515 0.6825358509297317 0.006568283776362733 0.00875771170181693
0 0.6867788340429155 0.6615173428453714 0.0062398695875444336 0.007881940531635222
0 0.4449017839783616 0.7348631783480875 0.007225112153998907 0.011822910797452693
0 0.44309550593986186 0.7094658144128186 0.00689669796518082 0.009195597286907713
0 0.4465438549224522 0.672683425265188 0.006568283776362591 0.011822910797452835
0 0.4378408789187717 0.6842873932700954 0.008867183098089555 0.01050925404218006
0 0.408612016113958 0.6934829905570029 0.007553526342816994 0.010509254042180203
0 0.39744593369414155 0.7046490729768194 0.006239869587544575 0.011822910797452835
0 0.4115677438133212 0.7379283774437235 0.006239869587544575 0.009195597286907713
0 0.4174791992120476 0.7383662630288143 0.006239869587544575 0.01007136845708942
0 0.33718193004601443 0.6954534756899116 0.007225112153998836 0.009195597286907713
0 0.30138478346483805 0.7357389495182691 0.007881940531635151 0.010947139627270985
