0 0.572121344672309 0.3078079082347729 0.009205457899305556 0.012739591245298032
0 0.45465619828965936 0.5589823687518084 0.010018963283962673 0.013802252875434028
0 0.6822682486640084 0.7158953913935909 0.011195161607530382 0.01388397216796875
0 0.7108346303304036 0.4165875752766927 0.009156714545355903 0.012838688603153936
0 0.6229565726386177 0.566227552625868 0.010417217678493924 0.01410228587962963
0 0.7648336198594835 0.48328902633101856 0.00882966783311632 0.012570981626157407
0 0.3808757570054796 0.4187325230351201 0.009993531968858507 0.012819445574725115
0 0.32506898244222 0.5602836891456886 0.010875066121419273 0.01360496238425926
0 0.5372787051730686 0.7626155429416233 0.010876888699001736 0.014419499150028936
0 0.43381103939480253 0.512051702428747 0.00853165520562066 0.011905641908998843
0 0.352574963039822 0.7820763764558016 0.010764990912543402 0.014716084798177083
0 0.45841971503363715 0.610631561279297 0.010728878445095487 0.014437583640769676
0 0.5053116692437066 0.7443799336751301 0.009289466010199653 0.013064518681278937
0 0.509712028503418 0.7102851019965278 0.010849380493164062 0.013912624782986112
0 0.6304823981391059 0.3664874041521991 0.00983428955078125 0.01349498607494213
0 0.3011601554022895 0.46893463134765623 0.008802413940429688 0.01141346119068287
0 0.6384771558973524 0.3065217053448713 0.01059722900390625 0.014664176658347801
0 0.4706802792019314 0.48309758504231765 0.008397420247395834 0.012238283510561342
0 0.4953125 0.27823342217339414 0.00941280788845486 0.013524655942563657
0 0.3320068995157877 0.4882588421856916 0.009180068969726562 0.01322174072265625
0 0.47752971649169923 0.5332207291214555 0.009299935234917536 0.011829687047887732
0 0.6779773500230577 0.33809712727864577 0.009926986694335938 0.01315058955439815
0 0.6684444427490235 0.775195708098235 0.010187784830729164 0.012738037109375
0 0.7799402448866103 0.603213048864294 0.011236148410373263 0.014976218894675925
0 0.4675348493787977 0.5436878910771122 0.008588155110677084 0.010849564163773149
0 0.4915311813354492 0.5156459667064525 0.010045496622721355 0.014469288013599537
0 0.64557433658176 0.3523245776141131 0.00969835917154948 0.01317576655635127
0 0.2722860866122776 0.6326176961263021 0.010022205776638456 0.012431731047453704
0 0.5129978603786892 0.6586203681098091 0.009657118055555556 0.012367305049189814
0 0.5465444988674587 0.7299247741699219 0.009891637166341146 0.01291340015552662
0 0.5723150041368272 0.2486708747016059 0.008853912353515625 0.011368249963831019
0 0.7328728993733723 0.3284288477014612 0.00918485853407118 0.01284224898726852
0 0.46783629523383247 0.21795488286901407 0.009980943467881944 0.01290225276240596
0 0.4700443691677517 0.5193162706163195 0.008964708116319444 0.01162098072193287
0 0.6674287372165256 0.4856648197880497 0.009957080417209201 0.011488850911458333
0 0.7168200598822699 0.47077985692907265 0.006916046142578125 0.008706354211877893
0 0.6379989200168186 0.413269692880136 0.008989122178819444 0.01165206344039352
0 0.56715006544362 0.1810163605411544 0.0038916334342012165 0.007037220411609992
0 0.53799802992079 0.8396306638364439 0.010789913601345487 0.014572539152922453
0 0.3643919085520494 0.42390535102075183 0.008017029045289727 0.010379368216742114
0 0.25099738543324784 0.450948634152722 0.008168220520019531 0.009492577446831598
0 0.4713088141547309 0.8445102550365307 0.009911007351345487 0.01248321533203125
0 0.30647905137803816 0.39510598359284577 0.009275224473741319 0.0109644854510272
0 0.4522630447398759 0.48757161331850085 0.008328925238715278 0.010895736129195602
0 0.271681888207036 0.4334562487453503 0.006321500551602952 0.006797312421078417
0 0.2695407347943963 0.428834076299017 0.005709742433705855 0.006797312421078417
0 0.26352511330174183 0.39172075047992877 0.004690145570544146 0.0065254199242352935
0 0.2708662107165065 0.3937599442062522 0.0059136618063382685 0.007341097414764661
0 0.36630047710844793 0.4156472902021248 0.0071371780421323906 0.008156774905294172
0 0.4043314401043818 0.3762228781598699 0.007748936160029416 0.008700559898980345
0 0.5640003088755147 0.18358704414650667 0.004894064943176417 0.006253527427392207
0 0.6044783043430367 0.27562265432790883 0.006729339296867707 0.0081567749052941
0 0.6038665462251397 0.2821480742521441 0.005097984315808759 0.007069204917921539
0 0.6101880467767427 0.27942914928371276 0.005097984315808759 0.005981634930549049
0 0.61212528081675 0.27249589061421275 0.00407838745264705 0.006253527427392171
0 0.6143683939157059 0.26814561066472253 0.004894064943176417 0.007884882408450977
0 0.5912235451219336 0.3404690148249972 0.0075450167873970745 0.008428667402137293
0 0.6480150904000442 0.43794247494326216 0.009380291141088293 0.011419484867411782
0 0.6804382706485884 0.4054513215705072 0.004894064943176631 0.0073410974147647325
0 0.6870656502591399 0.40585916031577185 0.004282306825279391 0.007069204917921539
0 0.7038889985013088 0.4462351960969778 0.005301903688441172 0.0057097424337059265
0 0.7025635225791987 0.45575143348648767 0.005505823061073442 0.008972452395823609
0 0.6608620108758825 0.5821814445185467 0.005709742433705998 0.006797312421078417
0 0.666367833936956 0.7609507611929099 0.0081567749052941 0.009244344892666732
0 0.7413082033793458 0.7477639750960177 0.006321500551602952 0.012235162357941221
0 0.4247233773676172 0.8128822280899493 0.006933258669500049 0.00924434489266659
0 0.4304331198013231 0.8143776368225866 0.004894064943176488 0.008428667402137364
0 0.43471542662660256 0.7580958899760571 0.0069332586694999775 0.012235162357941221
0 0.422888103013926 0.7072519930663903 0.0069332586694999775 0.010060022383196098
0 0.4388957737655657 0.7031736056137433 0.005913661806338197 0.01006002238319624
0 0.4465427502392791 0.6990952181610962 0.0065254199242352935 0.011147592370568732
0 0.447154508357176 0.4825328444255368 0.007341097414764804 0.008700559898980416
0 0.5069028845384556 0.3696974582356347 0.0081567749052941 0.009244344892666661
0 0.522094877799566 0.33557494988182085 0.005913661806338197 0.008972452395823609
0 0.4959931981026247 0.33339980990707574 0.003874468080014708 0.0062535274273921
0 0.5011931421047497 0.3359827886270855 0.005301903688441172 0.007069204917921539
0 0.49905198869211004 0.3425082085513209 0.0050979843158089014 0.005981634930549049
0 0.4987461096331615 0.35705445713242867 0.004894064943176488 0.006253527427392171
0 0.5071068039110881 0.35528715590294835 0.0044862261979118755 0.005437849936862733
