0 0.3776842951774597 0.7129953384399415 0.009004521369934081 0.011777877807617188
0 0.34696168899536134 0.5382452805836996 0.008752250671386718 0.012300459543863933
0 0.31137063503265383 0.5085467020670573 0.008863592147827148 0.010926310221354167
0 0.5488212585449219 0.2584054946899414 0.0084991455078125 0.010737895965576172
0 0.599522614479065 0.2957673231760661 0.008473730087280274 0.011222362518310547
0 0.7767477989196777 0.5288363615671794 0.009285831451416015 0.011506430308024089
0 0.5439253330230713 0.1607675313949585 0.008465385437011719 0.011103264490763346
0 0.464067268371582 0.38109823862711584 0.00899801254272461 0.011706860860188802
0 0.5997940301895142 0.5040334860483805 0.008651304244995116 0.011173852284749349
0 0.5230443716049195 0.14941523869832354 0.008280134201049805 0.011652819315592448
0 0.6334784984588623 0.3980311552683512 0.009296417236328125 0.011793931325276695
0 0.7014881372451782 0.4431251207987467 0.009074735641479491 0.012816238403320312
0 0.4128955602645874 0.38001864751180015 0.008590269088745116 0.010704676310221352
0 0.41178073883056643 0.46752591133117677 0.007591152191162109 0.009259255727132161
0 0.7111455248841306 0.252156088347587 0.008490371704101562 0.011024141311645507
0 0.48430509567260743 0.23120418389638264 0.00782623291015625 0.010730218887329102
0 0.5767525196075439 0.28309439023335775 0.008209705352783203 0.011963367462158203
0 0.698224949836731 0.2814715544382731 0.008565568923950195 0.010913117726643879
0 0.6922128438949585 0.2813205083211263 0.007695531845092774 0.011663881937662761
0 0.5895906448364258 0.2490662654240926 0.00855722427368164 0.011728016535441081
0 0.6157011032104491 0.7163407007853189 0.008704566955566406 0.01180254618326823
0 0.34239845275878905 0.4375634829203288 0.008698987960815429 0.011316363016764324
0 0.5887990713119506 0.28234594662984214 0.007572317123413086 0.01104885737101237
0 0.3960692286491394 0.43899318377176927 0.00789034366607666 0.010623518625895183
0 0.5672056913375854 0.6871953646341958 0.008071565628051757 0.011074129740397136
0 0.33994356393814085 0.19397096633911132 0.008248209953308105 0.01113001505533854
0 0.716128158569336 0.6531351607228872 0.007129001617431642 0.010846583048502605
0 0.589853835105896 0.3436519463857015 0.009787225723266601 0.013461081186930339
0 0.5339903593063355 0.42975077629089353 0.008135175704956055 0.010561720530192059
0 0.3446229934692383 0.24988791147867837 0.00875234603881836 0.010920874277750651
0 0.5994069099426269 0.37306952476501465 0.008738231658935548 0.012274010976155597
0 0.2681756138801574 0.5114439964294434 0.008753371238708497 0.011668459574381512
0 0.4118053913116455 0.44658145904541013 0.007286167144775391 0.008967081705729166
0 0.6969562768936157 0.6241385777791341 0.00966506004333496 0.012999598185221355
0 0.5580446481704712 0.6625823020935059 0.007650041580200195 0.010420799255371094
0 0.5324137449264527 0.1878701130549113 0.009099340438842774 0.011636718114217121
0 0.45260465145111084 0.31049486796061193 0.009759950637817382 0.012156740824381512
0 0.43313963413238527 0.44368902842203783 0.007318639755249023 0.010034434000651042
0 0.43055365085601804 0.34959867795308436 0.008129262924194336 0.010960801442464191
0 0.7071194171905517 0.27177611986796063 0.006676006317138672 0.009769026438395183
0 0.3540759629963708 0.18740184855523526 0.007940936088562011 0.010936228434244792
0 0.7391329050064087 0.3474366505940755 0.008610200881958009 0.010683695475260414
0 0.5429408073425293 0.4445601463317871 0.007728004455566406 0.009956804911295573
0 0.433004093170166 0.41414208412170417 0.007780838012695313 0.01053291956583659
0 0.45094664096832277 0.4830992857615153 0.00867447853088379 0.011818790435791015
0 0.3855918526649475 0.7681919733683269 0.00927746295928955 0.012116241455078124
0 0.5261617660522461 0.6682777722676595 0.0088043212890625 0.012367947896321613
0 0.5256546020507813 0.2595972537994385 0.007399368286132813 0.010862096150716144
0 0.4330916881561279 0.5363091945648194 0.00843496322631836 0.011631361643473307
0 0.3527500629425049 0.7134535789489747 0.009571218490600586 0.011940828959147136
0 0.6406175878974298 0.5028734153590855 0.007926654815673829 0.01143646240234375
0 0.5396988868713379 0.49150311152140297 0.009449005126953125 0.012090428670247394
0 0.7519874572753906 0.6309888521830241 0.009099197387695313 0.012384859720865886
0 0.6356205224990845 0.332162872950236 0.007692670822143555 0.010668977101643879
0 0.30947784185409544 0.47241690953572596 0.007915139198303223 0.01083202362060547
0 0.40601585283300023 0.796141266587266 0.007522010803222656 0.00953826904296875
0 0.45304107666015625 0.16552771727244062 0.00843343734741211 0.010939455032348633
0 0.387337851524353 0.34163428942362467 0.00845632553100586 0.011680507659912109
0 0.3021573543548584 0.38335164388020826 0.007731819152832031 0.0105438232421875
0 0.696379828453064 0.709626261393229 0.007620954513549804 0.010677591959635418
0 0.2800501108169556 0.43753248850504556 0.00954298973083496 0.012574577331542968
0 0.28799631595611574 0.5673028310139974 0.008669614791870117 0.011898040771484375
0 0.44331395626068115 0.7020706176757814 0.008853483200073241 0.010419972737630208
0 0.4003904819488525 0.6097945849100749 0.008470916748046875 0.011848640441894532
0 0.5021113947782443 0.6088917909619205 0.006480121612548828 0.008489735921223958
0 0.28720654249191285 0.28964737256368 0.008184361457824706 0.010964361826578777
0 0.433136510848999 0.4146594683329264 0.00949411392211914 0.012483596801757812
0 0.3956033229827881 0.8046947479248046 0.00868973731994629 0.012464396158854167
0 0.634178638458252 0.4487184524536132 0.00852823257446289 0.011249669392903646
0 0.3335785018299211 0.5805482201815774 0.007890629768371581 0.00964342753092448
0 0.4583542823791504 0.8068376541137696 0.009056663513183594 0.01100781758626302
0 0.3309265971183777 0.49536476135253904 0.007787919044494629 0.010014851888020836
0 0.3876499176025391 0.4033166249593099 0.008916139602661133 0.010712051391601562
0 0.4101937532424927 0.2627772013346354 0.0069811344146728516 0.010451316833496094
0 0.7059092814141015 0.32154858881462867 0.007043361663818359 0.009426720937093099
0 0.3786880757177437 0.5796785169743985 0.008272250964465613 0.008616928087984874
0 0.3421092159842475 0.4747243328627415 0.007496727436546919 0.007582896717426806
0 0.30346229350963483 0.44439274599303447 0.0051701568527909815 0.008272250964465613
0 0.30527184840811167 0.43698218783736736 0.006204188223349156 0.008616928087985016
0 0.3100542434969433 0.4342247708492121 0.005945680380709639 0.009306282335023753
0 0.3103127513395829 0.4404289590725614 0.0054286646954304985 0.007238219593907402
0 0.2592574524182719 0.41957599309963767 0.008272250964465542 0.007582896717426806
0 0.38954540510860475 0.4154398676174049 0.007238219593907331 0.009650959458543155
0 0.23379442991827631 0.4412906518813598 0.006462696065988744 0.010340313705582034
0 0.4098382707558093 0.3397832390048968 0.011632852918779761 0.011374345076140173
0 0.4058313991948964 0.314449470426221 0.009823298020302858 0.014476439187814733
0 0.39277675314159916 0.31703454885261656 0.009564790177663412 0.007927573840946174
0 0.3925182452989596 0.3101410063822286 0.00956479017766327 0.009306282335023787
0 0.4172057442710365 0.2773966796478856 0.006721203908628297 0.012753053570217715
0 0.28174763472791275 0.26671168881878426 0.011891360761419207 0.012753053570217858
0 0.4266412805273801 0.2224206784465415 0.008013743121826096 0.009650959458543155
0 0.4297433746390547 0.219835600020146 0.00646269606598878 0.008616928087984982
0 0.47847210297660964 0.17916369944485694 0.008272250964465613 0.009306282335023787
0 0.5181530568217805 0.22621212680525488 0.011115837233500585 0.011719022199659613
0 0.6945846594232727 0.19605287849730746 0.006204188223349121 0.01206369932317898
0 0.5406432391314213 0.3413342860607342 0.00853075880710506 0.009650959458543155
0 0.7060882584207329 0.3289259096140358 0.005945680380709746 0.007582896717426735
0 0.7144897633065181 0.34702145859880423 0.006204188223349121 0.00999563658206256
0 0.5409017469740608 0.4300886453669793 0.00542866469543057 0.011374345076140173
0 0.5105270754639137 0.4487012100370269 0.007755235279186507 0.00999563658206263
0 0.6440463761872411 0.45593942963093426 0.00749672743654699 0.010684990829101437
0 0.648570263433433 0.4605925707984461 0.007238219593907473 0.007582896717426806
0 0.7050542270501745 0.5502086229134899 0.009564790177663412 0.01309773069373712
0 0.7673546171263059 0.4931645589710294 0.005945680380709746 0.007927573840946209
0 0.7704567112379805 0.4974730230150219 0.006462696065988638 0.006893542470387928
0 0.7738173131922947 0.5022985027442934 0.005945680380709746 0.008272250964465684
0 0.7775656769105681 0.5057452739794874 0.006721203908628297 0.008272250964465471
0 0.7689056641821432 0.5133281706969142 0.009047774492384236 0.010340313705581963
0 0.6019095978369943 0.5498639457899706 0.00956479017766334 0.008272250964465471
0 0.6284066517075482 0.609320749597067 0.005687172538070087 0.008616928087984945
0 0.6277603821009493 0.6191440476173697 0.00646269606598878 0.007582896717426735
0 0.697945261377587 0.5824359339625537 0.006204188223349263 0.009306282335023753
0 0.7342656132684436 0.6443054776342859 0.0069797117512680985 0.0068935424703880695
0 0.7303879956288504 0.6505096658576351 0.010081805862942446 0.008961605211504348
0 0.7011766094105814 0.6823922997831795 0.007496727436546848 0.00792757384094628
0 0.677781649651702 0.7118621938440881 0.005687172538070087 0.00896160521150449
0 0.5938958547151683 0.685494393894854 0.009047774492384093 0.010684990829101366
0 0.6209099242710012 0.7482256303753849 0.009306282335023753 0.010684990829101508
0 0.5377996528623862 0.6784285128627064 0.007496727436546919 0.010340313705581963
0 0.5472351891187297 0.7430554735225937 0.010857329390861068 0.009306282335023753
0 0.5558952018471547 0.7878634995801156 0.006462696065988709 0.011374345076140173
0 0.35865371791317857 0.6951453533533973 0.007496727436546919 0.011374345076140031
0 0.6710248709381414 0.17118192193452675 0.0076776829263945955 0.014407503763110866
