0 0.3260053210788303 0.6194677847403066 0.009092881944444445 0.01212158203125
0 0.7163322872585721 0.2569422686541522 0.008283403184678819 0.01179589165581597
0 0.5003206992413901 0.7870773521986969 0.008306291368272569 0.011324621129918982
0 0.42420960578164135 0.4129039439498532 0.008584679497612848 0.011530558268229164
0 0.38176987965901693 0.6699499342176648 0.008757993910047742 0.011300376609519675
0 0.32692505518595383 0.4821987293384693 0.007521883646647135 0.010491660789207175
0 0.42783162858751084 0.8412829363787615 0.008679156833224826 0.0130584716796875
0 0.3749638875325521 0.727508290608724 0.008798980712890625 0.012119717068142362
0 0.3905529234144423 0.5818724455656828 0.007884004380967882 0.009609646267361112
0 0.5147687911987304 0.7519937868471499 0.008162731594509549 0.010717151783130787
0 0.762320793999566 0.5178769712094907 0.009189181857638888 0.012209065755208333
0 0.4513284471299913 0.8379002888997397 0.007966868082682292 0.01145347312644676
0 0.6629531648423936 0.3089048032407407 0.008589129977756077 0.011057422779224536
0 0.2380613221062554 0.42391904195149743 0.010375658671061196 0.013301340738932292
0 0.42828735775417753 0.5147135981807002 0.007532458835177952 0.011574300130208333
0 0.7282772911919487 0.3459018565990307 0.008440229627821181 0.011473874692563658
0 0.33928780949720555 0.545733138116367 0.006749343872070312 0.00852203369140625
0 0.6067045423719617 0.7128113923249422 0.007916174994574653 0.01028193721064815
0 0.25620936287773977 0.5327905725549769 0.008553377787272136 0.011121961805555556
0 0.5853324254353841 0.7645814683702257 0.008939827813042535 0.012130285192418981
0 0.4302165985107422 0.7692685162579572 0.00785768296983507 0.011304841218171298
0 0.7941026899549695 0.529792813901548 0.007462141248914931 0.009762855812355324
0 0.6692200130886502 0.7356474699797454 0.00765652126736111 0.011867607964409723
0 0.5165736516316731 0.27018020064742476 0.00849164326985677 0.011703773781105325
0 0.7091409976531685 0.5077478835714584 0.008727984958224827 0.011809398509837962
0 0.3780326419406467 0.46999799940321174 0.008575948079427083 0.011141063548900463
0 0.6621662987603082 0.6681095264576099 0.008096483018663194 0.011181866681134259
0 0.5893293380737304 0.1503053523876049 0.008591079711914062 0.011849933200412326
0 0.6881883833143446 0.2983797285291884 0.007398393419053819 0.01060381288881655
0 0.3683307647705078 0.6185047290943287 0.008149888780381944 0.010192645037615739
0 0.734714847140842 0.6535675331398294 0.00860019259982639 0.012069871690538194
0 0.38140127393934464 0.21746747758653429 0.008610195583767362 0.011909301192672164
0 0.7070022583007811 0.7899156358506945 0.009344312879774306 0.011997364185474537
0 0.37269187503390844 0.3232131816722729 0.0077732933892144095 0.010168146204065394
0 0.2669897609286838 0.47015085573549625 0.009912130567762587 0.012868612783926505
0 0.46794770558675125 0.3608596519187644 0.008406448364257812 0.010748686613859955
0 0.39472866058349604 0.6200036225495515 0.007830937703450521 0.010295896176938657
0 0.6318092770046658 0.2140764660305447 0.008748118082682292 0.01183789571126302
0 0.43360686832004125 0.6544602570710358 0.008611339992947048 0.01126776801215278
0 0.7272029876708984 0.28540725708007814 0.009352366129557291 0.013582413284866899
0 0.6327878952026368 0.628638995135272 0.008620071411132812 0.011679303204571757
0 0.5609198464287651 0.40846297652633107 0.00873976813422309 0.011832512749565972
0 0.5221879959106446 0.3748523288302952 0.009285185072157118 0.012156168619791664
0 0.5766541375054254 0.654569583468967 0.008838144938151042 0.012072584364149305
0 0.4712311638726128 0.6530859488028067 0.009684668646918403 0.011951022677951388
0 0.31377237045550493 0.4860246818826654 0.007821400960286459 0.01011459915726273
0 0.7484769185384114 0.6421841939290364 0.009052361382378473 0.012469878020109954
0 0.7568603515625 0.6172874168113426 0.007882859971788194 0.011135525173611112
0 0.6214620378282335 0.6147241380479601 0.008959452311197916 0.010855385109230325
0 0.48913678063286675 0.6427999708387587 0.00840526156955295 0.012211043746383104
0 0.3632244957817925 0.2830427099157263 0.008266025119357638 0.010740887677228007
0 0.682525889078776 0.2122386296590169 0.009329054090711806 0.011978530883789062
0 0.3483497301737468 0.22279865123607498 0.008785523308648003 0.011885466399016205
0 0.572500271267361 0.8658231947157118 0.00813352796766493 0.010524043330439815
0 0.28031891716851126 0.628867424858941 0.006621551513671875 0.008543452510127315
0 0.6598051283094618 0.2513024930600767 0.008036126030815972 0.011227162679036458
0 0.27531854841444225 0.6077871251989294 0.008557425604926215 0.01152886284722222
0 0.42969120324339705 0.536594908733588 0.0069811079237196184 0.008989122178819444
0 0.6907477060953776 0.7606953373661747 0.0079193115234375 0.011196334273726854
0 0.5528762817382812 0.19430568836353446 0.007851918538411459 0.010229463930483218
0 0.3960122002495659 0.5630511531123409 0.008132086859809028 0.011373166684751157
0 0.5781751208835179 0.23325458102756078 0.0068094465467664934 0.009239479347511573
0 0.6766743554009332 0.4573488447401258 0.010061052110460069 0.012777625189887152
0 0.45247442457411025 0.7735910768862123 0.008737352159288194 0.012827950936776623
0 0.3190326478746202 0.6424234743471499 0.0091605716281467 0.012766802752459491
0 0.7377913157145183 0.48347292299623845 0.007070159912109375 0.010065488462094907
0 0.7779365472156593 0.5981933786841992 0.0072986178927951385 0.00908084445529514
0 0.4207017474704318 0.36891718263979306 0.007027647230360244 0.009384918212890624
0 0.5067693922254775 0.3795808580186632 0.009752485487196181 0.011457655164930556
0 0.5160039054022895 0.657404468677662 0.007800674438476563 0.011643247251157406
0 0.5805327521430121 0.3814006240279586 0.007378980848524306 0.009712982177734374
0 0.5175642649332682 0.4848067389594184 0.00919189453125 0.011043802897135418
0 0.7401370760641904 0.4616485279816604 0.006796137491861979 0.008792283799913194
0 0.5550909254286025 0.2514026641845703 0.009961022271050347 0.013344913058810763
0 0.7673301696777344 0.5546646965874565 0.008551703559027778 0.010391404893663194
0 0.808027818467882 0.5341610943829572 0.009067959255642362 0.011728922526041664
0 0.7291256798638237 0.3615160200330946 0.008458201090494792 0.010917635317201968
0 0.7279382868962364 0.4618442618191487 0.00991531094925981 0.0116634943817547
0 0.44629010094536675 0.7292557327835648 0.007623163859049479 0.011860261140046296
0 0.30631819831000434 0.5120407669632524 0.008711920844184028 0.011712307400173611
0 0.5567304823133681 0.3560215844048394 0.008321974012586806 0.010171084933810763
0 0.6218577914767794 0.8521059389467592 0.009114837646484375 0.01181934497974537
0 0.7925376468234593 0.5664958812572337 0.007833268907335069 0.00983615451388889
0 0.3469083786010742 0.18781628078884552 0.007943810356987848 0.010783923113787614
0 0.5866222381591796 0.4050285763210721 0.006702931722005209 0.00874224062319155
0 0.6626877678765191 0.7713064123083043 0.009776899549696181 0.013010999891493055
0 0.6640208526911731 0.5696599301698799 0.008576711018880209 0.011071325231481481
0 0.28259682125515406 0.6694120053891782 0.007798216078016494 0.01008639865451389
0 0.5212867736816407 0.4103191799587673 0.00704193115234375 0.009446885850694444
0 0.6670933932551911 0.8089002069788651 0.006987677680121527 0.010023724591290507
0 0.38202148013644754 0.2538785016095197 0.008862177530924479 0.012476998788339123
0 0.5558826234605577 0.5191459090621383 0.010346518622504342 0.012583584255642362
0 0.5979526943630643 0.8772130612973814 0.006632486979166668 0.008442461932146992
0 0.6068065431382921 0.6210008126718026 0.00827649434407552 0.010918341742621528
0 0.7603757222493489 0.29553019205729164 0.009419928656684028 0.011666078920717592
0 0.32746709187825523 0.5597728022822627 0.007452731662326389 0.01027515552662037
0 0.5835376739501953 0.842801864058883 0.009884134928385416 0.011960630063657407
0 0.40728903876410594 0.8558837325484664 0.010477277967664931 0.013731779875578705
0 0.4002161661783854 0.25151021039044413 0.008007388644748264 0.010904524061414931
0 0.7755543178982204 0.4418404473198785 0.007456461588541668 0.010646113642939815
0 0.41499358283148874 0.6662224663628471 0.008660549587673611 0.011353104202835649
0 0.39166768391927087 0.7967124938964844 0.009440104166666666 0.013254405834056713
0 0.6973784764607747 0.31287198949743206 0.00669449700249566 0.010161986174406829
0 0.4424462212456597 0.2469435656512225 0.007787492540147569 0.010575103759765624
0 0.3160683250680705 0.5843691758228646 0.00742763943142361 0.009165332935474536
0 0.7158252292209201 0.2730684209752966 0.008188544379340277 0.010988447401258681
0 0.4156314463764715 0.47131329694934515 0.008882056342230903 0.011429963288483795
0 0.30686568154229055 0.6907456574616608 0.008393245273166233 0.011176780418113425
0 0.6128744761149089 0.8691466154875579 0.008608500162760416 0.012028107819733796
0 0.5851703479953829 0.2680172088276365 0.00692596435546875 0.009815357349537037
0 0.665771018134223 0.8250339203750804 0.009261237250434028 0.013332790798611112
0 0.5513381746080186 0.548918773509838 0.009068340725368924 0.012836032443576388
0 0.6822159669325784 0.2786979395245336 0.007928382025824653 0.010815542715567127
0 0.2737644513448079 0.3691607722529659 0.006279945373535156 0.008797539605034722
0 0.5159179475572374 0.8910544783980758 0.008506054348415799 0.013285149468315972
0 0.4980687035454644 0.7637207313820169 0.007764604356553819 0.010476741084346064
0 0.3395028538174099 0.5308373627839266 0.008266597323947482 0.010593951189959492
0 0.5790846310069133 0.6827062969424219 0.007772657606336806 0.010743487322771993
0 0.27846825917561846 0.5074273286042391 0.009133868747287326 0.010843743218315972
0 0.535324838426378 0.12203642527262369 0.008053376939561633 0.0109061770968967
0 0.7158382415771485 0.5784433435510706 0.006002383761935764 0.00832508228443287
0 0.3287153773837619 0.6595924094871237 0.008933448791503906 0.012332718460648146
0 0.6611616134643554 0.5289670025860823 0.006800460815429688 0.009430722837094908
0 0.572693548478645 0.8248462107506559 0.009872860378689237 0.012705654568142362
0 0.7633331722683377 0.6609715497052229 0.009669240315755208 0.013281758626302083
0 0.7347016228569878 0.670729234483507 0.00910152859157986 0.011637934932002315
0 0.4678964402940538 0.7201966744882088 0.007623121473524306 0.010613731101707175
0 0.6408151414659288 0.7659766585738571 0.00808868408203125 0.009654574924045138
0 0.4233041127522787 0.31900894730179397 0.008294762505425348 0.011078672055844906
0 0.23466881563362435 0.4509105932625383 0.009031390192498634 0.010596831159198388
0 0.24044890535682348 0.3986489486819462 0.007586367761698831 0.013005201877197977
0 0.41601913069899654 0.4781251823759341 0.009031390192498562 0.009151808728398549
0 0.5041654989777831 0.5771092188857189 0.009031390192498562 0.013486876020797851
0 0.5092230774855824 0.5761458705985192 0.008308878977098715 0.0125235277335981
0 0.5142806559933816 0.5751825223113193 0.009031390192498634 0.010596831159198317
0 0.5534768894288256 0.5739783369523194 0.009392645800198522 0.010115157015598513
0 0.49838540925458397 0.4147850324925438 0.009031390192498491 0.009633482871998495
0 0.3040298923120137 0.5995070665631155 0.006863856546299019 0.011078505302798334
0 0.341239219905108 0.5417061693311244 0.0054188341154991805 0.0062617638667990146
0 0.4181866643451963 0.4412771103905398 0.005418834115499109 0.008670134584798603
0 0.41601913069899665 0.4253818636517422 0.006141345330899028 0.007706786297598853
0 0.39344065521775 0.3899788140971476 0.009392645800198664 0.010115157015598442
0 0.3909118659638504 0.3716751966403504 0.0065026009385990595 0.013005201877197977
0 0.3905506103561504 0.35963334305035205 0.007947623369399038 0.010115157015598892
0 0.4010270229794489 0.35216739382455337 0.007225112153998907 0.01156017944639828
0 0.4261342877145951 0.3603558542657521 0.008308878977098786 0.009633482871998566
0 0.5025398487431333 0.12337217561458842 0.007225112153998836 0.009633482871998514
0 0.5541994006442255 0.17804219091318008 0.008670134584798603 0.011078505302798334
0 0.5827385936525211 0.16238778124618247 0.006502600938598988 0.016376920882397474
0 0.583461104867921 0.2729319972023655 0.0065026009385990595 0.008188460441198763
0 0.6784713296930065 0.19682748251357718 0.006502600938598988 0.007225112153998907
0 0.6949084598433538 0.1888798591441784 0.006141345330899099 0.008670134584798674
0 0.7205576079900499 0.26546604797656664 0.009031390192498491 0.009633482871998495
0 0.6833482803969556 0.34951818603475376 0.007586367761698795 0.012041853589998154
0 0.7877511510222397 0.42393684122094244 0.008308878977098715 0.0125235277335981
0 0.7801647832605408 0.4345336723801408 0.008308878977098715 0.013486876020797994
0 0.6013432574490681 0.4049107125487453 0.009031390192498634 0.013968550164397797
0 0.7503611956252954 0.47595764872973445 0.009392645800198664 0.009633482871998566
0 0.7635470253063434 0.5067847939201297 0.01119892383869825 0.009633482871998495
0 0.7182094465400004 0.5694024325881202 0.007947623369398827 0.010596831159198317
0 0.7200157245785 0.5621773204341212 0.005780089723199069 0.011560179446398209
0 0.6492096254693109 0.6317792341843105 0.007225112153998907 0.014931898451597689
0 0.6441945588957065 0.5155601012747763 0.005697804899352406 0.00793472089687576
0 0.6406492580694428 0.5227351148517383 0.004938097579438647 0.006752953954787913
0 0.6481197133819271 0.526280415678002 0.009243105725615947 0.008778840141224436
0 0.6403327133528122 0.5291504211087869 0.0063308943326136815 0.007765897048006138
0 0.6419154369359655 0.5422342693961885 0.005191333352743186 0.007597073199136517
0 0.6887007460539806 0.5353969035169658 0.00633089433261361 0.009454135536703063
0 0.6836360305878897 0.5332021934816596 0.0053179512393955975 0.008778840141224294
0 0.678697933008451 0.5300789522775702 0.006077658559309213 0.008947663990093915
0 0.6730634370524249 0.527968654166699 0.007470455312484034 0.009791783234442377
0 0.6821166159480625 0.5159821608969505 0.009116487838963678 0.009454135536703205
0 0.6649598923066793 0.5220598194562597 0.007976926859093254 0.007428249350266754
0 0.6607181931038282 0.5099045023376413 0.007090601652527368 0.00911648783896382
0 0.6767353557653409 0.5884075920620511 0.005444569126047725 0.008103544745745523
0 0.689140264214405 0.6114849366886776 0.006525419924235223 0.009244344892666732
0 0.6517210593363681 0.6030562692865405 0.0067293392968676355 0.009244344892666661
0 0.6852657961343904 0.7502860563270997 0.006933258669500049 0.012235162357941221
0 0.6566151242795448 0.8476235701969429 0.009992049258985248 0.013322732345313852
0 0.5926864009593019 0.7982750820199135 0.006117581178970539 0.009788129886353119
0 0.5895256506835004 0.7977312970262271 0.00509798431580883 0.009788129886352977
0 0.579533601424515 0.8224735142389525 0.006321500551602952 0.012507054854784342
0 0.49256198899681636 0.7767955747693054 0.008564613650558783 0.010331914880039221
0 0.46054664749353685 0.7341084527649329 0.0073410974147647325 0.013594624842156976
0 0.6563694411998003 0.7427258054031044 0.007553526342816923 0.012260796382543617
0 0.6647440030146626 0.8335870643094542 0.007225112153998907 0.01007136845708942
0 0.5011937369832331 0.5883711366585826 0.007881940531635294 0.011822910797452693
0 0.7120132481121305 0.5134182873096907 0.008360694277926512 0.007069204917921539
0 0.6778558183019999 0.4945201939673147 0.00807520715624122 0.009869697635405928
0 0.41059695331185364 0.8376092306895764 0.0062398695875444336 0.00788194053163494
0 0.3700378009928144 0.8325735464610318 0.007881940531635151 0.007444054946544298
0 0.36232006755558827 0.7528783699744985 0.00689669796518082 0.011822910797452693
