0 0.39570270114474826 0.6294201321072049 0.008809407552083334 0.011554746274594907
0 0.3654424031575521 0.280820154260706 0.008743709988064237 0.011483821162471064
0 0.6630191379123265 0.7801712883843317 0.009595659044053819 0.013446214463975694
0 0.6450363159179687 0.37164681046097364 0.010257297092013888 0.01322267320421007
0 0.49767172071668836 0.803805457221137 0.008659278021918402 0.012544589572482638
0 0.6546219507853189 0.5782497547290943 0.008498594495985242 0.01184166802300347
0 0.7618947347005208 0.5197094387478299 0.010364108615451388 0.01414173267505787
0 0.671640141805013 0.2244582352814851 0.009749094645182291 0.01360217906810619
0 0.6184123992919922 0.4162664907949942 0.009151882595486112 0.012787995515046295
0 0.31982561747233074 0.2692873919451678 0.00910186767578125 0.01317398636429398
0 0.7538909488254123 0.4402329056351273 0.008019934760199653 0.011143889250578704
0 0.3558792008294 0.30526024147316266 0.008263842264811198 0.011880436650028935
0 0.6772541258070204 0.5961374636049623 0.009748119778103298 0.012628004286024307
0 0.2917120615641276 0.3798291241681134 0.008756807115342881 0.01145686396846065
0 0.29356449974907767 0.35629247029622396 0.008960172865125867 0.013230669939959493
0 0.6695042080349393 0.5189304775661892 0.008868069118923612 0.011754523383246528
0 0.5540711508856879 0.46734787269874856 0.009377161661783854 0.012919871012369792
0 0.6654370413886176 0.7627509223090279 0.009615283542209202 0.012703224464699075
0 0.47349700927734373 0.38681462605794265 0.008664025200737847 0.011835451479311343
0 0.32658158408270943 0.7565778096516926 0.008784124586317275 0.012425344961660877
0 0.6984300825330947 0.6865490101001881 0.008295694986979166 0.011973910861545138
0 0.47497857411702477 0.5180409749348959 0.008765284220377605 0.012034098307291664
0 0.5760380427042643 0.4290330957483362 0.009157519870334202 0.011780067726417825
0 0.6138726340399848 0.27800175702130353 0.010658815171983506 0.014295592131438077
0 0.5757989883422852 0.5521790398491754 0.008120515611436632 0.010107252332899306
0 0.3729134241739909 0.7785792880588107 0.008059310913085937 0.011317104763454862
0 0.40781690809461807 0.29483408044885706 0.010246361626519098 0.014479573567708333
0 0.6186897489759656 0.18340346018473305 0.008845308091905382 0.01179409733525029
0 0.3073452419704861 0.3556240081787109 0.0087685055202908 0.0117009198224103
0 0.3158481915791829 0.3911585207338686 0.00926753150092231 0.011913836443865742
0 0.584411515129937 0.6687547471788194 0.009255599975585938 0.01343451605902778
0 0.6673349168565538 0.3492891241002966 0.009716712103949653 0.012021467420789932
0 0.6999593310885959 0.593675853587963 0.008945592244466146 0.012293836805555555
0 0.6600824144151476 0.4493342081705729 0.009990692138671875 0.01270305492259838
0 0.7157291412353515 0.6497827035409433 0.00780088636610243 0.011103651258680555
0 0.3040218883090549 0.7169973867910879 0.009345436096191406 0.012248060438368055
0 0.7587791866726346 0.35702217949761283 0.010627492268880207 0.01396625660083912
0 0.600347900390625 0.22670570656105327 0.009332868787977431 0.012010277642144098
0 0.5383846282958984 0.46722499706127024 0.009069230821397569 0.012343343098958333
0 0.569760513305664 0.6586781254521122 0.008398183186848958 0.011612503616898149
0 0.5224828932020399 0.6709268923158999 0.007712470160590278 0.010918793854890045
0 0.5330268859863281 0.5912278069390191 0.007183668348524306 0.009320124873408565
0 0.3590137905544705 0.5133428785536025 0.00794737074110243 0.010989549424913194
0 0.4288038677639431 0.32625170107241025 0.00915633307562934 0.012383072464554399
0 0.34908816019694006 0.2748951947247541 0.008530214097764758 0.011478678385416668
0 0.6084889729817707 0.5705105251736111 0.008347998725043403 0.011625388816550926
0 0.4922948625352647 0.2859590177182798 0.008981916639539931 0.009883371988932292
0 0.6123425165812175 0.8037374425817418 0.00937851799858941 0.012239809389467593
0 0.5411150614420572 0.8631248756691262 0.0092254638671875 0.011379665798611112
0 0.37450523376464845 0.7060359248408565 0.008207024468315973 0.011273419415509259
0 0.39681794908311635 0.42098272818106186 0.009626600477430556 0.0134735107421875
0 0.37622004614935983 0.18425923100224245 0.009047910902235242 0.012841881646050348
0 0.2982210689120823 0.6793862802010996 0.008442370096842448 0.01047318070023148
0 0.2956442091200087 0.3114091096100984 0.009824117024739584 0.0131866455078125
0 0.3163449499342177 0.5532379715530962 0.008568509419759115 0.01073314525462963
0 0.6785611470540364 0.6828299345793547 0.008250766330295138 0.011443696198640047
0 0.5638298246595594 0.16889868842230904 0.009748797946506077 0.013046688503689237
0 0.7670714484320746 0.5583088910138165 0.009487575954861112 0.012744875307436343
0 0.7023397233751085 0.7249770553023729 0.008782280815972222 0.012459196867766203
0 0.43133104112413195 0.4435934702555338 0.008614010281032987 0.011147873489945025
0 0.5108710183037651 0.7595219082302518 0.008378219604492188 0.011649633336950231
0 0.3546221839057074 0.434309161150897 0.008450232611762153 0.01062633373119213
0 0.3258346875508626 0.7075526767306859 0.009085188971625434 0.011929716887297454
0 0.5166586346096463 0.8281271192762587 0.008848953247070312 0.012957933213975694
0 0.5506528006659613 0.5962385954680266 0.007520336574978298 0.010392930772569444
0 0.7357374403211806 0.5534031338161892 0.007154337565104166 0.009083105016637732
0 0.41811743842230903 0.22985315676088686 0.008270517985026041 0.011803803620515045
0 0.4957162221272786 0.22987859514024522 0.008434041341145834 0.01230526676884404
0 0.7217504289415148 0.29941447222674333 0.009700096978081597 0.012661827935112845
0 0.3572582562764486 0.3697156835485388 0.008697954813639323 0.011260986328125
0 0.46381203958656086 0.5870061720443257 0.009794955783420139 0.01320953369140625
0 0.31274801890055337 0.5330741317183884 0.007758670383029515 0.01023949517144097
0 0.5912318547566732 0.7327424508553965 0.009064271714952258 0.011762435347945601
0 0.5134189605712891 0.8046861436631945 0.007868194580078125 0.011065673828125
0 0.5851487477620442 0.21651923568160444 0.008165401882595485 0.011119418674045138
0 0.461229741946338 0.6366155720406679 0.009639612833658854 0.014680085358796295
0 0.7260272555881077 0.4426986129195602 0.007589552137586806 0.009384324815538194
0 0.23623787562052406 0.5200522246184172 0.008601654900444879 0.010639049388744213
0 0.4597205268012153 0.7728783501519098 0.008239491780598959 0.01169071903935185
0 0.6314869350857205 0.1585009256998698 0.0075062221950954865 0.009914115623191552
0 0.5075121773613823 0.3946400112575955 0.008777745564778646 0.01038219310619213
0 0.5007577260335286 0.4033772786458333 0.009353807237413194 0.011185427065248842
0 0.7242961035834419 0.47671996222602 0.008158620198567708 0.01239033451786748
0 0.47198384602864585 0.2888214252613209 0.008510589599609375 0.010786748815465857
0 0.5640880160861546 0.8566767939814816 0.008372582329644097 0.010881551106770833
0 0.3722162882486979 0.32863258079246244 0.007838016086154514 0.01112614384403935
0 0.5935801823933918 0.3675028059217665 0.009103520711263021 0.011519396746600116
0 0.5849440256754557 0.839378978587963 0.009374237060546875 0.011606513129340277
0 0.5250003178914388 0.3179601881239149 0.006873533460828993 0.010345232928240739
0 0.4879973941379123 0.6271526195384838 0.006858656141493055 0.008734809027777778
0 0.35108252910357796 0.5374881640389223 0.008867183098089555 0.011385025212361698
0 0.32201787339317334 0.49129123481183845 0.007881940531635117 0.011822910797452693
0 0.3029698504417217 0.5790872946225523 0.007881940531635151 0.012260796382543617
0 0.3149569683335835 0.5764599811120072 0.00755352634281703 0.010509254042180274
0 0.32201787339317334 0.5733947820163714 0.007881940531635117 0.013136567552725253
0 0.27653250824186215 0.6136802558447287 0.011494496608634606 0.011385025212361838
0 0.3867154685903452 0.6482732170669054 0.008538768909271396 0.013136567552725466
0 0.40724135539147854 0.6743274093798104 0.008867183098089555 0.010947139627271127
0 0.4105254972796598 0.6690727823587204 0.006239869587544505 0.010071368457089279
0 0.4453374012943817 0.6754221233425376 0.006896697965180749 0.010509254042180203
0 0.4494425786546084 0.6817714643263548 0.008538768909271396 0.010071368457089279
0 0.4780146130817859 0.6889965764803537 0.007881940531635222 0.01138502521236191
0 0.48606076070783005 0.6163075693552739 0.006896697965180749 0.00875771170181693
0 0.40724135539147854 0.6055793725205483 0.009524011475725942 0.012698681967634328
0 0.4619223178296974 0.568578040580372 0.010509254042180132 0.012260796382543475
0 0.4522340992595625 0.5683590977878267 0.007553526342816994 0.010947139627271056
0 0.5079003042642358 0.5289493951296509 0.01116608241981652 0.011822910797452835
0 0.49640580765560116 0.5118718573111081 0.009195597286907713 0.01269868196763447
0 0.5149612093238256 0.5118718573111081 0.008210354720453238 0.011822910797452764
0 0.4622507320185155 0.4939185483223835 0.009852425664543887 0.010947139627271056
0 0.5172601086455526 0.6320714504185442 0.007553526342816994 0.011385025212361838
0 0.5192305937784614 0.6379829058172706 0.007553526342817065 0.009195597286907713
0 0.39541844459402575 0.5497489604214659 0.006896697965180749 0.009633482871998495
0 0.41249598241256863 0.4936996055298381 0.008867183098089626 0.010509254042180203
0 0.44073960265092793 0.4803440951845674 0.008867183098089626 0.010947139627271056
0 0.5254704633660059 0.4812198663547491 0.008210354720453452 0.010071368457089279
0 0.3477983872153967 0.4647991569138425 0.010180839853362045 0.013136567552725253
0 0.42103475132184004 0.4658938708765696 0.010180839853362116 0.010947139627271056
0 0.4724315718718776 0.43589870829784694 0.009852425664543887 0.01138502521236191
0 0.48097034078114903 0.4422480492816641 0.007881940531635151 0.01007136845708942
0 0.4909869735401021 0.4288925389363935 0.0095240114757258 0.014888109893088667
0 0.48704600327428443 0.39035860744839934 0.010837668230998361 0.014888109893088667
0 0.443531123255882 0.3842282092571276 0.007881940531635151 0.012260796382543546
0 0.2852354842455426 0.3691211565714935 0.008538768909271396 0.0126986819676344
0 0.33548285513471676 0.33080616787604483 0.009195597286907713 0.010509254042180203
0 0.33991644668376153 0.31898325707859215 0.008867183098089555 0.01138502521236191
0 0.36405488956189413 0.3334334813865898 0.008538768909271468 0.013136567552725253
0 0.368488481110939 0.34043965074804333 0.008210354720453238 0.013136567552725253
0 0.33646809770117114 0.2493594490491482 0.010509254042180274 0.012260796382543581
0 0.5361439245025952 0.3426290786734975 0.009852425664543958 0.014012338722906961
0 0.5775241122936796 0.3395638795778617 0.011166082419816448 0.012260796382543617
0 0.5302324691038688 0.32971145391331774 0.007225112153998765 0.010947139627271056
0 0.5330239897088229 0.32204845617422806 0.007553526342816923 0.01138502521236191
0 0.5862270882973601 0.2754136413620533 0.00952401147572587 0.010947139627270985
0 0.49328587286182896 0.2745378701918717 0.008210354720453238 0.010947139627271021
0 0.5257988775548239 0.2817629823458705 0.006896697965180891 0.008757711701816788
0 0.4796566840258765 0.2508920485969661 0.009195597286907784 0.010071368457089384
0 0.3803113919083917 0.24892156346405733 0.007553526342816994 0.008757711701816823
0 0.6372954946585796 0.29577532106877746 0.010509254042180132 0.014012338722906924
0 0.640908050735579 0.2894259800849603 0.009195597286907713 0.011822910797452728
0 0.660941316253485 0.2607444742615101 0.00788194053163508 0.012260796382543581
0 0.6238305129170363 0.1543382770844355 0.008538768909271396 0.011385025212361875
0 0.7279378107723842 0.27869778325023464 0.013136567552725182 0.017515423403633646
0 0.7415669996083364 0.438526021808392 0.010837668230998503 0.013136567552725324
0 0.76028660837097 0.4383070790158466 0.00952401147572587 0.013574453137816179
0 0.7349987158319737 0.47224321186038687 0.00952401147572587 0.014012338722907032
0 0.6473121274175326 0.48932074967892963 0.012808153363907166 0.01138502521236191
0 0.6783472682608462 0.5013626032689278 0.011822910797452693 0.013574453137816108
0 0.7067550955936145 0.5177833127098345 0.00952401147572587 0.014012338722906819
0 0.7141444148420226 0.5195348550501978 0.009195597286907713 0.012260796382543689
0 0.6299061754101717 0.5477784752885572 0.007553526342816923 0.0126986819676344
0 0.5464889714503663 0.5801820085852795 0.008210354720453238 0.010947139627271127
0 0.5737473491222712 0.5703295829207355 0.00821035472045331 0.008757711701816717
0 0.6028120048326759 0.6235326815092728 0.009852425664543887 0.01620176664836116
0 0.6262936193331723 0.6110529423341838 0.007553526342817065 0.013136567552725324
0 0.6346681811480346 0.6169643977329102 0.01116608241981652 0.014450224307997672
0 0.73040091718852 0.6228758531316366 0.00821035472045338 0.013136567552725253
0 0.7366407867760646 0.673013752624538 0.010837668230998219 0.0126986819676344
0 0.6816314101490275 0.7154886543783496 0.008538768909271396 0.0126986819676344
0 0.6763767831279373 0.722932709324894 0.008538768909271396 0.01007136845708942
0 0.7129949651811589 0.7012573728628974 0.008210354720453238 0.013136567552725324
0 0.7501057685176079 0.6938133179163529 0.00952401147572587 0.010509254042180203
0 0.5931237862625409 0.7143939404156225 0.00952401147572587 0.007881940531635222
0 0.563238095080091 0.7472353592974355 0.010180839853362187 0.010509254042180345
0 0.7018288827613424 0.7730706088177953 0.008867183098089555 0.01050925404218006
0 0.5806440470874519 0.8532036708894194 0.012151324986270922 0.01138502521236191
0 0.4868817961798753 0.7343177345372558 0.009852425664543958 0.011822910797452693
0 0.46996846545574156 0.7316904210267107 0.0095240114757258 0.010947139627270985
0 0.5205442505337338 0.7124234552827137 0.010180839853362116 0.01007136845708942
0 0.47686516342092233 0.8591151262881459 0.010837668230998361 0.013574453137816108
0 0.3794903564363464 0.7908049750139745 0.009195597286907713 0.012698681967634257
0 0.4272746209093845 0.818172824082152 0.008867183098089555 0.01138502521236191
0 0.41972109456656753 0.7859882335779753 0.007553526342817065 0.011822910797452693
0 0.42399047902120324 0.787958718710884 0.006896697965180749 0.013136567552725182
0 0.4287524847590662 0.7899292038437926 0.007225112153998978 0.011822910797452693
0 0.3702947591494387 0.7332230205745286 0.009195597286907642 0.013136567552725182
0 0.41725798815043147 0.7041036291659876 0.011166082419816448 0.012698681967634257
0 0.4555182411477439 0.6773926084754462 0.00821035472045331 0.010947139627270985
0 0.32021159535467364 0.6931564895387168 0.00952401147572587 0.011822910797452551
0 0.32940719264158136 0.6892155192728991 0.00952401147572587 0.0126986819676344
0 0.2819513423573613 0.610177171164002 0.008538768909271396 0.010509254042180132
