0 0.5686631202697754 0.2834155082702637 0.007311534881591797 0.010028648376464843
0 0.5488018274307251 0.37893756230672204 0.007816362380981445 0.010455449422200523
0 0.6908678770065307 0.48262672424316405 0.007859563827514649 0.0104522705078125
0 0.3411435604095459 0.6077325820922852 0.008606529235839844 0.01334088643391927
0 0.31644601821899415 0.2432068665822347 0.00913548469543457 0.012055397033691406
0 0.3216645836830139 0.5924073219299317 0.007817864418029785 0.011379814147949219
0 0.5404928207397461 0.1832185904184977 0.007565784454345703 0.010776424407958984
0 0.4280723810195923 0.13336782852808635 0.00833878517150879 0.010187617937723796
0 0.3475095987319946 0.4232449531555176 0.009476137161254884 0.012184524536132812
0 0.3731724262237549 0.7306402524312336 0.0069329261779785155 0.010291353861490887
0 0.7385195970535279 0.3422688166300456 0.008564424514770509 0.01136652628580729
0 0.5976118803024292 0.5294553120930989 0.007787942886352539 0.00952301025390625
0 0.3468050122261047 0.308450730641683 0.007925105094909669 0.008858807881673177
0 0.5149232387542725 0.8055769284566244 0.007397270202636719 0.010718854268391927
0 0.309697425365448 0.6324908256530761 0.009078001976013184 0.012383969624837239
0 0.7162678241729736 0.46461901664733884 0.007186222076416016 0.010297044118245441
0 0.3569344997406006 0.29800659815470376 0.008338356018066406 0.011959330240885418
0 0.5600320100784301 0.6536458651224772 0.007494306564331055 0.009137280782063802
0 0.6508376359939575 0.442250378926595 0.00806879997253418 0.010104878743489582
0 0.6164620637893676 0.48379972775777186 0.007219076156616211 0.009957027435302735
0 0.44043579272157163 0.48795148594423204 0.009447097778320312 0.011943117777506512
0 0.44982903003692626 0.7302809079488118 0.007341623306274414 0.010164451599121094
0 0.39502363204956054 0.5893637339274088 0.008029794692993164 0.00971234639485677
0 0.5657666683197021 0.6708332379659018 0.009107398986816406 0.011704063415527344
0 0.6045120239257813 0.5661202748616536 0.009907341003417969 0.013003667195638023
0 0.36262462139129636 0.5375857194264729 0.007341337203979492 0.01017910639444987
0 0.46692671775817873 0.4970907052357992 0.007766437530517578 0.010101032257080079
0 0.6163729190826416 0.7636117617289225 0.008495044708251954 0.010314750671386718
0 0.40486865043640136 0.25000023047129316 0.008946514129638672 0.013067070643107097
0 0.6287391662597657 0.41701224644978835 0.009652137756347656 0.011770375569661458
0 0.7349203586578369 0.3158271630605062 0.008193397521972656 0.01268332799275716
0 0.3781188607215881 0.31523857116699217 0.007769179344177246 0.010205904642740883
0 0.48852005004882815 0.33343345324198403 0.007583236694335938 0.010945288340250652
0 0.439433217048645 0.7260127703348797 0.00669550895690918 0.009293556213378906
0 0.47739381790161134 0.5284549077351888 0.007089138031005859 0.008396275838216146
0 0.3274145364761353 0.5277870496114094 0.007823371887207031 0.010281308492024738
0 0.4856009244918823 0.790978209177653 0.008168840408325195 0.010630480448404948
0 0.6357676029205322 0.5584288279215496 0.007725906372070312 0.009258524576822916
0 0.41945862770080566 0.44402645428975424 0.007825183868408202 0.010307216644287109
0 0.5146690607070923 0.36198919614156083 0.00704646110534668 0.009848244984944661
0 0.3589528322219849 0.32849531173706054 0.00880122184753418 0.011911710103352867
0 0.5797194957733154 0.5544757525126139 0.007210826873779297 0.009429232279459635
0 0.43544485569000235 0.5645645459493003 0.007734823226928712 0.010616366068522136
0 0.7331879138946533 0.4123934427897135 0.007705116271972656 0.010327466328938802
0 0.5533509254455566 0.5332777976989747 0.00833892822265625 0.010173098246256512
0 0.38473259210586547 0.580946413675944 0.007196354866027832 0.008971277872721355
0 0.520121955871582 0.7438793500264486 0.008493518829345703 0.011448605855305988
0 0.4216426134109497 0.8027296702067056 0.0070230960845947266 0.008707682291666666
0 0.5995692253112792 0.2133044958114624 0.009240055084228515 0.0114228089650472
0 0.6383581687725843 0.32234256295980046 0.00854663848876953 0.010458532969156902
0 0.5614872217178345 0.21863141059875488 0.0075800418853759766 0.009793980916341146
0 0.6911906242370606 0.527041244506836 0.006752872467041015 0.009927177429199218
0 0.38165692090988157 0.1833177169164022 0.008904194831848145 0.011578639348347984
0 0.6992445945739746 0.45242605209350595 0.007909107208251952 0.010400644938151042
0 0.530753231048584 0.13106826941172284 0.00838775634765625 0.01129307746887207
0 0.5603913068771361 0.8070209503173829 0.008563852310180664 0.011205164591471355
0 0.6873837947845459 0.7119795163472494 0.00735769271850586 0.010504086812337242
0 0.5990661382675171 0.3468798796335856 0.006907415390014648 0.010596116383870445
0 0.4334522485733032 0.7004716555277506 0.00787196159362793 0.009639930725097657
0 0.6574478149414062 0.38788057963053385 0.008226871490478516 0.011075782775878906
0 0.40958247184753416 0.41045007705688474 0.007532310485839844 0.01067765553792318
0 0.6264851808547973 0.3547813415527344 0.007508707046508789 0.010707410176595052
0 0.567794942855835 0.4357379754384359 0.007159900665283203 0.009435113271077473
0 0.6516479253768921 0.4048656781514486 0.007541227340698242 0.00960680643717448
0 0.6437726259231568 0.7552398363749186 0.007263612747192383 0.009710375467936199
0 0.47866623401641845 0.6688203175862629 0.007605218887329101 0.009606424967447917
0 0.25117615461349485 0.457120434443156 0.008784270286560059 0.011660353342692059
0 0.5866274356842041 0.7899318695068358 0.007447338104248047 0.009683481852213542
0 0.723005723953247 0.5705116271972657 0.009514713287353515 0.01134783426920573
0 0.27091069221496583 0.4631799697875977 0.008022832870483398 0.010623486836751302
0 0.6421830892562866 0.46462559700012207 0.007474279403686524 0.010979366302490235
0 0.7344519853591919 0.6023894945780437 0.007672929763793945 0.01029555002848307
0 0.6467620372772217 0.2003917932510376 0.008891773223876954 0.012407286961873371
0 0.5170211315155029 0.4055239836374918 0.008305644989013672 0.00924533208211263
0 0.4502605199813843 0.5458424886067709 0.006139135360717774 0.00952618916829427
0 0.5233435392379762 0.5459721883138021 0.00822434425354004 0.010184733072916667
0 0.47748167514801027 0.47757342656453455 0.007092523574829102 0.010228856404622394
0 0.6541297912597657 0.6310096422831217 0.006922721862792969 0.009632301330566407
0 0.5207891702651978 0.5927854855855306 0.007840871810913086 0.010500907897949219
0 0.4693174123764038 0.5764662742614746 0.007343721389770508 0.00989983876546224
0 0.3660728335380554 0.4360490322113037 0.007810235023498535 0.009956073760986329
0 0.2655193090438843 0.35755901336669915 0.007080364227294922 0.00999158223470052
0 0.2784210443496704 0.6422666231791179 0.009157752990722657 0.0115878423055013
0 0.5503927230834961 0.25109434922536217 0.007889556884765624 0.010776376724243164
0 0.4352445363998413 0.7594968795776367 0.007454061508178711 0.010897191365559895
0 0.33031717538833616 0.2203681310017904 0.008542370796203614 0.011243661244710289
0 0.38973729610443114 0.7293553034464517 0.008694839477539063 0.009808985392252605
0 0.6890931129455566 0.4466677029927571 0.0066395759582519535 0.009765052795410156
0 0.5355189323425292 0.674528694152832 0.008262348175048829 0.010973866780598958
0 0.383795166015625 0.1362857699394226 0.007463407516479492 0.009269134203592936
0 0.5546533777648296 0.18225238886587974 0.008241558074951172 0.011527307828267415
0 0.459919810295105 0.4173117160797119 0.008042478561401367 0.011154842376708985
0 0.72019944190979 0.49220054944356284 0.007486820220947266 0.009628582000732421
0 0.6244035720825196 0.1905137062072754 0.00839529037475586 0.012462711334228516
0 0.286554229259491 0.5385008811950683 0.008479762077331542 0.01122582753499349
0 0.4910098075866699 0.534313694636027 0.007570743560791016 0.01037104924519857
0 0.5965684652328491 0.6834975878397622 0.008312654495239259 0.011351585388183594
0 0.4014278411865234 0.7443800290425618 0.008115291595458984 0.01241652170817057
0 0.6554630279541016 0.5592257817586264 0.0077799797058105465 0.010442479451497394
0 0.2707283854484558 0.30516316095987955 0.0084395170211792 0.0109951655069987
0 0.32138580083847046 0.3599369684855144 0.007638239860534668 0.009917449951171876
0 0.657809066772461 0.3148985703786214 0.007761669158935547 0.010031795501708985
0 0.2758451238515239 0.43676012138701964 0.008445451219034119 0.012094720264295731
0 0.2738119596691638 0.501612845562812 0.009383834687815593 0.013345898222670982
0 0.24831920876726465 0.4177839223516591 0.008445451219034047 0.013345898222671125
0 0.256139071007111 0.41590715541409595 0.007819862239846386 0.012928838903212636
0 0.24910119499124928 0.404438024128988 0.0068814787710648065 0.01418001686158803
0 0.25316752335596937 0.35605914307180514 0.007507067750252538 0.01000942366700336
0 0.2941436014927643 0.3395852999531954 0.01063501264619113 0.01209472026429566
0 0.29054646486243507 0.3871300623714613 0.010322218156597208 0.012928838903212565
0 0.31275487362359866 0.43092129091460096 0.01094780713578487 0.012928838903212708
0 0.3598304443074737 0.36940504129447616 0.010635012646190987 0.015014135500504934
0 0.3407499804422487 0.34667530838398947 0.0081326567294402 0.010426482986461849
0 0.33965519972867014 0.33708294403644457 0.00907104019822178 0.008758245708627897
0 0.35169778757803355 0.3422961855296755 0.0081326567294402 0.011677660944837314
0 0.40471645356419195 0.31706409670243796 0.010322218156597245 0.01209472026429566
0 0.4622706396494612 0.3041352577992253 0.008445451219034084 0.013762957542129648
0 0.4879197877961572 0.29308318583357573 0.007194273260658619 0.00834118638916948
0 0.4899529519785172 0.3095570289521854 0.0081326567294402 0.012928838903212708
0 0.5012135536038961 0.32457116445269046 0.013137368562941844 0.009592364347544872
0 0.5190428395107457 0.41736686303220055 0.0081326567294402 0.012511779583754148
0 0.4994931839111299 0.41382185881680356 0.009071040198221851 0.011260601625378754
0 0.5018391425830838 0.42258010452543154 0.00813265672944027 0.01209472026429566
0 0.47009050188930757 0.45260837552644156 0.01157339611497271 0.011260601625378825
0 0.4297400127317003 0.4978593116876858 0.01157339611497271 0.01251177958375429
0 0.39752218030353326 0.5011957862433536 0.012198985094160264 0.014180016861588101
0 0.35247977380201817 0.5007787269238952 0.01094780713578487 0.011677660944837314
0 0.31353685984758334 0.5053663794379384 0.012511779583754183 0.014180016861588101
0 0.35185418482283054 0.4824281168677223 0.006568684281470993 0.007507067750252574
0 0.34966462339567356 0.47429546013828205 0.00907104019822178 0.008758245708627897
0 0.3574844856355199 0.4634519178323619 0.008445451219034013 0.015431194819963493
0 0.42442250640860474 0.4720016338812605 0.00719427326065869 0.013345898222671054
0 0.43005280722129413 0.47116751524234357 0.007194273260658619 0.011677660944837243
0 0.40330887836101953 0.42466540112272383 0.009383834687815593 0.012094720264295731
0 0.3800056888862774 0.42925305363676713 0.009696629177409407 0.012928838903212708
0 0.5373413171519862 0.47325281183963597 0.010947807135784941 0.016682372778338887
0 0.27490674038274227 0.2797372876109046 0.009696629177409478 0.010843542305920337
0 0.4319295741588573 0.11833533098047568 0.01094780713578487 0.011677660944837225
0 0.4946448693224251 0.12000356825830957 0.0081326567294402 0.011677660944837243
0 0.4966780335047851 0.13626888171718998 0.007819862239846315 0.011677660944837225
0 0.4736876385196369 0.12271445383478964 0.01000942366700336 0.012928838903212636
0 0.5525118498972883 0.19945336861514862 0.008132656729440342 0.014597076181046553
0 0.5999002150707572 0.18277099583680972 0.009071040198221851 0.009592364347544909
0 0.6038101461906804 0.1923633601843546 0.0062558897918770385 0.011260601625378825
0 0.5945827087476617 0.1861074703924775 0.00907104019822178 0.009592364347544837
0 0.4533559966960363 0.1694250976141386 0.008758245708627897 0.009592364347544872
0 0.45054084628969165 0.17505539842682794 0.006255889791877181 0.010843542305920302
0 0.4805691172907017 0.2536710801447501 0.008758245708627967 0.010426482986461885
0 0.47712837790516927 0.27660934271496607 0.008758245708628038 0.01126060162537879
0 0.38188245582384056 0.2436616564777467 0.009071040198221851 0.012094720264295694
0 0.3771905384799328 0.2467896013736852 0.007194273260658619 0.010843542305920302
0 0.36592993685455383 0.2440787157972051 0.010322218156596858 0.012094720264295582
0 0.39564541336597014 0.21196514819890283 0.008445451219034013 0.010426482986461814
0 0.5135689359428534 0.25241990218637467 0.012198985094160335 0.010426482986461885
0 0.35967404706267686 0.2524199021863746 0.008445451219034084 0.009592364347544837
0 0.49386288309844045 0.21592721173375828 0.009696629177409549 0.010009423667003326
0 0.6156963367952468 0.14565271640500566 0.009383834687815664 0.009592364347544837
0 0.6544828535048848 0.23156693621345106 0.008758245708627755 0.014597076181046553
0 0.6640230854374972 0.16754833067657546 0.00719427326065869 0.013345898222671125
0 0.6116300084305267 0.3114337958897485 0.011260601625378897 0.010843542305920266
0 0.6582363873800111 0.2964196603892435 0.010635012646191058 0.01418001686158803
0 0.5780046007991875 0.38254240985741816 0.011573396114972496 0.010426482986461778
0 0.572530697231295 0.38671300305200285 0.010009423667003432 0.009592364347544872
0 0.5540758223452575 0.42633363840055777 0.010009423667003432 0.011260601625378754
0 0.5656492184602302 0.4409307145816042 0.010009423667003432 0.011260601625378754
0 0.5669003964186057 0.4519827865472539 0.008132656729440057 0.010843542305920337
0 0.6085020635345884 0.472418693200719 0.01000942366700329 0.010843542305920337
0 0.6110044194513391 0.4186180409905761 0.010009423667003432 0.010843542305920337
0 0.6826343575683319 0.4519827865472539 0.0106350126461912 0.015014135500505005
0 0.7467572279350719 0.4015186088927787 0.008758245708627755 0.013345898222671125
0 0.7559846653780906 0.41111097324032353 0.010322218156597245 0.011677660944837243
0 0.7520747342581674 0.418618040990576 0.009383834687815664 0.00834118638916948
0 0.6831035493027227 0.34646677872426024 0.00969662917740962 0.011677660944837243
0 0.6884210556258181 0.3502203125993865 0.007819862239846315 0.00834118638916948
0 0.6787244264484086 0.35459943545370043 0.006568684281471064 0.008758245708627897
0 0.6501037306505709 0.35230560919667886 0.010009423667003432 0.01000942366700329
0 0.497303622483973 0.5247596377927572 0.010947807135784941 0.011260601625378683
0 0.5728434917208888 0.5258022860914034 0.01000942366700329 0.00834118638916948
0 0.6100660359825576 0.5291387606470712 0.01188619060456645 0.013345898222671196
0 0.6197626651599671 0.5600011502869983 0.0068814787710648065 0.013345898222671125
0 0.6399379097387707 0.5743896968083155 0.007819862239846315 0.012928838903212708
0 0.6654306606406698 0.5283046420081543 0.008132656729440128 0.011677660944837243
0 0.6984304792928213 0.5353946504389484 0.010322218156597245 0.0116776609448371
0 0.6741889063492976 0.5583329130091643 0.009383834687815664 0.010843542305920337
0 0.7516055425237768 0.5504087859394534 0.014075752031723425 0.013345898222671196
0 0.7519183370133706 0.5987876669966362 0.008445451219033942 0.013345898222671054
0 0.7329942703929424 0.6229771075252275 0.008758245708627897 0.015014135500505005
0 0.6515113058537433 0.5979535483577192 0.009071040198221851 0.010843542305920337
0 0.6572980039112296 0.6052520864482426 0.00813265672944027 0.011260601625378825
0 0.6332128282125028 0.6288159379976461 0.011260601625378754 0.010843542305920195
0 0.6400943069835676 0.6381997726854618 0.007507067750252432 0.010426482986461849
0 0.6624591129895282 0.6331950608519602 0.009071040198221709 0.013762957542129613
0 0.6393123207595829 0.6452897811162559 0.009696629177409407 0.008758245708627897
0 0.5179480587971673 0.626730641400354 0.00907104019822178 0.010843542305920195
0 0.507938635130164 0.5887782433296327 0.010322218156597245 0.010843542305920266
0 0.48228948698346796 0.5552049681132257 0.012198985094160264 0.012094720264295731
0 0.5801941622263445 0.696588077409648 0.0134501630525358 0.01376295754212947
0 0.6274261301550166 0.641744776900859 0.007819862239846315 0.011677660944837171
0 0.6727813311461255 0.7113936832504238 0.008445451219033942 0.01251177958375422
0 0.41441308274160144 0.5754323451069617 0.012198985094160264 0.009175305028086313
0 0.40878278192891204 0.5591670316480812 0.007819862239846315 0.010843542305920195
0 0.4125363158040383 0.5514514342380995 0.006568684281470922 0.007924127069710992
0 0.4524176132272547 0.5260108157511327 0.00813265672944027 0.010426482986461778
0 0.4564839415919748 0.6098397389622857 0.011260601625378754 0.013762957542129613
0 0.45226121598245783 0.619849162629289 0.007194273260658619 0.012928838903212708
0 0.4352139162995928 0.6676024547072842 0.01000942366700329 0.011677660944837243
0 0.46477299556621204 0.6521712598873206 0.008445451219034084 0.010843542305920266
0 0.47431322749882454 0.6565503827416346 0.008758245708627897 0.01376295754212947
0 0.6465065940202416 0.7224457552160735 0.008445451219034084 0.012928838903212779
0 0.6394687180043798 0.7299528229663259 0.007507067750252361 0.011260601625378683
0 0.6651178661510758 0.7403793059527877 0.006881478771064878 0.01209472026429566
0 0.6707481669637653 0.7407963652722461 0.006255889791877252 0.013762957542129613
0 0.6693405917605928 0.7566446194116679 0.006568684281471064 0.011260601625378825
0 0.6688714000262022 0.7649858058008376 0.006881478771064878 0.011260601625378825
0 0.5453175766366296 0.7701990472940685 0.011886190604566521 0.013345898222671054
0 0.501369950848693 0.7366257720776613 0.009071040198221851 0.012928838903212779
0 0.456327544347178 0.7664455134189423 0.00907104019822178 0.010843542305920266
0 0.41926139733030615 0.7616493312451698 0.00813265672944027 0.010426482986461707
0 0.42192015049185394 0.7685308100162345 0.007194273260658548 0.013345898222671196
0 0.4700905018893075 0.8300470596363593 0.009071040198221851 0.01543119481996328
0 0.4971472252391759 0.833383534192027 0.00813265672944027 0.010426482986461849
0 0.5140381276772441 0.8319238265739224 0.008758245708627897 0.011677660944837243
0 0.5259243182818106 0.8233741105250237 0.009383834687815593 0.01376295754212947
0 0.3426267473798118 0.6982563146874818 0.010635012646191058 0.01209472026429566
0 0.3179159827018973 0.7472607847238524 0.008758245708627932 0.015848254139421983
0 0.34935182890607974 0.7804170006208011 0.010947807135784941 0.013762957542129613
0 0.34325233635899954 0.746843725404394 0.010635012646191058 0.010009423667003432
0 0.34559829503095346 0.7343319458206398 0.008445451219034013 0.01000942366700329
0 0.3546693352291752 0.7245310518133656 0.008445451219034084 0.010426482986461849
0 0.4081571929497243 0.7145216281463624 0.009696629177409478 0.013762957542129613
0 0.2559826737623141 0.6375741837062742 0.01000942366700336 0.013345898222671267
0 0.33887321350468563 0.5862758874128821 0.009383834687815664 0.011677660944837243
0 0.3709346486880557 0.5894038323088204 0.012198985094160264 0.010426482986461778
0 0.34481630880696884 0.5170440403827756 0.0075070677502525026 0.01000942366700329
0 0.24284530519937228 0.6014985525731162 0.009383834687815628 0.01209472026429566
