0 0.49794110192192925 0.38045394332320603 0.011020448472764757 0.014678220395688658
0 0.5792898601955838 0.7747156496401186 0.009089703030056424 0.01146664089626736
0 0.26053703096177844 0.669171905517578 0.010301526387532551 0.014211979618778936
0 0.49432593451605905 0.8120163811577692 0.009683397081163194 0.013929183394820601
0 0.7530719333224826 0.4442265687165437 0.009756300184461806 0.012635040283203124
0 0.3805996365017361 0.6012887177643953 0.010016632080078126 0.013153132685908564
0 0.2446206092834473 0.5073850278501157 0.008159573872884114 0.011036512586805556
0 0.5174543380737304 0.18535815344916448 0.010487069023980035 0.01396401016800492
0 0.34152353137913993 0.6487086017993745 0.007260327531770009 0.010507736676079203
0 0.39683445824517144 0.7511919374819155 0.010488171047634548 0.014999615704571761
0 0.3050099894117264 0.3094581679934194 0.006873424197578939 0.010976588125919569
0 0.5545604281955295 0.18208242345739292 0.009895155164930556 0.014463523582175926
0 0.5606250127156575 0.7551019739221643 0.007657496134440104 0.009656552915219907
0 0.45207898881700304 0.7268191584834347 0.00948134528266059 0.012988337764033565
0 0.3075535244411892 0.7564759148491753 0.00983229743109809 0.012657617639612269
0 0.699554697672526 0.27278491832591867 0.007856580946180556 0.010334862603081595
0 0.26961595747205946 0.4277175479465061 0.008467864990234376 0.011299613670066551
0 0.5654129028320313 0.5613423100224247 0.008970048692491319 0.0114593505859375
0 0.645832739935981 0.8251161363389756 0.007380761040581597 0.009882609049479166
0 0.3007064607408311 0.3893546492965133 0.01125687493218316 0.014620745623553241
0 0.4021773868136935 0.8779304221824362 0.008994208441840278 0.01202392578125
0 0.5423784044053819 0.8669084902162905 0.008381398518880208 0.01009227611400463
0 0.4711526023017036 0.2557246172869647 0.009817547268337674 0.012860955132378473
0 0.704749043782552 0.4979117782027632 0.009216562906901041 0.011964981644241899
0 0.3739267137315539 0.24672587359393083 0.008516354031032985 0.01140371251989294
0 0.7256426493326822 0.6036838390209056 0.006409708658854167 0.008423586244936342
0 0.6034785800509982 0.7235077752007377 0.008217112223307291 0.011800525806568287
0 0.6318275663587781 0.5603101942274304 0.008007770114474826 0.011455394603587963
0 0.6482281075878317 0.3007831864902763 0.00963393317328559 0.012618651213469329
0 0.23695190852391285 0.4667733508258546 0.006280716677076477 0.008972452395823609
0 0.3264521211722527 0.49653198460533604 0.005383471437494052 0.007477043663186293
0 0.3589426173254725 0.44562175445877744 0.0058320940572853175 0.007936632029677223
0 0.3642472344156377 0.4451251501647693 0.006997157367574545 0.007757148242704233
0 0.310335879256898 0.3096955563550798 0.0057468186832754144 0.011617224865115966
0 0.3707392296677686 0.25667008910881794 0.005133024719457495 0.006670766302079869
0 0.3689199297672014 0.2634708054037954 0.004613224747866979 0.006064333001890781
0 0.37557986690320644 0.25887923898807813 0.004938099730111034 0.0062375996590876785
0 0.6272375574607331 0.32568364343183126 0.004842976335309998 0.01014718851207803
0 0.6321237746561796 0.33081489216805254 0.00683205590159794 0.0070338465822359095
0 0.6707811036183862 0.27056596037758923 0.005448348377223624 0.0076103913840585595
0 0.6646841423391119 0.2707389238181361 0.004842976335309857 0.007725700344423068
0 0.6871693896101939 0.2765620263165445 0.006053720419137534 0.0071491555426004185
0 0.6914069939035901 0.26387804067644693 0.004324086013669586 0.007841009304787505
0 0.6927709585160429 0.29521561102992466 0.005534830097497121 0.007033846582235945
0 0.685895661754309 0.3148181342918936 0.00475649461503599 0.007956318265152066
0 0.6814418531602285 0.3139533170891597 0.006572610740777804 0.006687919701142349
0 0.6454739920236047 0.37546697724752065 0.004185715261232019 0.007255239786135732
0 0.643433455833754 0.3641655460421937 0.0038717866166398094 0.006418096733889271
0 0.6396139906578796 0.3675838801722 0.004185715261232161 0.005720477523683911
0 0.6424393484592114 0.36995578548689834 0.0033485722089855586 0.004883334471437521
0 0.676223968004769 0.5545172244520559 0.004143858108619867 0.006446001502297563
0 0.6797347366801276 0.5607330116149857 0.0035683222602004606 0.005678620371071688
0 0.6727131993294104 0.5606562735018631 0.004028750938936128 0.005218191692336163
0 0.6919936502514612 0.5565124153932431 0.006906430181033159 0.007059906407278263
0 0.6831879517706441 0.5309586237234207 0.004949608296406893 0.005985572823562038
0 0.6818665602783406 0.5411692219923095 0.0041511225731228766 0.006803228661506821
0 0.6817800785580672 0.5460121983276196 0.004497049454216437 0.0056501390578617364
0 0.6244426980168081 0.6006109910602213 0.005188903216403631 0.005765448018226209
0 0.6232751947931173 0.604300877791886 0.0040646408528495215 0.005765448018226209
0 0.5905418636696383 0.576338454903489 0.005534830097497121 0.006803228661506821
0 0.5927471475366098 0.5864856434155672 0.005448348377223624 0.0061113748993196285
0 0.5507390918416508 0.8087661564976552 0.004719393957039115 0.005985572823562107
0 0.5475160910905019 0.8070779180089582 0.004949608296406964 0.006599477728542667
0 0.5156314050880657 0.7828286742622197 0.004719393957039273 0.006292525276052459
0 0.5177608877272176 0.7942626531174857 0.0046042867873552495 0.006139049049807284
0 0.5205810133844727 0.7841332221853037 0.0040287509389359145 0.005218191692336234
0 0.5224227280994149 0.7887375089726593 0.0035683222602004606 0.006446001502297492
0 0.5419891081808147 0.8013972838137644 0.005707793538043972 0.006722512389251705
0 0.3373427241023625 0.653059033472909 0.005441429839601853 0.008371430522464465
0 0.35335308497657564 0.6479664132384098 0.005650715602663396 0.009906192784916073
0 0.3320582585850569 0.6634535597049688 0.004499643905824584 0.007115715944094774
0 0.3355637951163388 0.6621978451265992 0.004395001024293918 0.007115715944094774
