0 0.35425515704684785 0.3671435885959201 0.009018643697102865 0.012684800889756945
0 0.6409242841932509 0.4668261351408782 0.010643174913194444 0.014931940149377893
0 0.5252024120754666 0.7686648898654515 0.010221142239040798 0.013182576497395833
0 0.5021360821194119 0.756318947120949 0.009684371948242187 0.013553873697916668
0 0.4508284674750434 0.48376651340060767 0.010353257921006944 0.014294094509548612
0 0.3937993155585394 0.5319570470739294 0.00922406514485677 0.013063783998842593
0 0.6404931598239475 0.6694566514756946 0.010073894924587674 0.014390733506944444
0 0.6882521735297309 0.3453159473560475 0.01026831732855903 0.012661008481626157
0 0.6317822350396051 0.5175220630787036 0.01023186577690972 0.013065705475983796
0 0.6319653193155924 0.21924109988742405 0.010399161444769964 0.014986207750108506
0 0.37707417805989585 0.3307675396954572 0.010458204481336806 0.013412758156105325
0 0.7343140496148003 0.4563103004738137 0.009448581271701388 0.012110222710503472
0 0.27015613979763453 0.6914598253038194 0.008884006076388888 0.011412443938078705
0 0.5016307830810547 0.3364014237015336 0.009376102023654513 0.012587201153790507
0 0.6735770331488715 0.3579874674479167 0.009824964735243056 0.012167075828269676
0 0.5382398181491428 0.5068023116500289 0.010321426391601562 0.014235319914641205
0 0.6542182922363281 0.25417924103913486 0.009983317057291666 0.013395182291666667
0 0.41314239501953126 0.4588066242359302 0.009081522623697916 0.012154388427734374
0 0.4131262461344401 0.699242259837963 0.00946841769748264 0.012464170102719907
0 0.5873515235053169 0.632726005271629 0.009326426188151042 0.012851234718605324
0 0.6692173428005642 0.8176723056369357 0.008525424533420138 0.010920376247829862
0 0.331657780541314 0.6666744656032987 0.008834478590223524 0.011855174877025462
0 0.40226900312635633 0.4251324406376591 0.009663772583007813 0.01343451605902778
0 0.7041443506876628 0.4909356858995226 0.009771007961697048 0.012347920735677082
0 0.43732219272189665 0.8654357062445746 0.009303198920355903 0.012639194064670138
0 0.520566643608941 0.2242177680686668 0.009231313069661459 0.013410398695203994
0 0.5298547532823351 0.20946238482439955 0.009604051378038195 0.013177094636140045
0 0.4077336841159397 0.336485912181713 0.010120264689127604 0.01184844970703125
0 0.5267436981201172 0.24627256040219908 0.010348002115885414 0.013562463831018518
0 0.7313565572102864 0.6992173371491609 0.010338338216145833 0.01400191695601852
0 0.7886427137586806 0.5377552173755786 0.008992852105034723 0.012309773763020832
0 0.7307810889350043 0.5636982670536749 0.008251020643446181 0.01041497124565972
0 0.7889068179660373 0.5376691182454427 0.011574045817057293 0.014910267017505786
0 0.609688483344184 0.24002662234836156 0.01061308119032118 0.013145630447952836
0 0.3150042843128819 0.4878067796724167 0.008984184265136719 0.012501130280671296
0 0.4810729062325308 0.4389205564026908 0.007848103841145834 0.011723751491970486
0 0.24471501244439017 0.66724282723886 0.007958009507921008 0.011685971860532407
0 0.3829934014214409 0.3990136323151765 0.007378302680121528 0.010347719545717593
0 0.38214266035291883 0.7142684936523438 0.008322948879665799 0.010129010235821759
0 0.47229531606038405 0.8775457311559606 0.010547765096028646 0.014138454861111111
0 0.3625267664591471 0.440517736364294 0.008078638712565105 0.011090313946759259
0 0.6142171647813585 0.8285571063006365 0.00643310546875 0.008984601056134259
0 0.698433600531684 0.5530346058033131 0.007781982421875 0.009957490143952545
0 0.41968273586697047 0.37221254419397426 0.00659544203016493 0.008591235125506367
0 0.2875364515516493 0.5655795627170139 0.008434719509548612 0.011291956018518519
0 0.3740922619822477 0.4494099298691098 0.007328250494288895 0.013751778705332214
0 0.37449938700970825 0.37630836938287016 0.009228167289104618 0.011580445225542989
0 0.3255086753719622 0.41412576082253383 0.005156917014499527 0.007599667179262539
0 0.4164332648381391 0.32455825478122513 0.008956750604130974 0.012304223052139313
0 0.43231114090909833 0.3372243667466627 0.008142500549209898 0.01013288957234998
0 0.42498289041480947 0.3238344769546287 0.005428333699473171 0.008685333919157188
0 0.6801145742900522 0.5192544901356656 0.008685333919157046 0.011580445225542918
0 0.7843385813199384 0.5804137164830643 0.007599667179262468 0.010856667398946413
0 0.7771460391681364 0.5760710495234856 0.008413917234183544 0.008685333919157259
0 0.7426761201764813 0.5505578811359615 0.0067854171243415355 0.008323445005859043
0 0.730055244325206 0.5328253243843488 0.005428333699473171 0.008323445005859043
0 0.7342622029422978 0.5393393248237167 0.004614083644552096 0.009047222832455475
0 0.7337193695723505 0.5254066016617354 0.006242583754394246 0.007237778265964252
0 0.7630323715495061 0.5067693226268771 0.0067854171243415355 0.008323445005858972
0 0.7581468712199801 0.5042361002337897 0.005699750384446958 0.008323445005858972
0 0.74701878713606 0.5076740449101227 0.005699750384446958 0.010856667398946413
0 0.6850000746195781 0.673419167200706 0.009771000659051907 0.013751778705332214
0 0.610224777909334 0.7329498934382624 0.007328250494288895 0.016285001098419797
0 0.6570441560672907 0.7465207276869456 0.007056833809315179 0.01230422305213935
0 0.6423876550787131 0.7700435070513296 0.0048855003295259535 0.00940911174575362
0 0.5936683601259406 0.7351212269180519 0.006785417124341606 0.009047222832455475
0 0.6023536940450979 0.7217313371260178 0.006785417124341677 0.011942334138841205
0 0.5870186513440858 0.7097890029871766 0.009228167289104477 0.010494778485648197
0 0.5927184017285327 0.8192603992598874 0.0048855003295259535 0.00868533391915733
0 0.586882943001599 0.8454973454740079 0.005699750384446958 0.008323445005859043
0 0.5237785637452226 0.9117230166075815 0.00814250054920997 0.009771000659051765
0 0.5317853559519456 0.915703794653862 0.007328250494288895 0.013389889792034069
0 0.5172645633058548 0.8876574038732502 0.0070568338093152504 0.00940911174575362
0 0.2952457149973988 0.6312591088014637 0.005428333699473206 0.009047222832455475
0 0.29999550698443794 0.6397634982639718 0.005156917014499598 0.008685333919157188
0 0.2586044625259544 0.6184120523793771 0.005971167069420567 0.007237778265964394
0 0.252497587114047 0.6263736084719379 0.006242583754394282 0.010132889572350123
0 0.32645863376937 0.5293873797080159 0.006514000439367891 0.00940911174575362
0 0.3198089249875153 0.5351776023207875 0.005156917014499563 0.007237778265964252
0 0.32754430050926464 0.5435010473266463 0.004885500329525882 0.00651400043936782
0 0.3678496782278535 0.5150927676327363 0.0067854171243415355 0.009771000659051907
