0 0.42201230790879996 0.4320773654513889 0.008928553263346354 0.012185160319010417
0 0.47557154761420356 0.69144207989728 0.007908672756618924 0.011365650318287037
0 0.35028276443481443 0.6781076501916956 0.009285757276746963 0.012370921947337963
0 0.41932703653971354 0.25045240896719473 0.008797963460286459 0.012377731888382523
0 0.58800171746148 0.6911002830222802 0.008657921685112847 0.011534514250578705
0 0.3482264306810167 0.2265053360550492 0.009808921813964843 0.012689237241391782
0 0.6425950580173069 0.6539584689670138 0.007294252183702257 0.009970431857638889
0 0.4362302568223741 0.13740413807056567 0.009459601508246528 0.013191081859447338
0 0.7001797358194988 0.7755770647967303 0.008263185289171008 0.010495221173321759
0 0.484579340616862 0.40469217653627754 0.007089911566840278 0.009779386167173032
0 0.5636928346421984 0.5644129717791522 0.010208765665690102 0.014076911078559028
0 0.47574479844835077 0.8192729808666088 0.008922068277994792 0.012188946759259259
0 0.4243149863349067 0.1454946447301794 0.009932327270507812 0.01356237905996817
0 0.3553211741977268 0.4904063472041378 0.00779060787624783 0.010118046513310185
0 0.2833153300815158 0.41922587641963255 0.009298472934299045 0.01248931884765625
0 0.7165373060438368 0.4183981436270255 0.007690938313802084 0.009940648961950231
0 0.616168106926812 0.35392222934299045 0.008913379245334202 0.012560498272931132
0 0.5207852469550239 0.1320397765548141 0.009303580390082465 0.012572747689706308
0 0.23796423806084527 0.46869694745099105 0.009458902147081163 0.012222826922381367
0 0.5194825066460503 0.8737442016601562 0.011039310031467013 0.01597877785011574
0 0.35702801810370555 0.3180657422101056 0.009338230556911893 0.012624472158926505
0 0.35419720543755423 0.38108941537362556 0.010099750094943577 0.013397216796875
0 0.44638519287109374 0.491644937020761 0.008304002549913194 0.010984237105758101
0 0.26737590365939673 0.39582116868760847 0.00991634792751736 0.013485180890118636
0 0.45737031300862635 0.781799175121166 0.00896653069390191 0.011851388436776623
0 0.5880619472927517 0.3480296523482711 0.008060540093315973 0.010797429967809606
0 0.29205716451009117 0.3359071237069589 0.009138658311631945 0.012237831398292825
0 0.5501012166341146 0.3206389957004124 0.006151835123697918 0.008319911250361689
0 0.6038875155978732 0.553886498345269 0.008060455322265625 0.010181398744936343
0 0.5584847980075412 0.44344271907099975 0.009519322713216146 0.011929914686414932
0 0.6693531672159831 0.8173906114366319 0.00869950188530816 0.011931807906539351
0 0.5411241743299696 0.2884718718352141 0.008072916666666667 0.011092009367766205
0 0.3545440991719564 0.3607571778474031 0.00877891116672092 0.011095541494864004
0 0.5255057017008463 0.7267351503725407 0.007619645860460069 0.009856499565972222
0 0.3288941065470378 0.4581762525770399 0.007606591118706597 0.009258411548755787
0 0.4309832043117947 0.8413527312102141 0.008328458997938368 0.010801301179108798
0 0.7460174560546875 0.44748383981210216 0.008388095431857638 0.010456989429615163
0 0.6196021609836154 0.5573062472873264 0.00948333740234375 0.01204234935619213
0 0.7414468553331163 0.5039505852593316 0.009690517849392361 0.012945726182725693
0 0.8003082699245877 0.5543470594618056 0.008488040500217014 0.010253341109664351
0 0.381199222140842 0.5950441713686342 0.008662753634982638 0.010917381004050925
0 0.5349912643432617 0.42929047478569876 0.00811568366156684 0.01122518468786169
0 0.2561657269795735 0.4903303923430266 0.008087306552463107 0.011379552770543982
0 0.6238191180759006 0.6901144522207754 0.008393478393554688 0.010821533203125
0 0.43572114308675125 0.6326930858470775 0.00836287604437934 0.011082967122395836
0 0.7364346398247613 0.48451136836299186 0.008787621392144097 0.010989718967013888
0 0.5478008270263671 0.13156912061903211 0.009385426839192709 0.012325286865234375
0 0.6094262652926975 0.1375528476856373 0.009343168470594618 0.013187592117874711
0 0.6358332951863607 0.4587786356608073 0.00811568366156684 0.011119701244212963
0 0.6812767240736219 0.6392652440954137 0.007484732733832465 0.009958507396556713
0 0.3029340002271864 0.5420761390968605 0.007534302605523003 0.009814961751302084
0 0.47662376827663844 0.3925612838179977 0.006281577216254341 0.008236072681568287
0 0.6157887564765082 0.707077478479456 0.007776599460177952 0.00997902199074074
0 0.567843246459961 0.6310721220793547 0.008771599663628473 0.011365706832320601
0 0.6879413604736329 0.6956927264178241 0.008828904893663194 0.011490094220196761
0 0.23642938401963975 0.595081075032552 0.008123270670572917 0.010413049768518519
0 0.653131612141927 0.5786482069227431 0.006968180338541668 0.008565719039351851
0 0.7192171308729384 0.26389873645923756 0.008559078640407987 0.01196359705041956
0 0.46413196987575955 0.4653226923059534 0.009044477674696181 0.011772636131004051
0 0.2528817706637912 0.6295701486093026 0.008155992296006944 0.011074772587528935
0 0.50720091925727 0.14611251265914352 0.008302900526258681 0.011085651538990162
0 0.5613343768649631 0.4577058721471716 0.007333331637912327 0.00984437730577257
0 0.5388495551215279 0.7366384435583044 0.007794274224175347 0.011030974211516205
0 0.40697400834825304 0.2842330791332104 0.010033798217773438 0.012866634792751736
0 0.6777271270751953 0.5526542098433883 0.008919609917534722 0.011251209400318287
0 0.45565458933512365 0.8144302933304398 0.007738537258572048 0.009920812536168982
0 0.7225763108995226 0.7230274059154369 0.010103522406684027 0.013548843948929398
0 0.4540982352362738 0.5298133850097656 0.01018172370062934 0.013097296820746528
0 0.6554895824856228 0.6324616043655961 0.008681106567382812 0.011659975405092593
0 0.5560254725432194 0.5087033458176632 0.009452565511067709 0.012246478045428243
0 0.37857952117919924 0.4627374154550058 0.007799657185872396 0.010310985423900463
0 0.5810816446940105 0.7639010959201389 0.007288191053602431 0.009070841471354167
0 0.26496472888522676 0.5446031923647281 0.00694281260172526 0.008690162941261573
0 0.3376631736755371 0.6190318072283709 0.009536806742350261 0.013419652868200231
0 0.6581464015339695 0.6578566802812306 0.007515335083007812 0.008666822645399306
0 0.40069989098442926 0.5803466231734664 0.007417763604058159 0.010117707429108795
0 0.5708068211873373 0.1758758827492043 0.006162134806315104 0.008814211244936343
0 0.459790759616428 0.33310429608380354 0.010083092583550345 0.014502603036385998
0 0.2631190337754245 0.6713181378470324 0.008283254835340712 0.013858088740596065
0 0.7539317660861545 0.46831878379539205 0.00780826144748264 0.01071695398401331
0 0.2895899772644043 0.3900029500325521 0.00874674055311415 0.012388271755642362
0 0.5383241865370009 0.8549199704770689 0.00893919203016493 0.01135406494140625
0 0.5341991212632922 0.6513338724772136 0.0068539513481987845 0.009614110876012731
0 0.43863162994384763 0.6617598074453849 0.006935246785481772 0.010889293529369213
0 0.4537656360202365 0.18696202172173396 0.009386995103624132 0.012168135466399017
0 0.42678416189458956 0.37042920944905633 0.008057869805230034 0.010204089129412614
0 0.48335812886555984 0.7804537737811053 0.007934485541449652 0.010340711805555555
0 0.4480487611558702 0.41417249043782556 0.008259879218207465 0.011982868335865163
0 0.5187236573961047 0.7888101365831163 0.01017138163248698 0.012974887424045138
0 0.345098696814643 0.48571302625868057 0.007525825500488281 0.010743317780671295
0 0.5842489030626085 0.8366305033365884 0.007956017388237847 0.011210858380353008
0 0.6187098185221354 0.6191903290925203 0.00818574693467882 0.010071761519820602
0 0.2906465742323133 0.6860787568268952 0.00877147250705295 0.012660104257089123
0 0.3528025415208605 0.7481191281919126 0.009140841166178386 0.011974476001880787
0 0.4221925735473633 0.6835547270598235 0.0072900984022352434 0.01141272650824653
0 0.5603969150119358 0.16899231804741752 0.006239234076605903 0.010030845359519676
0 0.28304565217759875 0.6822254887333622 0.006920136345757378 0.010992431640625
0 0.5257444593641494 0.21958027592411747 0.007548692491319444 0.009170814796730323
0 0.362383358894378 0.3186125946154377 0.006896697965180749 0.013574453137816142
0 0.41985584193755104 0.3705020364487025 0.0095240114757258 0.013136567552725324
0 0.37092212780364947 0.41954522197887684 0.010180839853362116 0.014888109893088596
0 0.379953517996148 0.42677033413287574 0.010509254042180203 0.011822910797452764
0 0.42051267031518735 0.413414823787605 0.00821035472045331 0.011385025212361838
0 0.4366049655672757 0.4265513913403304 0.00821035472045331 0.010509254042180203
0 0.3395585727715178 0.4361848742123289 0.007225112153998907 0.008757711701816788
0 0.3515456906633797 0.43530910304214715 0.006896697965180678 0.009633482871998566
0 0.33216925352310994 0.4368417025899652 0.006239869587544505 0.01007136845708935
0 0.33348291027838245 0.49945934125795555 0.00952401147572587 0.010947139627271127
0 0.2595897177943028 0.4197641647714223 0.008867183098089591 0.0126986819676344
0 0.41664252546109964 0.4960433784202647 0.008308878977098644 0.010596831159198317
0 0.5084014498168855 0.4274048129572753 0.010476412623298402 0.010115157015598442
0 0.5087627054245856 0.4175304930134767 0.009031390192498562 0.012523527733598029
0 0.5120140058938851 0.390075066828281 0.007586367761698866 0.01156017944639828
0 0.4610769652081928 0.3260124057294908 0.008308878977098715 0.012523527733598066
0 0.3227160674591141 0.27736331722589824 0.012643946269498123 0.0125235277335981
0 0.4204357093419491 0.2901276820312963 0.010115157015598442 0.012041853589998154
0 0.459812570581243 0.24075608231230392 0.010115157015598371 0.011560179446398174
0 0.48112665143553984 0.21281898198350815 0.007947623369398756 0.01445022430799778
0 0.4914224362549882 0.2472586832509029 0.008308878977098644 0.01204185358999819
0 0.45240683062339415 0.17837928071611348 0.009753901407898552 0.010115157015598442
0 0.46035445399279296 0.15429557353611714 0.0075863677616989375 0.013005201877197977
0 0.5150846785593347 0.13430609657672019 0.007947623369398827 0.006743438010398979
0 0.5340505979635818 0.1721175168493144 0.007586367761698725 0.013968550164397868
0 0.5387469208636809 0.17163584270571447 0.009031390192498491 0.012041853589998154
0 0.5531971451716788 0.16681910126971522 0.008308878977098786 0.010115157015598477
0 0.5559065622294284 0.19138448259331145 0.00939264580019845 0.013005201877198048
0 0.5692730197143263 0.18367769629571262 0.007225112153998836 0.010115157015598513
0 0.5703567865374262 0.21522735270150778 0.007225112153999049 0.008670134584798674
0 0.5654798358334768 0.21281898198350815 0.0068638565462988054 0.006743438010398961
0 0.5656604636373268 0.207279729332109 0.005057578507799221 0.0072251121539988715
0 0.5676473694796765 0.2342534813737049 0.0068638565462988054 0.008188460441198763
0 0.6117205536190697 0.20703889226030903 0.010476412623298473 0.01637692088239749
0 0.5445270105868799 0.21041061126550853 0.008308878977098786 0.0125235277335981
0 0.5349537369828316 0.20752056640390898 0.007225112153998978 0.012523527733598066
0 0.5378437818444312 0.19258866795231128 0.008670134584798674 0.011560179446398245
0 0.5065951717783859 0.2968711200416953 0.009753901407898412 0.010115157015598442
0 0.5580740958756281 0.29060935617489625 0.007947623369398827 0.011078505302798297
0 0.5510296115254791 0.30722711412909376 0.006863856546299019 0.011560179446398316
0 0.5988959795457217 0.3084312994880935 0.007225112153998907 0.010115157015598406
0 0.6185844101653687 0.30794962534449355 0.009031390192498634 0.011078505302798263
0 0.6691601952433608 0.27832666551309826 0.006863856546298948 0.009633482871998566
0 0.7228066529868028 0.24003357109690399 0.010115157015598585 0.00915180872839862
0 0.6920999263323075 0.34287100075548826 0.007947623369398684 0.010596831159198388
0 0.6948093433900572 0.3308291471654901 0.008308878977098857 0.013486876020797922
0 0.6677151728125612 0.43149904317787474 0.007586367761698795 0.0125235277335981
0 0.6007022575842216 0.4028394316336791 0.007947623369398827 0.010115157015598513
0 0.7365343660794007 0.4086195213568782 0.007947623369398684 0.012041853589998154
0 0.5580740958756281 0.5015826310716639 0.008670134584798816 0.013005201877197977
0 0.7840394784919433 0.4478759640602722 0.009031390192498776 0.009633482871998566
0 0.7820525726495936 0.45606442450147083 0.007225112153998765 0.009633482871998566
0 0.7300317651408017 0.46256702544007 0.007947623369398827 0.012041853589998154
0 0.7251548144368524 0.4743680419582681 0.006863856546299019 0.009633482871998495
0 0.6846941863744586 0.4722005083120684 0.006863856546298734 0.0081884604411988
0 0.6827072805321088 0.4327032285368745 0.00650260093859913 0.013005201877197977
0 0.6919192985284575 0.4760539014608678 0.00758636776169908 0.0081884604411988
0 0.8017410032692405 0.487854917979066 0.006141345330899099 0.010596831159198317
0 0.6193069213807686 0.5420432591340577 0.00686385654629909 0.010115157015598654
0 0.6263514057309174 0.5427657703494577 0.008670134584798745 0.008670134584798745
0 0.668979567439511 0.5998441563660488 0.007225112153998907 0.011078505302798334
0 0.7578484469336974 0.5808180276938518 0.008670134584798603 0.011560179446398209
0 0.4654120325005922 0.6443990146490419 0.007586367761698795 0.008670134584798745
0 0.4630638710505426 0.7050899567426328 0.007225112153998907 0.01156017944639828
0 0.5920321229994228 0.7376029614356279 0.007947623369398827 0.013968550164397726
0 0.6303432472776505 0.851876432558023 0.006141345330898957 0.013486876020797922
0 0.6552698842089467 0.8306827702396262 0.007586367761698795 0.008670134584798603
0 0.6906729337635411 0.7586724857714373 0.008308878977098715 0.012041853589998226
0 0.665023785616845 0.74181389074544 0.007586367761698654 0.011078505302798334
0 0.5976496147808055 0.7071333524062453 0.007225112153998836 0.010115157015598442
0 0.4078097929344846 0.6926831280982474 0.009031390192498491 0.01493189845159776
0 0.40744853732678465 0.6719711399234505 0.007586367761698866 0.011078505302798192
0 0.5147414528136683 0.746871469253239 0.0054188341154991805 0.013486876020797922
0 0.4981236948594708 0.7502431882584386 0.006141345330898957 0.008670134584798603
0 0.33429427676754586 0.7360338010222407 0.0065026009385990595 0.010115157015598442
0 0.3292366982597466 0.661615145836052 0.008670134584798603 0.010596831159198388
0 0.287872931178103 0.6052592710348607 0.00830887897709875 0.010596831159198317
0 0.2508442313888587 0.6567984044000528 0.00867013458479864 0.010596831159198388
0 0.34188064452924466 0.569133710264866 0.007225112153998943 0.009633482871998495
0 0.3763805550645894 0.5368615426436711 0.009753901407898481 0.01059683115919853
0 0.4159380441077334 0.5243380149100731 0.01156017944639828 0.013486876020797994
0 0.2665588503238063 0.5224113183356733 0.006141345330899028 0.009633482871998495
