0 0.33580326504177516 0.3543491928665726 0.007956610785590278 0.011154542145905671
0 0.6044386121961804 0.2713382720947266 0.009170277913411459 0.012054923728660301
0 0.5512738969590929 0.6893872578938803 0.007325066460503472 0.008582616735387731
0 0.6146964814927842 0.39433767530653213 0.009451844957139757 0.012392595079210068
0 0.6705288145277235 0.3676350628888166 0.008312945895724826 0.01127426712601273
0 0.36806299421522354 0.5152810273347078 0.00926407708062066 0.012836767126012732
0 0.6872211456298828 0.320353091204608 0.009539964463975694 0.012763214111328126
0 0.46096926795111764 0.7856953656231915 0.008719423082139757 0.011918414080584493
0 0.6369245710903584 0.3015869845598781 0.0075389438205295135 0.009719170464409722
0 0.43089726765950526 0.8499018068666812 0.007740020751953125 0.009746805826822916
0 0.6531771765814887 0.7040424770779079 0.008197360568576388 0.010699406376591437
0 0.5609806484646267 0.520129140218099 0.008688184950086806 0.012010984067563657
0 0.3459131982591417 0.2664976614492911 0.010006523132324219 0.013291987666377314
0 0.5756803300645617 0.2944939648663556 0.009818606906467013 0.013967641194661458
0 0.5102601793077257 0.12193114316021955 0.009988572862413194 0.013164809898093894
0 0.4787284003363716 0.7018138461642794 0.008229149712456597 0.010695111310040507
0 0.6006147384643554 0.3138946815773293 0.008548863728841146 0.010852898491753473
0 0.4307868957519531 0.20522578204119646 0.008122083875868056 0.011678568522135417
0 0.5487880282931858 0.2688871030454283 0.008042229546440972 0.01128703929759838
0 0.5666262308756511 0.40915160002531825 0.008077324761284723 0.011173954716435185
0 0.46935073004828565 0.4071399264865452 0.007887352837456597 0.010370890299479164
0 0.5687270482381185 0.38532194914641205 0.00877181159125434 0.012082417805989586
0 0.3497589111328125 0.35666594328703705 0.008260218302408855 0.011269350405092592
0 0.2918320126003689 0.2827194496437356 0.009587860107421875 0.012012227376302082
0 0.5883551491631401 0.644844479031033 0.008713743421766493 0.01178063286675347
0 0.4923688676622179 0.2857521622269242 0.009493170844184027 0.012348316333912037
0 0.3729174296061198 0.5413905390986691 0.007895575629340278 0.010288266782407407
0 0.44252573649088545 0.3081314086914062 0.008574761284722222 0.011204020182291668
0 0.42345977359347875 0.5413848876953125 0.007481850518120659 0.010727606879340278
0 0.5564560784233941 0.25228084988064237 0.009672970241970487 0.012213078251591436
0 0.6333428488837348 0.1554202538949472 0.007778294881184897 0.012379639237015336
0 0.47643487718370225 0.422234923751266 0.008772616916232639 0.013255733913845486
0 0.7172156439887154 0.3609774130362052 0.00836181640625 0.011958567301432292
0 0.43001789516872824 0.1772525857996058 0.00896453857421875 0.012332252219871238
0 0.6088513056437175 0.34385983502423323 0.00884598626030816 0.012590535481770833
0 0.6710082583957248 0.6058500501844618 0.009250471327039931 0.011883318865740742
0 0.36010627746582025 0.38877877129448785 0.008940633138020833 0.01138927318431713
0 0.52903200785319 0.33876592848036025 0.007764604356553819 0.009870543303313078
0 0.3775426228841146 0.377338367038303 0.008282555474175347 0.01237711023401331
0 0.26327425638834634 0.32087112709327975 0.009971110026041667 0.014236817536530671
0 0.3186270183987088 0.24295956646954572 0.008423275417751737 0.011278675220630786
0 0.4107717514038086 0.6339018927680121 0.008810128106011285 0.011636974193431713
0 0.5242132822672526 0.7168525130660446 0.007472398546006944 0.009675033004195602
0 0.5766447279188368 0.5839110197844328 0.00763278537326389 0.009795351381655092
0 0.3397242863972981 0.21077152534767432 0.008382161458333334 0.01234332897044994
0 0.3964205000135634 0.3865784821686921 0.009332275390625 0.012158259639033563
0 0.38559862772623693 0.4566181182861328 0.007941182454427083 0.012218814425998264
0 0.6012146910912886 0.5371087846820293 0.00761752658420139 0.010678891782407407
0 0.24257192611694336 0.44664377283166956 0.008582369486490885 0.010161223234953705
0 0.6484241061740451 0.19903106689453126 0.009974161783854166 0.012783841733579281
0 0.7680959913465712 0.41698218451605895 0.009975009494357638 0.013298430266203703
0 0.7145139694213867 0.6858152884024161 0.01016036139594184 0.013831075032552083
0 0.2538922521803114 0.5067347491229022 0.007631662156846788 0.009695943196614583
0 0.5894526375664605 0.22171231022587526 0.007047737969292534 0.00984757034866898
0 0.5449537065294054 0.8086216114185474 0.00804841783311632 0.01085860640914352
0 0.5392949634128147 0.6466894079137733 0.008360841539171007 0.01219143337673611
0 0.45603877173529733 0.5473115426522714 0.008540047539605035 0.01072540283203125
0 0.2632082409328884 0.4959316112377025 0.007797876993815105 0.010342633282696759
0 0.24702712164984805 0.5891112998679833 0.007705179850260416 0.01010860866970486
0 0.40351066589355467 0.7935882850929543 0.008382924397786458 0.011914684154369214
0 0.2760828759935167 0.6590372721354167 0.008586904737684461 0.01218555591724537
0 0.4231430265638563 0.2962828176992911 0.007782702975802951 0.011785606101707176
0 0.43266345130072703 0.22335682621708625 0.007051383124457466 0.010516357421875
0 0.5775021084938968 0.2235124182993077 0.008837085300021702 0.012330655698423032
0 0.36916149987114805 0.32371727272316264 0.008587519327799479 0.011568874782986112
0 0.7716078440348306 0.641796620686849 0.008444468180338541 0.012242804633246528
0 0.736311976114909 0.31400284943757234 0.009380340576171875 0.012960645887586806
0 0.4379866736637982 0.41582713406036187 0.006863856546298948 0.009633482871998495
0 0.438528557075348 0.421848060855361 0.00578008972319914 0.00915180872839862
0 0.43726416244839816 0.42762815057856 0.006863856546298877 0.00915180872839862
0 0.42570398300199996 0.41317792627056227 0.008308878977098715 0.010115157015598442
0 0.4217301713173006 0.4220888979271609 0.009031390192498634 0.007706786297598853
0 0.4936200372495895 0.4100470443371627 0.008308878977098715 0.013486876020797994
0 0.5552141183624303 0.4172721564911616 0.006502600938598988 0.011560179446398209
0 0.5608135802817793 0.4160679711321618 0.0075863677616989375 0.010115157015598442
0 0.5035545664613381 0.35128279881797175 0.009392645800198522 0.012523527733598029
0 0.48224048560704136 0.3423718271613731 0.010837668230998432 0.012041853589998154
0 0.517643535161636 0.32647658042257555 0.007947623369398684 0.010115157015598442
0 0.5319131316657837 0.3151572380479773 0.007586367761698866 0.013486876020797922
0 0.5357063155466331 0.3288849511405752 0.005057578507799221 0.010115157015598442
0 0.5994679303056734 0.30046617666817954 0.006863856546298948 0.011078505302798334
0 0.6359547466833678 0.27349242462658363 0.01047641262329833 0.012041853589998083
0 0.46291331059509444 0.24073858286178867 0.007586367761698794 0.012041853589998154
0 0.42407833276735024 0.2556704813133864 0.008670134584798603 0.011078505302798334
0 0.4080024582247027 0.29396357572958054 0.009753901407898481 0.010596831159198352
0 0.3285262245307149 0.22532501026659105 0.008308878977098715 0.013005201877198011
0 0.3399057761732632 0.2248433361229911 0.010115157015598442 0.011078505302798334
0 0.39806792901295424 0.21665487568179234 0.010837668230998361 0.011078505302798334
0 0.40493178555925313 0.22580668441019097 0.007947623369398756 0.012041853589998154
0 0.4835048802339912 0.2248433361229911 0.006141345330899099 0.010115157015598442
0 0.49109124799569004 0.2241208249075912 0.009753901407898481 0.007706786297598817
0 0.49109124799569004 0.21737738689719222 0.010476412623298402 0.00867013458479864
0 0.4491855975024965 0.1976287470095952 0.007586367761698939 0.010596831159198352
0 0.4645389608297441 0.15162886629580233 0.007225112153998836 0.01107850530279828
0 0.6552819216953147 0.16583825353200013 0.007947623369398684 0.015413572595197617
0 0.6485986929528659 0.17836178126559823 0.011921435054098168 0.011560179446398174
0 0.6877949263883099 0.21785906104079217 0.0101151570155983 0.010596831159198388
0 0.6924912492884091 0.21713654982539224 0.007225112153998907 0.01204185358999819
0 0.7049545677540573 0.36693720848496936 0.009031390192498634 0.012041853589998154
0 0.7067608457925568 0.3828324552237669 0.006141345330898957 0.0062617638667990146
0 0.7022451506963077 0.3955968200291649 0.005780089723199211 0.010596831159198317
0 0.7116377964965062 0.41510462284496197 0.007947623369398684 0.00915180872839862
0 0.705135195557907 0.40787951069096307 0.00939264580019838 0.010115157015598513
0 0.6973681999923584 0.4182355047783615 0.006863856546298877 0.0125235277335981
0 0.7026064063040073 0.4235339203579606 0.007947623369398827 0.011560179446398209
0 0.7604073035359985 0.3874083595879662 0.007947623369398827 0.009633482871998566
0 0.7669099044745977 0.38813087080336617 0.008670134584798745 0.012041853589998154
0 0.7277136710391539 0.39896853903436436 0.01119892383869825 0.01059683115919846
0 0.7383707114663022 0.41317792627056227 0.007947623369398827 0.012041853589998083
0 0.6290908901370689 0.4382249817377584 0.010476412623298473 0.013005201877197977
0 0.640289813975767 0.4425600490301577 0.01047641262329833 0.013005201877197977
0 0.6523918768337152 0.44015167831215807 0.010837668230998361 0.011078505302798263
0 0.666661473337863 0.4423192119583578 0.009031390192498634 0.01156017944639828
0 0.5544916071470303 0.4560469250509556 0.008670134584798603 0.011078505302798334
0 0.5550334905585802 0.467125430353754 0.008308878977098786 0.012041853589998083
0 0.6184338497099204 0.45387939140475597 0.011560179446398209 0.0125235277335981
0 0.6243945672369696 0.4620678518459547 0.006863856546299019 0.009633482871998495
0 0.5918815625439746 0.49313583410815 0.009031390192498491 0.012041853589998226
0 0.6043448810096227 0.49289499703635004 0.009392645800198522 0.011560179446398209
0 0.6354128632718179 0.49024578924655043 0.010115157015598513 0.016858595025997333
0 0.6563656885184147 0.4921724858209501 0.007947623369398684 0.012041853589998154
0 0.6764153747457615 0.49169081167735024 0.007586367761698654 0.013005201877197977
0 0.6838211147036105 0.4921724858209501 0.008670134584798745 0.010115157015598442
0 0.7044126843425073 0.44159670074295787 0.007947623369398827 0.013968550164397868
0 0.7474021016588008 0.49024578924655043 0.009392645800198664 0.011078505302798263
0 0.7828051512133953 0.48952327803115053 0.008670134584798461 0.016376920882397526
0 0.7421638953471514 0.5234813051549453 0.01119892383869825 0.013005201877198119
0 0.7987003979521929 0.5290205578063444 0.007947623369398684 0.010596831159198317
0 0.7967134921098432 0.5514184054837411 0.009031390192498776 0.010115157015598513
0 0.5353450599389332 0.5237221422267453 0.009392645800198593 0.010596831159198388
0 0.5380544769966827 0.5398582260373428 0.009753901407898552 0.012041853589998226
0 0.5917009347401246 0.5868214550383356 0.010115157015598513 0.01348687602079778
0 0.5906171679170247 0.5629785849301392 0.010115157015598442 0.010115157015598513
0 0.6260202174716193 0.5177012154317463 0.011560179446398209 0.013968550164397868
0 0.595313490817124 0.5379315294629431 0.007225112153998907 0.013968550164397797
0 0.7298812046853534 0.55792100642234 0.007586367761698795 0.0125235277335981
0 0.732229366135403 0.5824863877459363 0.010115157015598442 0.013486876020797994
0 0.7694386937284974 0.5832088989613362 0.013005201877197977 0.012041853589998226
0 0.5526853291085305 0.6340255211111284 0.010115157015598513 0.009633482871998637
0 0.5729156431397274 0.6347480323265283 0.010837668230998361 0.013968550164397797
0 0.6653970787109134 0.6234286899519301 0.010115157015598442 0.008670134584798745
0 0.6774991415688615 0.62391036409553 0.009753901407898412 0.007706786297598853
0 0.6395673027603672 0.62342868995193 0.006863856546298948 0.0125235277335981
0 0.758781653301349 0.62415120116733 0.008308878977098715 0.01589524673879751
0 0.7741350166285966 0.6345071952547285 0.009392645800198664 0.011560179446398209
0 0.4863949250955908 0.5868214550383357 0.009753901407898481 0.014450224307997814
0 0.549975912050781 0.6720777784555227 0.009753901407898552 0.01156017944639828
0 0.5519628178931306 0.6780987052505216 0.010837668230998361 0.012041853589998226
0 0.6135568990059712 0.6744861491735223 0.009753901407898412 0.010596831159198246
0 0.6269233564908692 0.6728002896709225 0.014811479915697773 0.009151808728398407
0 0.6469730427182162 0.6853238174045205 0.008670134584798603 0.011078505302798334
0 0.6514887378144654 0.6937531149175195 0.006863856546299019 0.010596831159198388
0 0.765103626436098 0.6759311716043221 0.007947623369398684 0.011560179446398137
0 0.48567241388019083 0.7115750582307165 0.008308878977098715 0.01156017944639828
0 0.44611492483704684 0.7195226816001152 0.008670134584798745 0.01493189845159776
0 0.46905465592599327 0.7650408881703084 0.009031390192498562 0.009633482871998495
0 0.48187922999934135 0.7811769719809059 0.008670134584798603 0.012041853589998226
0 0.5553947461662802 0.7850303651297054 0.01047641262329833 0.009151808728398833
0 0.5638842529472288 0.7000148787843183 0.007947623369398756 0.012523527733598029
0 0.5656905309857285 0.7151876143077159 0.008670134584798603 0.013005201877197977
0 0.5721931319243275 0.7178368220975156 0.007947623369398684 0.014450224307997672
0 0.6095830873212719 0.7192818445283153 0.01047641262329833 0.011560179446398137
0 0.6128343877905713 0.7313236981183135 0.009031390192498562 0.013486876020797922
0 0.5998291859133733 0.7715434891089075 0.007586367761698795 0.009151808728398549
0 0.6549206660876149 0.7643183769549085 0.008670134584798603 0.015895246738797653
0 0.6726221908649122 0.7669675847447082 0.010837668230998361 0.015413572595197565
0 0.6471536705220661 0.780936134909106 0.008308878977098715 0.01156017944639828
0 0.602177347363423 0.8209150888278998 0.007947623369398827 0.012523527733598029
0 0.6110281097520717 0.8201925776125001 0.008308878977098786 0.013005201877198119
0 0.5915203069362746 0.8197109034689001 0.009753901407898552 0.01396855016439801
0 0.5582847910278796 0.8625799022492936 0.006863856546298948 0.011078505302798334
0 0.562800486124129 0.8673966436852928 0.007225112153998907 0.009151808728398407
0 0.5613554636933292 0.8546322788798946 0.009392645800198522 0.010596831159198388
0 0.569303087062728 0.8611348798184938 0.008670134584798603 0.013005201877198119
0 0.5721931319243275 0.8457213072232961 0.008670134584798745 0.011078505302798192
0 0.3619423682429598 0.636674728900928 0.010115157015598442 0.012041853589998226
0 0.4898268533687402 0.5360048328885435 0.006502600938598988 0.014931898451597689
0 0.3234686460229157 0.5429891079707424 0.008308878977098715 0.011560179446398209
0 0.31443725583041704 0.5425074338271425 0.011921435054098168 0.015413572595197706
0 0.30052891493396916 0.5408215743245427 0.01083766823099829 0.014931898451597831
0 0.2772279282373228 0.5133661481393469 0.011198923838698284 0.014931898451597689
0 0.2667515156140244 0.5882664774691354 0.009753901407898518 0.014450224307997743
0 0.23947671723267852 0.6048842354233328 0.009392645800198522 0.012041853589998226
0 0.30847653830336796 0.5716487195149379 0.00867013458479871 0.009151808728398478
0 0.3090184217149179 0.5543084503453407 0.007586367761698866 0.013968550164397868
0 0.3818114266664567 0.5856172696793359 0.01083766823099829 0.011078505302798334
0 0.3895784222320055 0.5441932933297422 0.009031390192498491 0.013005201877197977
0 0.41829824304415114 0.4962667160415495 0.011560179446398209 0.0125235277335981
0 0.288246224272171 0.5680361634379386 0.011560179446398209 0.013486876020797994
0 0.28680120184137126 0.44641344217895723 0.00794762336939879 0.012041853589998154
0 0.2913168969376206 0.4550835767637558 0.007586367761698866 0.013005201877197977
0 0.30793465489181804 0.4615861777023549 0.00830887897709875 0.012523527733598029
0 0.3632067628699096 0.4567694362663556 0.012643946269498017 0.01156017944639828
0 0.4571332208718952 0.460622829415155 0.01192143505409831 0.010596831159198246
0 0.4665258666720938 0.4476176275379569 0.009753901407898623 0.0125235277335981
0 0.4748347456491925 0.4452092568199573 0.009031390192498634 0.011560179446398209
