0 0.3918831931220161 0.8244097109194156 0.009547466701931424 0.012559678819444444
0 0.41921119689941405 0.6769777368616176 0.008251359727647569 0.011461215549045138
0 0.5681192398071289 0.34213327478479455 0.009049691094292534 0.012921086064091435
0 0.5262287351820204 0.3042930320457176 0.009035958184136285 0.01262099654586227
0 0.577943992614746 0.417350090874566 0.008659320407443577 0.012599069100839123
0 0.6144173728095161 0.6879978603786892 0.008971447414822049 0.012725095395688658
0 0.4012391408284505 0.5924883807146991 0.008217705620659722 0.010804352936921295
0 0.3943602032131619 0.48385467529296877 0.00830429924858941 0.011348243995949074
0 0.44231868320041234 0.2809612980595342 0.009120262993706597 0.013232873987268518
0 0.3967683368259006 0.23143136766221786 0.008382458157009548 0.01103704947012442
0 0.41995576222737624 0.4826673154477719 0.0069857703314887155 0.010194566514756944
0 0.5433575100368925 0.28022867838541665 0.009164513481987848 0.01182109691478588
0 0.4873572243584527 0.2942230083324291 0.007775327894422744 0.009450417977792246
0 0.521416367424859 0.8162946912977431 0.007851876152886284 0.01132880316840278
0 0.670053376091851 0.5528847871003328 0.007916471693250868 0.010958240650318286
0 0.5412124845716688 0.22146725831208408 0.008314471774631077 0.011390361079463252
0 0.6881856918334961 0.25661963003653065 0.008695093790690105 0.01232768871166088
0 0.3865549723307292 0.34200258608217593 0.008084191216362847 0.01089675338179977
0 0.5015054490831163 0.80147380122432 0.008990817599826388 0.012670050726996528
0 0.7014121585422092 0.3578450803403501 0.008316463894314237 0.010614409270109952
0 0.5133417553371854 0.663409056486907 0.00801438225640191 0.010546931514033565
0 0.6824990378485785 0.43484447620533134 0.007696066962348091 0.010139380560980902
0 0.6687999725341797 0.7498430040147569 0.009058888753255208 0.011664722583912037
0 0.2732596079508463 0.3979194923683449 0.008277808295355902 0.011067143192997685
0 0.458834351433648 0.2067649911951136 0.008714675903320312 0.012168983176902489
0 0.6506625705295138 0.38099368060076677 0.007649993896484375 0.010602032696759259
0 0.33798492219713006 0.44099085772479024 0.007692400614420573 0.010620484528718171
0 0.3563203917609321 0.8025152700918692 0.008194584316677517 0.010861997251157407
0 0.5116575664944119 0.453591071234809 0.008052698771158854 0.010698671694155093
0 0.7129121992323134 0.36503820066098813 0.007900746663411458 0.009996004457826968
0 0.4691629197862413 0.19533049971969038 0.007884979248046875 0.010254895245587384
0 0.6676028314150154 0.5825588186466393 0.008765199449327257 0.011019614890769676
0 0.6650404400295682 0.45467553315339265 0.007790756225585937 0.009191244619864005
0 0.6922913657294378 0.6061872129087095 0.007423697577582465 0.00971363208912037
0 0.5868422614203559 0.2254907042891891 0.008338673909505209 0.012736949214228877
0 0.41331140730116095 0.5576343112521701 0.007387500339084202 0.01089511447482639
0 0.2617633925543891 0.49429971200448497 0.008446651034884983 0.011869642469618056
0 0.5431163363986545 0.45618578592936193 0.00808563232421875 0.01112345942744502
0 0.5521390491061741 0.6084561665852865 0.007218805948893229 0.010427121762876157
0 0.48624740176730685 0.7823471069335938 0.008737309773763021 0.012021665219907407
0 0.4026606453789605 0.8004290262858074 0.007727432250976563 0.009259993941695601
0 0.4637439727783203 0.8019322148075811 0.009536319308810763 0.012316103334780093
0 0.39130187564425994 0.6796515005606192 0.007469897800021701 0.010272781937210646
0 0.5856709374321831 0.6166995860912181 0.008156077067057291 0.010879912199797453
0 0.4585217581854926 0.5797063191731772 0.007858996921115451 0.010782877604166664
0 0.6800231509738499 0.4704241999873408 0.008397420247395834 0.010929983633535877
0 0.4591826332939996 0.5196845160590278 0.008106867472330729 0.010808082863136574
0 0.4298920525444878 0.5790765832971644 0.006731245252821181 0.009917647750289351
0 0.669460678100586 0.25669253313982926 0.006978352864583332 0.010196827076099537
0 0.6145595550537108 0.4224909323233145 0.007535298665364582 0.011296674940321182
0 0.394865459865994 0.5060202139395255 0.00754123263888889 0.011107268156828705
0 0.36429549323187926 0.7331908897117332 0.008325703938802083 0.011420525444878472
0 0.32663852903578017 0.26613017894603586 0.008983887566460503 0.012905431676793982
0 0.4019783020019531 0.6094767817744503 0.008061048719618056 0.011085227683738425
0 0.7612678527832031 0.5537662082248265 0.008203294542100694 0.010028980396412037
0 0.5395121256510417 0.8171401412398727 0.008811442057291667 0.012251451280381943
0 0.7848442501491971 0.4598169962565104 0.008879004584418402 0.010673070836950231
0 0.5415606392754448 0.3952321935583044 0.008935250176323784 0.011756614402488425
0 0.2983589702182346 0.4837706671820747 0.008339415656195746 0.011570513689959492
0 0.32967657513088655 0.40736829969618055 0.007681465148925782 0.010778243453414351
0 0.7044552485148112 0.5045960885507089 0.009250768025716146 0.010714665165653937
0 0.3500072903103299 0.33731374387387875 0.008070627848307291 0.01164350156430845
0 0.2669277826944987 0.5114979496708623 0.008090125189887153 0.01050369827835648
0 0.647263463338216 0.5222222787362558 0.009189605712890625 0.01115428783275463
0 0.5208648257785373 0.48339402940538195 0.007649909125434028 0.009480342158564815
0 0.5193710962931315 0.280225584242079 0.00939928690592448 0.013219677960431135
0 0.743883302476671 0.4849359582971644 0.008022138807508681 0.011111224139178241
0 0.5812316046820747 0.49073186803747104 0.007637871636284722 0.01037631564670139
0 0.6891587999131944 0.7409228572139033 0.0061198764377170135 0.009078018753616898
0 0.549594603644477 0.25249998304578997 0.00858506096733941 0.012639250578703704
0 0.475432374742296 0.29846954345703125 0.007436201307508681 0.009950425889756944
0 0.5476212395562066 0.4805355495876736 0.008892398410373264 0.011329820421006944
0 0.6608062744140625 0.25241817898220487 0.007170783148871528 0.012340686939380787
0 0.5019399854871962 0.1647052764892578 0.008460150824652778 0.01155500058774595
0 0.5780475616455079 0.4599927549008969 0.006692759195963541 0.00983626754195602
0 0.4828373419919737 0.5192556872110496 0.007497872246636284 0.009205740469473379
0 0.45921832190619577 0.4216086069742838 0.006616168551974827 0.008801015218098958
0 0.6135211944580078 0.5094933403862847 0.007968224419487847 0.010710200557002315
0 0.3007695092095269 0.3828136161521629 0.00799560546875 0.0104762042010272
0 0.5957807328965928 0.3313890951651114 0.006700303819444444 0.009146655047381366
0 0.5237781312730577 0.7153955812807437 0.008334986368815104 0.011582155580873842
0 0.49011624654134117 0.24366073608398436 0.008476426866319444 0.010531842267071758
0 0.653591071234809 0.1967749065823025 0.008833143446180556 0.012059628521954571
0 0.4528944863213433 0.8234881648310908 0.008918211195203992 0.010851429126880786
0 0.6212013880411784 0.33995807788990157 0.007582219441731771 0.010457130714699074
0 0.4087404251098633 0.4309215969509549 0.008096694946289062 0.009516680682146991
0 0.6930999332004124 0.5380380701135706 0.007798936631944444 0.010323757595486111
0 0.3607078764173719 0.21822758427372682 0.008356602986653645 0.01053548742223669
0 0.5757219526502821 0.23343464180275247 0.008641984727647569 0.01145266780146846
0 0.3242969301011827 0.7347483317057291 0.007868025037977431 0.010202704535590277
0 0.5862318196538613 0.4388751284416992 0.00836944580078125 0.012353459110966435
0 0.5662882063123915 0.19928742867928964 0.00928192138671875 0.011247281674985532
0 0.4772463692559136 0.86037518536603 0.008746380276150174 0.012144300672743056
0 0.6548317379421659 0.26612014770507814 0.007848103841145834 0.010131666395399306
0 0.674544694688585 0.6603650410970051 0.008349355061848958 0.010833570692274306
0 0.35895352893405486 0.2621895118995949 0.008123164706759983 0.01047713668258102
0 0.5266991933186849 0.23820617110640918 0.008072916666666667 0.010605367024739583
0 0.44127708011203337 0.7058404710557725 0.00822554694281684 0.010790959110966437
0 0.6338100009494357 0.3335906558566623 0.0077056884765625 0.009365364357277198
0 0.3757587009006077 0.708768943504051 0.008492363823784722 0.012005728262442127
0 0.4432875739203559 0.7333923622413918 0.008970896402994791 0.012641228569878472
0 0.2898959583706326 0.5288623951099537 0.007830238342285157 0.009707867657696758
0 0.38007211603550334 0.48066727438047535 0.006059858534071181 0.008333446361400463
0 0.36057688395182297 0.5930235120985243 0.009813944498697916 0.01242969654224537
0 0.6086029900444878 0.5194827327021847 0.007794698079427082 0.010408359103732638
0 0.6901547114054363 0.726179673936632 0.008016247219509548 0.008768717447916666
0 0.7115173364289084 0.7626164685405399 0.007178963555230035 0.009669946741174768
0 0.7018693712022569 0.7344764992042824 0.00996975368923611 0.01381236888744213
0 0.37233570294711954 0.28762764346745173 0.008405685424804688 0.010792767560040509
0 0.41932871185474135 0.6559313930789259 0.008911641438802083 0.013543757685908564
0 0.585738648308648 0.334826985111943 0.0074778662787543405 0.011044735378689236
0 0.35219848420884875 0.3067304257993345 0.009597375657823351 0.011801656087239583
0 0.2916404724121094 0.31831546359592017 0.008144378662109375 0.010504602502893519
0 0.37904067569308814 0.39492211518464265 0.00981127421061198 0.012433454725477432
0 0.7003426445855035 0.3155528739646629 0.008371141221788194 0.012331164324725115
0 0.44401351081000434 0.7735226949055989 0.00977384779188368 0.013106904206452547
0 0.6350213156806097 0.34770304361979165 0.006634479098849826 0.008475692183883101
0 0.3320606231689453 0.6400401645236545 0.008645926581488715 0.010714665165653937
0 0.5551605860392252 0.6927673904984085 0.01004261440700955 0.013597841616030093
0 0.6678044001261394 0.2338623612015336 0.00885632832845052 0.011214079680266205
0 0.45098105536566846 0.42206467522515195 0.006578911675347222 0.008995140923394098
0 0.6344065136379666 0.8197276362666378 0.008974414401584202 0.01296070240162037
0 0.4112550735473633 0.20061687893337674 0.00700789557562934 0.009668138292100694
0 0.7437016381157768 0.46507797241210946 0.00811063978407118 0.01183121292679398
0 0.577798949347602 0.4325610408076534 0.006491639879014756 0.008439240632233795
0 0.531035402086046 0.5861023231788918 0.008098941379123264 0.012968670880353007
0 0.595190938313802 0.41151525709364145 0.0068471272786458336 0.010673438178168402
0 0.43708341386583116 0.5366421734845196 0.007539410061306423 0.010658207646122686
0 0.6916810141669381 0.30580095361780235 0.006441624959309896 0.008510646113642939
0 0.3233470704820421 0.35175873085304543 0.009939829508463541 0.01436555650499132
0 0.6020685619778103 0.6600113762749567 0.007564671834309897 0.009409417046440972
0 0.5456209606575058 0.1828976997969348 0.0073270585801866305 0.010045468365704571
0 0.5373165440353368 0.5999389003593232 0.006996917724609375 0.01158916332103588
0 0.6059776306152344 0.6409543637876157 0.007405598958333332 0.00978054470486111
0 0.4752355999416775 0.6466899730541088 0.007203716701931423 0.011025096752025463
0 0.24225280549791123 0.5287953977231626 0.008150460984971788 0.011165082013165508
0 0.4796539518568251 0.3080280869095413 0.008393478393554688 0.010776011149088542
0 0.3906309975518121 0.2526033048276548 0.009709972805447048 0.013097155535662618
0 0.43869821760389544 0.37475882636176217 0.006633037990993924 0.010154498064959489
0 0.3973079681396484 0.29322813528555414 0.007250891791449653 0.009924062093098958
0 0.3480192866387803 0.4381879279414017 0.009288724263509114 0.011205800374348958
0 0.5491178724500868 0.3031847777190032 0.0077579922146267365 0.012156366418909144
0 0.4589242179861339 0.46363324802453415 0.009514024522569444 0.012920238353587963
0 0.4184668858846028 0.5395380373354312 0.0077983008490668405 0.010426443594473377
0 0.40809708673899897 0.6895132950585089 0.007788891262478299 0.011038151493778936
0 0.33256265906768745 0.4654378610256664 0.00743514166937934 0.010016660337094908
0 0.7291493733723959 0.5234441403989438 0.008728875054253472 0.011987474229600694
0 0.4766673313583717 0.265159270384896 0.00672594706217448 0.010600450303819444
0 0.733690897623698 0.4261465001989294 0.008004082573784722 0.012746570728443287
0 0.41800025912595973 0.6473424043964923 0.009195597286907713 0.008319826116726148
0 0.37350013654110287 0.6385846926946754 0.00821035472045331 0.011822910797452764
0 0.38171049126155615 0.6398983494499482 0.008867183098089555 0.009195597286907642
0 0.2973080447352963 0.6574137728535818 0.00886718309808952 0.008319826116726006
0 0.3268653217289282 0.5475044909957805 0.006239869587544575 0.011822910797452764
0 0.35248162845674247 0.523420783815784 0.01083766823099829 0.013574453137816108
0 0.359049912233105 0.575310225649049 0.00821035472045331 0.010509254042180203
0 0.43951138849354726 0.5921688206750463 0.006896697965180749 0.0126986819676344
0 0.44410918713700115 0.5921688206750464 0.006896697965180749 0.011822910797452693
0 0.44213870200409233 0.5801269670850482 0.007553526342817065 0.013136567552725324
0 0.4491996070636823 0.5689608846652316 0.007881940531635151 0.010947139627271127
0 0.45543947665122675 0.5615168297186873 0.007881940531635222 0.0126986819676344
0 0.4455870509866828 0.5448771774852353 0.0059114553987262754 0.010071368457089207
0 0.4503490567245457 0.5435635207299628 0.006239869587544505 0.010947139627270985
0 0.4713675648089061 0.6033349030948628 0.00821035472045331 0.012260796382543617
0 0.491072416137994 0.613406271551952 0.0049262128322720145 0.011385025212361838
0 0.49025138066594864 0.6059622166054078 0.0059114553987262754 0.00788194053163508
0 0.4925502799876756 0.5729018549310492 0.005911455398726418 0.014450224307997672
0 0.48910193100508514 0.5770617679894122 0.008210354720453238 0.013136567552725324
0 0.4329431047171848 0.47525336945579144 0.008867183098089483 0.010947139627271056
0 0.23573038433189666 0.5326163811026918 0.008538768909271433 0.010947139627271127
0 0.5020742914634014 0.5065621887897866 0.005911455398726418 0.012260796382543475
0 0.5045373978795373 0.4910172505190618 0.0062398695875444336 0.0126986819676344
0 0.5143898235440812 0.5072190171674229 0.008210354720453238 0.009195597286907642
0 0.2583909633603478 0.4487612915577956 0.011822910797452728 0.012260796382543617
0 0.296322802168842 0.405848504218893 0.008867183098089591 0.012260796382543617
0 0.2973080447352963 0.39096039432580443 0.00821035472045331 0.009633482871998495
0 0.31323613289297575 0.4216123852821633 0.005911455398726382 0.00613039819127188
0 0.31799813863083864 0.4216123852821633 0.00558304120990826 0.007881940531635151
0 0.32111807342461085 0.4178903578088912 0.005254627021090066 0.009195597286907713
0 0.3175055173476114 0.4159198726759824 0.005254627021090066 0.007881940531635151
0 0.3153708251202936 0.4104463028623468 0.006239869587544505 0.006568283776362662
0 0.3981312007024627 0.42489652717034465 0.007553526342816994 0.011822910797452693
0 0.3909060885484638 0.3546158907632645 0.006896697965180678 0.009633482871998495
0 0.29632280216884194 0.34651500743908387 0.006896697965180749 0.01269868196763447
0 0.25904779173798403 0.33556786781181286 0.009195597286907749 0.010947139627270985
0 0.42456854290232227 0.33447315384908577 0.007225112153998907 0.014888109893088596
0 0.4296589628290033 0.3362246961894491 0.007553526342816994 0.01401233872290689
0 0.4400040097767745 0.3395088380776305 0.0059114553987262754 0.009195597286907713
0 0.4454228438922737 0.3406035520403576 0.004926212832272086 0.00875771170181686
0 0.45790258306736265 0.33403526826399493 0.00558304120990826 0.00788194053163508
0 0.4549468553679995 0.3322837259236316 0.0049262128322720145 0.00788194053163508
0 0.5602036028842106 0.16566826079656619 0.007225112153998907 0.014450224307997743
0 0.4889377239106761 0.1698281738549292 0.010509254042180203 0.012260796382543581
0 0.3516605929846972 0.21558721749692222 0.009195597286907713 0.01007136845708935
0 0.38811456794350974 0.20201276435910606 0.009195597286907784 0.012698681967634436
0 0.37941159193982926 0.22719118550182948 0.0095240114757258 0.012260796382543581
0 0.3225959372742925 0.23135109856019248 0.006896697965180749 0.010071368457089384
0 0.583356803195889 0.23835726792164597 0.00952401147572587 0.011822910797452764
0 0.6176760859273835 0.22828589946455657 0.007225112153998765 0.00831982611672597
0 0.6280211328751548 0.22368810082110277 0.006239869587544646 0.009633482871998495
0 0.6116004234342481 0.21755770262983098 0.006896697965180749 0.008757711701816823
0 0.6666098000612851 0.2022317071516515 0.0052546270210901014 0.007881940531635151
0 0.6694013206662394 0.20332642111437862 0.0036125560769994535 0.006568283776362626
0 0.6692371135718302 0.1974149657156522 0.005254627021089959 0.007881940531635151
0 0.6577426169631957 0.21011364768328666 0.007225112153998907 0.007881940531635151
0 0.6020764119585224 0.4770049117961549 0.008867183098089555 0.017953308988724503
0 0.6132424943783389 0.3992802204425304 0.0062398695875444336 0.011385025212361838
0 0.6068384176963852 0.407381103766711 0.007225112153998765 0.01007136845708935
0 0.6534732325085599 0.48795205142342596 0.00788194053163508 0.011822910797452764
0 0.5667718866605733 0.6350816080139488 0.00788194053163508 0.013574453137815965
0 0.6203033994379288 0.6596032007790359 0.009195597286907784 0.013574453137816108
0 0.7040490175865523 0.6444961480934019 0.011822910797452693 0.01138502521236198
0 0.6992870118486895 0.6230397544239508 0.010180839853362045 0.014888109893088667
0 0.7239180760100493 0.5860384224837745 0.007553526342817065 0.013574453137816037
0 0.630812653480109 0.5510075756765072 0.00788194053163508 0.010947139627271056
0 0.6304842392912908 0.5980802760737727 0.010509254042180274 0.009633482871998637
0 0.6937039706387812 0.5772807107819576 0.005583041209908117 0.012698681967634542
0 0.6964954912437352 0.5759670540266852 0.006568283776362733 0.011822910797452693
0 0.6579068240576049 0.5704934842130496 0.008210354720453238 0.012260796382543475
0 0.5391850947998503 0.7003265601924844 0.006568283776362662 0.01007136845708942
0 0.5349157103452146 0.7110547570272098 0.007881940531635151 0.009633482871998495
0 0.5004322205193107 0.7255049813352076 0.008538768909271468 0.01138502521236191
0 0.4633214171828618 0.7517781164406583 0.007881940531635222 0.007881940531635222
0 0.5657866440941188 0.7749860524504729 0.009195597286907642 0.010509254042180345
0 0.5651298157164827 0.7233155534097534 0.007881940531635151 0.01138502521236191
0 0.678596917953147 0.7182798691812089 0.006896697965180749 0.01007136845708942
0 0.6667740071556943 0.7822111646044718 0.007553526342817065 0.011822910797452693
0 0.556098425523984 0.8605926843357323 0.007553526342817065 0.014450224307997672
0 0.548544899181167 0.8630010550537323 0.006239869587544505 0.010509254042180203
0 0.4125814250104605 0.7909688763062888 0.008210354720453238 0.011822910797452551
0 0.3802326274118745 0.7955666749497425 0.007881940531635151 0.013136567552725182
0 0.31307192579856663 0.7629441988604748 0.00755352634281703 0.011822910797452835
0 0.286634583598707 0.6784322809379424 0.007881940531635151 0.008319826116726006
0 0.36775288823678554 0.6850005647143049 0.008538768909271396 0.01620176664836123
0 0.3506753504182427 0.7220018966544811 0.008538768909271396 0.007881940531635222
