0 0.43932531144883896 0.5036379213686343 0.00889388190375434 0.012712492766203702
0 0.31717104381985134 0.25756937662760415 0.009323480394151476 0.012492992259837963
0 0.646712663438585 0.4681420220269097 0.008631134033203125 0.01105640552662037
0 0.5200804816351996 0.6327665823477286 0.008756001790364584 0.012166058575665509
0 0.40230797661675344 0.7627182571976273 0.007803514268663194 0.010657642505787037
0 0.6591745164659288 0.6024986267089844 0.009131961398654513 0.011801430031105325
0 0.6260790506998698 0.7397595158329716 0.007410261366102431 0.009521088776765047
0 0.39264282650417753 0.7243710270634405 0.007757525973849827 0.010953154387297454
0 0.5629399829440647 0.8296523482711227 0.00969132317437066 0.013264182761863426
0 0.4040555742051867 0.44130013077347363 0.009051005045572916 0.012390051947699652
0 0.49351058536105685 0.7575848897298176 0.00913098653157552 0.012619979293258102
0 0.5881337907579209 0.6398264001916956 0.007536994086371528 0.009992246274594907
0 0.512820816040039 0.8252297578034578 0.008984544542100695 0.01128997802734375
0 0.5897322124905056 0.48453340883608215 0.009107335408528646 0.012962849934895833
0 0.4851641760932075 0.6022986800582321 0.008139292399088541 0.011094100387008102
0 0.3304900911119249 0.6124753598813658 0.008294847276475694 0.011387012622974537
0 0.6783168580796983 0.25780057553891783 0.009763802422417535 0.013635592990451388
0 0.6721013810899522 0.7794134351942275 0.0071718851725260414 0.009774271647135417
0 0.6830008824666343 0.6180471632215712 0.00919965108235677 0.012409521032262732
0 0.46651204427083326 0.46625880488642935 0.009382035997178819 0.013329117386429399
0 0.5128688600328233 0.5398581893355758 0.007374784681532119 0.010349584508825232
0 0.5083802964952256 0.3788455680564598 0.00967373318142361 0.012967794912832755
0 0.6451328065660265 0.32370431688096785 0.009429380628797742 0.013158925374348958
0 0.5790488560994466 0.3182148968731916 0.008214950561523438 0.01137684009693287
0 0.7278806474473742 0.477003902859158 0.008268483479817708 0.012008949562355325
0 0.39450721740722655 0.6613159744827835 0.008166927761501736 0.012018839518229164
0 0.6593663109673393 0.7061003508391204 0.008464389377170138 0.01131523980034722
0 0.3660541110568576 0.5297790809913918 0.008221944173177084 0.010729471842447914
0 0.5953934775458443 0.8103477195457175 0.008740446302625868 0.01235362865306713
0 0.30372883478800455 0.7105049698441117 0.008757760789659287 0.011805951153790508
0 0.3440557267930772 0.6748424388744212 0.008434210883246527 0.011131004050925925
0 0.4493778864542643 0.8385723255298757 0.007282384236653647 0.008856483742042825
0 0.2892570707533095 0.5787000302915221 0.00924716525607639 0.01239974410445602
0 0.3156290562133719 0.6356353435550015 0.008333418104383681 0.010582704897280092
0 0.42719128926595057 0.23786129421657987 0.009479607476128473 0.012807492856626157
0 0.5573793199327257 0.7927959865993924 0.008606719970703124 0.011652628580729164
0 0.2925253444247775 0.61977214106807 0.00860907236735026 0.012380924931278936
0 0.4099832958645291 0.640874594229239 0.0071286095513237845 0.010130875198929398
0 0.25176271862453886 0.48931008798104747 0.008917427062988282 0.011931807906539351
0 0.5817818535698785 0.5437392058195891 0.00895631578233507 0.01184760199652778
0 0.4502812067667643 0.6653338679560907 0.008348380194769965 0.010637806080005786
0 0.6694492552015516 0.5709190651222511 0.008967378404405382 0.012355098017939815
0 0.32707629733615456 0.4669798109266493 0.006986702813042534 0.009440669307002315
0 0.5287444432576497 0.2730810518617983 0.009140735202365451 0.012085215250651043
0 0.5567180845472547 0.4787477987783927 0.009170828925238714 0.012081202754267939
0 0.4959323247273763 0.5145690070258246 0.008669238620334202 0.011154683430989583
0 0.538687875535753 0.31182241086606627 0.008882098727756076 0.011584557427300347
0 0.6394052505493164 0.38931390267831306 0.008080079820421008 0.010532124837239582
0 0.3173030111524794 0.5561934294524016 0.008070564270019532 0.012222742151331019
0 0.5237486733330621 0.6519045229311342 0.007734213935004341 0.00961315013744213
0 0.6432055367363823 0.6874011569552951 0.007245084974500869 0.009918778030960649
0 0.5473336749606662 0.7978264702690973 0.008548524644639757 0.012101915147569444
0 0.6603242026435006 0.7728921960901332 0.007332399156358507 0.011833812572337963
0 0.3292389869689941 0.7074099505389178 0.007859823438856337 0.010753829390914354
0 0.7504136827256945 0.43816849037452976 0.008092244466145834 0.010493440981264469
0 0.7260551028781467 0.6508817036946614 0.007517242431640625 0.010662672254774306
0 0.5971034367879232 0.5057596559877748 0.008094067043728299 0.010422374584056713
0 0.4110734515719943 0.17306117305049187 0.009285693698459201 0.012190303096064815
0 0.7514436086018881 0.5535698219581887 0.008842213948567709 0.01156582302517361
0 0.28156149122450086 0.4460876606128834 0.008709589640299479 0.013023461235894098
0 0.3318753242492676 0.27605213589138455 0.0096393797132704 0.013447033917462386
0 0.5513476265801324 0.27643332304777923 0.00860608418782552 0.012189822726779513
0 0.3386609875707204 0.5139652155841641 0.008304595947265625 0.011857378924334493
0 0.2661001523335775 0.47965513158727574 0.008483314514160156 0.011805979410807292
0 0.39793048434787326 0.4640736897786459 0.008361392550998263 0.010929248951099537
0 0.3524153921339247 0.6030406528049046 0.009495777553982204 0.011319026240596063
0 0.5497919506496853 0.439569812350803 0.008179855346679688 0.011624738905164932
0 0.7060286627875434 0.7065316376862703 0.007464090983072918 0.01129596851490162
0 0.2826695760091146 0.7005951210304544 0.009508344862196181 0.012521983959056713
0 0.7437367757161458 0.5893039279513889 0.00692409939236111 0.009031733760127315
0 0.4471141603257921 0.8255101521809896 0.007900110880533854 0.009958676938657407
0 0.46122733222113715 0.5276046752929687 0.009114329020182292 0.012332605432581018
0 0.6737392213609483 0.7396486635561342 0.006989076402452257 0.008640656647858796
0 0.2629895634121365 0.3832095393428096 0.009002452426486545 0.011266920301649306
0 0.45674103630913626 0.25077555621111836 0.008181084526909722 0.011454462122034144
0 0.4949715508355035 0.20185898674858943 0.00826297336154514 0.01124007613570602
0 0.5391218821207682 0.8629093594021267 0.010591295030381944 0.016012290672019674
0 0.3486740854051378 0.5801342999493634 0.008811590406629774 0.01147449634693287
0 0.5472089979383681 0.6343143886990018 0.008098093668619792 0.010235426161024306
0 0.789189698961046 0.5125891791449653 0.008612314860026041 0.011719993308738425
0 0.3733615027533637 0.2873142525001809 0.00907711452907986 0.012222148753978588
0 0.35054057439168296 0.32562503108271845 0.008898565504286025 0.012002026593243634
0 0.6162862141927082 0.44243158411096645 0.008519744873046875 0.01102436206958912
0 0.6131518046061197 0.6207813404224537 0.008069949679904515 0.01087273491753472
0 0.36360299852159295 0.36450511791087964 0.008507622612847222 0.011804142704716435
0 0.46317007276746963 0.6030274285210503 0.010065544976128472 0.012478468153211806
0 0.5689100689358182 0.33602628354673036 0.007606379191080728 0.01001225224247685
0 0.5454652998182508 0.19054138748734084 0.008502790662977431 0.01079361527054398
0 0.3100662761264377 0.3327774612991899 0.008900600009494358 0.011954526548032408
0 0.6688445409138997 0.46188333299424916 0.00918718973795573 0.012393329761646412
0 0.570598856608073 0.7549129062228732 0.00823457505967882 0.01140583179615162
0 0.7169145372178819 0.6660479510271992 0.0081298828125 0.010583043981481481
0 0.7786285400390625 0.5728938632541233 0.009770711263020834 0.012207991988570602
0 0.3065129915873209 0.368590842352973 0.010439830356174044 0.013806067572699653
0 0.29847087860107424 0.6713277463559751 0.008041212293836806 0.011847432454427083
0 0.5471819771660698 0.6837508307562934 0.00799208747016059 0.01096027515552662
0 0.4393637127346463 0.6133940520109954 0.007500076293945312 0.010317201967592593
0 0.47024332682291664 0.6667295667860244 0.008765072292751737 0.011240415219907407
0 0.3771141688028971 0.41721700032552084 0.008674579196506077 0.01155231617115162
0 0.4729078716701931 0.18249694682933668 0.009244155883789063 0.010846159193250868
0 0.5467169443766275 0.15776023864746092 0.010132090250651043 0.011857689751519098
0 0.48953026665581595 0.8653864542643229 0.009344906277126737 0.013005574544270836
0 0.34880284203423395 0.2331854361074942 0.007047865125868056 0.009391163013599537
0 0.3260448455810547 0.5175817701551649 0.00806414286295573 0.011068443015769676
0 0.42797726525200736 0.2884410151728877 0.009298663669162327 0.011468675401475694
0 0.4124506420559353 0.4559079629403574 0.008008109198676215 0.010336331967954282
0 0.5934980604383681 0.7739054079408999 0.008755747477213542 0.010790393970630786
0 0.25360841751098634 0.5731959025065104 0.008963203430175782 0.012812409577546296
0 0.6572229385375976 0.8106044910572194 0.007992765638563368 0.010812999584056713
0 0.363307974073622 0.4249557071261936 0.008085505167643229 0.011840170401114005
0 0.3623153262668186 0.6586819401493779 0.007540384928385418 0.00973369457103588
0 0.4319448682996962 0.6612980030201099 0.007425689697265625 0.01206348560474537
0 0.659798494974772 0.6633619802969474 0.008198504977756076 0.011593684443721063
0 0.626108996073405 0.4116155129891855 0.008170360989040799 0.010689431649667245
0 0.32601263258192276 0.308896396778248 0.006897523668077257 0.010147744637948495
0 0.26018476129392076 0.5248933578586319 0.007225112153998907 0.012041853589998226
0 0.2683130124671695 0.5181499198482329 0.008308878977098715 0.01493189845159776
0 0.3118443131950129 0.5574063625516268 0.010115157015598442 0.013486876020797922
0 0.2688548958787194 0.5655948229928256 0.007225112153998907 0.013486876020797922
0 0.26018476129392076 0.5788408619418237 0.00794762336939879 0.0101151570155983
0 0.32069507558366156 0.5335634924434305 0.008308878977098786 0.010115157015598371
0 0.31906942534901167 0.5395844192384296 0.00794762336939879 0.009633482871998424
0 0.3705483494462538 0.5593330591260266 0.010476412623298473 0.015413572595197635
0 0.4189566008780464 0.582694255090623 0.007586367761698795 0.00915180872839862
0 0.4205822511126962 0.5882335077420222 0.006502600938598988 0.006743438010399032
0 0.42401417938584574 0.5771550024392239 0.006863856546298948 0.011560179446398209
0 0.4205822511126962 0.5728199351468245 0.005780089723199069 0.010596831159198246
0 0.5022260184528836 0.5627047781312261 0.007947623369398756 0.010596831159198317
0 0.4193178564857464 0.43722866372344543 0.009031390192498634 0.012041853589998154
0 0.2742737299942186 0.4557731182520425 0.007225112153998907 0.010596831159198388
0 0.28041507532511767 0.42446429891804727 0.008670134584798674 0.010596831159198317
0 0.27481561340576854 0.3989355693072511 0.009753901407898518 0.0125235277335981
0 0.3060642234718137 0.40013975466625096 0.009392645800198558 0.013005201877198048
0 0.48362135465633654 0.6108721924912187 0.006863856546298877 0.010596831159198388
0 0.5237207271110305 0.47239087620623993 0.007586367761698866 0.01493189845159776
0 0.4057707711969985 0.3628100085372567 0.010115157015598442 0.013486876020797922
0 0.5287783056188297 0.3984538951636513 0.01047641262329833 0.012523527733598029
0 0.4776606371292874 0.36497754218345646 0.008670134584798674 0.011078505302798405
0 0.47422870885613805 0.3555848963832579 0.008308878977098786 0.009633482871998495
0 0.4727836864253382 0.34835978422925895 0.007586367761698795 0.008670134584798603
0 0.44532826024014244 0.31536510539266405 0.006863856546299019 0.013005201877198082
0 0.3801216230503024 0.32668444776726224 0.007947623369398827 0.012523527733598029
0 0.39384933614290013 0.27490447733027024 0.010837668230998361 0.016858595025997437
0 0.40774031619001383 0.2634196142979778 0.009392645800198522 0.013486876020797957
0 0.38010426220096805 0.3094194950117707 0.007586367761698866 0.01300520187719794
0 0.35066193017342256 0.2191055930867845 0.010115157015598442 0.011560179446398245
0 0.34018551755012416 0.20369202049158688 0.007947623369398827 0.009633482871998495
0 0.45325852276020684 0.17768161673719085 0.009392645800198522 0.012523527733598066
0 0.5123238146191479 0.17840412795259078 0.00975390140789834 0.011078505302798297
0 0.5930644429400854 0.23957674418978137 0.008670134584798603 0.013005201877198011
0 0.5919806761169856 0.2297024242459829 0.009392645800198593 0.012523527733598066
0 0.5596482992278404 0.12975503944899822 0.01047641262329833 0.012041853589998154
0 0.6264805866523302 0.1617863699983933 0.012643946269498017 0.013486876020797922
0 0.614739779402082 0.26510547380057753 0.009392645800198522 0.013968550164397832
0 0.6199779857137311 0.2742572825289761 0.008308878977098786 0.011078505302798297
0 0.6434596002142277 0.3005085233551721 0.01047641262329833 0.012523527733598029
0 0.62810623688698 0.3033985682167716 0.01083766823099829 0.01445022430799778
0 0.7232970895159154 0.2850949507599744 0.010476412623298473 0.014450224307997743
0 0.7391923362547129 0.29858182678077233 0.0075863677616989375 0.010596831159198352
0 0.745694937193312 0.3149587476631699 0.011921435054098168 0.021193662318396776
0 0.7211295558697156 0.32097967445816894 0.01047641262329833 0.013968550164397868
0 0.7301609460622143 0.3453042187099652 0.009031390192498634 0.011560179446398209
0 0.706498703757868 0.3518068196485642 0.009392645800198664 0.011078505302798334
0 0.6992735916038691 0.35806858351536325 0.009392645800198664 0.013968550164397868
0 0.6855458785112712 0.3611994654487627 0.010837668230998361 0.014450224307997743
0 0.6759726049072228 0.3638486732385624 0.011921435054098168 0.012041853589998154
0 0.6649543088723743 0.37035127417716135 0.007947623369398684 0.014450224307997814
0 0.6430983446065278 0.346508404068965 0.009031390192498705 0.011078505302798334
0 0.7092081208156177 0.38841405456215855 0.008308878977098857 0.012041853589998154
0 0.6947578965076198 0.4259846377629529 0.008308878977098715 0.011078505302798263
0 0.7417211255086127 0.4230945929013532 0.008308878977098715 0.012041853589998154
0 0.7480430986433616 0.418759525608954 0.011560179446398137 0.013005201877198048
0 0.5948707209785852 0.36023611716156295 0.010115157015598513 0.011560179446398209
0 0.5939675819593353 0.3881732174903586 0.006863856546298948 0.012523527733598029
0 0.5849361917668366 0.3797439199773599 0.011921435054098168 0.010115157015598442
0 0.5831299137283368 0.49919910759014163 0.009031390192498705 0.014931898451597618
0 0.5957738599978346 0.4955865515131421 0.009031390192498634 0.011560179446398209
0 0.7668283902437588 0.4353772835631514 0.007225112153998765 0.015413572595197635
0 0.7308834572776144 0.4943823661541424 0.008308878977098715 0.013005201877197906
0 0.7384698250393131 0.4946232032259424 0.008308878977098715 0.013486876020797922
0 0.7196845334389158 0.5119634723955397 0.008308878977098715 0.014450224307997743
0 0.7297996904545144 0.5309896010677368 0.008308878977098715 0.011078505302798334
0 0.7348572689623137 0.5531466116733335 0.008308878977098857 0.011078505302798334
0 0.7507525157011112 0.5736177627763301 0.01119892383869825 0.012523527733598171
0 0.7498493766818615 0.5827695715047289 0.008670134584798603 0.01252352773359796
0 0.7745953858093075 0.6244343849261225 0.009031390192498634 0.013005201877197977
0 0.7695378073015084 0.6424971653111197 0.0075863677616989375 0.012523527733598029
0 0.6394857885295282 0.5738585998481303 0.009031390192498634 0.012041853589998154
0 0.5961351156055349 0.5875863129407282 0.008308878977098644 0.0125235277335981
0 0.6187135910867814 0.6075757899001251 0.007947623369398827 0.013005201877197977
0 0.622326147163781 0.6123925313361243 0.007947623369398827 0.011078505302798334
0 0.6075146672480831 0.6037223967513256 0.007947623369398827 0.010115157015598442
0 0.5471849807621925 0.6138375537669242 0.008670134584798745 0.012041853589998083
0 0.5647058777356396 0.6176909469157235 0.008308878977098786 0.013005201877198119
0 0.5977607658401847 0.6355128902289208 0.011560179446398209 0.01396855016439794
0 0.46716686365665466 0.6352720531571208 0.009031390192498634 0.011560179446398209
0 0.4796301821223028 0.6306961487929216 0.007225112153998907 0.011078505302798334
0 0.5845749361591367 0.666821709562916 0.006863856546299019 0.010115157015598442
0 0.6006508107017843 0.6648950129885162 0.007225112153998907 0.010115157015598442
0 0.653755385033676 0.6475547438189189 0.007225112153998765 0.0101151570155983
0 0.6915065960383202 0.6499631145369185 0.008308878977098857 0.010115157015598442
0 0.6875327843536209 0.666099198347516 0.006141345330898957 0.009633482871998495
0 0.6913259682344705 0.6805494226555138 0.007225112153998907 0.009633482871998495
0 0.6591742191491753 0.6757326812195146 0.007947623369398827 0.009633482871998495
0 0.6548391518567759 0.6807902597273138 0.008670134584798745 0.011078505302798192
0 0.6468915284873771 0.6759735182913144 0.007225112153998765 0.011078505302798334
0 0.46481870220660504 0.6766960295067145 0.010115157015598442 0.01156017944639828
0 0.4637349353835052 0.7542455666263025 0.007947623369398756 0.017340269169597206
0 0.48179771576850244 0.7797742962370987 0.008670134584798674 0.0163769208823976
0 0.5164782541076971 0.8190307389404927 0.009392645800198593 0.01589524673879751
0 0.6384020217064286 0.7932611722578966 0.009753901407898481 0.011560179446398137
0 0.6692893761647737 0.7889261049654972 0.007225112153998907 0.01059683115919853
0 0.6846427394920214 0.7564131002725021 0.00758636776169908 0.011078505302798192
0 0.7104725154425674 0.7566539373443021 0.007947623369398827 0.012523527733598029
0 0.7157107217542166 0.7535230554109026 0.008308878977098857 0.012041853589998226
0 0.6947578965076198 0.7140257756357087 0.008308878977098857 0.013005201877197977
0 0.6192554744983313 0.7535230554109026 0.008308878977098786 0.0101151570155983
0 0.6138366403828323 0.744612083754304 0.007586367761698725 0.012523527733598029
0 0.5986639048594345 0.724622606794907 0.009753901407898695 0.011078505302798334
0 0.62756435347543 0.7084865229843095 0.007586367761698866 0.01156017944639828
0 0.7312447128853142 0.7313660448053061 0.009031390192498634 0.012041853589998083
0 0.536889195942744 0.8703290352338848 0.011198923838698107 0.009633482871998495
0 0.5726535011050387 0.8628630860080858 0.007586367761698725 0.010115157015598442
0 0.42977690825971043 0.8464861651256885 0.007225112153998907 0.012041853589998226
0 0.43555699798290953 0.7790517850216986 0.006502600938598988 0.010115157015598442
0 0.46156740173730554 0.8062663741350946 0.007225112153998907 0.008670134584798745
0 0.4659024690297049 0.8086747448530943 0.007947623369398756 0.010596831159198388
0 0.3629446208352206 0.6935546245327118 0.008670134584798603 0.009633482871998495
0 0.37739484514321847 0.699093877184111 0.007225112153998907 0.011078505302798334
0 0.4221905404980116 0.6588740861935172 0.007947623369398898 0.011560179446398137
0 0.31778766987272755 0.6757326812195146 0.00794762336939879 0.012523527733598029
0 0.321400225949727 0.6750101700041146 0.005780089723199069 0.010115157015598442
0 0.32176148155742695 0.627083592715922 0.007947623369398756 0.009633482871998637
