0 0.5508697509765625 0.4568361759185791 0.008666419982910156 0.011530017852783203
0 0.48412599563598635 0.6375447273254394 0.008777904510498046 0.01230920155843099
0 0.31021749973297125 0.6037019411722819 0.008517217636108399 0.011257235209147136
0 0.3261610627174377 0.42927122116088867 0.008051133155822754 0.010250155131022136
0 0.4286789894104004 0.41096552213033044 0.007752323150634765 0.010911909739176433
0 0.5705692052841187 0.45449371337890626 0.007010984420776367 0.009086863199869791
0 0.26272854804992674 0.6203622500101725 0.009592771530151367 0.012993176778157554
0 0.5311591386795044 0.2624155124028524 0.007100820541381836 0.010324525833129882
0 0.4297139883041382 0.4984086513519287 0.008641672134399415 0.01232474644978841
0 0.7250409364700318 0.418817392985026 0.009235525131225586 0.012135632832845052
0 0.3226746439933777 0.6175207138061524 0.009379076957702636 0.012163035074869792
0 0.7621478080749512 0.4035367170969646 0.007964515686035156 0.011368274688720703
0 0.6860717296600342 0.24462984402974444 0.00904226303100586 0.012506167093912758
0 0.6225383758544922 0.736155923207601 0.00938730239868164 0.012318356831868488
0 0.45774388313293457 0.4291243235270182 0.007933330535888673 0.01043821970621745
0 0.2980866193771362 0.42214568456014 0.008187246322631837 0.011601765950520836
0 0.34777969121932983 0.544771957397461 0.007184910774230957 0.009436289469401041
0 0.7444500923156738 0.542826493581136 0.00780782699584961 0.010304959615071614
0 0.49294323921203614 0.3464349746704102 0.006936264038085937 0.009254964192708333
0 0.2724024415016174 0.4668635527292887 0.0077353715896606445 0.011963049570719399
0 0.557808256149292 0.24611931641896564 0.007443618774414062 0.00981593132019043
0 0.34186912775039674 0.6352242469787597 0.008542799949645996 0.010651969909667968
0 0.7618728637695312 0.4446039040883382 0.007828330993652344 0.011436939239501953
0 0.24659770727157593 0.5033185799916585 0.008574318885803223 0.011924839019775391
0 0.4133141994476318 0.5294628620147704 0.0064830780029296875 0.00879367192586263
0 0.6723044872283935 0.3232333342234293 0.008234405517578125 0.010293738047281903
0 0.433185076713562 0.5280164400736491 0.007643270492553711 0.009370676676432292
0 0.645785140991211 0.6745189030965169 0.008908271789550781 0.012464014689127605
0 0.4784353017807007 0.21948778629302979 0.006694650650024414 0.009739160537719727
0 0.6271788835525512 0.22083136240641274 0.007910013198852539 0.010112158457438151
0 0.534768557548523 0.5555602073669433 0.007489538192749024 0.010584704081217448
0 0.2809527277946472 0.6555821736653646 0.007799077033996582 0.010943222045898437
0 0.4648524522781372 0.21331324577331542 0.007695436477661133 0.011196231842041016
0 0.5228646039962769 0.6397881189982096 0.007376909255981445 0.009563064575195313
0 0.3503248691558838 0.77389497756958 0.009757232666015626 0.013033231099446617
0 0.6071590662002564 0.7049031893412273 0.007536172866821289 0.009584617614746094
0 0.5017086267471313 0.6318768183390299 0.007467508316040039 0.009299596150716146
0 0.596481442451477 0.7249373435974121 0.007688474655151367 0.010180346171061198
0 0.40086730718612673 0.7285875002543132 0.0084611177444458 0.011076927185058594
0 0.5596487283706666 0.4321254094441732 0.007593488693237305 0.009670702616373698
0 0.3322404146194458 0.5423134167989094 0.009367752075195312 0.012476666768391926
0 0.3280093550682068 0.7463002840677898 0.008962273597717285 0.012586021423339843
0 0.2708762288093567 0.28310046195983884 0.007675623893737793 0.010694281260172528
0 0.32664849758148196 0.30086266199747724 0.009879350662231445 0.012272580464680988
0 0.30419265031814574 0.6614210128784179 0.008051133155822754 0.010609181722005208
0 0.6558538436889648 0.5305461565653483 0.008456897735595704 0.011179161071777344
0 0.6361093044281005 0.5927867889404296 0.008362674713134765 0.011136627197265625
0 0.42467172145843507 0.12441579500834146 0.008729028701782226 0.011467965443929036
0 0.3415729284286499 0.18939703305562336 0.009829330444335937 0.013651625315348309
0 0.6822283506393433 0.34622286160786947 0.008280038833618164 0.012685680389404297
0 0.7089009284973145 0.3243217309315999 0.007494449615478516 0.00958420435587565
0 0.4366762161254883 0.4300790468851725 0.008316612243652344 0.010467910766601562
0 0.23499661684036255 0.40927820205688475 0.008103775978088378 0.011148325602213542
0 0.5443040847778321 0.6923625310262044 0.00823383331298828 0.011866251627604164
0 0.3009093642234802 0.2988430500030517 0.008394455909729004 0.010902500152587891
0 0.38395901918411257 0.227685284614563 0.008412528038024902 0.012692117691040039
0 0.5654596090316772 0.28728648821512853 0.007600069046020508 0.010294310251871745
0 0.4636597394943237 0.617696221669515 0.008965349197387696 0.011003812154134117
0 0.4877110242843628 0.1087171991666158 0.006933164596557617 0.01002671718597412
0 0.4327352285385132 0.4444892088572184 0.007776880264282226 0.010909938812255859
0 0.42835426330566406 0.6302241961161295 0.007021713256835938 0.009202512105305989
0 0.47303458489614786 0.48937186652417225 0.00763838291168213 0.010408846537272136
0 0.5874073266983032 0.5107433160146078 0.008810949325561524 0.011823495229085289
0 0.6633850336074829 0.2317654848098755 0.007528543472290039 0.01051020622253418
0 0.35443891286849977 0.5086687723795573 0.007315897941589355 0.009840774536132812
0 0.4553708553314209 0.31331707636515305 0.0074635505676269535 0.00986169179280599
0 0.5416066884994507 0.3911275386810303 0.007952260971069335 0.010422992706298827
0 0.6055629730224609 0.3374626477559407 0.006623458862304687 0.010203870137532552
0 0.6554534912109375 0.3144084453582764 0.007476139068603516 0.010194683074951172
0 0.5043969154357911 0.394520886739095 0.007899665832519531 0.010273106892903646
0 0.6603893518447876 0.47827844619750975 0.006696653366088867 0.008891932169596354
0 0.5899322032928467 0.3061670303344727 0.006351184844970703 0.009407869974772136
0 0.5709299564361572 0.4199761708577474 0.006964874267578125 0.010428237915039062
0 0.7100666999816895 0.38615473111470544 0.007823944091796875 0.010439650217692059
0 0.36701505184173583 0.42061920166015626 0.007873821258544921 0.010522842407226562
0 0.416511607170105 0.5089498360951741 0.007946157455444336 0.010659948984781903
0 0.2688243865966797 0.5375302632649741 0.008098459243774414 0.010647837320963542
0 0.3234153985977173 0.33921427726745607 0.008777475357055664 0.011244805653889973
0 0.4053762197494507 0.17304927508036297 0.007810354232788086 0.010659249623616536
0 0.5222730875015258 0.7283050219217937 0.007256650924682617 0.00909252166748047
0 0.5968711137771606 0.222468360265096 0.007852602005004882 0.009849230448404947
0 0.4480133056640625 0.6839153289794921 0.007994461059570312 0.011360549926757812
0 0.30468503236770633 0.21212852795918782 0.00981309413909912 0.012180328369140625
0 0.5161562919616699 0.742758019765218 0.00731658935546875 0.010375022888183594
0 0.31615415811538694 0.5135701497395834 0.008577275276184081 0.012161064147949218
0 0.3621500849723816 0.7051035563151042 0.008573174476623535 0.011111068725585937
0 0.6467547178268432 0.39538234074910483 0.008504629135131836 0.011365890502929688
0 0.36223750114440917 0.3034065087636312 0.008882999420166016 0.012285391489664711
0 0.6709079027175904 0.45278967221577965 0.007328176498413086 0.010026709238688153
0 0.4359858751296997 0.5527162869771322 0.008960676193237305 0.012033144632975258
0 0.7239330291748047 0.2813382625579834 0.008030319213867187 0.011222362518310547
0 0.35682599544525145 0.6945555051167805 0.008311796188354491 0.010315895080566406
0 0.5564590930938721 0.18166299661000568 0.008775806427001953 0.01005384127298991
0 0.571059536933899 0.36028566360473635 0.006790685653686524 0.009888394673665365
0 0.2811082124710083 0.4733786424001058 0.00698089599609375 0.010362974802652995
0 0.6575079917907715 0.46193609237670896 0.008820724487304688 0.011185646057128906
0 0.3607251882553101 0.3653684933980306 0.00766301155090332 0.010724830627441406
0 0.6644732713699341 0.34743221600850416 0.007242822647094726 0.009574413299560547
0 0.4308116912841797 0.22227628231048585 0.006117057800292969 0.007343721389770508
0 0.35789779424667356 0.15719472567240397 0.007951092720031739 0.01039266586303711
0 0.37686064044419226 0.36276625267476686 0.013199419112320325 0.017028278504235037
0 0.5443099021911622 0.25412252744038905 0.00847482681274414 0.011780865987141927
0 0.420322060585022 0.37454957962036134 0.007532453536987305 0.011117172241210938
0 0.4917829751968384 0.25782855351765954 0.008755159378051759 0.010895633697509765
0 0.4508846282958984 0.167785636583964 0.007754993438720703 0.012269035975138348
0 0.46700468063354494 0.4157862663269043 0.008080101013183594 0.011055437723795573
0 0.5352236119694861 0.6292501153359898 0.00841832160949707 0.010790761311848958
0 0.3971990466117859 0.2354336897532145 0.009243130683898926 0.011268997192382812
0 0.5157686710357665 0.5459382375081381 0.006678962707519531 0.009901809692382812
0 0.7621464252471923 0.42805601755777994 0.007911396026611329 0.011143811543782552
0 0.41908541250591563 0.7965343937644137 0.007551765441894532 0.009592119852701824
0 0.6042843580245971 0.38177857398986814 0.00667262077331543 0.008482774098714193
0 0.2439197063446045 0.3449584801991781 0.007790374755859375 0.010116481781005859
0 0.6849185813493109 0.656076269495764 0.008412853950782496 0.010237319463406936
0 0.6248666286468506 0.7660128593444823 0.007577705383300781 0.010297838846842449
0 0.4364398241043091 0.23191301027933758 0.008316659927368164 0.01046603520711263
0 0.6367656469345093 0.6822437286376953 0.007710504531860352 0.010429636637369793
0 0.5709883689880371 0.24487888813018802 0.006685638427734375 0.008393367131551107
0 0.3868467450141907 0.4002274831136068 0.008244490623474121 0.012489954630533852
0 0.6305890083312988 0.40293544133504233 0.00876760482788086 0.011254374186197917
0 0.5284154653549195 0.7819906870524089 0.007519769668579102 0.01019910176595052
0 0.27677580927714424 0.6693013112354762 0.0073342561721801754 0.009124056498209635
0 0.40243775844573976 0.15606302420298257 0.007835149765014648 0.010664129257202148
0 0.5888660907745361 0.7791872978210449 0.0072686195373535155 0.009728686014811198
0 0.578034281730652 0.2776447844444862 0.007870817184448242 0.010742727915445964
0 0.5873656511306762 0.34730374018351234 0.007246160507202148 0.010784212748209636
0 0.2202945423774515 0.48617051990996485 0.012151324986270851 0.01620176664836116
0 0.22352368700783373 0.4723771239796036 0.008100360204855108 0.017515423403633587
0 0.23012204062290395 0.47326660826876077 0.009471017921590103 0.014113673765506788
0 0.2721148627311305 0.4899801693068609 0.009888856947542522 0.012999436362966748
0 0.3166147189950721 0.4547888380099724 0.010863814674765066 0.01207090519418351
0 0.3019903530867345 0.47753785164516416 0.010585255324130039 0.011142374025400059
0 0.31118281165768963 0.4404894580107089 0.010863814674765103 0.011328080259156721
0 0.2789395668216881 0.4137477603497486 0.011003094350082598 0.010956667791643398
0 0.2896641018211356 0.39870555541545855 0.008774619545002516 0.016527854804343392
0 0.2785217277957356 0.33575114217194807 0.009331738246272571 0.012442317661696763
0 0.28576427091224565 0.33268698931496304 0.007938941493097573 0.012628023895453352
0 0.30031899698292447 0.32433020879591296 0.007521102467145049 0.010399549090373484
0 0.3485794044804386 0.2900674086678077 0.008774619545002622 0.009842430389103391
0 0.3156397612678496 0.31708766567940294 0.008635339869685055 0.014113673765506825
0 0.28569463107458687 0.26267573918869913 0.010028136622860053 0.012628023895453424
0 0.3171718376963421 0.21522779646387044 0.011978052077305108 0.013185142596723445
0 0.39224358269247517 0.25079054022827235 0.008635339869685055 0.012999436362966783
0 0.39182574366652273 0.26202576737055083 0.007521102467145085 0.01281373012921012
0 0.3838171623357664 0.26221147360430747 0.010167416298177585 0.01021384285661675
0 0.3690535167521113 0.25924017386420073 0.009888856947542593 0.011699492726670115
0 0.36383052892770495 0.2742823787984909 0.007521102467145014 0.01429937999926345
0 0.3743461444141763 0.26908260425330416 0.008496060194367487 0.012070905194183404
0 0.37079451269358005 0.2806892438630959 0.006406865064605114 0.010399549090373413
0 0.37991733142687634 0.28681754957706596 0.007103263441192525 0.011513786492913453
0 0.4246261072037943 0.19999988529582363 0.008496060194367558 0.012070905194183438
0 0.4303365738918118 0.21021372815244044 0.010167416298177585 0.009842430389103391
0 0.38186724688132145 0.14985920218152327 0.009053178895637544 0.011328080259156739
0 0.45610331382554953 0.18848609880291023 0.007938941493097644 0.011699492726670115
0 0.45060176665050816 0.1945215514000019 0.008913899220320048 0.012628023895453424
0 0.4326346885345506 0.1890432175041802 0.0122566114279401 0.01021384285661675
0 0.4423842658067757 0.13036004763707315 0.00919245857095497 0.013927967531750109
0 0.4499750081115795 0.12729589478008807 0.009053178895637472 0.014856498700533453
0 0.4379273161966157 0.14298807153252655 0.01030669597349501 0.011699492726670062
0 0.5051297595373099 0.11856770179352467 0.007938941493097502 0.011513786492913418
0 0.5175952904782263 0.13026719452019478 0.007242543116510092 0.008913899220320065
0 0.5378604832369226 0.1500449084152799 0.010445975648812578 0.010956667791643433
0 0.5104920270370337 0.1927573421793136 0.0122566114279401 0.011328080259156721
0 0.5797140256698318 0.16629420386898836 0.010585255324130002 0.014856498700533436
0 0.6123751095317858 0.13593123464977314 0.00988885694754245 0.01429937999926345
0 0.5096563489851287 0.23844107568345393 0.010585255324130145 0.011328080259156756
0 0.6478914267377485 0.23983387243662893 0.008496060194367487 0.010399549090373413
0 0.6763044805025187 0.22274889893101546 0.007938941493097502 0.01262802389545346
0 0.6786025951452576 0.25701169905912075 0.008913899220320048 0.01281373012921012
0 0.6770008788791063 0.2768822660710842 0.011003094350082563 0.00872819298656342
0 0.6750509634246612 0.2886746119146326 0.009053178895637615 0.011885198960426778
0 0.6554821690425523 0.30213831386199114 0.009471017921590032 0.01021384285661675
0 0.6612622755682287 0.3022311669788694 0.007938941493097644 0.011142374025400095
0 0.7414873685511093 0.2870032558108227 0.009888856947542593 0.011142374025400095
0 0.6025902343830262 0.3052663104914439 0.007762517190246783 0.012340411943469186
0 0.6714079348580984 0.37114818715738424 0.006269725422891526 0.011146178529585028
0 0.6715572140348339 0.3842847547101095 0.005971167069420602 0.008757711701816788
0 0.5936334837788955 0.3454721687588757 0.0077625171902466405 0.00995194511570098
0 0.5916928544813338 0.3783135876406889 0.008061075543717705 0.007961556092560756
0 0.6233400399492628 0.4640993545380311 0.007463958836775717 0.010748100724957084
0 0.6099049140430665 0.47504649416530215 0.007463958836775788 0.009553867311072963
0 0.7039507953864405 0.42150502944283097 0.008658192250659766 0.010748100724957084
0 0.7603783241924649 0.4195146404196909 0.008658192250659766 0.010748100724957013
0 0.704100074563176 0.44678297003671147 0.006568283776362733 0.009553867311072892
0 0.7744105668056034 0.5019167459776948 0.009255308957601897 0.013136567552725324
0 0.715146733641604 0.5027129015869508 0.007165400483304722 0.009155789506444877
0 0.7205207840040825 0.4971398123221583 0.009553867311072821 0.008359633897188842
0 0.7664987704386209 0.5397341374173584 0.007762517190246712 0.01074810072495687
0 0.6536437128265722 0.5389379818081023 0.006568283776362591 0.0075634782879326675
0 0.735747260031105 0.5656091947181809 0.006568283776362733 0.011544256334213117
0 0.7455996856956492 0.5725755562991715 0.007762517190246712 0.011942334138841063
0 0.7596319283087873 0.5478947324122332 0.009553867311072821 0.0111461785295851
0 0.7226106924783798 0.5958631078699118 0.007762517190246854 0.010748100724957155
0 0.6797675687552871 0.639651666378996 0.008658192250659766 0.008359633897188771
0 0.5442220762794401 0.6370641606489137 0.008658192250659766 0.00875771170181686
0 0.49107868936159704 0.6605507511219679 0.006269725422891597 0.00875771170181693
0 0.5185460578809317 0.6991642981708877 0.008061075543717777 0.010350022920328853
0 0.5389973050936971 0.7349913005874111 0.006568283776362804 0.010350022920328996
0 0.5431771220422915 0.7391711175360055 0.006568283776362662 0.009155789506444734
0 0.5536266644137775 0.7314086003457586 0.006568283776362662 0.010350022920328996
0 0.5585528772460495 0.7622596302044318 0.008658192250659908 0.012340411943469149
0 0.5418336094516719 0.754298074111871 0.007463958836775646 0.0083596338971887
0 0.48331617217135026 0.598052535795366 0.008061075543717777 0.010350022920329067
0 0.5303391128430373 0.588896746288921 0.010150984018014952 0.008757711701816788
0 0.5915435753045982 0.7877366097006262 0.008359633897188842 0.013136567552725324
0 0.5415350510982009 0.7622596302044318 0.006269725422891667 0.009155789506444877
0 0.5924392503650112 0.8185876395592991 0.0077625171902466405 0.01273848974809738
0 0.5304883920197727 0.8098299278574822 0.007463958836775575 0.009553867311072821
0 0.5140676825788663 0.8195828340708693 0.0068668421298335855 0.012340411943469291
0 0.4818233804039951 0.8241607288240916 0.008061075543717777 0.009553867311072821
0 0.46435771672593984 0.7976885548163273 0.0077625171902466405 0.013136567552725324
0 0.4282321559559454 0.807640499932028 0.010150984018014952 0.009155789506444734
0 0.4206189179424342 0.7893289209191383 0.008061075543717777 0.010748100724956942
0 0.4537588951777184 0.7453413235077402 0.008658192250659766 0.011146178529585028
0 0.41554342593342675 0.72404416096014 0.008061075543717777 0.009951945115700767
0 0.4848089639387054 0.765046174836828 0.009255308957601897 0.008359633897188842
0 0.4995876024355212 0.7698231084923645 0.007165400483304651 0.011544256334213117
0 0.49137724771506797 0.775794275561785 0.008658192250659837 0.00995194511570091
0 0.4183797302914015 0.713495099137497 0.006568283776362591 0.009553867311072963
0 0.4233059431236735 0.7146893325513812 0.006269725422891526 0.007961556092560756
0 0.4227088264167314 0.7009556482917138 0.0068668421298335855 0.010748100724957226
0 0.46913465038147634 0.7007566093893999 0.005374050362478471 0.00875771170181693
0 0.5449684721631176 0.8191847562662411 0.008956750604130832 0.009951945115701051
0 0.3591158971274024 0.6846344583019643 0.009255308957601826 0.00995194511570091
0 0.3828512862283492 0.6420401332067641 0.007762517190246783 0.009951945115701051
0 0.38971812835818276 0.6406468608905661 0.007165400483304722 0.010350022920328996
0 0.35254761335103973 0.6203448928545361 0.008061075543717777 0.010350022920328996
0 0.32373673224108546 0.6245247098031304 0.005971167069420602 0.011544256334213045
0 0.3838962404654977 0.6052179362786706 0.008061075543717777 0.008757711701816788
0 0.4310684603139203 0.670701735139983 0.008061075543717777 0.011544256334212974
0 0.427784318425739 0.6744834742839493 0.005672608715949537 0.007961556092560898
0 0.423455222300409 0.6812507969626259 0.0071654004833047935 0.00875771170181693
0 0.2720861370905974 0.6906056253713848 0.008359633897188808 0.0083596338971887
0 0.433904764671895 0.5954650300652836 0.010150984018014952 0.012340411943469149
0 0.3970328080182229 0.5735707508107416 0.008658192250659837 0.010748100724957155
0 0.5228751540062615 0.5825275014148724 0.005971167069420602 0.009553867311072892
0 0.3753873273915734 0.5405302930266145 0.011345217431899002 0.010748100724957013
0 0.2501420981104767 0.5879015517773509 0.008658192250659873 0.01393272316198143
0 0.4395773733878445 0.5861102016565249 0.005971167069420602 0.009553867311072892
0 0.43226269372780435 0.5829255792195005 0.005672608715949537 0.010350022920329067
0 0.38031354022384534 0.452953176008446 0.009255308957601897 0.010748100724957084
0 0.444354307043381 0.5003244347591825 0.007762517190246854 0.011544256334213117
0 0.5213823622389064 0.5389379818081024 0.007762517190246783 0.01074810072495687
0 0.517501103643783 0.504902329512405 0.0071654004833047935 0.009553867311072892
0 0.5260100167177073 0.4521570203991899 0.007463958836775788 0.00995194511570098
0 0.5606427857203466 0.5662063114251229 0.008061075543717848 0.011146178529584959
0 0.5752721450404271 0.5693909338621472 0.007463958836775788 0.01353464535735327
0 0.4264408058351193 0.3761241597152346 0.007762517190246712 0.010748100724957084
0 0.3910616409488024 0.32497116182053176 0.008658192250659766 0.016719267794377615
0 0.449579078229124 0.2891441594040083 0.008061075543717848 0.010350022920328996
0 0.48898878088729986 0.29093550952483443 0.008658192250659837 0.010748100724957013
0 0.4634620416655269 0.3536327637537505 0.006568283776362733 0.011942334138841134
0 0.47047816297209605 0.35781258070234484 0.008658192250659837 0.011544256334213188
0 0.5136198450486598 0.15539001704898742 0.0077625171902466405 0.012738489748097255
0 0.4677911377908568 0.15877367838832573 0.008658192250659908 0.01074810072495703
0 0.5766156576310467 0.12931592084585086 0.007165400483304509 0.013136567552725253
0 0.46002862060061006 0.10164951342420223 0.008658192250659837 0.010350022920328996
