0 0.4494072808159722 0.20788916835078486 0.0103240966796875 0.014139910097475405
0 0.3588686307271321 0.7163172686541521 0.010168011983235676 0.012400139702690972
0 0.31744323306613503 0.6419952392578125 0.011030620998806424 0.01522148980034722
0 0.3076454374525282 0.40034879048665367 0.011472490098741319 0.014569233081958913
0 0.4600053999159071 0.2748462959572121 0.011718834771050348 0.01595117074471933
0 0.45863333808051215 0.22087327462655523 0.010225592719184027 0.014071994357638888
0 0.5768055809868706 0.4916935673466435 0.010552893744574653 0.014924791124131944
0 0.7573373582628038 0.4340562043366609 0.010894775390625 0.014246453179253472
0 0.47381278143988714 0.38976564760561344 0.011327531602647569 0.01502227783203125
0 0.2911002053154839 0.7744271172417535 0.010898590087890625 0.015523048683449074
0 0.6487218009101019 0.410620442143193 0.010086780124240451 0.014243599220558449
0 0.5277636633978949 0.6887333622685184 0.011186133490668403 0.014897664388020836
0 0.5946026272243923 0.41865382724338107 0.01034393310546875 0.013215439407913775
0 0.5931698481241863 0.18724375124330872 0.01130816141764323 0.016545783148871528
0 0.6652582380506726 0.6376490557635273 0.009680430094401041 0.01332244873046875
0 0.3366605545721451 0.7494507681838377 0.009384727478027344 0.011293707953559027
0 0.5016800073964591 0.46210406938031634 0.009995990329318576 0.014332354510271992
0 0.48973117404513894 0.46787807323314523 0.00951326158311632 0.01178826226128472
0 0.2639135996500651 0.489188469780816 0.009710947672526041 0.014049049660011574
0 0.6218062294854058 0.6379523383246528 0.009508472018771702 0.01280246310763889
0 0.6355091094970703 0.4327989507604528 0.009076266818576388 0.012443062111183449
0 0.24263603422376845 0.43427162170410155 0.009302626715766059 0.012872003625940393
0 0.6954247368706596 0.27859576189959495 0.01071039835611979 0.014744398328993056
0 0.4991616990831163 0.5134622361924914 0.009816487630208334 0.014541569462528936
0 0.6251925574408638 0.6074121545862269 0.007637871636284722 0.011104442455150463
0 0.6045962863498263 0.2994335174560547 0.009948984781901041 0.012149471706814236
0 0.5004163953993055 0.7895164489746094 0.010954454210069443 0.015428726761429399
0 0.6862967294076412 0.6478856944495921 0.007900916205512153 0.011988491482204862
0 0.4091664813890239 0.5517101885608328 0.008051554361979166 0.010497255678530094
0 0.3415707112206905 0.7561314517045535 0.00847314198811849 0.011784701877170138
0 0.48012485504150393 0.7194446139865452 0.01005117628309462 0.013170595522280093
0 0.5099518458048503 0.37755258348253035 0.009858745998806423 0.013948708993417245
0 0.6325543392524114 0.5996246325707196 0.007003190782335068 0.009280904134114584
0 0.5992193857828776 0.2922554157398365 0.009185791015625 0.012750441939742476
0 0.250208449002195 0.4269108468352907 0.007748936160029416 0.012778947351627466
0 0.628173006176262 0.36192854008978076 0.007545016787397003 0.01006002238319617
0 0.6456081125363283 0.3821845311045945 0.006933258669500049 0.008156774905294172
0 0.637961136062615 0.3740277561993004 0.007952855532661758 0.009244344892666732
0 0.6401022894752546 0.6009220448148989 0.0073410974147647325 0.013866517339000026
0 0.6343925470415488 0.6088069272233498 0.01019596863161766 0.010060022383196027
0 0.7357404752398284 0.6380353706339872 0.008564613650558783 0.009244344892666732
0 0.7315601281008651 0.6468718767813891 0.007545016787397146 0.010060022383195956
0 0.6778162281855711 0.6413824817783249 0.005422403861141731 0.007737231240459437
0 0.681431164092999 0.6433484995525401 0.006183442999547566 0.007864071096860527
0 0.7006474023377467 0.6595205812436644 0.0071347419225548945 0.008244590666063516
0 0.635926688872075 0.7275278595038246 0.01224089249231227 0.017117345599005775
0 0.6610055905636415 0.7834577910540639 0.007463958836775646 0.012738489748097237
0 0.41945175555568054 0.5518554754295748 0.00665909246105123 0.008417554106610154
0 0.413268312556133 0.5473584259753584 0.007264464502964998 0.007725700344423103
0 0.4181545297515797 0.5314457894450543 0.005794275258317256 0.007264464502964927
0 0.42174352114292546 0.5402669249129403 0.006399647300231024 0.007610391384058417
0 0.4268027017789188 0.5389408718687483 0.005794275258317256 0.007264464502964927
0 0.42429473189099054 0.5350780216965367 0.005448348377223695 0.005765448018226067
0 0.42304074694702637 0.5291396102377638 0.006572610740777946 0.008878789948068259
0 0.4371372673515893 0.5301197364008622 0.005707793538043901 0.005765448018226067
0 0.44232617056799284 0.5264875041493798 0.007264464502964927 0.009340025789526293
0 0.44608812539988535 0.5357698754587239 0.006140202139410888 0.008302245146245611
0 0.4525742544203898 0.5453405191689793 0.00665909246105123 0.013375839402284697
0 0.4360994867083086 0.536922965062369 0.012107440838274926 0.007841009304787719
0 0.4324240135966893 0.5422848317193193 0.007696873104331914 0.007495082423694015
0 0.43419688886229396 0.5723804703744599 0.00812928170569883 0.012799294600462047
0 0.46272495831571325 0.49976817849545 0.007078193099635399 0.010336408970896186
0 0.4671066969012018 0.5071834284093538 0.007078193099635399 0.00898818171382274
0 0.46938183039751324 0.5004422921239866 0.005561437435427834 0.008538772628131496
0 0.4743534184079714 0.5050487352523209 0.006404079471098782 0.008314068085285982
0 0.4763177560187317 0.49879813210810053 0.005424762453512742 0.008700585191141315
0 0.47741843245857496 0.48983548109794905 0.006210959910543537 0.006918537621871366
0 0.5116078555200999 0.4586631450254048 0.006572610740777804 0.010262497472442575
0 0.5017056985487964 0.4313925758991951 0.006140202139410817 0.007149155542600454
