0 0.33064378102620445 0.6813854923954716 0.008650249905056424 0.013113120750144676
0 0.6899450514051649 0.5535737214265046 0.00885069105360243 0.01170315212673611
0 0.524513456556532 0.25636794478804975 0.008048163519965278 0.009682831940827545
0 0.5684241188897027 0.27927979363335503 0.009062576293945312 0.012581691035517938
0 0.5481145858764649 0.20578279848451966 0.009547042846679687 0.012551851625795718
0 0.3912724600897895 0.6122993751808449 0.008147981431749132 0.012149839048032407
0 0.6263629489474826 0.749249550148293 0.008365207248263888 0.011156096281828702
0 0.37489857143825955 0.6519449869791667 0.007460784912109375 0.00987820095486111
0 0.33734326892428923 0.632605489095052 0.009067259894476997 0.01334556297019676
0 0.4195685704549154 0.8486907958984375 0.007344860500759548 0.010121663411458336
0 0.2997795846727159 0.27498758104112414 0.00856655968560113 0.012395138210720486
0 0.418322393629286 0.48665655630606197 0.0092110104031033 0.012202679669415508
0 0.591168467203776 0.2548429559778284 0.008645375569661459 0.011559013084129051
0 0.674380874633789 0.4562746966326678 0.008085208468967015 0.010243733723958336
0 0.6773120456271701 0.4171771579318576 0.009195709228515625 0.011980240433304399
0 0.6271555582682291 0.5512158429181134 0.00902616712782118 0.011761700665509259
0 0.6080069859822591 0.4320130242241753 0.00848401387532552 0.011239228425202545
0 0.5392135620117188 0.32879073531539355 0.007720947265625 0.01138870804398148
0 0.5052689870198568 0.27478308501066984 0.007779439290364582 0.010120900472005208
0 0.476696162753635 0.81300048828125 0.008939234415690105 0.01108387134693287
0 0.687654685974121 0.47099510475441264 0.007336383395724826 0.010764058430989583
0 0.32974425421820747 0.268912520232024 0.009040408664279513 0.01204152990270544
0 0.5143296771579319 0.4325043854890047 0.008320575290256076 0.01141922562210648
0 0.4779612011379666 0.7440539324725117 0.007552973429361978 0.011305519386574075
0 0.5324701309204102 0.41877076890733506 0.007365036010742188 0.009479098849826388
0 0.4677999708387587 0.22551971718117045 0.008812798394097222 0.011664213957609955
0 0.7089769999186197 0.5788890697337963 0.008487277560763888 0.011676364474826388
0 0.4405969619750977 0.7295546072500724 0.008109410603841146 0.011005712438512732
0 0.48234004974365235 0.7948653327094185 0.009046045939127605 0.011884166576244214
0 0.7434883965386284 0.417301771375868 0.008083597819010416 0.010206999602141205
0 0.3788770463731554 0.27081608242458766 0.009796651204427083 0.012270581280743632
0 0.5257152557373047 0.7679426122594762 0.008008829752604167 0.011632113986545138
0 0.3754368464152018 0.5336862634729456 0.008815977308485243 0.012072640878182873
0 0.7189999898274739 0.4569772084554037 0.009058464898003472 0.011499277750651042
0 0.31998824013604055 0.6142858717176649 0.007053226894802518 0.009661808720341435
0 0.3924722459581163 0.3357970908836082 0.007001495361328125 0.009673507125289351
0 0.3618180168999566 0.7140477498372397 0.009161207411024306 0.011305519386574075
0 0.2663950814141167 0.4358909748218678 0.008961529201931424 0.012708112928602432
0 0.39592859480116105 0.6606675889756944 0.0076313018798828125 0.010460521556712963
0 0.7494111802842882 0.28727647286874275 0.0099945068359375 0.012579091389973958
0 0.2471440527174208 0.5302074008517795 0.008099174499511719 0.011417812771267362
0 0.534800402323405 0.28902740478515626 0.009542126125759548 0.013366021050347222
0 0.5073344548543294 0.531224540427879 0.008460023668077257 0.011601370352285877
0 0.501192855834961 0.8052762349446614 0.009300401475694444 0.012246421531394675
0 0.5196617974175347 0.35528255038791234 0.008555942111545138 0.01203791300455729
0 0.5049197514851889 0.2339141704418041 0.007748201158311632 0.010557019269024885
0 0.4406545850965712 0.44730430885597505 0.008739556206597223 0.012102480287905093
0 0.5759889602661132 0.6497979058159722 0.008788341946072049 0.011759892216435187
0 0.7243567148844402 0.34240763628924337 0.007866329616970487 0.010932441993995949
0 0.3045827865600586 0.6397820649323641 0.00809372795952691 0.010528168854890047
0 0.6014998753865559 0.23184629369665075 0.00982526143391927 0.01206899572301794
0 0.38608146243625213 0.3553150600857205 0.007152684529622397 0.009615580240885416
0 0.43682761722140845 0.30047809459544994 0.0082191891140408 0.010619467276114005
0 0.6857771555582682 0.7636537622522424 0.009425693088107638 0.01129596851490162
0 0.30231597688463 0.3656962218108001 0.007538329230414496 0.011535164161964699
0 0.36528309716118706 0.7329456188060619 0.007964367336697049 0.011041542335792824
0 0.47906013064914277 0.6144461172598379 0.007025273640950521 0.010471033166956018
0 0.7205177307128905 0.5940065454553675 0.009298197428385417 0.012457331904658565
0 0.7789884355333117 0.5658408553512008 0.009281836615668403 0.013464977123119212
0 0.711278830634223 0.4028999187328198 0.009119415283203125 0.011749917489510995
0 0.6246728897094728 0.8160835266113281 0.007812203301323785 0.010415931984230324
0 0.643976338704427 0.18737838886402272 0.00849151611328125 0.012334795351381656
0 0.3914714177449545 0.19575301982738355 0.006999248928493924 0.009366169682255497
0 0.7534514109293621 0.36944159048574937 0.008581966824001737 0.011380513509114586
0 0.39046251508924695 0.4180983366789641 0.008168411254882813 0.010742583098234953
0 0.6434108310275607 0.6699461477774161 0.008315192328559028 0.011530388726128472
0 0.5609748435217228 0.7680829774316148 0.008748245239257813 0.011981144657841437
0 0.5719583087497287 0.8016634905779803 0.008050749037000869 0.010274477358217593
0 0.40516363779703773 0.30671320314760564 0.006642362806532119 0.00896699693467882
0 0.6495254940456815 0.22059623576976636 0.00891876220703125 0.01141847681116175
0 0.36891562143961587 0.36650163156014903 0.00814586215549045 0.010959681758174189
0 0.6152609083387587 0.758322878237124 0.008573744032118056 0.012606020326967593
0 0.775075191921658 0.596218815556279 0.006998019748263889 0.010728058991608795
0 0.29417369828893447 0.6128456255556102 0.00723711649576823 0.009033937807436342
0 0.5628869586520725 0.6641268412272135 0.008733155992296007 0.012054838957609953
0 0.33025973637898765 0.6625226056134259 0.008691427442762587 0.01160877369068287
0 0.3856156455145942 0.43346290588378905 0.007342910766601563 0.0102147137677228
0 0.5460920333862305 0.4590005662706163 0.007822375827365452 0.010501437717013888
0 0.6813993453979492 0.28607502690068 0.006188159518771701 0.007994475188078705
0 0.4963284386528863 0.30026561595775464 0.00772493150499132 0.01042327880859375
0 0.4798788706461588 0.5332760846173321 0.007447730170355903 0.010103013780381944
0 0.3869099511040581 0.4946979098849827 0.007420857747395832 0.010637749565972222
0 0.3597327126397027 0.1903612913908782 0.007424969143337673 0.01024768970630787
0 0.7056586371527778 0.7809963932743779 0.0089813232421875 0.010306633843315972
0 0.701692623562283 0.5700198420771846 0.008112843831380208 0.010442832664207176
0 0.7102139578925238 0.3208854534007885 0.006552844577365451 0.009517895733868634
0 0.5176719661315206 0.26790808218496776 0.01223856523830243 0.01184025517216434
0 0.588474867078993 0.5992757726598669 0.009341345893012153 0.012602742513020833
0 0.23837933010525178 0.5078344839590566 0.008028157552083333 0.01066024215133102
0 0.4874850802951389 0.6190849586769387 0.007027943929036457 0.010622942889178241
0 0.3866192711724175 0.7068596451370804 0.008450147840711806 0.012398218225549769
0 0.626952404446072 0.4896564059787326 0.00716061062282986 0.010078825774016203
0 0.36724163071697363 0.694337501164396 0.010166295369466146 0.012369509096498843
0 0.5603502485487197 0.8058056866681136 0.0076563517252604164 0.010374507197627315
0 0.6259077284071181 0.15118212523283783 0.008330196804470487 0.010707332469798901
0 0.31343066163544603 0.48137270596775056 0.011921435054098168 0.00915180872839862
0 0.27965326231550125 0.49004284055254926 0.008670134584798674 0.010115157015598371
0 0.27423442820000205 0.45006388663375546 0.01083766823099829 0.010115157015598513
0 0.3275196303357438 0.49823130099374796 0.012643946269498087 0.013005201877198048
0 0.398867612856483 0.4811318688959506 0.010115157015598442 0.012523527733598029
0 0.41133093132213105 0.5314668169021429 0.007586367761698795 0.0081884604411988
0 0.4216267161415795 0.5490479231435402 0.006502600938598988 0.01059683115919846
0 0.42560052782627894 0.5488070860717403 0.0065026009385990595 0.013968550164397868
0 0.4035639357565822 0.5654248440259377 0.007225112153998765 0.011560179446398209
0 0.40898276987208143 0.5671107035285375 0.007225112153998907 0.010115157015598371
0 0.39724196262183326 0.5644614957387379 0.006863856546298948 0.009633482871998495
0 0.28073702913860105 0.6066079833037314 0.01372771309259793 0.012041853589998083
0 0.2868783744695001 0.40213730934556274 0.010115157015598371 0.013486876020797922
0 0.28164016815785087 0.3910588040427645 0.00830887897709875 0.0125235277335981
0 0.2698993609076027 0.38624206260676514 0.009392645800198487 0.010596831159198388
0 0.38170797149073565 0.39924726448396314 0.009031390192498705 0.0125235277335981
0 0.3230039352394946 0.42622101652555905 0.010115157015598442 0.009633482871998495
0 0.3342028590781929 0.40334149470456254 0.0065026009385990595 0.011078505302798334
0 0.5513174793058596 0.5338751876201425 0.007947623369398684 0.013005201877197977
0 0.5556525465982589 0.5285767720405434 0.007947623369398684 0.010115157015598513
0 0.5413829500941112 0.44621049348495595 0.009753901407898552 0.01493189845159776
0 0.5460792729942106 0.4235718087357594 0.008308878977098644 0.013005201877198048
0 0.3304096751973434 0.3828703436015657 0.010476412623298402 0.0125235277335981
0 0.3578651013825392 0.380702809955366 0.009753901407898481 0.011078505302798334
0 0.36779963059428766 0.38070280995536604 0.005780089723199069 0.013005201877198048
0 0.3797210656483858 0.37757192802196654 0.006502600938598988 0.01059683115919846
0 0.40681523622588167 0.3782944392373664 0.007225112153998907 0.013005201877197977
0 0.4375219628803771 0.3766085797347667 0.01083766823099829 0.0125235277335981
0 0.45739102130387393 0.3763677426629667 0.01156017944639828 0.011078505302798334
0 0.5310871652746627 0.37203267537056733 0.011560179446398066 0.016858595025997403
0 0.5921393629759533 0.34554059747257143 0.009392645800198664 0.01396855016439794
0 0.5686577484754569 0.3277186541593741 0.008670134584798745 0.012041853589998154
0 0.5135662683012154 0.31615847471297587 0.007586367761698866 0.00915180872839862
0 0.5144694073204652 0.3062841547691775 0.007947623369398684 0.0077067862975987115
0 0.5079668063818663 0.3017082504049781 0.007947623369398756 0.008188460441198692
0 0.4806920080005204 0.2925564416765795 0.009031390192498705 0.010115157015598513
0 0.4647967612617228 0.2540225101885854 0.008308878977098715 0.009151808728398585
0 0.5164563131628149 0.2164519269877912 0.009753901407898552 0.011078505302798334
0 0.5281971204130631 0.18032636621779674 0.008670134584798603 0.009151808728398585
0 0.5085086897934161 0.1923682198077949 0.011921435054098239 0.014931898451597725
0 0.4951422323085181 0.18995984908979524 0.006141345330899028 0.010115157015598477
0 0.4946003488969683 0.20368756218239314 0.010115157015598513 0.009633482871998495
0 0.5005610664240174 0.20633676997219275 0.006863856546298948 0.010115157015598477
0 0.43156124535332796 0.1935724051667947 0.006863856546298948 0.014450224307997814
0 0.437883218488077 0.2248812245007899 0.007225112153998836 0.010596831159198388
0 0.3332997200589429 0.2581167404091848 0.007586367761698866 0.00867013458479871
0 0.28760088568489994 0.33373958095437317 0.009392645800198593 0.0125235277335981
0 0.2852527242348503 0.3269961429439743 0.01047641262329833 0.010596831159198388
0 0.2904909305464995 0.29881820554337857 0.00867013458479871 0.00915180872839862
0 0.32047514598559496 0.24005396002418755 0.00867013458479864 0.010115157015598442
0 0.37159281447513703 0.3387971594621725 0.010476412623298402 0.012041853589998154
0 0.41891729908382985 0.29665067189717886 0.008308878977098715 0.012523527733598137
0 0.4160272542222303 0.2913522563175797 0.007586367761698866 0.009633482871998495
0 0.4172916488491801 0.28653551488158047 0.007225112153998907 0.008670134584798674
0 0.37339909251363684 0.17286041699199786 0.009753901407898552 0.011560179446398209
0 0.38821057242933454 0.1560018219660005 0.01047641262329833 0.010596831159198388
0 0.554930035382859 0.1511850805300012 0.00939264580019845 0.013486876020797922
0 0.5446342505634106 0.15744684439680023 0.007586367761699009 0.012523527733598066
0 0.5905137127413035 0.1439599683760023 0.009753901407898412 0.010596831159198388
0 0.7214688705325335 0.2275304322905895 0.007225112153999049 0.014931898451597689
0 0.7422410679752803 0.2535408360449855 0.009753901407898552 0.01589524673879758
0 0.686065820977939 0.3238652610105747 0.010837668230998361 0.012041853589998083
0 0.6006288697569021 0.3368704628877727 0.009753901407898412 0.011078505302798334
0 0.6105633989686505 0.33373958095437317 0.008670134584798674 0.011560179446398209
0 0.6905815160741884 0.29376062703557937 0.007586367761698795 0.010596831159198352
0 0.718398197867084 0.3573416139907696 0.008308878977098715 0.016376920882397457
0 0.7102699466938353 0.3640850520011686 0.007225112153998907 0.01156017944639828
0 0.6763119195700407 0.3725143495141673 0.00939264580019838 0.011078505302798192
0 0.6909427716818882 0.4534356056389548 0.009031390192498634 0.010115157015598371
0 0.7957068979148721 0.4091215844277617 0.009753901407898695 0.013968550164397868
0 0.6385607085653962 0.4613832290083536 0.006863856546299019 0.009633482871998566
0 0.6159822330841498 0.5362835583381422 0.009392645800198522 0.012041853589998154
0 0.7651807990642269 0.5981786857907327 0.010115157015598442 0.01252352773359796
0 0.7976938037572219 0.5791525571185356 0.008670134584798745 0.013968550164397655
0 0.6204979281803991 0.6063671462319314 0.008308878977098786 0.014450224307997814
0 0.6172466277110995 0.6092571910935309 0.008308878977098715 0.009633482871998637
0 0.6179691389264995 0.6172048144629297 0.008308878977098715 0.012041853589998226
0 0.6282649237459478 0.6827124979925198 0.010837668230998432 0.013005201877197977
0 0.7041286013629363 0.6776549194847206 0.008670134584798603 0.015413572595197565
0 0.7126181081438849 0.7019794637365169 0.009031390192498634 0.009151808728398549
0 0.6938328165434878 0.7212464294805139 0.01119892383869825 0.012041853589998083
0 0.6707124576506913 0.7364191650039115 0.007586367761698795 0.015413572595197565
0 0.6347675246845469 0.7369008391475114 0.010837668230998361 0.014450224307997672
0 0.5448148783672606 0.707277879316116 0.009392645800198522 0.0081884604411988
0 0.5513174793058596 0.707759553459716 0.008670134584798745 0.007225112153998907
0 0.5525818739328094 0.7123354578239153 0.007586367761698866 0.008670134584798745
0 0.595029407837553 0.6212990446835291 0.009392645800198522 0.014450224307997672
0 0.7046704847744861 0.7655604506917072 0.009031390192498634 0.011078505302798334
0 0.640005730996196 0.641770195786526 0.007586367761698795 0.013005201877197977
0 0.5524012461289595 0.7682096584815068 0.008670134584798603 0.009633482871998495
0 0.5433698559364609 0.7400317210809111 0.010115157015598513 0.0101151570155983
0 0.5424667169172109 0.74749767030671 0.009753901407898552 0.01156017944639828
0 0.6248329954727982 0.792775039805103 0.01119892383869832 0.0163769208823976
0 0.5767859996487057 0.8464817068164945 0.009031390192498705 0.012041853589998226
0 0.5186238468090145 0.8602094199090925 0.009031390192498634 0.012523527733598171
0 0.45630725448077414 0.8195079547748988 0.009392645800198664 0.011078505302798192
0 0.4335481511956776 0.8609319311244924 0.010837668230998361 0.0101151570155983
0 0.4088021420682314 0.8479267292472943 0.010476412623298402 0.010115157015598442
0 0.38261111050998536 0.819026280631299 0.01083766823099829 0.011078505302798334
0 0.46371299443862307 0.7542411083171088 0.008308878977098715 0.009633482871998637
0 0.45937792714622366 0.7438851142297103 0.009031390192498634 0.011078505302798334
0 0.4720218734157217 0.7289532157781128 0.01119892383869832 0.011078505302798334
0 0.5000191830124675 0.6790999419155201 0.008670134584798674 0.010596831159198388
0 0.4814145192159204 0.6506811674431247 0.009031390192498705 0.011560179446398137
0 0.4593779271462236 0.6612779986023231 0.009753901407898481 0.013486876020797922
0 0.378637298825286 0.6735606892641212 0.009392645800198522 0.013005201877198119
0 0.38947496705628437 0.6812674755617197 0.007947623369398684 0.016858595025997403
0 0.38116608807918567 0.693550166223518 0.012282690661798127 0.01156017944639828
0 0.33438348688204284 0.7559269678197086 0.009031390192498634 0.013005201877198119
0 0.31939137916249516 0.7219689406959137 0.010837668230998361 0.008670134584798603
0 0.37050904765203724 0.7677279843379067 0.010476412623298402 0.010596831159198246
0 0.42903245609942836 0.6364717802069267 0.009031390192498634 0.011078505302798405
0 0.4465533530728756 0.6193723481091294 0.010115157015598371 0.01637692088239767
0 0.2859752354502502 0.6179273256783298 0.007586367761698866 0.0125235277335981
