0 0.4300621271133423 0.45488077799479165 0.00767970085144043 0.009414100646972656
0 0.29110811948776244 0.5190886338551839 0.007795166969299316 0.010414218902587891
0 0.46715734004974363 0.13446614344914753 0.008930349349975586 0.012948155403137207
0 0.331475043296814 0.3077678680419922 0.010018157958984374 0.012949371337890625
0 0.662931227684021 0.41933196385701493 0.007639837265014648 0.010320790608723958
0 0.3956982493400574 0.24524999459584554 0.008684659004211425 0.011732021967569985
0 0.5652575918476568 0.1581005428831549 0.009287786483764649 0.013532813390096028
0 0.7073639631271362 0.2818294048309326 0.00938401222229004 0.012169043223063149
0 0.5699127912521362 0.19725281397501626 0.008942079544067384 0.01119066874186198
0 0.2810006618499756 0.4481865088144938 0.008094453811645507 0.011121400197347005
0 0.5258924007415772 0.6165963490804036 0.008381938934326172 0.011146036783854167
0 0.35993151664733886 0.33158289591471357 0.00871262550354004 0.009739367167154948
0 0.3452218294143677 0.5529362042744954 0.00793471336364746 0.009436734517415364
0 0.3223304033279419 0.6521858851114908 0.008758258819580079 0.010782114664713542
0 0.5410821437835694 0.3711597442626953 0.007981204986572265 0.011205291748046875
0 0.6984046459197998 0.3841805934906006 0.0076350212097167965 0.010480149586995441
0 0.6680100679397583 0.5148801326751709 0.009175920486450195 0.01193857192993164
0 0.7163803577423096 0.606715456644694 0.007498264312744141 0.010631815592447918
0 0.5217037439346313 0.22695932388305665 0.009062910079956054 0.013096141815185546
0 0.5970919370651245 0.7173887888590493 0.008096456527709961 0.010442733764648438
0 0.5290406465530395 0.4061643282572428 0.009974336624145508 0.013526662190755207
0 0.6133562564849853 0.70582332611084 0.007902050018310547 0.010763295491536458
0 0.6792593717575073 0.7057495752970376 0.006648874282836914 0.008866119384765624
0 0.6150590181350708 0.41107916831970215 0.007871580123901368 0.010135873158772785
0 0.3968821406364441 0.29668124516805017 0.008572602272033691 0.011168289184570312
0 0.4964380502700806 0.6913221995035808 0.008613061904907227 0.011161041259765626
0 0.4293104648590088 0.7181100209554038 0.00819101333618164 0.01028607686360677
0 0.5064778566360474 0.4720777829488118 0.008349370956420899 0.010685666402180988
0 0.4666398286819458 0.6097375233968099 0.008800745010375977 0.011783599853515625
0 0.5884631156921386 0.6765745798746745 0.008552265167236329 0.011191940307617188
0 0.6038503885269165 0.5105809688568115 0.00848231315612793 0.01101064682006836
0 0.5420182466506958 0.3379447778066 0.00967392921447754 0.012265555063883464
0 0.6439800977706909 0.7421534856160481 0.008119535446166993 0.010993067423502605
0 0.4289512634277344 0.3214655081431071 0.007943344116210938 0.011052926381429039
0 0.3218424081802368 0.41440299352010096 0.008758258819580079 0.01272112528483073
0 0.301601505279541 0.5899816830952962 0.008334827423095704 0.010104688008626302
0 0.5866897821426391 0.7862545013427734 0.008312368392944336 0.010338083902994793
0 0.27276691198348996 0.29185829162597654 0.00873110294342041 0.012015342712402344
0 0.520697283744812 0.6325824737548829 0.008284521102905274 0.01112518310546875
0 0.3600770354270935 0.29939603805542 0.008963751792907714 0.01179332733154297
0 0.2790289640426636 0.5964098294576009 0.008802413940429688 0.010855547587076823
0 0.2553343892097473 0.5649016698201498 0.008111166954040527 0.010028330485026042
0 0.5870602846145629 0.5607605616251626 0.007501554489135742 0.011441930135091144
0 0.6419298410415649 0.17364991505940758 0.008565568923950195 0.01201279958089193
0 0.43535177974388967 0.32852129702751265 0.007723784446716309 0.009919150670369466
0 0.3541139602661133 0.5803470611572267 0.008398962020874024 0.010010019938151043
0 0.47316105365753175 0.48928022384643555 0.00939640998840332 0.012619781494140624
0 0.39925791025161744 0.32955555915832524 0.008763575553894043 0.011701361338297528
0 0.47340128421783445 0.5691903432210286 0.009011602401733399 0.011327489217122394
0 0.378939163684845 0.3241231441497803 0.009198927879333496 0.012098979949951173
0 0.6938615560531616 0.4601385752360026 0.008822107315063476 0.011496480305989583
0 0.5823389768600464 0.14697237809499106 0.00897965431213379 0.011407168706258138
0 0.41360366344451904 0.37378044128417975 0.007208108901977539 0.010122362772623699
0 0.5508125305175782 0.13000709215799966 0.009189224243164063 0.012364896138509114
0 0.5033273935317993 0.6679275512695313 0.00736079216003418 0.009141794840494792
0 0.39874027967453 0.7012116114298503 0.009927964210510254 0.012363815307617187
0 0.5873358011245728 0.45464089711507166 0.007088994979858399 0.00920556386311849
0 0.5802566289901733 0.5085985024770101 0.007786226272583008 0.010057989756266277
0 0.3969921350479126 0.1543367862701416 0.009714746475219726 0.01352691650390625
0 0.5951511144638061 0.439153782526652 0.00783677101135254 0.011931641896565754
0 0.41227011680603026 0.43377067248026535 0.008678054809570313 0.010644690195719403
0 0.6478800308568151 0.20013049138362513 0.006231212615966796 0.008582353591918945
0 0.5840776629774705 0.5325150595569252 0.006622171401977539 0.009204419453938802
0 0.5438526153564454 0.17767483393351235 0.00803518295288086 0.011487070719401042
0 0.7328920602798462 0.6100061098734538 0.007775735855102539 0.010448265075683593
0 0.25901461839675904 0.4345429420471192 0.010604166984558105 0.012301699320475262
0 0.3786157250404358 0.30777074495951334 0.00873115062713623 0.010266335805257161
0 0.6602278709411621 0.6934452374776204 0.006863784790039062 0.00841681162516276
0 0.4456831455230713 0.47320149739583334 0.00881052017211914 0.010909271240234376
0 0.7441986799240112 0.42117818196614576 0.008055353164672851 0.011016845703125
0 0.5334416627883912 0.22863708337148028 0.00857701301574707 0.013538217544555664
0 0.4814046144485474 0.4360267162322998 0.010256624221801758 0.012393728892008465
0 0.6963743686676025 0.30973024368286134 0.008772945404052735 0.011356798807779948
0 0.28197832107543946 0.6617405891418457 0.008834409713745116 0.011734199523925782
0 0.41739749908447266 0.1419862429300944 0.008321189880371093 0.011151885986328125
0 0.3440046548843384 0.6539126396179199 0.00886988639831543 0.011124610900878906
0 0.6576330423355102 0.6388689994812012 0.008068513870239259 0.01058546702067057
0 0.45324714183807374 0.34333348274230957 0.00938258171081543 0.011894321441650391
0 0.706590223312378 0.2639562288920085 0.00786294937133789 0.011062431335449218
0 0.44586853981018065 0.6712563514709471 0.008919525146484374 0.011756197611490887
0 0.4832490179818182 0.585671905162426 0.009593486785888672 0.013663864135742188
0 0.5123699626088601 0.698662442580828 0.008928203582763672 0.013035837809244792
0 0.5468317031860352 0.4724389394124349 0.009604549407958985 0.011806360880533854
0 0.5537235647326288 0.16641762676656022 0.00928339958190918 0.013016319274902344
0 0.5203161478042603 0.4700653553009033 0.00782475471496582 0.010108280181884765
0 0.6216902494430542 0.5512379328409831 0.007872724533081054 0.010030746459960938
0 0.2659517049789429 0.3431276798248291 0.0089508056640625 0.013207403818766277
0 0.6029583215713501 0.17522668838500977 0.008539247512817382 0.010562769571940104
0 0.3235438585281372 0.515391731262207 0.00801692008972168 0.010437647501627602
0 0.4199626922607422 0.38024303118387853 0.008007049560546875 0.010787868499755859
0 0.29261976605080425 0.42841252947924374 0.009753901407898518 0.00915180872839862
0 0.29623232212780376 0.41709318710464544 0.006141345330899028 0.0125235277335981
0 0.2732925910388573 0.47513492140843655 0.007225112153998978 0.011078505302798263
0 0.2783501695466565 0.5141505270400305 0.010115157015598477 0.013005201877198119
0 0.3245908873322494 0.5271557289172286 0.010115157015598406 0.011078505302798192
0 0.31519824153205084 0.459480511741439 0.00939264580019863 0.0125235277335981
0 0.32115895905909997 0.4972919320140332 0.007586367761698866 0.008188460441198728
0 0.3148369859243508 0.4900668198600341 0.0065026009385990135 0.007225112153998975
0 0.314295102512801 0.4838050559932352 0.008308878977098715 0.008188460441198657
0 0.3901587801297894 0.5257107064864288 0.007586367761698795 0.010115157015598442
0 0.39395196401063876 0.47826580334183605 0.006502600938598988 0.009633482871998495
0 0.42736810772288364 0.4712815282596371 0.010476412623298402 0.012041853589998154
0 0.4876977942087744 0.5784540252106207 0.006863856546298948 0.009633482871998495
0 0.45410102269267955 0.5273965659890285 0.008308878977098644 0.0125235277335981
0 0.5662708888835124 0.47706161798283625 0.008670134584798674 0.011078505302798334
0 0.3327191385054982 0.6234905576372138 0.009753901407898481 0.009151808728398762
0 0.5561557318679139 0.3742241883242519 0.006502600938598988 0.014450224307997743
0 0.5456793192446154 0.36723991324205313 0.008670134584798674 0.012041853589998154
0 0.5272552832519183 0.44117689428464174 0.007947623369398756 0.010596831159198246
0 0.49781295122437286 0.3896377609194496 0.009753901407898481 0.0125235277335981
0 0.38064763015753206 0.36105734371025267 0.00674113628536702 0.00735396685676399
0 0.3910657498712811 0.3804636451378245 0.007353966856764061 0.0081710742852934
0 0.39068273076415805 0.3758674158523469 0.006894343928216315 0.007558243713896431
0 0.38953367344278866 0.37086263285260473 0.006434720999668571 0.00694541314249939
0 0.3958151867996079 0.3684113105670167 0.006128305713969979 0.008988181713822669
0 0.39818990526377135 0.37086263285260473 0.006894343928216315 0.007353966856764061
0 0.4019434925135781 0.37903370713789813 0.006434720999668642 0.01103095028514609
0 0.32587589783892484 0.3486985938537464 0.007813589785311735 0.00755824371389636
0 0.32166268766057043 0.35002639342510655 0.006128305713970015 0.008579627999558
0 0.38954721638558604 0.17697302225549294 0.010313834028999196 0.015199334358525114
0 0.5217271419677596 0.1568881875674419 0.005971167069420602 0.009047222832455439
0 0.5190129751180231 0.16177368789696786 0.008685333919157117 0.009409111745753674
0 0.5001495155123535 0.2654548615569069 0.007871083864236255 0.0126661119654376
0 0.49377122341547247 0.2667214727534507 0.0070568338093152504 0.010856667398946484
0 0.4716507635901189 0.10640468416234071 0.007328250494288895 0.009409111745753637
0 0.6159087316536206 0.14838379810493385 0.009228167289104477 0.010132889572350106
0 0.6232369821479093 0.15073607604137224 0.009771000659051907 0.009771000659051872
0 0.6665279434012086 0.18348702269486086 0.009499583974078121 0.015199334358525078
0 0.7071047378047711 0.24012263762603175 0.006514000439367891 0.009047222832455404
0 0.7130759048741916 0.23704658186299687 0.00814250054921004 0.012304223052139384
0 0.6784702775400497 0.28445402950506327 0.009499583974078121 0.010132889572350088
0 0.6727705271556029 0.29368219679416785 0.005156917014499527 0.010494778485648268
0 0.628393899162409 0.2945869190774133 0.010313834028999196 0.014475556531928682
0 0.6153658982836733 0.2732354731928186 0.009771000659051836 0.010856667398946484
0 0.5867314380189518 0.31503364267876255 0.006785417124341606 0.009047222832455475
0 0.5894456048686885 0.3532129230317244 0.007871083864236184 0.010132889572350052
0 0.6262225656826197 0.30707208658620183 0.006514000439367891 0.008323445005858935
0 0.6148230649137258 0.3009199750601321 0.009228167289104548 0.010494778485648304
0 0.6095304395567395 0.30073903060348306 0.0067854171243415355 0.011580445225542989
0 0.605052064254674 0.2996533638635884 0.005428333699473313 0.009409111745753656
0 0.7710233671160686 0.37185020206658265 0.007328250494288824 0.010494778485648268
0 0.7323464895073215 0.4056868154599658 0.00868533391915733 0.008685333919157188
0 0.7392676149741501 0.40423925980677294 0.008956750604130832 0.013028000878735853
0 0.7037120292426002 0.4382568176568053 0.008956750604130832 0.010132889572350052
0 0.6506500673302491 0.4608748747379438 0.0070568338093153216 0.008323445005858972
0 0.6999121956529689 0.4027917041535801 0.00895675060413069 0.010856667398946626
0 0.6421004417535789 0.43879965102675267 0.007871083864236326 0.00759966717926261
0 0.6448146086033155 0.43391415069722666 0.006785417124341677 0.009409111745753691
0 0.6491572755628939 0.43409509515387584 0.0040712502746050915 0.009771000659051836
0 0.6321937327520402 0.4547227632118742 0.005971167069420602 0.009771000659051836
0 0.729496614315098 0.4545418187552251 0.005156917014499669 0.007961556092560827
0 0.7313965311099139 0.4494753739690501 0.004071250274604807 0.006514000439367962
0 0.733567864589703 0.45363709647197953 0.004071250274604949 0.006875889352666036
0 0.666120818373748 0.5703462710106543 0.006514000439367891 0.00940911174575362
0 0.6126517314339366 0.6054494956005813 0.005428333699473313 0.008685333919157117
0 0.6231012738054226 0.5855456053691794 0.007871083864236184 0.007961556092560685
0 0.7014049874203241 0.6119634960399493 0.008142500549209756 0.010856667398946484
0 0.6791488192524838 0.6387432756240173 0.005971167069420602 0.010856667398946555
0 0.6606924846742749 0.7078640580639767 0.010856667398946484 0.010856667398946626
0 0.6947552786384695 0.720168281116116 0.008413917234183544 0.01013288957234991
0 0.6248654822577514 0.7697470622379717 0.006514000439367962 0.009409111745753478
0 0.6137373981738312 0.736815171127834 0.006514000439367891 0.010132889572350052
0 0.601116522322556 0.7641377840818494 0.0056997503844468155 0.009047222832455475
0 0.5561970609594148 0.7921841748624613 0.005971167069420602 0.007237778265964181
0 0.6023378974049374 0.6776463338035754 0.004885500329526096 0.010494778485648197
0 0.4930926817030382 0.6821699452198032 0.007871083864236255 0.008685333919157046
0 0.45658713757408065 0.6575614991155245 0.008142500549209827 0.01302800087873564
0 0.53584080958639 0.7958030639954433 0.005971167069420602 0.00868533391915733
0 0.5274268923522066 0.7925460637757592 0.006514000439367891 0.007961556092560756
0 0.5929740217733459 0.8227637880361601 0.006242583754394246 0.010494778485648197
0 0.44722326194248924 0.8238494547760551 0.011670917453867488 0.01121855631224463
0 0.3809975908089156 0.7447767272203947 0.008413917234183615 0.008685333919157188
0 0.4267313022269778 0.7389865046076233 0.005971167069420531 0.012304223052139207
0 0.40121813383945354 0.7583475614690778 0.008685333919157117 0.006875889352666178
0 0.4203530101300963 0.7538239500528501 0.005156917014499596 0.0072377782659642466
0 0.4164174681979786 0.7853082855097949 0.006514000439367891 0.007961556092560756
0 0.41229004208769277 0.769698698230744 0.005232144076540237 0.007483551527657539
0 0.40886536596486633 0.7687473993077379 0.005041884291938514 0.0068493522456526505
0 0.4031100074806722 0.7745186127739813 0.004946754399637996 0.007737231240459437
0 0.4056309496266416 0.7726160149279666 0.004471104938134403 0.007737231240459437
0 0.41733192637963157 0.7686205594513359 0.004090585368931485 0.006088313107246819
0 0.3989144198188721 0.6541016630799481 0.009499583974078192 0.010856667398946484
0 0.36010183386763844 0.6164652160969335 0.007871083864236255 0.01230422305213942
0 0.3544020834831915 0.6177318272934774 0.006242583754394246 0.009047222832455262
