0 0.5719641791449652 0.744088801631221 0.00936126708984375 0.012427322952835648
0 0.540688239203559 0.7038450170446324 0.008257378472222222 0.01100322582103588
0 0.42855758666992194 0.3198494098804615 0.008122507731119792 0.01089887265805845
0 0.4374103334214952 0.5336674442997685 0.008075926038953993 0.011105120623553242
0 0.7527263641357422 0.5568739431875723 0.010058678521050347 0.012660104257089123
0 0.7318611992730034 0.5282516479492188 0.010071478949652778 0.013307924623842593
0 0.48557980855305993 0.17501920064290363 0.008700900607638888 0.011049991183810764
0 0.4985982894897461 0.5961992617006655 0.00861710442437066 0.012378720883969907
0 0.47488750881618924 0.3305139470983435 0.008819749620225694 0.01231404057255498
0 0.3188354174296061 0.3678455494068287 0.007661120096842448 0.009538438585069444
0 0.557996474372016 0.19880999812373407 0.009772618611653646 0.012835184733072914
0 0.39256161583794486 0.4339511730052807 0.008261066012912327 0.011722705982349537
0 0.5978101518419053 0.328540364018193 0.009083472357855903 0.012201860215928818
0 0.35596941841973195 0.33770128885904943 0.008148680792914496 0.011147082293475117
0 0.34447880850897894 0.33043628268771696 0.007494036356608073 0.011112636990017362
0 0.40461319817437064 0.8070248639142072 0.01011784871419271 0.012157298900462963
0 0.414794921875 0.5863284075701679 0.008207109239366319 0.01117881492332176
0 0.3358944680955675 0.5151643823694301 0.008171229892306857 0.010633284957320601
0 0.5196449703640408 0.4413943255389178 0.009174177381727431 0.012449476453993056
0 0.34646781285603845 0.29411892361111114 0.008743349711100261 0.012534021448206019
0 0.4890408621893989 0.32159844857675063 0.009275097317165798 0.012849934895833333
0 0.49424677954779733 0.45487023812753186 0.008008617824978298 0.009542111997251157
0 0.4761045455932617 0.8678511160391348 0.008117887708875868 0.011147562662760417
0 0.6373816384209527 0.8615250481499567 0.009152009752061633 0.012311186613859954
0 0.6994148254394531 0.3940904687952112 0.007931179470486112 0.009765455457899306
0 0.5787883122762044 0.25917927777325667 0.008229870266384548 0.011685039378978588
0 0.28406168619791666 0.46678937276204424 0.00868377685546875 0.010874910707826969
0 0.4448471493191189 0.3560247068051939 0.009860144721137153 0.013279328522858796
0 0.5619097603691948 0.46775986000343606 0.007583914862738715 0.009853589093243634
0 0.5994697570800781 0.28356492784288195 0.008345116509331597 0.010671318901909723
0 0.5707183837890625 0.2626746283637153 0.008959197998046875 0.012762168601707176
0 0.6143821928236219 0.8889866299099394 0.009204737345377604 0.011865290889033564
0 0.4146561728583443 0.5860123528374566 0.01000565422905816 0.013217897768373843
0 0.5387609693739149 0.7518251772280092 0.008586459689670138 0.010652895326967593
0 0.41589766608344186 0.520873119212963 0.009641859266493056 0.012001998336226852
0 0.5044828838772244 0.5518947460033276 0.007338841756184895 0.009987273039641203
0 0.45040793948703345 0.245182122124566 0.008008617824978298 0.010442211009837964
0 0.5700042724609375 0.48082114325629344 0.007235548231336806 0.00944366455078125
0 0.7074423684014214 0.3805650075276693 0.007158618503146702 0.009239677146629051
0 0.6347663667466905 0.3784339480929904 0.008210372924804688 0.011056433783637153
0 0.7325025346544054 0.3953533313892506 0.009114837646484375 0.011127613208912037
0 0.3936245507501275 0.6618529741994257 0.007796435885959201 0.00933837890625
0 0.6001376258002387 0.7367735968695746 0.008943345811631944 0.011217640064380786
0 0.3393126805623372 0.7267042654531974 0.007177268134223091 0.009736068160445602
0 0.6836961534288194 0.6467976322880498 0.009337531195746528 0.012796698676215277
0 0.39084368811713327 0.6325545982078269 0.00800183614095052 0.009508316605179399
0 0.5532050450642904 0.37425272906268087 0.007305018107096353 0.010174984402126736
0 0.3956010182698568 0.5469400476526332 0.007213083902994791 0.01089466236255787
0 0.4606042854388803 0.40431395636901596 0.00692649417453342 0.009196811252170138
0 0.6491843117607965 0.25056145279495806 0.009498299492730036 0.012524272777416088
0 0.6403751797146268 0.7764910097475405 0.008425394694010416 0.01108353226273148
0 0.4804900911119249 0.3752360732467086 0.009018919203016493 0.011964388246889468
0 0.366905657450358 0.4333687111183449 0.006614049275716145 0.009167706524884259
0 0.513221083747016 0.5193855285644531 0.006906255086263021 0.01121323196976273
0 0.7012334399753146 0.4185676857277199 0.00861710442437066 0.011552203143084493
0 0.3338077006262282 0.7633736269758971 0.007748709784613715 0.009922903555410879
0 0.39154798393712953 0.27601873308241964 0.009411595156978673 0.009185395417390043
0 0.6160661697387695 0.4102561668113426 0.008245807223849827 0.011288508662471063
0 0.7168040381537543 0.31183272467719186 0.0070040384928385414 0.010746567337601274
0 0.4039725852530685 0.6026682137962585 0.007016075981987847 0.009146061650028936
0 0.5873733520507812 0.5719860500759548 0.0076410929361979164 0.010694489655671298
0 0.4552003224690755 0.6748438517252605 0.008689032660590278 0.01117791069878472
0 0.348515683249575 0.7641868992104197 0.012021457932772355 0.011939244704061682
0 0.3496232774522569 0.7267785814073351 0.007565265231662326 0.010668888798466437
0 0.24943850653666907 0.4312044488596108 0.011126672717158358 0.014835563622877714
0 0.2818250717669691 0.4831289215396828 0.011524053885628226 0.012716197391038051
0 0.3428230811271048 0.47968495141294343 0.011921435054098239 0.01324603894899802
0 0.2355301656402212 0.5183633851440175 0.007947623369398827 0.012186355833078153
0 0.23135766337128683 0.5490941955056927 0.012318816222568146 0.013246038948997878
0 0.2593730357484176 0.6092312123341435 0.008742385706338602 0.012716197391038193
0 0.3328885519153563 0.5665789669183701 0.013510959727977934 0.011126672717158427
0 0.4815091089231136 0.6386374188009191 0.010331910380218474 0.014305722064917816
0 0.4894567322925123 0.5633999175706106 0.007947623369398756 0.012186355833078224
0 0.49482137806685655 0.5549224526432519 0.006755479863988896 0.00900730648531855
0 0.4940266157299167 0.5353183149987348 0.005960717527049013 0.01324603894899795
0 0.48945673229251235 0.5374376812305744 0.007152861032458872 0.011126672717158287
0 0.48528423002357796 0.5416764136942539 0.005165955190109273 0.011126672717158215
0 0.5472756923048885 0.49822940594154047 0.008345004537868803 0.018544454528597144
0 0.5379372348458449 0.4860430501084623 0.008742385706338708 0.011126672717158287
0 0.5385333065985498 0.4931959111409213 0.005960717527049155 0.013775880506957848
0 0.46660731510549086 0.4579614475365867 0.0075502422009288495 0.009007306485318693
0 0.47475362905912455 0.44789445793534827 0.007152861032458872 0.010066989601238419
0 0.30825091947022004 0.37159727358911987 0.009537148043278557 0.01324603894899795
0 0.29235567273142243 0.377425530726679 0.009537148043278557 0.012186355833078082
0 0.3471942739802741 0.3501386904917432 0.007152861032458872 0.008477464927358725
0 0.35057201391226855 0.3016581879384106 0.0075502422009288495 0.01006698960123849
0 0.5713172529973197 0.34086646322744457 0.0071528610324589435 0.01006698960123849
0 0.6192016837979475 0.2629797542073365 0.009934529211748427 0.015365405180837647
0 0.6446340785800235 0.3639145709987011 0.009139766874808686 0.012716197391038051
0 0.6712586168675094 0.351198373607663 0.009934529211748639 0.010596831159198317
0 0.6756298097206789 0.34563503724908384 0.007550242200928921 0.011126672717158427
0 0.7123875678041484 0.3676234619044205 0.007947623369398827 0.009537148043278591
0 0.7439793706975082 0.3726569567050397 0.007550242200928778 0.015365405180837684
0 0.7612654515259507 0.38325378786423814 0.011126672717158358 0.014305722064917816
0 0.6478131279277831 0.4203426969214324 0.010729291548688309 0.015365405180837613
0 0.6581450383080016 0.3517282151656229 0.008345004537868732 0.011656514275118183
0 0.7306671015537654 0.3101356528657693 0.010331910380218403 0.012186355833078153
0 0.5576076026851068 0.449219061830248 0.01072929154868838 0.009537148043278591
0 0.6458262220854334 0.47491637739130405 0.010729291548688309 0.011126672717158358
0 0.767027478468765 0.49663988126766073 0.009934529211748639 0.012186355833078224
0 0.6195990649664174 0.5064419500899193 0.009139766874808544 0.015895246738797653
0 0.6428458633219089 0.5379675227885344 0.009537148043278591 0.012186355833078295
0 0.6662913522616353 0.5475046708318129 0.009537148043278449 0.01324603894899802
0 0.6233741860668818 0.5877726292367668 0.008742385706338708 0.009007306485318693
0 0.6313218094362806 0.5901569162475864 0.007152861032458872 0.010596831159198388
0 0.563568320212156 0.6343986863372396 0.00834500453786866 0.011126672717158215
0 0.7278854333744758 0.6993042771873297 0.01827953374961723 0.01695492985471745
0 0.7543112810777268 0.7178487317159269 0.010729291548688166 0.01377588050695806
0 0.7266932898690659 0.7141398408102074 0.00874238570633878 0.011656514275118325
0 0.7183482853311972 0.7220874641796065 0.010331910380218403 0.012716197391038122
0 0.7044399444347493 0.6905618914809912 0.009537148043278591 0.013246038948997807
0 0.7706039089849943 0.6926812577128308 0.007550242200928921 0.012186355833078153
0 0.7026517291766347 0.6661891798148349 0.008345004537868874 0.013246038948997807
0 0.6009221500483302 0.723941909632466 0.009934529211748498 0.018544454528597213
0 0.5727080870869645 0.7114906330204078 0.015497865570327675 0.014835563622877856
0 0.5689329659865001 0.723941909632466 0.014305722064917887 0.012186355833078153
0 0.5657539166387406 0.730300008327985 0.014305722064917887 0.010066989601238276
0 0.5287974679710362 0.6955953862816103 0.008742385706338568 0.01377588050695806
0 0.517869485838113 0.7212927018426666 0.011524053885628192 0.011126672717158358
0 0.5554220062585222 0.7597062147947605 0.008742385706338639 0.012716197391038122
0 0.5864177373991774 0.8598462692491851 0.013510959727978146 0.012716197391038122
0 0.5733041588396693 0.8691184965134836 0.010331910380218474 0.015365405180837684
0 0.5204524634331675 0.8815697731255417 0.009537148043278662 0.01271619739103798
0 0.48369470534969805 0.9152147120559966 0.010729291548688309 0.01324603894899795
0 0.4155438349571036 0.7668590758272196 0.008742385706338639 0.01006698960123856
0 0.3640829736402465 0.7774559069864179 0.008345004537868732 0.014305722064917745
0 0.41872288430486315 0.7257963550853256 0.008742385706338639 0.011656514275118183
0 0.42269669598956255 0.7340088992337044 0.00953714804327852 0.013246038948998092
0 0.2895740045521329 0.7003639603032495 0.011126672717158287 0.014835563622877714
0 0.281825071766969 0.6794352187638327 0.009139766874808615 0.013246038948997807
0 0.6744269113355724 0.529650015458299 0.01163611537513674 0.014104382272892907
0 0.5424627846948168 0.4580702754233669 0.011107201039903244 0.01057828670466975
