0 0.47013422648111974 0.6528575473361545 0.009399329291449652 0.012084565339265047
0 0.4315511703491211 0.6548849882902923 0.008666441175672742 0.011294047037760414
0 0.26592698627048067 0.4701273176405165 0.01008400387234158 0.013238610161675348
0 0.6048181109958225 0.714332354510272 0.008306164211697048 0.010662502712673612
0 0.5772632386949327 0.23246048821343318 0.008573786417643229 0.012094766122323495
0 0.37339235941569016 0.7270627057110822 0.009337107340494791 0.012422914858217593
0 0.32481362024943033 0.6209854125976563 0.009716182284884982 0.012739393446180556
0 0.7156056086222331 0.2560549700701678 0.009160656399197048 0.012346168800636574
0 0.6631349351671006 0.30789193047417535 0.008982340494791666 0.011846641257957176
0 0.5032270411350326 0.577505208890003 0.008149464925130209 0.010451140227141205
0 0.576053237915039 0.6559394836425781 0.00933837890625 0.012748040093315972
0 0.5823996649848091 0.8424024793836806 0.009583706325954861 0.012947365089699075
0 0.2362031830681695 0.4238299899631076 0.008826298183865017 0.012287111635561343
0 0.6875586827596029 0.2976748572455512 0.007892057630750867 0.011379863597728588
0 0.521104007297092 0.41021896644874856 0.007784525553385418 0.010283095748336225
0 0.37721123165554465 0.4692662415681062 0.008478503757052952 0.010969967312282987
0 0.5141659418741862 0.7512113783094618 0.008227327134874132 0.010816333912037037
0 0.2548899014790853 0.5326504460087529 0.008425754970974392 0.011767182526765046
0 0.5521259307861328 0.19390199449327256 0.008451588948567708 0.0107370447229456
0 0.6832044177585178 0.7504098680284288 0.007708358764648438 0.010851542154947914
0 0.3175980461968316 0.6417342574508101 0.00917464362250434 0.012974717881944445
0 0.7483292897542319 0.6417110019259983 0.009496307373046875 0.013018855342158565
0 0.7256082322862413 0.28504948086208765 0.008927239312065972 0.013190460205078126
0 0.3476836522420247 0.22217400868733728 0.008965810139973959 0.012379497951931424
0 0.5532777998182508 0.51904296875 0.009081183539496527 0.011723836263020836
0 0.6754960378011069 0.4562642415364583 0.010724385579427086 0.013776256419994214
0 0.6616298251681857 0.7704318576388889 0.008736758761935763 0.012088577835648146
0 0.7609942542182075 0.6617559927481192 0.009911855061848959 0.013088085033275463
0 0.7668385823567709 0.5556911609790943 0.009131368001302083 0.011620811179832175
0 0.7934901767306858 0.5301576119882089 0.007815043131510416 0.010064753779658564
0 0.4885364744398329 0.642991609926577 0.008530637953016493 0.012712436252170138
0 0.6691568586561415 0.7354433130334925 0.00781097412109375 0.012212400083188657
0 0.5144369549221463 0.26988918163158276 0.009297053019205729 0.012165606463396992
0 0.4141824934217665 0.6662563747829862 0.008096567789713542 0.011558815285011575
0 0.2805605782402886 0.6686903776945892 0.008636474609375 0.011035382306134258
0 0.39553591410319006 0.5627894366229023 0.008991665310329862 0.012334018283420138
0 0.6811979505750868 0.21200815130163123 0.008404880099826388 0.011100387573242188
0 0.4291266547309028 0.7696671379937067 0.008387841118706597 0.011358925148292825
0 0.5882848951551649 0.1503498359962746 0.008848317464192708 0.012649762188946761
0 0.7772550653502347 0.5985368581884651 0.008444468180338541 0.011349430790653935
0 0.3907797495524089 0.5824195861816406 0.007920922173394098 0.009881874367042824
0 0.4667572445339627 0.36202840451841 0.008355034722222222 0.01101014879014757
0 0.4267329321967231 0.84173259028682 0.0091094970703125 0.01261127613208912
0 0.6223063786824544 0.8523988511827256 0.00900832282172309 0.012256763599537037
0 0.36745338439941405 0.6191529450593172 0.008375803629557291 0.010500759548611112
0 0.45135928259955516 0.8376963580096211 0.008048290676540799 0.010903987178096064
0 0.3813096364339193 0.21697933055736404 0.008615536159939235 0.01186639291268808
0 0.5173660702175564 0.4847828617802373 0.00923309326171875 0.011676929615162037
0 0.3723790698581272 0.3239856719970703 0.008333375718858506 0.010763295491536458
0 0.7746702406141494 0.44156413608127176 0.008337232801649306 0.011067510534215856
0 0.5151870727539063 0.6574030558268228 0.007963138156467015 0.010654590747974537
0 0.7906912485758464 0.5642396714952257 0.008365631103515625 0.01143561469184028
0 0.5513401455349393 0.5482243573224104 0.008820003933376737 0.012238509566695602
0 0.33959690729777015 0.5317009819878472 0.007917340596516926 0.0110321044921875
0 0.4955655415852865 0.6759735107421875 0.006665208604600694 0.009093108000578705
0 0.3028962029351128 0.6001249525282119 0.008098093668619792 0.011765430591724538
0 0.35967719819810656 0.752632960566768 0.00846000247531467 0.011560793276186343
0 0.6911534627278645 0.760788415979456 0.008007473415798612 0.010631306966145832
0 0.6002148946126301 0.4038188369185836 0.008815595838758681 0.012109629313151042
0 0.630938614739312 0.2142664944684064 0.009304767184787326 0.012450083979853876
0 0.3460954560173883 0.18771851151077837 0.008452881707085504 0.010951289424189815
0 0.659174304538303 0.25129552770543984 0.008857303195529513 0.011873202853732638
0 0.27700877719455297 0.5064387568721065 0.009394963582356771 0.011277488425925925
0 0.4103241178724501 0.8379987363462095 0.008403396606445313 0.011561640986689815
0 0.5539496103922525 0.25050394976580587 0.00881135728624132 0.01241395738389757
0 0.4416026857164171 0.24756985417118776 0.008067109849717882 0.011171326813874423
0 0.7060026592678494 0.790008686206959 0.009389538235134548 0.01218403003833912
0 0.41492828792995873 0.4733458059805411 0.009140735202365451 0.012929676197193287
0 0.5899621726871643 0.7958470139320742 0.008474816216362847 0.01169574878833912
0 0.606418588426378 0.6210762306495949 0.008198928833007813 0.01105301468460648
0 0.38091513315836595 0.6708221152976707 0.008969751993815105 0.012371656629774306
0 0.4057946099175348 0.8557996961805556 0.009209526909722222 0.012087221498842593
0 0.4520094129774306 0.7733039855957031 0.008387247721354166 0.012722043637876157
0 0.3930109447903103 0.3916937086317274 0.008119498358832465 0.011259121365017362
0 0.5782467312282986 0.38159842314543546 0.008542802598741319 0.010829869023075811
0 0.3903932147555881 0.7959372061270256 0.009817462497287327 0.012550975658275463
0 0.7621231502956815 0.5182903713650173 0.008621131049262152 0.010407850477430557
0 0.3266147931416829 0.560399345115379 0.00883384280734592 0.011121001066984954
0 0.3248133341471355 0.4808625962999132 0.009047910902235242 0.012401439525462963
0 0.2866010030110677 0.7308731644241898 0.00967606438530816 0.011905811451099537
0 0.6614557690090603 0.6678952252423322 0.007723787095811631 0.010714608651620373
0 0.45590714348687067 0.8037937023021557 0.007429250081380209 0.00968746609157986
0 0.3683830473158094 0.830080724645544 0.009716584947374133 0.012883730287905093
0 0.5862628089057075 0.4044126157407408 0.00698394775390625 0.010330030653211806
0 0.6189545313517253 0.6151734246148003 0.00948956807454427 0.009917817292390047
0 0.640023316277398 0.765543817590784 0.009016376071506077 0.010863523130063658
0 0.6551728620245961 0.8476216636637119 0.009293619791666667 0.013679052282262731
0 0.3277865727742513 0.6595405013472946 0.008966785007052952 0.012217373318142362
0 0.6319157282511393 0.6286108511465567 0.008526568942599826 0.010819611725983795
0 0.5152041541205512 0.8898482711226852 0.008814493815104166 0.01249943485966435
0 0.7556033664279513 0.6163252371328849 0.008116828070746528 0.01130761040581597
0 0.3618529213799371 0.28241526285807295 0.009822633531358507 0.012432239673755787
0 0.6772119522094726 0.49341981675889757 0.00850054423014323 0.01107624195240162
0 0.654540146721734 0.7422452855993201 0.00788129170735677 0.010568519874855324
0 0.7267236073811848 0.36224410445601846 0.008671145968967014 0.011084210431134257
0 0.5972096972995334 0.8780886614764178 0.007356304592556423 0.00887157298900463
0 0.2725304709540473 0.6073341934769242 0.008232328626844618 0.01063678882740162
0 0.5590447107950847 0.4081078282109013 0.009171337551540799 0.011946981924551505
0 0.39247788323296445 0.6205971894440827 0.006621042887369793 0.00924835205078125
0 0.758998531765408 0.29459283616807724 0.010373433430989586 0.01312490392614294
0 0.6954846911960179 0.3131039513481988 0.008019044664171008 0.010936963116681136
0 0.5718333774142795 0.8652771843804254 0.0070493062337239586 0.009352676956741898
0 0.42865984174940325 0.5351955555103444 0.0073384179009331595 0.010833118580005787
0 0.7335974799262153 0.654240897849754 0.0091522216796875 0.012469764992042824
0 0.5845475514729818 0.7647096421983508 0.0090423583984375 0.012092872902199075
0 0.3810161378648546 0.25417912801106773 0.00925644768608941 0.012648405852141205
0 0.3837092293633355 0.337578045880353 0.006958134969075522 0.010495616771556714
0 0.428160137600369 0.5153347156665944 0.006690555148654515 0.009459714536313658
0 0.7271277533637153 0.46270636099356194 0.009603712293836806 0.01365039966724537
0 0.5799892213609483 0.16266796677200884 0.008662202623155382 0.011981215300383392
0 0.6644015418158637 0.8275558754249854 0.009492662217881944 0.014668047869646992
0 0.23394492507863154 0.45051997639158264 0.009852425664543887 0.010947139627270985
0 0.31276433039498314 0.4866455371615771 0.011166082419816483 0.012260796382543617
0 0.3047181827689389 0.5118239583043005 0.009524011475725836 0.009195597286907642
0 0.3191684070769367 0.524522640271935 0.010837668230998253 0.010071368457089492
0 0.3183473716048914 0.5310909240482976 0.010509254042180238 0.010947139627271127
0 0.3730283340431103 0.49365170652303064 0.009524011475725729 0.01138502521236198
0 0.4035708536031965 0.4894917934646676 0.0062398695875444336 0.014450224307997814
0 0.4158863856838764 0.47766888266721497 0.007225112153998907 0.010947139627271056
0 0.4068549954913777 0.40585564671231666 0.008867183098089836 0.011822910797452775
0 0.2743398703032618 0.36951114314977684 0.007881940531635117 0.01620176664836123
0 0.25512764025740103 0.37607942692613955 0.0095240114757258 0.011822910797452693
0 0.3309913178743894 0.36841642918704975 0.0062398695875444336 0.010509254042180203
0 0.389777457672835 0.373233170623049 0.008867183098089555 0.00875771170181693
0 0.39076270023928944 0.35943977469268745 0.00821035472045331 0.009195597286907642
0 0.3999582975261971 0.3511199485759615 0.008867183098089626 0.0126986819676344
0 0.4214694268937847 0.36841642918704975 0.009195597286907713 0.010509254042180203
0 0.4265598468204657 0.35943977469268745 0.008210354720453238 0.0126986819676344
0 0.44774256199923523 0.3495873490281436 0.008538768909271396 0.00875771170181693
0 0.42278308364905715 0.41286181607377026 0.008538768909271325 0.010947139627270985
0 0.4170358353447399 0.4308151250624948 0.010837668230998361 0.009195597286907784
0 0.414736936023013 0.4419812074823112 0.008867183098089555 0.010509254042180203
0 0.4963478619443187 0.4143944156215882 0.009195597286907713 0.013136567552725324
0 0.5065287017976807 0.37848779764413915 0.013136567552725324 0.015763881063270303
0 0.5190084409727698 0.3743278845857761 0.009195597286907784 0.010947139627271127
0 0.524755689277087 0.3736710562081399 0.006896697965180678 0.010509254042180203
0 0.42311149783787544 0.5203627272135719 0.0059114553987263466 0.010509254042180132
0 0.42245466946023913 0.3217816143748751 0.007881940531635222 0.010947139627270985
0 0.399629883337379 0.25347146310070373 0.008867183098089626 0.013574453137816142
0 0.5022593173430451 0.12320050153617824 0.009195597286907642 0.01138502521236191
0 0.5336228723751766 0.12210578757345114 0.011494496608634677 0.011822910797452728
0 0.5950363256841673 0.12867407134981376 0.010180839853362187 0.01007136845708935
0 0.5539845520819007 0.17837408525762435 0.01083766823099829 0.010509254042180238
0 0.5845270716419871 0.26792168740870154 0.008210354720453238 0.009195597286907678
0 0.5827207936034874 0.27230054325960995 0.007225112153998907 0.007444054946544334
0 0.6484036313671137 0.24427586581379607 0.01116608241981652 0.015325995478179486
0 0.694053203612834 0.18778862533707744 0.00919559728690757 0.010947139627271056
0 0.6805882218712905 0.27821199865833635 0.007225112153998907 0.00963348287199846
0 0.714250676225149 0.2738331428074279 0.007553526342817065 0.014888109893088667
0 0.7199979245294663 0.2661701450683382 0.00919559728690757 0.011822910797452728
0 0.7273872437778743 0.34586532155487143 0.008867183098089412 0.011822910797452693
0 0.6828871211930175 0.3511199485759615 0.008538768909271396 0.0126986819676344
0 0.5575971081589003 0.35571774721941535 0.00821035472045331 0.012260796382543617
0 0.5571044868756729 0.4143944156215882 0.007881940531635151 0.00875771170181686
0 0.7393743616697361 0.46234288718903543 0.010509254042180345 0.01007136845708935
0 0.7774704075726391 0.43344243857303993 0.01116608241981652 0.01007136845708935
0 0.7868302119539561 0.424684726871223 0.010180839853362187 0.015325995478179522
0 0.7500478228063252 0.4763552259119424 0.008867183098089555 0.0126986819676344
0 0.7362544268759638 0.48423716644357756 0.007553526342817065 0.0126986819676344
0 0.76154231941496 0.5070072168683013 0.008867183098089555 0.010071368457089279
0 0.8076845129439073 0.5339371803513882 0.009852425664544029 0.012260796382543475
0 0.5531635166098554 0.5746605397648363 0.007881940531635222 0.012260796382543546
0 0.6368723966274527 0.5132902921453766 0.008257891949574728 0.009212886256668398
0 0.6444561749484907 0.5153126330309866 0.006909664692501138 0.009212886256668327
0 0.6468998368519362 0.5264355079018422 0.009774647613782293 0.008538772628131425
0 0.6415911920272097 0.541715416815341 0.006909664692501138 0.0071905453710582636
0 0.6596237315905665 0.5391313145726169 0.008932005578111272 0.008763477170977084
0 0.6784146489860272 0.5293566669588347 0.007415249913903779 0.009437590799513841
0 0.6873466545641387 0.5355360418870877 0.007415249913903636 0.00831406808528584
0 0.6812796319073082 0.517222621645174 0.008763477170977297 0.010336408970896115
0 0.6722633621256299 0.5273343260732246 0.007583778321037897 0.008538772628131568
0 0.664932376415293 0.5212673034163942 0.008089363542440537 0.008538772628131568
0 0.7093396116951485 0.5075603263028146 0.008257891949574657 0.009886999885205014
0 0.7113619525807587 0.5131779398739538 0.00926906239237951 0.008089363542440466
0 0.6484618750861527 0.6313799681359682 0.008748141085928012 0.014056842086790127
0 0.6508171438400565 0.6025185795960689 0.007626584536449884 0.009570615888878536
0 0.664724445053583 0.5693205057315218 0.0076265845364500255 0.013159596847207808
0 0.7199050272878977 0.5601985124624345 0.0071779619166588305 0.010467861128460853
0 0.7256249656902353 0.5676755561256209 0.008748141085928012 0.009869697635405928
0 0.716540357639464 0.5682737196186757 0.009869697635405999 0.010467861128460853
0 0.714409400195456 0.5763489267749169 0.008299518466136817 0.010467861128460853
0 0.6950064718894875 0.5972846490318385 0.008972452395823609 0.01226235160762556
0 0.6879406656277763 0.6107433276255739 0.006505027986972039 0.010467861128460711
0 0.6917539578960015 0.6216598113738259 0.006953650606763233 0.009570615888878394
0 0.6975860519532867 0.6224075157401445 0.008299518466136817 0.009869697635405785
0 0.47083719382623895 0.8273184410733397 0.007463958836775717 0.01353464535735327
0 0.7332699865272733 0.6708738638545207 0.009852425664543887 0.014330800966609445
0 0.6655955642930315 0.8076051646802808 0.00939264580019838 0.013486876020797922
0 0.5788942184450447 0.6833332356314997 0.009392645800198664 0.01156017944639828
0 0.5837711691489939 0.7945999628030828 0.008308878977098786 0.012523527733598171
0 0.6130328733726895 0.8682961067738715 0.009031390192498634 0.007706786297598853
0 0.5792554740527446 0.8815421457228695 0.007947623369398684 0.010115157015598442
0 0.5787135906411948 0.8213328777728788 0.007586367761698866 0.012041853589998226
0 0.5731141287218456 0.8244637597062783 0.00578008972319914 0.015413572595197706
0 0.6504228287696336 0.8015842378852818 0.007947623369398684 0.009151808728398549
0 0.6518678512004336 0.806641816393081 0.007225112153998907 0.006743438010398677
0 0.5402398684211502 0.7461917113712903 0.00867013458479937 0.011078505302798197
0 0.5364466845403011 0.753175986453489 0.008308878977098715 0.010596831159198246
0 0.4981535901241071 0.7620869581100878 0.009753901407898481 0.009151808728398691
0 0.5035724242396062 0.7700345814794867 0.009031390192498634 0.01156017944639828
0 0.492012244793208 0.7760555082744856 0.009031390192498634 0.011078505302798334
0 0.5003211237703067 0.787134013577284 0.01119892383869825 0.009151808728398549
0 0.44613278261531497 0.7305373017042927 0.006863856546298877 0.012523527733598029
0 0.4598604957079128 0.7329456724222922 0.009753901407898481 0.013486876020797922
0 0.46708560786191183 0.7184954481142946 0.010476412623298402 0.011560179446398137
0 0.46582121323496195 0.707898616955096 0.009392645800198522 0.012523527733598029
0 0.3059656068277365 0.6903175107136988 0.007586367761698866 0.010115157015598585
0 0.31463574141253514 0.5874800810551145 0.007586367761698866 0.015413572595197565
0 0.30777188486623624 0.5848308732653149 0.00830887897709875 0.011078505302798192
0 0.3390204949322815 0.5409985261977216 0.007225112153998836 0.0081884604411988
0 0.3395623783438314 0.5460561047055208 0.008308878977098715 0.007706786297598853
0 0.40494964333752137 0.5833858508345151 0.006863856546299019 0.009151808728398549
0 0.5088106305512554 0.5759199016087162 0.006502600938598988 0.015413572595197635
0 0.5138682090590546 0.5756790645369162 0.006502600938598988 0.010115157015598513
0 0.5005017515741568 0.5869984069115145 0.006502600938598988 0.009633482871998637
