0 0.5317717446221245 0.3175719367133246 0.009111150105794271 0.012574315954137731
0 0.5135682423909506 0.516170162624783 0.008252037896050347 0.011277205855758102
0 0.3452805942959255 0.5810399938512731 0.00973962148030599 0.013124254014756944
0 0.5124464882744683 0.873128029152199 0.008991029527452257 0.01232944064670139
0 0.5036460452609591 0.8466278358742043 0.00932557847764757 0.012797433358651623
0 0.542936642964681 0.5257465503833911 0.00869950188530816 0.01221629955150463
0 0.4737516191270616 0.7977318940339265 0.009434170193142362 0.013017838089554399
0 0.4689560572306315 0.6885391800491898 0.009431754218207465 0.011524906864872685
0 0.31004791259765624 0.3013713836669922 0.009069442749023438 0.012441479718243635
0 0.40594664679633247 0.4950254087094907 0.009504191080729167 0.012889833803530093
0 0.6439750459459093 0.7234256037959347 0.008662033081054687 0.012209800437644676
0 0.5863797081841363 0.3369502314814815 0.008447350396050348 0.011656019422743056
0 0.7095545662773979 0.5536421599211516 0.008853446112738715 0.011018315067997685
0 0.49216206868489576 0.45181808471679685 0.008730994330512153 0.012583414713541664
0 0.5578225877549913 0.9126409459997106 0.00952207777235243 0.012795568395543981
0 0.5640329360961914 0.5046312120225696 0.009422514173719618 0.011775037977430555
0 0.42166644202338327 0.42201993023907697 0.008059310913085937 0.01202957718460648
0 0.3576833724975586 0.2875893204300492 0.00927111307779948 0.012481406882957175
0 0.44304987589518224 0.7789083975332755 0.008559756808810763 0.011149314597800926
0 0.5857631895277235 0.7149093627929688 0.00793045891655816 0.010147998951099538
0 0.36731796264648436 0.3653672536214193 0.00929836697048611 0.01223119099934896
0 0.3912675433688693 0.29549731501826537 0.008088133070203993 0.011251576741536458
0 0.5049467684075879 0.36571068614846575 0.01091217534504841 0.013446120954785595
0 0.4207283443874783 0.6922784593370226 0.0074554443359375 0.009699786150896991
0 0.5980026457044814 0.542485018129702 0.00859269036187066 0.011693940339265048
0 0.4511739730834961 0.30729378594292533 0.009361055162217882 0.012565330222800925
0 0.4689578162299262 0.49769428394458914 0.008681148952907987 0.010806613498263888
0 0.3629741456773546 0.79077473393193 0.009584935506184895 0.01467742919921875
0 0.579272853812163 0.8128370127577993 0.008603795369466146 0.01094806812427662
0 0.6150359683566624 0.5316560250741463 0.007433573404947918 0.010188745569299768
0 0.48373367978678367 0.3229869245768148 0.008319579230414497 0.010934222186053243
0 0.4370652516682943 0.39805686385543254 0.008946567111545138 0.011340021204065394
0 0.46159328715023373 0.46232564677882965 0.0087379879421658 0.011897899486400463
0 0.4610366397433811 0.4370374185067636 0.00937135484483507 0.011967609546802663
0 0.6409145355224609 0.6998542220504195 0.007838185628255208 0.011123487684461806
0 0.4379181120130751 0.28992691040039065 0.008657116360134548 0.011715867784288195
0 0.24933263990614152 0.48153175071433735 0.009956571790907118 0.012552727593315972
0 0.7297511630588107 0.5430145546242043 0.008113437228732638 0.011221483018663193
0 0.6248700035942926 0.7669499997739437 0.007027520073784722 0.010052433720341435
0 0.5701312383015951 0.8861068725585938 0.007485241360134549 0.009945339626736112
0 0.42115626864963107 0.6790314003273293 0.007702551947699653 0.009232641149450231
0 0.27501072021283207 0.5616919658069132 0.009421075015614733 0.0161504143124823
0 0.2732162297336674 0.5735056947947476 0.00807520715624115 0.012860515100680417
0 0.3351261512648499 0.5261012379701466 0.008972452395823538 0.011963269861098027
0 0.42485067522308534 0.5948900396714605 0.010318320255197052 0.011365106368043243
0 0.42978552404078824 0.5868148325152193 0.007626584536450096 0.01315959684720788
0 0.43382312761890884 0.6455843957078635 0.011215565494779511 0.015851332565954977
0 0.33120070334167706 0.6590430743015987 0.008748141085927941 0.01226235160762542
0 0.44761827317748754 0.4706215739893043 0.01188849942446616 0.013458678593735413
0 0.49259269081155316 0.5071095470656535 0.008523829776032414 0.011664188114570564
0 0.3476875846190029 0.3654943400849048 0.007177961916658759 0.01315959684720788
0 0.503023166721698 0.3587650007880373 0.009645386325510472 0.012860515100680417
0 0.45636641426341557 0.1992048890156419 0.00964538632551033 0.012561433354152989
0 0.46051617349648394 0.2107195362569488 0.0076265845364500255 0.010467861128460782
0 0.4671333571384038 0.20234524735418014 0.008748141085928012 0.01286051510068038
0 0.5410439337490003 0.18425080168926933 0.01121556549477944 0.012561433354152989
0 0.5180520244847024 0.2566285843489126 0.01188849942446616 0.013159596847207916
0 0.6417597118921197 0.2715826716752852 0.01121556549477944 0.016748577805537294
0 0.6701350925939116 0.32571646779675395 0.009645386325510258 0.013757760340262841
0 0.6262149073783274 0.3254667364536638 0.01019596863161759 0.012605924853636416
0 0.6142578168921573 0.33436503635034825 0.00926906239237979 0.01260592485363681
0 0.6103648106873583 0.34276898625277263 0.009269062392379582 0.01211157485937619
0 0.6204680886950521 0.3346122113474784 0.008712918648836806 0.010628524876595335
0 0.6589586837508624 0.47877239278755573 0.007649015667439585 0.011185657320126694
0 0.671542548236005 0.5251599716739634 0.010116440076291013 0.015133536374288922
0 0.7290335369622443 0.4906160299500428 0.009622955194520699 0.015133536374289065
0 0.6809187609896405 0.593096390397674 0.009622955194520841 0.010198687556586065
0 0.642550311432 0.7809496353915665 0.012337122044257427 0.014804546453108856
0 0.6204668629727793 0.7478861483129566 0.010116440076291084 0.014475556531928788
0 0.7069500885030235 0.7723958974408813 0.007402273226554428 0.012172627083667181
0 0.6624130779232544 0.8140131224701763 0.012583864485142726 0.013817576689568227
0 0.6489656148950138 0.8577687819871426 0.010856667398946484 0.011185657320126694
0 0.5724754582206181 0.8523404482876693 0.010363182517176241 0.014146566610748437
0 0.41480703849500883 0.901853431425289 0.009869697635405928 0.012501617004847532
0 0.49203742249206 0.781936605155107 0.008389242990094985 0.0128306069260276
0 0.36770320781302346 0.49831487143095743 0.010399888004250003 0.014682194829529394
0 0.5196231404241266 0.21527478221725097 0.007952855532661758 0.014682194829529429
0 0.7426089743976051 0.3457831807019571 0.006525419924235223 0.013050839848470587
0 0.7393462644354876 0.3657672792199278 0.009380291141088293 0.011691377364254976
0 0.6584922331867594 0.4703099442561143 0.008360694277926371 0.009244344892666661
0 0.7055976082648329 0.48512808533406543 0.008360694277926512 0.01114759237056866
0 0.7585146854629287 0.505112183852036 0.008972452395823609 0.011963269861098169
0 0.731087529843877 0.5592187907238204 0.008360694277926512 0.012507054854784342
0 0.7410795791028625 0.5673755656291145 0.007545016787397003 0.013594624842156905
0 0.35801703761298653 0.8664573121565661 0.010603807376882414 0.012507054854784342
0 0.37810309581727336 0.7205869876002228 0.009992049258985319 0.012778947351627466
0 0.38605595134993514 0.7144694064212521 0.00999204925898539 0.010875699873725608
0 0.3853422335457219 0.6866004254948305 0.009380291141088222 0.01114759237056859
0 0.2929667577432658 0.7397554086276638 0.01060380737688238 0.01305083984847073
0 0.2473907779599349 0.6575079283326147 0.008768533023191232 0.011691377364254834
0 0.2602376984357731 0.6617222620336832 0.007545016787397057 0.012507054854784339
0 0.5478659735337076 0.6883677267243109 0.009380291141088293 0.012507054854784342
0 0.39808719433524403 0.6051686226903107 0.00795285553266183 0.013050839848470518
