0 0.705075412326389 0.6026816474066841 0.010495927598741319 0.014354564525462963
0 0.391456667582194 0.430646006266276 0.010227330525716146 0.013032305682146993
0 0.43778232998318145 0.4726725684271919 0.010175916883680556 0.013577298764829281
0 0.6158430735270183 0.44063274242259837 0.008513726128472222 0.011503996672453705
0 0.6724861780802409 0.7920105263038919 0.00989884270562066 0.013366868760850694
0 0.4186723497178819 0.7411478678385417 0.009344736735026041 0.013017442491319444
0 0.5117815229627821 0.8746208473488137 0.010167439778645836 0.013902678313078702
0 0.7480588701036242 0.5956680580421729 0.009623633490668403 0.013412984212239583
0 0.5121769375271267 0.566605066370081 0.008971320258246528 0.011521855107060185
0 0.6086029900444879 0.6455546061197915 0.008809661865234375 0.012574372468171295
0 0.5972835116916232 0.9029723555953413 0.009116024441189237 0.012787995515046295
0 0.5571322758992513 0.39243323714644823 0.009287219577365452 0.012606500696252894
0 0.3967255126885723 0.49757925552331167 0.0065241071912977445 0.009162139892578126
0 0.688089264763726 0.3308889600965712 0.007192526923285591 0.009655987774884259
0 0.33527966605292425 0.49567184448242185 0.009463691711425781 0.013424739131221063
0 0.6962125990125868 0.5149764449508103 0.009858618842230903 0.01306717484085648
0 0.5864884906344944 0.4678470329002098 0.007469728257921006 0.009552369294343171
0 0.3356505711873372 0.6719588103117766 0.00921643575032552 0.012514128508391202
0 0.38668577406141486 0.4843342533817998 0.008059438069661458 0.010785703305844907
0 0.4030765957302518 0.8834452311197916 0.009836832682291666 0.013526859989872686
0 0.30922033521864145 0.589044698079427 0.008106358846028646 0.010929135923032407
0 0.5999040603637696 0.6227151941370082 0.010780037773980036 0.01513660572193287
0 0.5657289716932508 0.7338187606246384 0.0104461669921875 0.013740991663049769
0 0.31285071902804906 0.7111198990433306 0.008975346883138021 0.012195445873119213
0 0.48691974216037326 0.3055428681550203 0.008279334174262153 0.010975025318287037
0 0.5944083758505417 0.3799119684166432 0.005642194006337733 0.007594820400891914
0 0.4858529240869786 0.48689766124034484 0.007684088108672062 0.008516086537040576
0 0.6162335077921549 0.5671270582411024 0.008858023749457464 0.012582680031105324
0 0.32277960247463644 0.42581748962402344 0.009874831305609809 0.014289940728081598
0 0.7169643657449939 0.6307962006448219 0.006563822428385418 0.008276875813802083
0 0.5437780592176649 0.9235798023365162 0.007819281684027778 0.009570877640335648
0 0.6312043896426239 0.598885700121387 0.007354863484700522 0.009506169071903936
0 0.5751475440131294 0.8037536621093752 0.009468926323784722 0.011897334346064815
0 0.47325681050618484 0.6359465705023871 0.008282979329427084 0.011361185709635417
0 0.7340715449639861 0.34419293600351486 0.0061826070149739575 0.008456392641420717
0 0.7266746520996094 0.4478010813395182 0.00739593505859375 0.009996400056061922
0 0.6133744387085607 0.41608556811372516 0.006797197129991318 0.00949003431532118
0 0.46022781795925566 0.6138299730088975 0.0068692101372612845 0.011257199887876157
0 0.6739385816786024 0.3241796564172815 0.008002132839626737 0.010915770354094327
0 0.6848900028246975 0.3020901275187965 0.009203169080946181 0.013721974690755208
0 0.3696968522785069 0.5458702582094521 0.008297051323784723 0.009811796965422453
0 0.6702422883775498 0.3376943235044126 0.008176040649414063 0.010940947356047453
0 0.4879044257906049 0.4975282500286987 0.007971393657446414 0.007662424911033909
0 0.5003249693963937 0.49864053751578424 0.005746818683275379 0.006920899919643446
0 0.493280481978185 0.49382062507174673 0.0064883436746657 0.0066737249225133155
0 0.2760281192381371 0.5046058588965228 0.0054283336994732775 0.006250808502423766
0 0.28009936951274206 0.5115146472413069 0.006168561022128713 0.006250808502423624
0 0.28343039246469154 0.5154625262954693 0.006415303463013835 0.007566768187144603
0 0.2893522110459351 0.5152980313348792 0.005428333699473206 0.007237778265964394
0 0.30662418190789537 0.5194104053496316 0.007895758108324706 0.008882727871865228
0 0.3092149775371895 0.5125016170048475 0.004194621495047528 0.004934848817702928
0 0.3042801287194865 0.5052638387388831 0.0051815912585880496 0.005592828660063276
0 0.29798819647691527 0.4998355050394099 0.005428333699473242 0.007237778265964252
0 0.2920663778956717 0.5003289899211802 0.004441363935932649 0.005592828660063276
0 0.2910794081321311 0.4930912116552159 0.004934848817702893 0.007566768187144532
0 0.2767683465607926 0.4978615655123287 0.0029609092906217427 0.006579798423603904
0 0.277948475151839 0.49811263823851076 0.00215250407308865 0.005233539314960609
0 0.28010097922492766 0.49785940246520616 0.0031654471663068407 0.004051772372872762
0 0.3351797599186667 0.5058785352865168 0.006204276445961483 0.007934720896875903
0 0.34303006889110776 0.5221700367024427 0.005951040672656873 0.007765897048006209
0 0.33999123961145317 0.518709147800614 0.004938097579438718 0.005908834710439379
0 0.33752219082173385 0.5263906329241853 0.004811479692786449 0.0064153062570485985
0 0.3330272558455781 0.5165988496897428 0.00443162603282957 0.005740010861569829
0 0.33448336154207925 0.513053548863479 0.003798536599568152 0.005064715466090846
0 0.33087475177248943 0.5109432507526077 0.0056978048993522636 0.005233539314960609
0 0.5190922402810942 0.24935069692901032 0.006077658559309072 0.007765897048006103
0 0.6584985334852478 0.39538332620129935 0.005824422786004675 0.007090601652527368
0 0.6767315091631751 0.41513571651905407 0.007850308972440984 0.007765897048006138
0 0.6816062977992877 0.4082983506398313 0.005951040672656802 0.007934720896875832
0 0.6738192977701729 0.39175361345060083 0.007090601652527226 0.00996060708331214
0 0.6690078180773864 0.48840526692850306 0.006330894332613753 0.009454135536703134
0 0.6945846311811457 0.4596208006962195 0.006077658559309072 0.006584130105918291
0 0.7012320702303901 0.45945197684734984 0.005697804899352121 0.006921777803657676
0 0.6962306637076253 0.4707631747216196 0.005571187012699994 0.005908834710439521
0 0.7058536230931981 0.4687372885351832 0.004051772372872619 0.005571187012699994
0 0.700725598683781 0.4813146652759757 0.004938097579438789 0.005064715466090917
0 0.6967371352542344 0.48308731568910757 0.004811479692786378 0.004895891617221295
0 0.6624869969147944 0.7597051920621081 0.005951040672656802 0.007765897048005997
0 0.7299110215571301 0.8187935391665024 0.007597073199136446 0.009116487838963678
0 0.6529273464725478 0.8187091272420679 0.004558243919481839 0.010298254781051668
0 0.48028385802217244 0.8507856585273104 0.00671074799257049 0.008947663990094128
0 0.47585223198934284 0.8458053549856543 0.004938097579438647 0.006077658559309213
0 0.46565949211383484 0.8289229700986844 0.004558243919481839 0.006415306257048314
0 0.4596451424978518 0.8243647261792026 0.005444569126047796 0.006415306257048456
0 0.4403359147833801 0.8054564551057964 0.005571187012700065 0.006415306257048456
0 0.44527401236281877 0.8037682166170994 0.005064715466090917 0.008103544745745523
0 0.3885491991426002 0.7570040104801931 0.006837365879222901 0.010804726327660745
0 0.2854822394076494 0.6143478581852979 0.007850308972440984 0.005740010861569829
0 0.3627824592088625 0.5799077930158796 0.005697804899352335 0.006752953954787913
0 0.36512489011192956 0.5842972130864919 0.006077658559309143 0.006077658559309213
0 0.5768299965945312 0.4586078576030013 0.005824422786004675 0.007934720896875832
0 0.608611086144252 0.32878231782220335 0.00835678051904992 0.0086100162923546
0 0.5863896470367778 0.3396714560742988 0.005951040672656944 0.01046707862992129
0 0.5158001752281351 0.34946323930874135 0.005824422786004532 0.004727067768351531
0 0.5176994435279194 0.34574911463360797 0.005317951239395384 0.006415306257048456
0 0.5975644161230558 0.6954524015225466 0.005022858313478622 0.006697144417971685
0 0.5891406641598259 0.6932897819709101 0.004918215431947814 0.005999525207766254
0 0.5861060205954324 0.6992893071786749 0.005336786958071349 0.005999525207766098
0 0.5759556610869442 0.6786397785565957 0.005546072721133457 0.007394763628180178
0 0.575484768120056 0.704451689334196 0.005232144076540237 0.005999525207766112
0 0.5909719145866151 0.6893831143937601 0.005022858313478693 0.005999525207766112
0 0.5911288789089113 0.6976150210741833 0.0036625008535781235 0.007394763628176832
0 0.593169415098762 0.6944059727072387 0.004813572550417078 0.00655762057593023
0 0.7205065802936701 0.6231399916456916 0.0047494369283266735 0.01021384285661675
