0 0.6411054823133681 0.34412060490360974 0.009146542019314237 0.012056054009331598
0 0.6517376157972548 0.2966124923140914 0.009589852227105036 0.01204822681568287
0 0.5763000912136502 0.7044062861689814 0.009292093912760417 0.011454377350983796
0 0.659654172261556 0.37381757100423174 0.009724383884006076 0.013005941885489005
0 0.6069613986545139 0.4880585564507378 0.011036936442057292 0.01430545383029514
0 0.367640029059516 0.5091605292426216 0.011179309421115452 0.01354392722800926
0 0.3224627706739638 0.5551537690339265 0.01040770212809245 0.013663454408998844
0 0.6247471491495769 0.8788500750506365 0.009699800279405382 0.013437906901041664
0 0.4180022981431749 0.41018994649251295 0.009177186754014757 0.012937390362774885
0 0.7111281924777562 0.3935867450855396 0.00866792466905382 0.01260469224717882
0 0.6463759952121312 0.2841974752920645 0.008839925130208334 0.011464521620008682
0 0.4979865603976779 0.3753746880425347 0.010375891791449652 0.013187210648148146
0 0.36721532609727653 0.7508537575050636 0.008816740247938368 0.011362485532407407
0 0.3505574226379394 0.26784053378634987 0.00930567847357856 0.012521899188006365
0 0.7284280988905165 0.5406787448459202 0.009728749593098959 0.012111409505208332
0 0.34935815599229647 0.41782037961719504 0.010420481363932312 0.008094716658984476
0 0.5415337244669596 0.8659398114239728 0.009187613593207465 0.012089651602285877
0 0.5996110492282444 0.7707489013671875 0.010106701321072048 0.013733701352719906
0 0.7490416632758248 0.476074727376302 0.0100860595703125 0.014006551106770833
0 0.2587084134419759 0.46151294001826537 0.010572369893391926 0.014546514440465856
0 0.34735497368706597 0.7064948187934027 0.009637196858723959 0.012842588071469907
0 0.6198631251036844 0.674807070440448 0.00923435415705931 0.011971155637891268
0 0.5626483917236328 0.25923628630461515 0.009917534722222222 0.013838591399016205
0 0.625937122768826 0.7023296214916087 0.00926407708062066 0.011633865921585648
0 0.37788976033528643 0.7566356235080295 0.010316382514105903 0.013478992603443287
0 0.6242058012220595 0.7150345413773148 0.008677885267469617 0.010450349030671298
0 0.5472937477959527 0.7979771931966145 0.010152901543511285 0.01334578902633102
0 0.6342569563123915 0.4873198050039786 0.010145399305555556 0.013363590946903935
0 0.5753742853800455 0.5618790803132233 0.01096755133734809 0.01366339789496528
0 0.6562786526150174 0.8080632527669271 0.009019894070095485 0.011670147931134259
0 0.5727721744113499 0.8503596553096066 0.008767022026909722 0.010682847764756944
0 0.4480361090766059 0.5710526360405817 0.009308115641276041 0.012423084400318286
0 0.5830674065483941 0.8586751302083333 0.009139166937934028 0.011911688910590277
0 0.7415879991319446 0.42679362826877176 0.009758504231770833 0.013112866436993635
0 0.3912318759494358 0.6943749886971932 0.009384579128689237 0.011609112774884259
0 0.6922980662453331 0.4689349261346962 0.0057950018602544425 0.009257895743037032
0 0.4624763938066944 0.5606326916257756 0.005409977035429122 0.01069405163900912
0 0.44515029059516065 0.7846055772569446 0.009970177544487847 0.013429655852141202
0 0.6639805263943142 0.30575551633481624 0.008987681070963541 0.01231149744104456
0 0.3851654264662001 0.87781086674443 0.00733502705891927 0.010202648021556713
0 0.34797785975986634 0.408947630764105 0.006269725422891526 0.011544256334213117
0 0.44112806604282734 0.40815147515484895 0.005672608715949537 0.010748100724957013
0 0.4568023796000563 0.5283709721525165 0.006568283776362591 0.00995194511570098
0 0.46008652148823764 0.533944061417309 0.007762517190246712 0.008359633897188771
0 0.4454571621681573 0.37968891212394423 0.005374050362478471 0.007165400483304651
0 0.43784392415464596 0.36814465578973116 0.005075492009007476 0.007961556092560827
0 0.4369482490942329 0.3627706054272526 0.004478375302065487 0.005971167069420602
0 0.5960798514942912 0.2789752275530505 0.006866842129833514 0.008757711701816823
0 0.6107092108143717 0.4517409947616193 0.009852425664543958 0.012738489748097308
0 0.6959476207303504 0.4706496904814509 0.006568283776362733 0.009155789506444805
0 0.698186808381383 0.43800731050195174 0.006866842129833514 0.009155789506444877
0 0.7050536505112166 0.45094483915236305 0.008061075543717634 0.007961556092560756
0 0.779991797232445 0.5833057091911859 0.006269725422891526 0.011544256334213188
0 0.7779018887581478 0.5216036494738399 0.006269725422891526 0.010748100724957013
0 0.7822309848834778 0.5273757776409465 0.004776933655536482 0.008757711701816646
0 0.7877543144226916 0.5329488669057391 0.005075492009007547 0.007165400483304722
0 0.5759271626349969 0.6233125285563037 0.007165400483304865 0.011942334138840991
0 0.5789127461697071 0.6167442447799409 0.007762517190246712 0.009155789506444805
0 0.4908380318957537 0.8938063968010556 0.008359633897188842 0.010748100724957226
0 0.424707356601921 0.8084187077083418 0.008061075543718273 0.00955386731107381
0 0.4545631919490237 0.5729556862708569 0.006866842129833657 0.0075634782879326675
0 0.4551603086559657 0.5637998967644119 0.008658192250659908 0.009951945115700838
0 0.4647141759670387 0.5572316129880492 0.005075492009007547 0.00875771170181686
