0 0.6922252655029297 0.429691727956136 0.008839893341064452 0.011815388997395836
0 0.6874871253967285 0.40572668711344406 0.008891105651855469 0.012064425150553386
0 0.4917255640029907 0.331445042292277 0.009948301315307616 0.013877391815185547
0 0.7352715015411377 0.45811244646708177 0.00890054702758789 0.012323474884033203
0 0.3390769839286804 0.3714024066925049 0.009380125999450683 0.012951882680257161
0 0.5944165706634521 0.36966894467671707 0.009502983093261719 0.011396630605061847
0 0.3115120530128479 0.29528605143229164 0.008786797523498535 0.010956064860026043
0 0.43402848243713377 0.18048208554585773 0.010603904724121094 0.013968372344970703
0 0.24780439138412474 0.5033054987589518 0.007810187339782715 0.00994701385498047
0 0.5255939245223998 0.21046965916951496 0.007571172714233398 0.010340086619059245
0 0.5031641960144043 0.6036968549092611 0.009512710571289062 0.012639808654785156
0 0.6366916894912721 0.35380055109659836 0.008588457107543945 0.011413764953613282
0 0.3414044499397278 0.41787775357564283 0.00957815647125244 0.01304190953572591
0 0.4410074710845947 0.7362140655517578 0.007154941558837891 0.011201095581054688
0 0.6320905208587646 0.30857009887695314 0.009848690032958985 0.011955579121907554
0 0.4350497484207153 0.7087556838989257 0.009075689315795898 0.01170819600423177
0 0.27606165409088135 0.520346736907959 0.008231496810913086 0.011375172932942707
0 0.4866265058517456 0.5478726069132487 0.00905766487121582 0.011944961547851563
0 0.6801424264907837 0.32974931399027513 0.006586122512817383 0.009157721201578777
0 0.7577754020690918 0.5216443061828613 0.00892496109008789 0.0124053955078125
0 0.5042061567306518 0.7302735646565757 0.009602689743041992 0.013155873616536458
0 0.46787467002868655 0.3052062034606934 0.009003543853759765 0.011517651875813802
0 0.6875439167022706 0.5205914020538329 0.00850057601928711 0.010541947682698567
0 0.2757290482521057 0.347191301981608 0.009469056129455566 0.012086868286132812
0 0.5013087749481201 0.11436481078465778 0.00940999984741211 0.011324795087178548
0 0.6642978668212891 0.395768133799235 0.007760524749755859 0.011647733052571614
0 0.45508363246917727 0.6758500099182129 0.009305620193481445 0.012799644470214843
0 0.6503998756408691 0.18641796906789146 0.00980844497680664 0.011815245946248372
0 0.3440609574317932 0.5446150779724122 0.009512877464294434 0.010385958353678386
0 0.6457924127578736 0.6968218803405761 0.009846830368041992 0.013101132710774739
0 0.6902289152145386 0.6408974647521972 0.00877242088317871 0.011832364400227864
0 0.5818920850753784 0.5320030371348063 0.009714746475219726 0.013042672475179035
0 0.2559423446655273 0.5194203376770019 0.008151102066040038 0.01119645436604818
0 0.6037571907043457 0.5581345240275064 0.009201335906982421 0.010860951741536458
0 0.5529188871383668 0.6004268646240234 0.00903782844543457 0.013532765706380208
0 0.5641425848007202 0.2647851943969727 0.008697080612182616 0.011358642578125
0 0.352803111076355 0.7378175735473633 0.009441804885864259 0.01250597635904948
0 0.6456016302108765 0.3781820138295491 0.007952642440795899 0.012038644154866536
0 0.45365056991577146 0.4379118919372559 0.008831310272216796 0.011326535542805988
0 0.6997587203979492 0.34700063069661463 0.00872039794921875 0.010483805338541667
0 0.6338951587677002 0.7280864715576172 0.008076953887939452 0.010137049357096355
0 0.29997228384017943 0.4720270951588949 0.00796968936920166 0.010706679026285809
0 0.5269028902053834 0.3909414609273274 0.008064603805541993 0.010472997029622394
0 0.4768509387969971 0.3719292004903158 0.00784006118774414 0.009279314676920574
0 0.6327056646347046 0.1488668362299601 0.008016252517700195 0.010277636845906575
0 0.27290718555450444 0.2849134127298991 0.008872079849243163 0.011902618408203124
0 0.6428718566894531 0.6458893458048501 0.008055782318115235 0.010861078898111977
0 0.24221051931381227 0.5412809054056804 0.008437800407409667 0.010389137268066406
0 0.2633083343505859 0.6322197278340657 0.008251571655273437 0.010456784566243488
0 0.5499964714050294 0.3843892733256022 0.008144474029541016 0.01131089528401693
0 0.538156819343567 0.18950862089792886 0.009385156631469726 0.011466073989868163
0 0.3017725110054016 0.4214924812316895 0.00872633457183838 0.012250836690266926
0 0.6363025665283203 0.2522213220596314 0.009940528869628906 0.012963565190633138
0 0.6492781400680542 0.45229489008585616 0.008997297286987305 0.011485926310221354
0 0.2876966090347407 0.40151913302632586 0.007130789756774902 0.008473046620686849
0 0.49071961498985883 0.38868241514693835 0.008338356018066406 0.01171995798746745
0 0.5785643100738525 0.1870394150416056 0.007250213623046875 0.009947411219278971
0 0.7243072271347046 0.2583131869633993 0.009472894668579101 0.012493753433227539
0 0.6936457983327443 0.46037323094737753 0.006653690338134765 0.009049638112386068
0 0.6677257776260376 0.5848613739013672 0.009521055221557616 0.01244061787923177
0 0.3843167185783386 0.7862542152404786 0.008332085609436036 0.011209170023600258
0 0.5613376379013062 0.13217494487762452 0.00783238410949707 0.010312255223592122
0 0.38073129653930665 0.47331689198811844 0.009034204483032226 0.012015660603841148
0 0.3905022144317627 0.4511074384053548 0.009465837478637695 0.012761815388997394
0 0.30678083896636965 0.4895374139149984 0.00829019546508789 0.011782995859781901
0 0.47947239875793457 0.4278583208719889 0.007354831695556641 0.010757255554199218
0 0.6889695814466645 0.326006251508533 0.007594060897827148 0.011134862899780273
0 0.7464824676513672 0.6432829856872558 0.008693408966064454 0.011099433898925782
0 0.36377013886385323 0.18000121084308227 0.007001495361328125 0.010010147094726562
0 0.26181396245956423 0.4759425322214762 0.01014101505279541 0.013468901316324867
0 0.6962154388427735 0.31439887682596845 0.008087730407714844 0.010983308156331383
0 0.5753199100494384 0.22482163111368816 0.00867929458618164 0.012195110321044922
0 0.36103837046491044 0.5234164999913232 0.007553526342817065 0.010509254042180345
0 0.38698309138154285 0.5231975571987778 0.01083766823099829 0.010071368457089492
0 0.3707513305725268 0.49685424256150446 0.0059136618063382685 0.008700559898980345
0 0.3746257986525416 0.4978058663004555 0.00509798431580883 0.0062535274273921
0 0.3787041861051885 0.49603856507097505 0.00509798431580883 0.005437849936862804
0 0.37819438767360775 0.4918242313699065 0.004486226197911804 0.0057097424337059265
0 0.377786548928343 0.4865223276814652 0.0073410974147647325 0.008156774905294172
0 0.4623111288844535 0.45416712055713193 0.007952855532661758 0.011419484867411782
0 0.23967041825318675 0.388129068841005 0.006866842129833621 0.008359633897188771
0 0.28833542986896443 0.34712705496431695 0.006866842129833657 0.00995194511570098
0 0.3843219405099002 0.3769828903114199 0.005971167069420531 0.00995194511570091
0 0.3592430388183338 0.3033384964552328 0.007165400483304651 0.00756347828793281
0 0.4177604760986554 0.15386028081740444 0.008956750604130903 0.00955386731107291
0 0.4495569407433199 0.23884989210549062 0.006269725422891526 0.008359633897188842
0 0.4546324327523274 0.242631631249457 0.006866842129833657 0.00796155609256079
0 0.45373675769191435 0.24840375941656354 0.005672608715949537 0.006767322678676635
0 0.5406172385519837 0.22909698589210367 0.008061075543717777 0.010350022920328996
0 0.512254194972236 0.2072027066375616 0.006269725422891597 0.011146178529585065
0 0.4898623184619088 0.12320828986104551 0.007463958836775646 0.010350022920329015
0 0.5833110830983409 0.20362000639590924 0.007463958836775646 0.011146178529585065
0 0.5888344126375549 0.22352389662731112 0.0083596338971887 0.011942334138841134
0 0.7016894702496037 0.4546080622138874 0.009553867311072821 0.010748100724957084
0 0.5158368952138883 0.36086073922398426 0.008061075543717848 0.009553867311072892
0 0.5268835542923164 0.37558961799522167 0.007463958836775646 0.0111461785295851
0 0.6101813349107332 0.5807987262809755 0.008061075543717848 0.011544256334213188
0 0.5916707169955295 0.6020958888285756 0.009255308957601968 0.009553867311072892
0 0.7184087380439813 0.5055620212062764 0.007762517190246854 0.010748100724957013
0 0.7140796419186514 0.5143197329080933 0.006269725422891667 0.009951945115700838
0 0.7307989097130289 0.5276553393631325 0.006269725422891526 0.00875771170181686
0 0.7594605116462477 0.5577102136125494 0.006269725422891667 0.012340411943469078
0 0.7776725712079805 0.52307744460991 0.006866842129833799 0.013136567552725324
0 0.574652890847681 0.6610114039135252 0.006866842129833657 0.01114617852958517
0 0.6848209232784904 0.720922113510045 0.008061075543717919 0.012340411943469007
0 0.5371838174870668 0.7655068276283853 0.007165400483304722 0.010748100724957084
0 0.47194881725364707 0.8035232579703631 0.005672608715949537 0.009553867311072963
0 0.4662762085376976 0.7810318620088788 0.004478375302065345 0.008359633897188842
0 0.47329232984426667 0.7651087498237572 0.006568283776362662 0.008359633897188842
0 0.42821001847014145 0.7352529144766544 0.007165400483304651 0.010748100724957084
0 0.40835588796431793 0.721121152412359 0.005075492009007476 0.010350022920328996
0 0.3704389770734974 0.7298788641141759 0.009852425664544029 0.010350022920329138
0 0.3186391027462739 0.7469962097131816 0.009553867311072963 0.009553867311072821
0 0.3358062080708581 0.6343401910034469 0.008658192250659837 0.0111461785295851
0 0.3284915284108178 0.627373829422456 0.008956750604130832 0.009155789506444805
