0 0.5619726419448853 0.713859208424886 0.009675931930541993 0.014254442850748698
0 0.32139859199523924 0.7069302558898926 0.009825801849365235 0.01296825408935547
0 0.5598956108093261 0.4706676959991455 0.008868408203125 0.011446158091227211
0 0.2545319676399231 0.5053747495015463 0.009475636482238769 0.012893295288085938
0 0.30799963474273684 0.6055186907450358 0.008887815475463866 0.011588478088378906
0 0.410811448097229 0.6998890240987143 0.008474302291870118 0.011357434590657552
0 0.5150698423385621 0.5302597204844157 0.007387781143188476 0.010053857167561847
0 0.3278769016265869 0.6168800671895345 0.009647512435913086 0.0127932866414388
0 0.47994174957275393 0.7910452842712403 0.009802818298339844 0.012589963277180989
0 0.3135013222694397 0.5216989358266194 0.010123085975646973 0.012687206268310547
0 0.4471379518508911 0.5959843635559081 0.009757566452026366 0.013275464375813804
0 0.7172348499298096 0.28063192367553713 0.00911397933959961 0.0117645263671875
0 0.5771983623504638 0.3471812725067139 0.008821392059326172 0.011792850494384766
0 0.3553906798362732 0.24158317248026528 0.010316205024719239 0.013506666819254559
0 0.38527166843414307 0.28545756340026857 0.007575130462646485 0.010759766896565754
0 0.7343077421188354 0.3361931800842285 0.008533334732055664 0.010409609476725262
0 0.4421520709991455 0.36924568812052405 0.00801553726196289 0.010191281636555992
0 0.418760347366333 0.18496891657511394 0.009436511993408203 0.012643146514892577
0 0.331033980846405 0.4590599060058594 0.01073782444000244 0.013697878519694012
0 0.5935798168182372 0.20134254296620685 0.009834003448486329 0.012807480494181315
0 0.40451414585113527 0.7667940457661946 0.007637453079223633 0.010044542948404948
0 0.6359086036682128 0.49378439585367834 0.007819271087646485 0.011164919535319012
0 0.7142078161239624 0.5062791188557942 0.009154176712036133 0.011552683512369792
0 0.345216429233551 0.17102606296539308 0.008542227745056152 0.011581659317016602
0 0.7147533893585205 0.4352352778116862 0.00926351547241211 0.012410481770833336
0 0.4884319305419922 0.4101555347442627 0.009275054931640625 0.011245250701904297
0 0.5314759969711303 0.7568187713623047 0.009262514114379884 0.01162261962890625
0 0.7608280897140502 0.39221897125244143 0.00954890251159668 0.012702878316243489
0 0.4498153209686279 0.7926865577697754 0.008637428283691406 0.011257616678873698
0 0.5346660375595093 0.4161067962646484 0.008625173568725586 0.012838681538899742
0 0.6313042640686035 0.46619367599487305 0.009291458129882812 0.012089284261067708
0 0.3367879629135132 0.6805970827738445 0.010544443130493164 0.013631757100423176
0 0.5941718816757201 0.24666354656219483 0.008637762069702149 0.011264657974243164
0 0.48014512062072756 0.32040383021036783 0.009153175354003906 0.011582501729329427
0 0.6035048723220825 0.13030710220336914 0.009618425369262695 0.01267245610555013
0 0.6016298770904541 0.16423724492390954 0.009331035614013671 0.011812273661295574
0 0.7096272230148315 0.3414214769999186 0.008356428146362305 0.012534077962239583
0 0.6956105947494506 0.43946620623270666 0.009184122085571289 0.012188561757405599
0 0.5852654695510864 0.46358455022176104 0.008237791061401368 0.011594327290852864
0 0.2695534053035031 0.5250044498474019 0.007875514030456544 0.010727882385253906
0 0.3033976316452026 0.36201578776041665 0.00812702178955078 0.011123847961425782
0 0.27801741361618043 0.3803816954294841 0.010042309761047363 0.012576071421305339
0 0.5542913675308228 0.4527883529663086 0.008832883834838868 0.011196072896321614
0 0.48949337005615234 0.23965246677398683 0.009435939788818359 0.012955077489217122
0 0.3618013858795166 0.2795887470245361 0.009789371490478515 0.012651411692301433
0 0.6343849897384642 0.5107739289601644 0.008884286880493164 0.01207119623819987
0 0.442109203338623 0.5469703038533529 0.007636070251464844 0.010617446899414063
0 0.4186939477920532 0.7903035163879395 0.007709360122680664 0.009567070007324218
0 0.6164371967315674 0.7937902450561524 0.009037303924560546 0.01228485107421875
0 0.523912501335144 0.8005348523457846 0.008281087875366211 0.010137875874837242
0 0.361786937713623 0.7458315213521322 0.010101747512817384 0.013354047139485676
0 0.6843713760375977 0.5564839998881022 0.009312915802001952 0.011891110738118488
0 0.6103832721710206 0.7522751808166503 0.009851360321044922 0.012473487854003906
0 0.686637020111084 0.25099840958913167 0.00963420867919922 0.011809078852335612
0 0.28092405796051023 0.4142197926839193 0.010641670227050782 0.013367271423339844
0 0.4636270999908447 0.3435582478841146 0.009129619598388672 0.010741233825683594
0 0.5271511077880859 0.7367369969685872 0.008779239654541016 0.01231689453125
0 0.5481647253036498 0.31303737958272293 0.009126996994018555 0.011989370981852215
0 0.5060132265090942 0.7728272438049316 0.007376623153686523 0.011929766337076824
0 0.4389328479766846 0.45178974469502764 0.009865951538085938 0.012768777211507161
0 0.37138493061065675 0.642252000172933 0.009684944152832031 0.014790026346842448
0 0.29181066751480106 0.649858061472575 0.00797274112701416 0.011569531758626302
0 0.5916565656661987 0.781823221842448 0.00908207893371582 0.012115097045898438
0 0.639986801147461 0.6549339612325032 0.008742332458496094 0.01072864532470703
0 0.5299484729766845 0.8243808428446452 0.00873861312866211 0.011095237731933594
0 0.23261721023656923 0.5221148669167328 0.009195597286907642 0.009195597286907713
0 0.2311393463868876 0.45052057375438026 0.008867183098089555 0.012260796382543475
0 0.2937022493567417 0.37082539726784697 0.008538768909271468 0.00875771170181693
0 0.30256943245483126 0.3725769396082103 0.007225112153998907 0.009633482871998495
0 0.3521599749663691 0.36009720043312127 0.007225112153998907 0.0126986819676344
0 0.39058443505809054 0.37432848194857365 0.006568283776362662 0.009633482871998495
0 0.39567485498477156 0.3743284819485737 0.006239869587544575 0.00875771170181686
0 0.3828667016208644 0.3671033697945748 0.008867183098089555 0.011822910797452764
0 0.3802393881103193 0.3576888297151217 0.006239869587544575 0.00875771170181686
0 0.3797467668270921 0.35046371756112277 0.0052546270210901014 0.009195597286907642
0 0.38434456547054596 0.3408302346891243 0.006568283776362662 0.006568283776362662
0 0.45495361606644436 0.3342619509127616 0.00525462702109003 0.01007136845708942
0 0.46628390558066984 0.29178704915895 0.00821035472045331 0.010071368457089384
0 0.4209627475237677 0.2898165640260412 0.00689669796518082 0.008757711701816788
0 0.3999442394394073 0.3075509302222203 0.01083766823099829 0.013574453137816108
0 0.4638207991645338 0.25500466001131916 0.007225112153998836 0.007444054946544334
0 0.3986305826841347 0.18669450873714788 0.00689669796518082 0.010947139627271056
0 0.39468961241831707 0.19194913575823797 0.006239869587544575 0.007444054946544334
0 0.39255492019099925 0.19873636232714603 0.0052546270210901014 0.007006169361453409
0 0.396824304645635 0.20136367583769108 0.005911455398726418 0.007881940531635151
0 0.394361198229499 0.20639936006623572 0.007553526342817065 0.008319826116726041
0 0.5485516598796119 0.17618525469496768 0.006568283776362662 0.00831982611672597
0 0.5500295237292933 0.1707116848813321 0.007553526342816923 0.008757711701816823
0 0.5549557365615654 0.10962664576115966 0.008210354720453238 0.007444054946544334
0 0.5825425284222884 0.23967866453313974 0.00558304120990826 0.009195597286907678
0 0.5825425284222884 0.26244871495786354 0.006239869587544575 0.009195597286907678
0 0.7672755096324875 0.4818293930883754 0.007225112153998765 0.011822910797452693
0 0.751347421474808 0.5490448303998197 0.011494496608634535 0.013136567552725182
0 0.728522635351948 0.5518910867029101 0.005911455398726418 0.010947139627270985
0 0.7001148080191796 0.549701658777456 0.0062398695875444336 0.01007136845708935
0 0.7047126066626334 0.5529858006656373 0.006239869587544291 0.007881940531635151
0 0.6974874945086345 0.5740043087499977 0.009524011475725729 0.010509254042180203
0 0.5365645419877498 0.5168602398956428 0.005583041209908117 0.009195597286907784
0 0.5017526379730279 0.5243042948421871 0.00821035472045331 0.007444054946544298
0 0.5414907548200218 0.5162034115180065 0.00689669796518082 0.007881940531635222
0 0.6183396750034647 0.5597730272345453 0.006896697965180891 0.010947139627271056
0 0.6322972780282352 0.5422576038309116 0.004597798643453785 0.007444054946544298
0 0.7025779144353155 0.6473501442527138 0.009195597286907713 0.0126986819676344
0 0.7124303400998593 0.6466933158750774 0.009195597286907713 0.014012338722907032
0 0.6283563077624177 0.5685307389363622 0.00525462702109003 0.008319826116726006
0 0.6516737151685049 0.5626192835376358 0.004597798643453785 0.007881940531635151
0 0.654136821584641 0.5761937366754519 0.005583041209908117 0.007006169361453445
0 0.646911709430642 0.5831999060369054 0.00558304120990826 0.007881940531635151
0 0.6585704131336858 0.6394682037210785 0.006568283776362591 0.01007136845708935
0 0.5480590385963846 0.6445038879496232 0.007553526342817207 0.010509254042180274
0 0.554463115278338 0.6407818604763511 0.007225112153998907 0.011822910797452693
0 0.5334446071939776 0.6620193113532568 0.006568283776362662 0.007881940531635222
0 0.5424759973864763 0.6725285653954372 0.007553526342816994 0.008757711701816788
0 0.5482232456907936 0.6817241626823448 0.004597798643453785 0.007881940531635222
0 0.5498653166348842 0.6867598469108894 0.00525462702109003 0.006568283776362591
0 0.5232637673406156 0.6850083045705262 0.004597798643453785 0.008319826116726148
0 0.511769270731981 0.6655223960339837 0.004597798643453714 0.007881940531635222
0 0.5252342524735244 0.6550131419918034 0.0059114553987262754 0.007881940531635222
0 0.5654649906037456 0.7778400486097845 0.00821035472045331 0.01620176664836123
0 0.4546252018776261 0.7633898243017867 0.006568283776362591 0.010947139627271127
0 0.44198125560812795 0.7399629454994266 0.010180839853362116 0.01138502521236191
0 0.33803816484718946 0.6738422221507097 0.007225112153998907 0.00875771170181693
0 0.30552516015419434 0.659391997842712 0.007881940531635117 0.010509254042180203
0 0.3042115033989219 0.6747179933208913 0.007225112153998978 0.010509254042180203
