0 0.34690030813217165 0.6993250846862793 0.008802199363708496 0.0120480219523112
0 0.358679735660553 0.2196759303410848 0.009019064903259277 0.01288599967956543
0 0.48395049571990967 0.3855102856953939 0.008906316757202149 0.01266632080078125
0 0.3309176445007324 0.4051625728607178 0.010082387924194336 0.01326608657836914
0 0.5541465759277343 0.4540309111277263 0.00912160873413086 0.011835575103759766
0 0.3171894550323487 0.5256560484568278 0.008919191360473634 0.013155142466227211
0 0.5034736156463623 0.4848400910695394 0.008198356628417969 0.012016391754150391
0 0.2571465492248535 0.34843955039978025 0.009976005554199219 0.011999416351318359
0 0.7049310445785523 0.5764568010965984 0.008753728866577149 0.011872927347819008
0 0.6605088949203491 0.1995567003885905 0.009003114700317384 0.011591084798177083
0 0.36490280628204347 0.5674881935119629 0.009025859832763671 0.011735852559407551
0 0.3632750272750854 0.30599377950032547 0.00864720344543457 0.011248842875162762
0 0.5077026605606079 0.7271439870198567 0.00894474983215332 0.012399673461914062
0 0.7616877079010009 0.3733281135559081 0.009108638763427735 0.011533864339192708
0 0.3411178827285767 0.460668675104777 0.00896468162536621 0.01200431187947591
0 0.567006254196167 0.26011793613433837 0.009075164794921875 0.012091175715128582
0 0.6409043073654175 0.7528066635131836 0.007766199111938476 0.01111437479654948
0 0.34315465688705443 0.19327046076456708 0.00838782787322998 0.011807664235432941
0 0.443683123588562 0.6706273714701335 0.009435129165649415 0.011418469746907552
0 0.2523471236228943 0.4713534037272135 0.008588290214538575 0.01122697194417318
0 0.3694161891937256 0.4660688718159994 0.009479665756225586 0.011720085144042968
0 0.32319378628181733 0.3272718281976772 0.008395934104919435 0.011952781677246093
0 0.3932363748550415 0.15745360056559243 0.00839247703552246 0.009836037953694662
0 0.7177052021026611 0.4530779361724854 0.007972145080566406 0.010120805104573567
0 0.588740587234497 0.3936119079589844 0.007079696655273438 0.01003888448079427
0 0.6523670434951783 0.15553219318389894 0.008662748336791991 0.012455383936564125
0 0.3714271426200867 0.4844134171803793 0.009176325798034669 0.011513423919677735
0 0.4307079315185547 0.7313755035400391 0.00825967788696289 0.011003875732421875
0 0.7640664100646972 0.45291239420572915 0.00870046615600586 0.011121114095052086
0 0.37270580530166625 0.6401428540547688 0.006997513771057129 0.010052426656087238
0 0.27481284141540524 0.5293646812438966 0.008442974090576172 0.011520957946777344
0 0.42719480991363523 0.7647635459899901 0.009482908248901366 0.012813631693522136
0 0.2946128845214844 0.35073672930399574 0.009589099884033203 0.013419564565022786
0 0.44144558906555176 0.5325241406758626 0.008126163482666015 0.011270205179850258
0 0.36874219179153445 0.3628465493520101 0.009195256233215331 0.012606588999430339
0 0.6278641939163208 0.3613475640614827 0.009521913528442384 0.012374019622802735
0 0.5477705240249634 0.23009510040283204 0.009080934524536132 0.011222743988037109
0 0.42105300426483155 0.3110596179962158 0.009397554397583007 0.012136999766031902
0 0.6085772037506103 0.4102943261464436 0.007720661163330078 0.011426957448323567
0 0.6370896816253663 0.5673792203267416 0.008965778350830077 0.012071037292480468
0 0.6623382568359375 0.6373069763183593 0.008819293975830079 0.012055587768554688
0 0.5851591825485228 0.7458445231119792 0.008924341201782227 0.011752446492513023
0 0.4104254484176636 0.3945303440093994 0.007074689865112305 0.009453932444254557
0 0.41799240112304686 0.20972512563069665 0.008490657806396485 0.010663922627766926
0 0.4801872968673706 0.7737460454305013 0.008454465866088867 0.01109619140625
0 0.4734628915786743 0.3563055356343587 0.010058927536010741 0.01283734639485677
0 0.4471771931836069 0.6356044379337533 0.007524347305297852 0.009919293721516927
0 0.5295515537261963 0.3940840244293213 0.008290767669677734 0.010107135772705078
0 0.6576336145401 0.3979079087575277 0.010043954849243164 0.012174638112386067
0 0.4024085283279419 0.17159019311269122 0.008747529983520509 0.011718130111694336
0 0.5885396718978881 0.5814355850219727 0.008756303787231445 0.010879007975260417
0 0.4520608901977539 0.7667533874511718 0.008529376983642579 0.01265843709309896
0 0.6172565937042236 0.2719324350357056 0.007049274444580078 0.010792875289916992
0 0.23922966718673705 0.3610333283742269 0.00882890224456787 0.011375713348388671
0 0.4534932229428072 0.1960228270310505 0.006212711334228516 0.00857388178507487
0 0.7591398904694576 0.5598689367517218 0.009741793191071373 0.013226320761312759
0 0.4630753993988037 0.7473682403564453 0.010304069519042969 0.013362630208333332
0 0.486290717124939 0.5543629328409831 0.006503629684448242 0.008855565388997396
0 0.6729317903518677 0.5972883542378743 0.008289480209350586 0.011714998881022136
0 0.3081255555152893 0.17165253162384034 0.007514595985412598 0.00928034782409668
0 0.5657938480377197 0.498702335357666 0.009156608581542968 0.012313079833984376
0 0.7516532897949219 0.3227015654246012 0.007728862762451172 0.008940855662027994
0 0.3321413040161133 0.6087205251057943 0.009307289123535156 0.012156422932942708
0 0.3252112439404279 0.6191037286046793 0.006159408145755166 0.007870354852909428
0 0.3266227749738301 0.6293694088476046 0.013602026321875975 0.01539852036438795
0 0.3073746245183452 0.709612809413137 0.008982470212559547 0.012318816291510331
0 0.35421179062669167 0.7219316257046472 0.008725828206486526 0.010950058925786977
0 0.34651253044449776 0.7209050576803548 0.006159408145755166 0.010265680242925299
0 0.4138810570386947 0.7462270689462369 0.010009038236852135 0.013003194974372008
0 0.42504498430287596 0.8040570676480493 0.007699260182193939 0.00889692287720166
0 0.5397639610175657 0.7207339630096393 0.012318816291510331 0.011976626950079491
0 0.5971234493749107 0.7215894363632164 0.00898247021255976 0.010950058925786835
0 0.6089289816542747 0.7145745548638841 0.011035606261144651 0.01266100563294117
0 0.6116237227180426 0.7280910338504023 0.009752396230779042 0.009581301560063623
0 0.5977650543900935 0.7609412106277634 0.00975239623077897 0.009581301560063623
0 0.5917339672473748 0.7801038137478904 0.00641605015182833 0.008896922877201945
0 0.5982783384022398 0.783183517820768 0.005646124133608836 0.011634437608648653
0 0.6103405126876769 0.7547818024820083 0.007699260182193797 0.010950058925786977
0 0.6108537966998232 0.742976270202644 0.0061594081457550945 0.00718597617004761
0 0.6104688336907135 0.7477669209826757 0.012062174285437094 0.008554733535770964
0 0.6508899496472315 0.7477669209826758 0.007699260182193939 0.010607869584356137
0 0.6531997277018898 0.7595724532620399 0.008212544194340126 0.010265680242925157
0 0.6668017540237657 0.7455426902633754 0.007699260182193939 0.008896922877202087
0 0.6389560963648311 0.4449293538163806 0.008469186200413361 0.00992349090149439
0 0.6875897565156893 0.41259246105116615 0.00923911221863264 0.013003194974371936
0 0.7493121589762776 0.43449257890274007 0.006929334163974659 0.011634437608648653
0 0.7355818116513652 0.41481669177046654 0.008212544194340268 0.009239112218632712
0 0.6866915094944335 0.347918675520737 0.008469186200413361 0.011634437608648653
0 0.6683416060602048 0.3398772259971123 0.00718597617004761 0.011292248267217815
0 0.65281476469278 0.3598953024708165 0.004876198115389485 0.0061594081457550945
0 0.6816869903760073 0.23739151823857507 0.007699260182193939 0.013003194974372008
0 0.6859215834762142 0.22917897404423485 0.00641605015182833 0.01368757365723365
0 0.6145751057878834 0.1537262242587342 0.007442618176120774 0.010607869584356102
0 0.4635412852138457 0.08118208387539572 0.010265680242925299 0.008554733535771053
0 0.4920285478879633 0.09144776411832098 0.007185976170047681 0.012661005632941152
0 0.5056305742098393 0.09640950956906817 0.005646124133608836 0.00889692287720191
0 0.40682340187168364 0.11351897664061025 0.009752396230779042 0.010265680242925264
0 0.40605347585346424 0.12874640233428272 0.006159408145755166 0.011292248267217761
0 0.3898850294708569 0.14363163868652434 0.005646124133608836 0.0116344376086486
0 0.45866508709845616 0.18948501043825722 0.007185976170047681 0.008896922877201873
0 0.4453197027826534 0.21942657781345587 0.008725828206486454 0.00855473353577107
0 0.5161528964588378 0.22849459536137318 0.007185976170047823 0.008896922877201873
0 0.4992145240580109 0.2859824047217546 0.007185976170047681 0.01095005892578694
0 0.5099934883130826 0.2847847420267467 0.005646124133608836 0.006501597487185968
0 0.5174361064892034 0.2892332034653476 0.0056461241336089076 0.007185976170047681
0 0.5510562092847835 0.282902700648877 0.006159408145755236 0.008212544194340232
0 0.4722671134203321 0.40318225416181797 0.008725828206486383 0.009239112218632783
0 0.5493880362453082 0.3812821363102441 0.006416050151828472 0.008554733535771035
0 0.5528527033272954 0.39000796451673053 0.0061594081457550945 0.008896922877201945
0 0.5561890494062461 0.3930876685896081 0.006159408145755307 0.007528165511478519
0 0.48330271968147687 0.5032726365303393 0.008212544194340197 0.011634437608648655
0 0.4296645404121924 0.4889006841902439 0.007185976170047681 0.010265680242925299
0 0.4177306871297917 0.44270512309708027 0.00641605015182833 0.010950058925786906
0 0.3503621605355947 0.534069677259115 0.005646124133608979 0.006843786828616772
0 0.2985116871936008 0.3876688554771242 0.009937178475151676 0.012421473093939569
0 0.3592256601073654 0.34039851394767495 0.00829121432092009 0.00719857367397708
0 0.36009334532699655 0.33564231348451146 0.0077127575078326065 0.007969849424760369
0 0.3358753502669602 0.24575924345730307 0.007465949267581991 0.012132167559820743
0 0.3387917366996095 0.3047091345492527 0.005366151036074669 0.008710274145512358
0 0.5477823088527268 0.48090209196270534 0.009099125669865628 0.01337649243775111
0 0.323710632132303 0.695761365147119 0.010009038236852206 0.01197662695007935
0 0.33448959638737447 0.7381928434845432 0.011035606261144651 0.011292248267217957
0 0.346166807663702 0.745378819654591 0.008725828206486454 0.010607869584355995
0 0.7109891444023695 0.42428164862098344 0.008502085318821174 0.011336113758428468
