0 0.6146217346191406 0.2695484726517288 0.009288957383897569 0.012216327808521412
0 0.46681825849745 0.4665358508074725 0.008645926581488715 0.012017511438440393
0 0.2755626572502984 0.45662754200122974 0.00918034447564019 0.012700398763020836
0 0.38202834659152557 0.5159604673032407 0.006876924302842881 0.00895125777633102
0 0.4840890672471788 0.309643300374349 0.008213382297092014 0.011569383409288194
0 0.31687706841362845 0.3830140573007089 0.008449427286783854 0.011013454861111112
0 0.45697839525010847 0.3540219342267072 0.007186041937934028 0.010494373462818287
0 0.3572978761461046 0.4166231791178385 0.00788256327311198 0.01107703314887153
0 0.598475964864095 0.84214929651331 0.009056642320421008 0.012876157407407407
0 0.3402610884772407 0.3789825439453125 0.008871438768174913 0.012086260760271993
0 0.3425068537394205 0.4347371984411169 0.008756934271918402 0.011775998716001157
0 0.31195191277398004 0.5193829289189091 0.00899505615234375 0.011144849989149306
0 0.3187382592095269 0.5427746525517216 0.00728268093532986 0.00952334933810764
0 0.7662450578477648 0.48424343532986114 0.009512413872612847 0.011899707935474537
0 0.2905739890204536 0.38591745164659286 0.008632787068684896 0.012312514693648725
0 0.38264808654785154 0.2588838082772714 0.00743526882595486 0.009957320601851852
0 0.27300662994384767 0.6403286404079861 0.007566240098741319 0.01029120551215278
0 0.5606463962131076 0.27162102593315973 0.007911173502604167 0.009781674985532408
0 0.32467685275607644 0.45219655919958046 0.009579552544487847 0.012624104817708336
0 0.5156212488810222 0.4055691754376447 0.007470575968424479 0.009782183611834491
0 0.5846096038818359 0.7206220838758681 0.009738328721788194 0.012791612413194445
0 0.3647151523166233 0.2929638191505715 0.00759124755859375 0.010291685881438079
0 0.6117954678005642 0.5033758657949942 0.010116322835286457 0.012814557110821759
0 0.3351820309956868 0.7140224880642362 0.007972441779242622 0.009986933955439814
0 0.6930358039008246 0.730732105396412 0.009616682264539931 0.011823979130497686
0 0.7463562435574002 0.4601089901394314 0.008547210693359375 0.011859102602358219
0 0.5551403681437175 0.5037257724338108 0.01005880567762587 0.012747474952980325
0 0.2739702966478136 0.43077542340313946 0.008841980828179254 0.012526731137876158
0 0.2845200008816189 0.34157055042408124 0.008800294664171007 0.011736975775824655
0 0.44706096649169924 0.9018136201081453 0.007904603746202258 0.011745481137876157
0 0.30641723208957244 0.5797496654369213 0.009313371446397569 0.012947139033564814
0 0.7554329342312284 0.45297522368254484 0.008654869927300347 0.011487240261501736
0 0.7086410310533311 0.582769775390625 0.007258987426757813 0.00881991916232639
0 0.5197946336534288 0.18509477685998987 0.008745066324869792 0.011749408863208912
0 0.30991333855523 0.35396169026692703 0.007644102308485243 0.010414858217592592
0 0.711786757575141 0.6136144002278646 0.008563868204752604 0.011138916015625
0 0.7753891838921441 0.44513634575737837 0.00763278537326389 0.010524608470775463
0 0.7537491757547303 0.5229153494811655 0.009229024251302084 0.013752577039930556
0 0.5996209250556098 0.7753695735224971 0.008493762546115452 0.011499871148003472
0 0.5285283830430773 0.7761186670373987 0.009430016411675348 0.011931073224103007
0 0.6464511447482638 0.6764483699092158 0.008595191107855903 0.011645112214265046
0 0.7234595828586154 0.7148502208568432 0.009292856852213541 0.012248116952401623
0 0.675656467013889 0.26291704531069154 0.008239491780598959 0.010544501410590278
0 0.23486510382758247 0.46832381354437935 0.007975684271918403 0.011088533754701969
0 0.4557940589057074 0.3318085281937211 0.007937537299262153 0.01168670654296875
0 0.24387425316704645 0.5826964766890914 0.008722305297851562 0.011446917498553241
0 0.4402897728814019 0.34812534473560475 0.007873619927300348 0.009760256166811343
0 0.5751008987426758 0.6126212508590133 0.008671527438693576 0.011490828902633102
0 0.6721732245551216 0.49475758870442704 0.007615831163194444 0.009799081307870371
0 0.3940867529975043 0.5718349032931858 0.008241187201605903 0.010851429126880786
0 0.70564579433865 0.2989259431888097 0.009160359700520834 0.011039253517433449
0 0.3870994144015842 0.38041890462239586 0.008435567220052084 0.011864951804832175
0 0.39608374701605903 0.5061454207808883 0.008172607421875 0.010904213234230324
0 0.3532989713880751 0.31318932992440685 0.00882733662923177 0.01088149459273727
0 0.509539794921875 0.43905684859664357 0.008135562472873264 0.011050754123263888
0 0.5745362175835504 0.2762024914776837 0.009442986382378473 0.011311199046947338
0 0.5914104182928798 0.3564099300052655 0.006835810343424478 0.010319575557002313
0 0.42447590298122834 0.7462784661187065 0.00946104261610243 0.013186023853443286
0 0.3951945622762045 0.7659096046730325 0.007512707180447048 0.009874471028645833
0 0.737085978190104 0.7254654495804398 0.00775485568576389 0.009416368272569444
0 0.5501890394422744 0.3862952479609737 0.007458580864800347 0.010745776141131364
0 0.4454804473041811 0.3367428647385535 0.006662045903898957 0.010856667398946484
0 0.4395586287229375 0.2849269521526725 0.009129470312750456 0.013159596847207916
0 0.4554735161600295 0.25696280885235573 0.005921818581243628 0.009211717793045509
0 0.4609018498595028 0.25696280885235573 0.007895758108324743 0.009211717793045509
0 0.4720052596993344 0.23623644381800332 0.007895758108324671 0.009869697635405891
0 0.45004518246055625 0.19626416839460945 0.007895758108324671 0.008882727871865335
0 0.5277690513393778 0.23705891862095385 0.009869697635405857 0.011514647241306868
0 0.5429437114538144 0.20317295673939356 0.007649015667439585 0.01283060692602767
0 0.6146223905309497 0.25268593987701315 0.009869697635405999 0.011185657320126694
0 0.5856301537269449 0.3079562466352862 0.010116440076291084 0.011185657320126729
0 0.6337449296995488 0.30236341797522287 0.008635985430980214 0.009869697635405891
0 0.6164729588375883 0.29956700364519123 0.010116440076291013 0.01085666739894652
0 0.6768014856340069 0.3531923607975634 0.01431106157133854 0.010198687556586065
0 0.7289875118812157 0.4013893842504622 0.011596894721601813 0.01315959684720788
0 0.5880975781357963 0.35138291623107226 0.009129470312750385 0.010527677477766275
0 0.6411472029261032 0.4403746899103155 0.0071555307856693414 0.010856667398946484
0 0.6322644750542384 0.4431711042403476 0.008635985430981418 0.009211717793045571
0 0.5909649156989201 0.4501912752763151 0.008991543698969408 0.01057828670466975
0 0.7581018456327027 0.5817146399710428 0.010049372369436326 0.01692525872747176
0 0.7723825326840068 0.5714889628231953 0.010049372369436184 0.01339916315924853
0 0.721077842166358 0.57219418193684 0.010049372369436326 0.016220039613826957
0 0.7279537285243939 0.5030827087996641 0.007933715028502349 0.01057828670466975
0 0.721911935833716 0.5362132130161626 0.007402273226554428 0.015552250819427443
0 0.7126030164730491 0.5357645903963715 0.007177961916658973 0.01106602462151578
0 0.6296078318116812 0.5662709285421715 0.00807520715624115 0.011664188114570706
0 0.6189530445916408 0.5288857102262401 0.007850895846345622 0.01106602462151578
0 0.7363800153219816 0.6423872330334081 0.009869697635405857 0.011963269861098098
0 0.7317816334691218 0.6441817235125725 0.007850895846345764 0.012561433354153025
0 0.774849404969075 0.6826137279413501 0.009196763705719207 0.014056842086790198
0 0.7108085259938843 0.7706933022936849 0.010766942874988245 0.015552250819427372
0 0.7237064263128806 0.7787685094499261 0.007850895846345764 0.011963269861098098
0 0.6287105865720989 0.7464676808249613 0.010766942874988387 0.012561433354153025
0 0.6753673390303814 0.7691978935610476 0.009869697635405857 0.011963269861098098
0 0.6676285988389836 0.8070317344967701 0.010094008945301595 0.017047659552064828
0 0.7054250545563903 0.8133124511738467 0.009869697635405999 0.01405684208679034
0 0.6269160960929343 0.7938721376495619 0.008523829776032414 0.01405684208679034
0 0.622654181204918 0.7920776471703974 0.008972452395823538 0.01226235160762556
0 0.5128537950110273 0.8744746683387105 0.008748141085927941 0.01136510636804303
0 0.5204803795474774 0.8387343996286799 0.010094008945301453 0.010467861128460782
0 0.48829223013632034 0.799274321961694 0.010049372369436397 0.014104382272893047
0 0.2590078658126027 0.7090062754151785 0.012693944045603764 0.014104382272893047
0 0.29711789320319915 0.6700150783222534 0.008658192250659837 0.011146178529584888
0 0.29532654308237305 0.665039105764403 0.011046659078428113 0.011544256334213259
0 0.37922144040773204 0.727537321091005 0.011643775785370068 0.011544256334213259
0 0.42803573120024524 0.6580727441834122 0.011345217431899002 0.019107734622145784
0 0.5008839694471763 0.6628496778389487 0.006568283776362591 0.011942334138841063
0 0.492375056373252 0.6519025382116778 0.008658192250659837 0.009155789506445017
0 0.49610703579163984 0.6130899522604438 0.008359633897188913 0.0111461785295851
0 0.5064072989863904 0.602739929340115 0.008061075543717777 0.008757711701816788
0 0.5997067844460868 0.6600631332065524 0.009553867311072892 0.015126956575865335
0 0.3886260285420694 0.5273041853631016 0.010748100724957084 0.012340411943469078
0 0.4156455595311976 0.5273041853631016 0.009255308957601897 0.013136567552725253
0 0.43311122320925277 0.5261099519492176 0.008359633897188842 0.010748100724957084
0 0.4383359943949958 0.4640098144272436 0.008061075543717848 0.010748100724957013
0 0.5153640495905212 0.5438244142551651 0.008061075543717848 0.00875771170181686
0 0.5165582830044052 0.5386494027950007 0.007463958836775646 0.009553867311072892
0 0.5168568413578762 0.5488003868130157 0.008061075543717705 0.007563478287932739
0 0.45324345432094076 0.3848141037158861 0.008156774905294172 0.014336149833547297
0 0.46084408548269207 0.3727025288565099 0.007786012409598939 0.009392649890944753
0 0.46510785418318684 0.38852172867283796 0.009269062392379653 0.012358749856506179
0 0.4814214039937751 0.39371240361257065 0.006302962426818226 0.01186439986224606
0 0.4747476790712618 0.39358881611400565 0.00667372492251327 0.007662424911033835
0 0.476879563421509 0.3871622661886223 0.007229868666056163 0.009145474893814622
0 0.5055209662139624 0.3651636914440411 0.0077860124095991525 0.011122874870855597
0 0.49829109754790624 0.34600762916645633 0.00741524991390385 0.009392649890944753
0 0.6221710089544861 0.3130251228704338 0.008670134584798674 0.012523527733597994
