0 0.30763714313507085 0.627239163716634 0.008332777023315429 0.011116536458333333
0 0.3477426409721375 0.5079188346862794 0.00815117359161377 0.011642837524414062
0 0.3764160513877869 0.7134397188822428 0.008827853202819824 0.011514727274576824
0 0.5860982418060303 0.13204594055811567 0.008958148956298827 0.01187132994333903
0 0.34508689641952517 0.23896546363830568 0.009546780586242675 0.012103525797526042
0 0.48494830131530764 0.3842046101888021 0.008657169342041016 0.011759630839029948
0 0.43672611713409426 0.5584355990091959 0.009720563888549805 0.013383038838704427
0 0.3193751335144043 0.3445525328318278 0.009673786163330079 0.013131237030029297
0 0.3911771059036255 0.6183487892150878 0.008463191986083984 0.011333910624186198
0 0.5068661212921143 0.545279598236084 0.00902862548828125 0.0124881108601888
0 0.6409741640090942 0.6632078488667807 0.009638452529907226 0.01214898427327474
0 0.3842418074607849 0.5821239153544108 0.0067054033279418945 0.008178265889485677
0 0.5137087106704712 0.6647068659464517 0.008317518234252929 0.01055908203125
0 0.5307555198669434 0.12674432595570884 0.009016036987304688 0.011845366160074871
0 0.47573370933532716 0.21128420829772948 0.010150909423828125 0.013188902537027996
0 0.4008818745613098 0.591702397664388 0.007741808891296387 0.01010907491048177
0 0.7047973871231079 0.4397918224334717 0.009190607070922851 0.01243441899617513
0 0.60864737033844 0.4727895100911458 0.009206247329711915 0.011173756917317708
0 0.4470935344696045 0.4084343115488688 0.0076848030090332035 0.010487588246663411
0 0.6547356843948364 0.3810116291046143 0.008349943161010741 0.011961078643798828
0 0.3744318962097168 0.6753096262613932 0.007636880874633789 0.009715779622395834
0 0.4663818359375 0.7599619865417481 0.008921432495117187 0.012364641825358074
0 0.3859717011451721 0.4665865898132324 0.006657910346984863 0.008999379475911458
0 0.46687633991241456 0.6049933433532714 0.00715184211730957 0.009750938415527344
0 0.5868345022201539 0.1663503964742025 0.008806276321411132 0.012929058074951172
0 0.4914068698883057 0.325316333770752 0.009652328491210938 0.01200726826985677
0 0.31800234317779535 0.4542417049407959 0.008374977111816406 0.010119215647379559
0 0.4701838970184326 0.43212145169576005 0.00802469253540039 0.011104234059651693
0 0.36887913942337036 0.5258748849232991 0.009180569648742675 0.012410195668538411
0 0.6367594242095947 0.4961124897003174 0.008201885223388671 0.011298847198486329
0 0.5341058015823363 0.20846166610717773 0.006952905654907226 0.00940996805826823
0 0.5500183343887328 0.6953882217407227 0.007830286026000976 0.010686747233072917
0 0.7492695569992065 0.4881934642791748 0.009155702590942384 0.011482143402099609
0 0.68724045753479 0.7390546480814615 0.009827518463134765 0.012216250101725258
0 0.3905852556228638 0.239906899134318 0.00871868133544922 0.011942259470621745
0 0.37379108667373656 0.2169775247573853 0.009102940559387207 0.012838061650594075
0 0.2510465383529663 0.4365248521169026 0.009582948684692384 0.011425813039143883
0 0.4955389738082886 0.6250549952189127 0.00864863395690918 0.011662673950195313
0 0.5974075794219971 0.7310168266296386 0.008415508270263671 0.010474077860514323
0 0.5535003423690796 0.6536884943644207 0.007605123519897461 0.009914779663085937
0 0.5980650663375855 0.6679559389750164 0.008915090560913086 0.011646970113118488
0 0.5780545234680176 0.7667699178059897 0.007639789581298828 0.010508092244466145
0 0.3588164925575256 0.4018948396046956 0.008557915687561035 0.011931324005126953
0 0.5534116744995118 0.829655679066976 0.008126068115234374 0.011495145161946614
0 0.293897533416748 0.2936675866444906 0.007197952270507813 0.009893449147542317
0 0.45505509376525877 0.27354553540547694 0.008624744415283204 0.011872577667236327
0 0.4390370756439453 0.13061688987304318 0.008168840408325195 0.011089277267456055
0 0.5110386848449707 0.2855803489685058 0.00766286849975586 0.009344355265299479
0 0.7449720859527588 0.44466710090637207 0.00789785385131836 0.010468451182047527
0 0.6509364873979209 0.26465655570995844 0.00783400535583496 0.010612297058105468
0 0.28504308462142947 0.5505394299825032 0.00775916576385498 0.011459922790527344
0 0.6497373342514038 0.2497281630833944 0.007877206802368164 0.011429580052693684
0 0.6094429774981268 0.19448261065171177 0.007439517974853515 0.009550205866495768
0 0.6650160259711124 0.43863784867203764 0.010359859466552735 0.01406564712524414
0 0.42422597408294677 0.43207406997680664 0.008717584609985351 0.011321830749511718
0 0.4807345151901245 0.6510382652282715 0.009331941604614258 0.010736783345540367
0 0.6197591166290422 0.41641258936362496 0.008527421951293945 0.011567306518554688
0 0.3657772660255432 0.3538760344187418 0.008581233024597169 0.010759258270263672
0 0.6301868359990169 0.34493265792576233 0.008362817764282226 0.010044320424397785
0 0.697810959815979 0.24083766142527263 0.008944177627563476 0.013397773106892906
0 0.632386054964515 0.46371423624919134 0.006539106369018555 0.00899807612101237
0 0.459395432472229 0.8318898518880208 0.008166170120239258 0.011180877685546875
0 0.4534827195215449 0.11266577243804932 0.009794998168945312 0.013828372955322266
0 0.26554173756202243 0.5260771106754055 0.00881511743400864 0.015924083106596213
0 0.24464137848461487 0.5010535515078972 0.012511779583754148 0.012132634747882847
0 0.3433138220201307 0.44740455723210265 0.009099476060912152 0.01327006925549682
0 0.38881120232469146 0.49991611700028316 0.00853075880710513 0.012890924419625591
0 0.3761572434274855 0.5761242290104223 0.007677682926394667 0.009857765732654898
0 0.23824330937928603 0.38977454217965923 0.00881511743400864 0.015544938270724912
0 0.2444991991711631 0.37745233501384073 0.007108965672587608 0.011374345076140173
0 0.4435502380036161 0.3501539068311043 0.009952551941622687 0.00834118638916948
0 0.3649250776647971 0.2870262916585264 0.005118455284263064 0.007962041553298178
0 0.36179713276885855 0.28039125703077794 0.00625588979187711 0.009099476060912081
0 0.3495697118120079 0.1888277791678496 0.0073933242994911556 0.014028358927239531
0 0.44283934143635734 0.12475230190559333 0.003981020776649089 0.010236910568526145
0 0.44852651397442744 0.1095865084707398 0.004549738030456041 0.00872033122504078
0 0.4472469001533616 0.11508410859087422 0.0054028139111665045 0.00758289671742677
0 0.43629909301757663 0.17915958585313047 0.00853075880710513 0.015924083106596286
0 0.5753504615733902 0.2280692696805332 0.0073933242994911556 0.01289092441962552
0 0.580042378917298 0.2185906487837497 0.007677682926394667 0.01289092441962552
0 0.5545922818094344 0.1194442742033946 0.009099476060912081 0.010995200240268836
0 0.557151509451566 0.12588973641320736 0.006255889791877181 0.01175348991201151
0 0.6326487248944465 0.1522403025062654 0.009952551941622687 0.009099476060912081
0 0.6377671801787095 0.14712184722200233 0.009383834687815736 0.01175348991201151
0 0.6595206151368275 0.30219208509337997 0.00625588979187711 0.008720331225040815
0 0.6013939667086653 0.17781660134809069 0.0058481681352193955 0.009335104065608349
0 0.6078187148008781 0.1833627514105992 0.005189219612941045 0.005710887193078058
0 0.6064184491910369 0.1869869682831295 0.005353956743510722 0.006369835715356303
0 0.6026706794705794 0.1886892519656816 0.0051068510476564195 0.007358258498773651
0 0.591427370309207 0.19000714901023813 0.0051892196129411875 0.007138608991347546
0 0.5828610395195899 0.19709084562472917 0.004695008221232442 0.005930536700504128
0 0.5762715542968075 0.20126418626582462 0.005024482482371652 0.0061501862079301976
0 0.5797310340387682 0.20686524870518969 0.005518693874080327 0.007028784237634511
0 0.600921784789742 0.19917808703399614 0.006632769903839559 0.008682898783208125
0 0.6732344090879384 0.22316613246620598 0.006204188223349263 0.008272250964465577
0 0.6767242649635725 0.22437250239852388 0.00542866469543057 0.008616928087984982
0 0.7373443540625466 0.2777974565440307 0.006721203908628297 0.012753053570217786
0 0.6534585591260129 0.4330745006895199 0.010081805862942304 0.010340313705582034
0 0.6462203395321054 0.3519030381007015 0.006979711751267672 0.008616928087985016
0 0.6273234162351543 0.46358876643469243 0.005630300812689484 0.009175305028086455
0 0.6728350144710602 0.4909061518592223 0.0059430953022834385 0.010426482986461778
0 0.6811240684452975 0.49257438913705626 0.006881478771064593 0.008758245708627897
0 0.6898823141539253 0.4890293849216592 0.006255889791876967 0.00834118638916948
0 0.6964509984353962 0.4902805628800347 0.006881478771064878 0.009175305028086455
0 0.6989533543521469 0.4827734951297822 0.006881478771064878 0.00834118638916948
0 0.7094319697535412 0.4815223171714068 0.005317506323095671 0.01000942366700336
0 0.7102139559775259 0.4865270290049085 0.00625588979187711 0.0075070677502525026
0 0.7393038435097543 0.5119676474918752 0.0075070677502525026 0.01251177958375422
0 0.7651093889012472 0.44899169025364594 0.00719427326065869 0.009175305028086455
0 0.7652657861460443 0.45378787242741836 0.005004711833501716 0.008758245708627967
0 0.7733984428754845 0.45420493174687676 0.006881478771064878 0.010426482986461778
0 0.7812183051153309 0.47234701214332037 0.006881478771064878 0.009175305028086455
0 0.7724600594067027 0.4604608215387539 0.006881478771064878 0.007090008430794015
0 0.544276479247986 0.40144692783538005 0.008445451219033942 0.010843542305920337
0 0.5449020682271737 0.4166695929956143 0.005317506323095529 0.007090008430794086
0 0.548342807612706 0.42459372006532525 0.00719427326065869 0.00792412706971092
0 0.570238421884276 0.5351144397218205 0.009071040198221851 0.01042648298646192
0 0.6212239236880741 0.5695218335771446 0.009696629177409549 0.012511779583754148
0 0.6539109478506319 0.6335404391140201 0.008132656729440128 0.008758245708627967
0 0.7274176529051879 0.68275343881012 0.008132656729439986 0.008758245708628038
0 0.5226936594660099 0.7448952774094323 0.008445451219034084 0.008758245708627897
0 0.5366130142529365 0.79473386608472 0.010009423667003147 0.01000942366700329
0 0.5417741233312351 0.8132930058006218 0.010322218156597174 0.010426482986461707
0 0.4879734711210921 0.6591895872607162 0.006568684281470922 0.009175305028086455
0 0.4915706077514214 0.6602322355593623 0.004379122854313949 0.009592364347544872
0 0.3049886947086871 0.7152840657278807 0.0065686842814708865 0.007924127069711205
0 0.2979508186928254 0.71278170981113 0.0068814787710648065 0.010426482986461849
0 0.3527043235691606 0.6585997511597214 0.006687586184036433 0.007893544348371079
0 0.3587341143908329 0.6610116674883904 0.006249055942460444 0.007747367601178894
0 0.35659627946314915 0.6659816768929201 0.006358688502854406 0.007747367601179036
0 0.3512242840038411 0.6727058072637548 0.008551339710735207 0.008916781578715529
0 0.3631742330867916 0.668101239727205 0.005920158261278203 0.006724130370834587
0 0.3700810843916163 0.6664932955080924 0.006577953623642472 0.007308837359602762
0 0.49295451592157585 0.6499493217840674 0.008113083489448912 0.009834040593271283
0 0.4501005693565931 0.6485048028291105 0.00825777452527781 0.007340244022469165
