0 0.7078997135162354 0.29609020551045734 0.008855438232421875 0.011405658721923829
0 0.6512921571731567 0.271155842145284 0.007969903945922851 0.010526450475056966
0 0.5785172939300537 0.6277411778767904 0.008156013488769532 0.01086896260579427
0 0.27685236930847174 0.27971243858337397 0.010063362121582032 0.012703291575113932
0 0.5076277017593384 0.43014365832010903 0.008527803421020507 0.011603069305419923
0 0.6179495096206665 0.19639591375986737 0.008466768264770507 0.011150979995727539
0 0.46158931255340574 0.7565664291381836 0.009259843826293945 0.011846288045247394
0 0.5040430068969727 0.5061141967773437 0.007451057434082031 0.010600344340006512
0 0.5152183055877686 0.5692208290100098 0.010476970672607422 0.014010429382324219
0 0.35020099878311156 0.7259700457255046 0.008564972877502441 0.011046791076660156
0 0.43882629871368406 0.26893793741861977 0.008985280990600586 0.010962486267089844
0 0.6186938524246216 0.5134733676910401 0.009105253219604491 0.012949911753336589
0 0.4110713481903076 0.4911128362019857 0.007737636566162109 0.009937540690104166
0 0.3083480477333069 0.22199248472849528 0.008679413795471191 0.011506636937459312
0 0.3265139102935791 0.6811007181803386 0.007076263427734375 0.010352198282877605
0 0.3364441514015198 0.6747374216715494 0.007905888557434081 0.011039225260416667
0 0.3681926727294922 0.47851037979125977 0.007762622833251953 0.010022290547688802
0 0.3315515756607056 0.4569276809692382 0.008850812911987305 0.012021191914876302
0 0.6904269933700562 0.4667962551116943 0.008746671676635741 0.011658573150634765
0 0.3582733319687164 0.7528724323518375 0.006535696983337402 0.008812777201334636
0 0.6619269609451294 0.4418210665384929 0.00877242088317871 0.011657333374023438
0 0.31607937812805176 0.3193355560302734 0.00974287986755371 0.011747423807779949
0 0.44516639709472655 0.4295226573944092 0.009771442413330078 0.012072722117106117
0 0.45560805797576903 0.6031614621480306 0.008285951614379884 0.009909248352050782
0 0.32677158117294314 0.5509177207946777 0.008892273902893067 0.011926587422688801
0 0.566774582862854 0.3841541290283203 0.009173059463500976 0.012343025207519532
0 0.24633008241653442 0.484619140625 0.009207844734191895 0.011428070068359376
0 0.6810500383377075 0.32780677477518716 0.009720373153686523 0.013537057240804036
0 0.4035472750663757 0.2992815494537353 0.008401131629943848 0.011194006601969403
0 0.4286816120147705 0.6819961547851563 0.007842731475830079 0.010899098714192708
0 0.38099467754364014 0.3056079228719075 0.009344959259033203 0.011705080668131508
0 0.5303831338882447 0.14866032600402831 0.009461450576782226 0.013812605539957683
0 0.6355477571487426 0.20108691851298016 0.009141302108764649 0.011464532216389973
0 0.6167791604995727 0.491536823908488 0.008731698989868164 0.012363020579020183
0 0.6075888633728028 0.15114964644114176 0.008478260040283203 0.010961039861043293
0 0.5308673143386841 0.1933324337005615 0.009584379196166993 0.01172224680582682
0 0.6315852880477906 0.6431943893432617 0.008773565292358398 0.009839248657226563
0 0.6516026973724365 0.7510415712992351 0.00750265121459961 0.009862073262532552
0 0.6207283735275267 0.26309798472430945 0.009822416305541991 0.012836360931396484
0 0.4912518715269576 0.6123533894643994 0.007020330429077149 0.009348742167154948
0 0.6347149610519409 0.2806218147277832 0.009322404861450195 0.012391916910807292
0 0.3237758159637451 0.2912962595621745 0.008637475967407226 0.011411031087239586
0 0.4551058053970337 0.6549563725789388 0.00969243049621582 0.01248003641764323
0 0.739463496208191 0.4594932715098063 0.008617258071899414 0.011842441558837891
0 0.34364678859710696 0.48702804247538256 0.008533048629760741 0.011586157480875652
0 0.7252349615097046 0.27564457257588704 0.008014822006225586 0.010802745819091797
0 0.3604370355606079 0.5609381357828775 0.008847427368164063 0.011184056599934898
0 0.348971951007843 0.5942842483520508 0.008363795280456544 0.01113115946451823
0 0.39765406847000123 0.1411612908045451 0.009139323234558105 0.011717240015665688
0 0.26656599044799806 0.5065360864003499 0.008354473114013671 0.011449082692464191
0 0.45988442897796633 0.7107498486836752 0.010194158554077149 0.013753827412923176
0 0.6023815155029297 0.4621646563212077 0.008941078186035156 0.011658477783203124
0 0.3658936023712158 0.3299530665079753 0.008687210083007813 0.010640970865885417
0 0.36915318965911864 0.34275242487589525 0.00910201072692871 0.010948753356933594
0 0.37837380170822144 0.27976668675740557 0.008741164207458496 0.011404800415039062
0 0.337314248085022 0.3993524551391602 0.009216928482055664 0.012103589375813802
0 0.7145996809005737 0.477915620803833 0.008428239822387695 0.010627651214599609
0 0.6525737524032593 0.33241666158040367 0.00864567756652832 0.010885175069173176
0 0.6089455604553222 0.6409302393595379 0.007251453399658203 0.009653345743815104
0 0.557745099067688 0.12058893839518228 0.008983182907104491 0.011939716339111329
0 0.4201702833175659 0.5146280765533447 0.008292913436889648 0.010927931467692059
0 0.5621061787673723 0.4888665231912466 0.009163999557495117 0.011240450541178386
0 0.27466522455215453 0.6644777615865071 0.007293057441711426 0.009474372863769532
0 0.5421025866474317 0.6226326980466678 0.008415937423706055 0.010083707173665364
0 0.7485667943954468 0.49740929603576667 0.00876755714416504 0.01161629358927409
0 0.455359148979187 0.47061834335327146 0.009049463272094726 0.011687278747558594
0 0.6129606369233259 0.5992957302650771 0.008777046203613281 0.01141484578450521
0 0.30926486379406853 0.44461357183722394 0.007259225845336914 0.009216690063476562
0 0.6947496175765991 0.661232852935791 0.008371973037719726 0.01115004221598307
0 0.3007543325424195 0.6316717728362772 0.007525253295898437 0.009649340311686199
0 0.6114777326583862 0.543802038828532 0.010278463363647461 0.012934684753417969
0 0.4661137580871582 0.5752100944519043 0.008404731750488281 0.011772346496582032
0 0.41155099868774414 0.4468161424001058 0.008199214935302734 0.01032114028930664
0 0.6287254095077514 0.6786587397257486 0.009013986587524414 0.011655298868815105
0 0.5264456987380981 0.5234162012736001 0.009003782272338867 0.012441571553548176
0 0.6507275819778442 0.22884226640065514 0.008955240249633789 0.012406905492146812
0 0.2705351233482361 0.5257870992024739 0.00792834758758545 0.011560503641764324
0 0.23822695372879182 0.5317123479393833 0.006568283776362626 0.0126986819676344
0 0.2489004148653811 0.5547013411566525 0.0095240114757258 0.015763881063270445
0 0.335930174902186 0.4988709290575703 0.00821035472045331 0.009195597286907713
0 0.4180337221067188 0.5433163159442906 0.00689669796518082 0.010509254042180274
0 0.4098233673862656 0.5509793136833804 0.00558304120990826 0.008319826116726148
0 0.44184375079603344 0.5238304074077482 0.007881940531635151 0.011822910797452764
0 0.4447994784953966 0.5109127826475683 0.007225112153998907 0.011385025212361838
0 0.4641759156356663 0.460336997569576 0.006568283776362591 0.01007136845708935
0 0.47419254839461933 0.42311672283685453 0.0062398695875444336 0.010071368457089279
0 0.4022698410434485 0.42618192193249044 0.007553526342816994 0.009195597286907713
0 0.40867391772540207 0.4325312629163076 0.005911455398726418 0.00788194053163508
0 0.36663690155668127 0.3878669332370418 0.008538768909271396 0.009633482871998495
0 0.3713989072945442 0.3642211116421363 0.008867183098089626 0.010509254042180203
0 0.3819081613367244 0.366191596775045 0.0062398695875444336 0.006568283776362662
0 0.37616091303240706 0.3561202283179557 0.006568283776362591 0.01007136845708935
0 0.3672937299343175 0.3769197936097706 0.009195597286907713 0.009633482871998495
0 0.5535045749941981 0.43997531786285193 0.009195597286907784 0.009633482871998495
0 0.4709084065064381 0.34254577518013973 0.006896697965180749 0.008319826116726077
0 0.29356474454464704 0.39005636116249603 0.01018083985336208 0.009633482871998495
0 0.3503803992101838 0.22606820954597562 0.00821035472045331 0.01007136845708935
0 0.4367533308693524 0.1310470375812629 0.010180839853362045 0.011822910797452764
0 0.5369196584588825 0.1647642276332578 0.00558304120990826 0.007444054946544334
0 0.5390543506862003 0.16892414069162073 0.004597798643453856 0.007881940531635188
0 0.5984973188622822 0.1785576235636193 0.008538768909271539 0.009633482871998495
0 0.6140969928311434 0.16410739925562148 0.007553526342816994 0.009633482871998531
0 0.5641780361307873 0.231979664944702 0.006896697965180678 0.010509254042180203
0 0.5684474205854231 0.23920477709870092 0.006239869587544505 0.010947139627271056
0 0.5699252844351048 0.2510276878961536 0.0059114553987263466 0.011822910797452728
0 0.5612223084314243 0.24752460321542688 0.0062398695875444336 0.01007136845708935
0 0.6201726553242788 0.2424889189868822 0.007881940531635222 0.009633482871998531
0 0.6216505191739603 0.23811006313597383 0.00821035472045331 0.010509254042180166
0 0.6411911634086391 0.2786144797568767 0.00788194053163508 0.010071368457089313
0 0.6763314816121793 0.2989761594636009 0.007881940531635222 0.007881940531635222
0 0.7498962599074407 0.294378360820147 0.007225112153998907 0.011822910797452693
0 0.58306185198783 0.3578717706583191 0.007881940531635151 0.011822910797452693
0 0.6287114242335502 0.365096882812318 0.007881940531635294 0.009633482871998495
0 0.6346228796322765 0.4264008647250359 0.006568283776362662 0.010509254042180203
0 0.6273977674782777 0.4307797205759444 0.009852425664544029 0.014012338722906961
0 0.615739063775234 0.4145779539275831 0.007553526342817065 0.012260796382543617
0 0.6467742046185475 0.4163294962679466 0.005911455398726418 0.00875771170181686
0 0.6467742046185475 0.4121695832095835 0.005911455398726418 0.008319826116726006
0 0.6947226761859946 0.4264008647250359 0.009195597286907713 0.012260796382543475
0 0.7021119954344027 0.5078475835519325 0.008867183098089555 0.010509254042180274
0 0.5709105270015591 0.49952775743520655 0.007225112153998907 0.007881940531635222
0 0.6063792593939173 0.6236683208084604 0.006568283776362591 0.010947139627270985
0 0.5888091002921473 0.6381185451164582 0.008867183098089626 0.009195597286907713
0 0.6712410616854982 0.6963573279335401 0.006896697965180749 0.012698681967634542
0 0.6704200262134529 0.7114643806191743 0.008538768909271396 0.012260796382543617
0 0.6663148488532263 0.6212599500904605 0.00952401147572587 0.007006169361453516
0 0.4957036777622069 0.6243251491860965 0.011166082419816448 0.013136567552725324
0 0.6413553705030484 0.7559097675058944 0.011494496608634677 0.010947139627271127
0 0.5649990716028327 0.7707978773989833 0.007225112153998978 0.010071368457089279
0 0.508019209842887 0.758099195431349 0.011494496608634677 0.011822910797452693
0 0.5380691081197458 0.804952953036069 0.007881940531635151 0.010071368457089279
0 0.5817481952325574 0.8209357768918847 0.011822910797452764 0.01138502521236191
0 0.553340367899789 0.7771472183828004 0.007553526342817065 0.012260796382543617
0 0.45005410551648667 0.8388890858806093 0.007225112153998907 0.00875771170181693
0 0.4554729396319858 0.8399837998433364 0.0049262128322720145 0.009195597286907713
0 0.40719605387572044 0.8154622070782491 0.00821035472045331 0.0126986819676344
0 0.35218667724868347 0.7554718819208038 0.007881940531635222 0.008319826116726006
0 0.31885263708364314 0.6322070897177317 0.00886718309808952 0.009633482871998495
0 0.31228435330728055 0.6357101743984584 0.007553526342817101 0.007006169361453445
0 0.3091644185135083 0.6444678861002754 0.007881940531635151 0.00788194053163508
0 0.4106444028583109 0.6295797762071866 0.00788194053163508 0.010509254042180132
0 0.41655585825703734 0.6175379226171885 0.00788194053163508 0.010071368457089492
0 0.4206610356172639 0.625638805941369 0.008210354720453238 0.009633482871998495
0 0.4168842724458554 0.6363670027760946 0.007225112153998907 0.01007136845708935
0 0.42575145554394495 0.6481899135735475 0.009195597286907642 0.010071368457089279
0 0.42805035486567194 0.6280471766593687 0.007225112153998907 0.008319826116726148
0 0.4305134612818079 0.6247630347711873 0.006239869587544575 0.00875771170181686
