0 0.6465001636081271 0.5193623860677083 0.011596976386176214 0.014878223560474538
0 0.7284573872884114 0.44067079049569585 0.01046023898654514 0.01364042494032118
0 0.4937162611219618 0.4318505463776765 0.010218556722005208 0.01304485179759838
0 0.798454835679796 0.5780019406919127 0.011144256591796875 0.01526020191333912
0 0.5685194015502929 0.646194147180628 0.009994294908311632 0.013509284125434028
0 0.5208995819091797 0.34580381887930406 0.010856458875868056 0.014561038547092014
0 0.5411046769883898 0.8741884019639758 0.010151333279079862 0.014354564525462963
0 0.6699457804361978 0.4070648193359375 0.010641309950086806 0.013581452546296295
0 0.40770683288574217 0.2957073352955006 0.011364830864800345 0.016366068522135416
0 0.28818638059828017 0.518842711272063 0.010078069898817274 0.013173251681857638
0 0.32888926400078666 0.3740959026195385 0.009599410163031685 0.013462010136357061
0 0.5444389343261719 0.7820206253616898 0.011591847737630208 0.015076813874421295
0 0.3449887063768175 0.8099151893898292 0.010724957784016926 0.014507887098524306
0 0.5384692933824327 0.5372554920337819 0.01094432406955295 0.014910719129774305
0 0.6510222752888997 0.5807330943919994 0.00897356669108073 0.011780180754484953
0 0.22063929239908855 0.6277283279984086 0.010359234280056424 0.0138153076171875
0 0.7909893235613886 0.6686239171911166 0.007110042250817597 0.013587669089988414
0 0.43437635633680555 0.2817162407769097 0.01016693115234375 0.01312397144458912
0 0.4560633129543728 0.20402120660852505 0.010581758287217882 0.013702208907515914
0 0.5449500401814779 0.783452323631004 0.009297392103407118 0.012325315122251157
0 0.2747687339782715 0.31778537608959057 0.008914163377549912 0.011880860505280673
0 0.6384106953938802 0.8142705564145689 0.01073582967122396 0.013422817654079862
0 0.2828335973951551 0.3628567165798611 0.009849145677354601 0.012615514684606482
0 0.5510681788126628 0.315718502468533 0.009433619181315104 0.01308525933159722
0 0.42193404303656684 0.5208058957700377 0.008299509684244791 0.010549757215711806
0 0.6378285302056206 0.30969807660138166 0.010144551595052086 0.013682414867259837
0 0.46402284988751996 0.3386696980266769 0.009499583974078263 0.014113667618630501
0 0.591703432191568 0.1616523882542035 0.007719029578121095 0.008100216223954088
0 0.5865216762247737 0.16803726457190848 0.004788657238278731 0.008100216223954071
0 0.5853781162872743 0.17618512912659173 0.0053604372070283545 0.007814326239579259
0 0.5912031247189118 0.17041968110836556 0.00528896471093475 0.009624962807286615
0 0.5851516193335261 0.15541055175520127 0.005561437435427692 0.014156386199270798
0 0.7458704071662707 0.29852680047182806 0.007705521276359377 0.010781387794082881
0 0.7496280379121497 0.29193112793897735 0.005898053322645467 0.009005629804469208
0 0.7422079063126925 0.28622333440093345 0.006849352245652653 0.011035067506884886
0 0.726130954513869 0.2588893453465232 0.006278572891848454 0.008878789948068296
0 0.7406701886815864 0.3070972046770286 0.007242543116510425 0.009656724155346835
0 0.7210317544618192 0.264384770912995 0.007521102467145085 0.0081710742852934
0 0.6684335157257274 0.44786287779570033 0.007429644588687125 0.010882859679203634
0 0.6649279791944455 0.4565133560022466 0.006906430181033203 0.009766668942875105
0 0.7159675185003751 0.5066048848669962 0.007507174499613427 0.01143950399941069
0 0.5694387729470044 0.41245037249905225 0.01156017944639835 0.01589524673879758
0 0.6646460213131732 0.5896257546963317 0.006584130105918149 0.009622959385572756
0 0.6590748343004731 0.5843078034569363 0.0068373658792226875 0.00844119244348498
0 0.6583151269805593 0.5917360528072031 0.008356780519050063 0.009454135536703049
0 0.7446052167340841 0.5930022316737257 0.007723691085788857 0.00996060708331214
0 0.7948255608007738 0.6682967334741798 0.006053267888546116 0.013213047111557614
0 0.7670142739187105 0.7148563409872131 0.0058029234303445774 0.01052770808128102
0 0.76876259008364 0.7565695172086211 0.007534287470218004 0.008650478206546524
0 0.773576162634057 0.7614528516800587 0.006697144417971543 0.009487621258792983
0 0.6411637113719232 0.8710766493459006 0.008972452395823538 0.011365106368043314
0 0.24996478691401636 0.7441164479449972 0.011215565494779405 0.01644949605900976
0 0.36823948755789593 0.5820424569995895 0.005817861182028139 0.009434369484370037
0 0.36466228912840565 0.5878603181816175 0.008097833807417701 0.010168153777598832
0 0.373900109248518 0.594778855803489 0.007390256096089871 0.009539195811974181
0 0.37500078568836115 0.5996532800370802 0.007233016604683726 0.009434369484370179
0 0.37539388441687666 0.5838245045688594 0.008176453553120737 0.009644022139578254
0 0.39181815237282025 0.4913444858070275 0.007940594316011485 0.008490932535933027
0 0.3865506294107135 0.4961140837130146 0.006997157367574474 0.007547495587496087
0 0.3920147017370779 0.4989443945583257 0.007861974570308376 0.009015064173953605
0 0.42770806628627794 0.5213772286656055 0.007704735078902161 0.009644022139578254
0 0.43182137257666126 0.6600015926169996 0.007429644588687196 0.008510954364505637
0 0.4260660140924669 0.6724192145586554 0.007011073062563766 0.010464288153081053
0 0.4181131550961258 0.6749306437153945 0.006592501536440665 0.007673811312259034
0 0.4168051190769907 0.6593039734067944 0.007115715944094845 0.008510954364505352
