0 0.45255955590142144 0.44392147770634405 0.010513856675889756 0.014193697328920719
0 0.3268602795071072 0.5681326406973379 0.009533776177300347 0.01244529441550926
0 0.4655379825168186 0.7420987729673033 0.009686364067925347 0.013360595703125
0 0.45851804945203994 0.6276443481445312 0.009520721435546876 0.013370090060763888
0 0.30870305167304146 0.725226197419343 0.009783363342285157 0.013698267053674768
0 0.5420240826076931 0.44130709612811053 0.009319432576497396 0.011847206398292825
0 0.4973107020060221 0.6812541255244503 0.01043501959906684 0.014201411494502315
0 0.5755188412136502 0.4618153324833623 0.010354783799913194 0.012835467303240741
0 0.3013377507527669 0.5048311586733217 0.00910186767578125 0.012010362413194444
0 0.5218967013888889 0.32225282457139753 0.009416368272569444 0.01280048511646412
0 0.38211305406358503 0.80289306640625 0.010075293646918403 0.014460245768229164
0 0.3370706558227539 0.30116072760687934 0.009759267171223959 0.012600001582392939
0 0.7898811280276523 0.5282126080373601 0.009532504611545138 0.011842685275607638
0 0.5256054984198676 0.42926127115885415 0.009345457288953992 0.01320789478443287
0 0.6612446679009332 0.6010403951009115 0.010082668728298612 0.013467124656394675
0 0.6465006722344292 0.7769097787362557 0.009601042005750867 0.012668750904224537
0 0.5607773674858941 0.2489767286512587 0.009791056315104166 0.013580152723524306
0 0.5596436818440756 0.5326385215476708 0.010734812418619793 0.013552234790943286
0 0.6175375620524088 0.6100364685058594 0.010187784830729164 0.01320659496166088
0 0.25465420616997614 0.6193656638816551 0.009930080837673612 0.013954897280092592
0 0.6222950912519842 0.3854985639442107 0.009499740600585938 0.01211607191297743
0 0.2696707937452528 0.7537280047381365 0.009627426995171441 0.01345147026909722
0 0.7044447792900932 0.370421713369864 0.010962888929578994 0.015844500506365742
0 0.4338518354627821 0.7597162317346644 0.009012095133463542 0.01214848271122685
0 0.5477965884738498 0.9063285262496383 0.009659661187065972 0.012448176631221063
0 0.3136520279778374 0.5560574001736112 0.009903653462727865 0.012314407913773149
0 0.7152112677781035 0.7627200846085062 0.009107547336154515 0.0118255615234375
0 0.2553918852615794 0.49992457569827914 0.007524977789984809 0.01047374584056713
0 0.6564886153104983 0.9004201336815969 0.008170360989040799 0.011429567690248842
0 0.2807129542032878 0.3840086477774161 0.008334265814887153 0.010834983543113425
0 0.601596302456326 0.2382698694864909 0.009707683987087674 0.012054033632631656
0 0.45348934597439233 0.39538605301468466 0.01092444525824653 0.014109463161892362
0 0.44295929816715424 0.9241729174901603 0.009600872463650174 0.012181599934895836
0 0.4322726143731012 0.7217981409143519 0.009849590725368923 0.012950755931712963
0 0.3650571797406868 0.45109048738192725 0.008320363362630208 0.01109220716688368
0 0.47123900519476997 0.5361950627079716 0.008868916829427084 0.011764921965422453
0 0.24585580601865462 0.5050396257426126 0.006568283776362662 0.007961556092560827
0 0.4708349768289149 0.34592139386559695 0.005951040672656873 0.006752953954787913
0 0.7870054087112814 0.5354025141448046 0.00582189042827153 0.008579627999558142
0 0.742881607570697 0.5909658192847997 0.006741136285367162 0.007353966856764061
0 0.7707653985692607 0.5651247968575592 0.00796679742816096 0.013686549427866481
0 0.6419177709330404 0.5680868112859782 0.006434720999668642 0.009805289142352009
0 0.6012411417565643 0.5933150031418215 0.0062815133568192745 0.007149689999631761
0 0.5985121692194915 0.5882336310488622 0.005423532761431247 0.006300605716250232
0 0.6344789317677205 0.8332399724983028 0.008075207156241292 0.012561433354153025
0 0.38392319861434787 0.8203794573976225 0.009421075015614733 0.012561433354153025
0 0.305302084495944 0.7044852806182348 0.009196763705719207 0.011664188114570493
0 0.3446251910050339 0.708519024099681 0.005003074726559902 0.008403432874048633
0 0.34582722843933733 0.7012418244974121 0.0044182997585204475 0.008403432874048633
0 0.3521947780913226 0.69747327470338 0.0061076496661900135 0.00779699957385958
0 0.35342930302385045 0.6901960751011111 0.005587849694599356 0.008663332859843963
0 0.4788102632046714 0.4763676592863888 0.007723691085788786 0.007765897048006068
0 0.7491648157478867 0.5922825364513717 0.006487858654909928 0.008790002048587766
