0 0.5877765231662326 0.5791466606987847 0.007741292317708332 0.010438141999421295
0 0.4753908157348633 0.5544486716941551 0.007784398396809896 0.010898844401041668
0 0.6807496388753255 0.5285069783528646 0.008154127332899306 0.011147619176793981
0 0.7529227362738716 0.6168871561686199 0.008134969075520833 0.011040751139322917
0 0.5495258331298828 0.4441197995786313 0.008246951633029513 0.01200781928168403
0 0.44962196350097655 0.836674216941551 0.009686533610026042 0.014302232530381945
0 0.46913096110026037 0.7559411790635852 0.008217281765407987 0.011777128996672454
0 0.5670654932657878 0.5583981266728153 0.00878893534342448 0.013318831832320601
0 0.5858967463175456 0.7252052024558737 0.008831999037000868 0.011601200810185185
0 0.6524584452311198 0.22705623485423898 0.010947926839192707 0.01520538330078125
0 0.5588395012749566 0.5168144508644386 0.007415771484375 0.011255447952835649
0 0.41836482153998483 0.7205988283510562 0.009428024291992188 0.01238872386791088
0 0.5488604227701823 0.30988564667878327 0.008183966742621528 0.011000089292173032
0 0.4962470584445529 0.5888537936740451 0.008267720540364584 0.01170654296875
0 0.5719029956393772 0.7663234569408276 0.007987255520290799 0.01146895797164352
0 0.319812191857232 0.29594128926595054 0.008748224046495225 0.010934250443070025
0 0.5498854319254558 0.7877708435058594 0.006844329833984375 0.009234223542390046
0 0.5850389692518445 0.38659317581741903 0.00836088392469618 0.01122368706597222
0 0.36624836391872834 0.5642513416431568 0.008183627658420138 0.010188745569299768
0 0.5717327541775173 0.816377032244647 0.008636050754123263 0.012984664351851851
0 0.6375062518649631 0.8546704610188803 0.00954026116265191 0.013287749113859954
0 0.43870247734917533 0.8779773005732783 0.008043077256944444 0.011813297978153937
0 0.43969362046983507 0.47730129383228437 0.008062235514322917 0.011469890453197337
0 0.6799650192260742 0.7660895170988862 0.008527247111002605 0.011142476399739582
0 0.7318801879882811 0.5864174171730324 0.008021036783854166 0.010526303891782407
0 0.6430960337320965 0.3070176159894025 0.007196214463975694 0.009119189227068865
0 0.5396924548678929 0.8344639530888309 0.007894007364908855 0.012619583695023149
0 0.4828812917073568 0.8227310745804398 0.00933380126953125 0.01220386646412037
0 0.3273150655958388 0.3851934644911024 0.00806632571750217 0.010801357693142362
0 0.3797425164116754 0.5157985545970775 0.008467356363932291 0.010963722511574075
0 0.4422300762600369 0.5435261196560329 0.008703570895724827 0.011135242603443287
0 0.5477563858032226 0.7251570524992766 0.008894305759006077 0.011627762405960649
0 0.5122583813137478 0.415088215580693 0.007614686754014757 0.01171968248155382
0 0.34588843451605905 0.2612648292824074 0.007989459567599826 0.011245784053096064
0 0.41526567671034065 0.8522754810474538 0.00849562750922309 0.011452794958043981
0 0.4000509897867839 0.45893556100350835 0.008564843071831597 0.011240839075159144
0 0.49390127393934463 0.3432146566885489 0.007578362358940972 0.010969854284215857
0 0.6041149351331923 0.398831628870081 0.008290057712131076 0.011032387062355325
0 0.4239098442925347 0.29393710383662475 0.007896847195095487 0.01144502427842882
0 0.6048100365532769 0.24586151970757378 0.008622911241319444 0.011035975703486689
0 0.7018462075127495 0.3133739754005715 0.009325366550021702 0.012596045600043402
0 0.34492293463812934 0.809517726191768 0.009165657891167535 0.013260848433883102
0 0.6221045388115776 0.8455303333423756 0.009994803534613714 0.013891545048466436
0 0.2767978774176703 0.7140003910771122 0.009419017367892794 0.011041937934027777
0 0.5748004489474826 0.25148531595865886 0.009557935926649306 0.012149754276982061
0 0.3275209532843696 0.6757685343424478 0.00694938235812717 0.009311252170138888
0 0.4423715591430664 0.15979333100495516 0.007774904039171007 0.0112421954119647
0 0.25259649488661023 0.66414469966182 0.007718700832790798 0.009455758553964121
0 0.41500610775417757 0.15908665833649813 0.008404413859049479 0.011997208771882236
0 0.30494102901882597 0.5111958821614583 0.00872802734375 0.010880646882233795
0 0.5345050387912326 0.5603376883047598 0.008730400933159722 0.012491692437065972
0 0.6696757210625544 0.7147530167191117 0.007861116197374132 0.010493808322482638
0 0.49311046600341796 0.7980836091218171 0.00827530754937066 0.01146782769097222
0 0.7474433898925781 0.5159382572880498 0.008221944173177084 0.011644716616030093
0 0.27335398991902665 0.6061365480776186 0.006822268168131512 0.00838470458984375
0 0.7232120937771268 0.5687071058485242 0.0089202880859375 0.0107452392578125
0 0.7176401774088541 0.23160276766176577 0.007892523871527777 0.010720669781720196
0 0.3387784110175239 0.44821141560872396 0.007798004150390625 0.011018654152199074
0 0.35862397087944875 0.316691561098452 0.007776811387803819 0.010572136773003473
0 0.4473813162909614 0.29318801032172304 0.008835050794813368 0.011653391520182292
0 0.6837792290581597 0.20904594703956889 0.00948333740234375 0.012563917371961806
0 0.6263234032524957 0.2866596928349248 0.006977929009331597 0.009579411259403935
0 0.5627116733127171 0.4330394179732711 0.007876078287760416 0.01130571718569155
0 0.5564859602186415 0.6508610760724102 0.009136623806423612 0.011501905653211806
0 0.6577922397189672 0.6858860439724392 0.008018239339192709 0.010560042769820602
0 0.5529320822821723 0.56692711159035 0.006507237752278645 0.008786971480758101
0 0.5817402521769206 0.42895928842050063 0.00818282233344184 0.011418095341435185
0 0.547945213317871 0.6054622791431568 0.008559883965386286 0.011225439001012732
0 0.7147721396552192 0.7572866086606627 0.008474519517686631 0.011449912742332176
0 0.6362972683376735 0.5127554999457467 0.0076037936740451385 0.01006119339554398
0 0.4788791232638889 0.34896851998788336 0.007753668891059028 0.01066999082212095
0 0.3875666512383355 0.6585296630859375 0.009114286634657118 0.0115325927734375
0 0.5712663226657443 0.5165289419668693 0.007921049329969619 0.011442396375868056
0 0.5076505449083116 0.25213118659125433 0.009324391682942709 0.012355465359157986
0 0.2772969245910645 0.456054108231156 0.009373198615180121 0.0107508624041522
0 0.483455933464898 0.11426141173751266 0.00903426276312934 0.010878958525481047
0 0.25348118676079645 0.6283090944643374 0.007536570231119793 0.010050173158998843
0 0.5226422839694553 0.26883790757921006 0.007919862535264758 0.010717434353298612
0 0.765952173868815 0.4291692380551938 0.0070277743869357635 0.009683962221498843
0 0.6926368077596028 0.6002940707736546 0.008215713500976562 0.011500210232204862
0 0.5619506624009873 0.853484966136791 0.007815933227539063 0.010198352955005787
0 0.47841822306315107 0.33560735914442275 0.007148827446831597 0.010076254385489005
0 0.27889964845445425 0.31755752563476564 0.008599705166286893 0.010970052083333333
0 0.6365259382459851 0.29162949456108944 0.00823152330186632 0.01114007455331308
0 0.47300511816376056 0.1863087404470043 0.007284376356336806 0.009994704635054977
0 0.26339873207939996 0.5054925141511141 0.006689135233561198 0.008760975025318286
0 0.5569961971706815 0.3840103855839482 0.008164299858940972 0.009680091010199652
0 0.28606837590535483 0.7340962445294416 0.008269818623860677 0.010538567437065972
0 0.6465771781073677 0.7032224584508825 0.007724889119466147 0.00975765652126736
0 0.5482525295681424 0.5512808057996962 0.007938469780815973 0.01123809814453125
0 0.7705279032389324 0.5485208581995081 0.008506266276041667 0.011671617296006943
0 0.27009605831570094 0.6376309712727865 0.007455613878038194 0.010464986165364586
0 0.5054730945163303 0.30075857374403214 0.00863083733452691 0.01201276425962095
0 0.2933549033270942 0.5278537608959056 0.006061002943250868 0.008696209942853009
0 0.6810665554470486 0.779757888228805 0.007885657416449653 0.009708150227864584
0 0.7132755915323894 0.6411353217230902 0.00996903313530816 0.01201488353587963
0 0.47822222161949357 0.6624543591703058 0.006845559014214409 0.009550702130353009
0 0.5291497972276477 0.3012825718632451 0.008685133192274305 0.01139738294813368
0 0.7411362965901692 0.26741053263346354 0.009851498074001735 0.013310976381655093
0 0.376379723827325 0.4139044017516196 0.00842848883734809 0.011266072591145836
0 0.5956578996446397 0.5938437002676505 0.008008321126302084 0.011561075846354164
0 0.28934461805555556 0.2702029192889178 0.006842549641927083 0.008527119954427084
0 0.6561667548285591 0.5421257301613136 0.008370293511284722 0.010152633101851851
0 0.6585045920477972 0.8308775725188079 0.007927237616644964 0.01089443630642361
0 0.26049684201383494 0.6374711991547428 0.0075070677502525026 0.007924127069710992
0 0.28677157913971874 0.5763720088540767 0.0075070677502525026 0.010843542305920337
0 0.3419798065530341 0.5769975978332644 0.008445451219034084 0.012094720264295731
0 0.3376006836987201 0.5688649411038241 0.006568684281470922 0.010009423667003503
0 0.34370017624580024 0.5669881741662602 0.006255889791877328 0.00792412706971099
0 0.3813296317077167 0.5003320425254304 0.009696629177409549 0.0116776609448371
0 0.49158968928955055 0.4871946739624886 0.006881478771064878 0.01042648298646192
0 0.47047606124196534 0.6392127959051019 0.005943095302283155 0.006672949111335527
0 0.4493624331943802 0.6483881009331882 0.00625588979187711 0.009175305028086313
0 0.389462288437157 0.43819020392611807 0.006568684281470922 0.012511779583754148
0 0.39540538373944023 0.4361049073288257 0.008445451219034084 0.010843542305920266
0 0.4573386926790235 0.4340196107315333 0.00656868428147078 0.012511779583754148
0 0.4640637742052913 0.4363134369885549 0.006881478771064878 0.011260601625378683
0 0.286240106871185 0.4363134369885549 0.0059430953022831905 0.008758245708627967
0 0.239008138942513 0.40211457279296 0.010947807135784906 0.011260601625378754
0 0.26856721820913226 0.4037828100707939 0.0081326567294402 0.009592364347544801
0 0.3048513790020194 0.35373569173577724 0.0068814787710648065 0.010426482986461849
0 0.38351919313487387 0.4123325261196926 0.007194273260658619 0.009175305028086526
0 0.47845232072660876 0.42526136502290535 0.008758245708627967 0.010843542305920266
0 0.4898693195967844 0.35123333581902644 0.009696629177409549 0.010426482986461849
0 0.45890266512699285 0.27970766253189827 0.006568684281470851 0.011677660944837314
0 0.38977508292675095 0.281167370150003 0.008445451219034013 0.012094720264295623
0 0.38351919313487387 0.2797076625318983 0.007819862239846386 0.009175305028086384
0 0.3799220565045445 0.2849209040251292 0.00813265672944027 0.010426482986461814
0 0.38633434354121854 0.3043141623799482 0.007819862239846315 0.01251177958375422
0 0.3472350323419867 0.30327151408130215 0.005943095302283225 0.008758245708627932
0 0.3563060725402085 0.34226656045066917 0.005317506323095529 0.007507067750252574
0 0.36913064661355655 0.3533186324163188 0.005943095302283155 0.010426482986461849
0 0.3749173446710428 0.33601067065879214 0.0062558897918770385 0.00834118638916948
0 0.37272778324388584 0.338513026575543 0.005630300812689413 0.0075070677502525026
0 0.36897424936875967 0.338513026575543 0.005004711833501645 0.009175305028086455
0 0.3398843618365311 0.3074421072758867 0.005630300812689413 0.008758245708628003
0 0.2910884214598898 0.253015866086556 0.0081326567294402 0.009175305028086384
0 0.6137359374759508 0.3624939374444051 0.010322218156597174 0.008758245708627897
0 0.5663475723024818 0.3378874375963552 0.0075070677502525026 0.012094720264295731
0 0.5674423530160603 0.3533186324163187 0.005943095302283296 0.009592364347544872
0 0.5647835998545125 0.35707216629144495 0.005004711833501716 0.008758245708627967
0 0.5607172714897924 0.3606171705068421 0.005630300812689342 0.008341186389169409
0 0.5006607294877724 0.21402081971718878 0.0075070677502525026 0.008758245708627967
0 0.5169260429466529 0.2121440527796257 0.0068814787710648065 0.008341186389169409
0 0.4556183229862573 0.16293105308352587 0.007507067750252574 0.011677660944837208
0 0.4853337994976735 0.1827413707578034 0.005630300812689413 0.007924127069710992
0 0.6198354300230311 0.15896898954867042 0.008132656729440342 0.009592364347544872
0 0.581048913313393 0.17356606572971692 0.006881478771064735 0.008758245708627932
0 0.6057596779913076 0.20380286639045622 0.008132656729440128 0.009175305028086384
0 0.7028823670101993 0.20088345115424694 0.008445451219033942 0.010843542305920302
0 0.7088254623124826 0.32975478086691495 0.009071040198221567 0.011677660944837171
0 0.7499579376940744 0.35915746288873734 0.008758245708628038 0.010426482986461778
0 0.6847402866137557 0.39022838218839345 0.006568684281471064 0.009175305028086384
0 0.6752000546811433 0.40962164054321254 0.006255889791877252 0.008758245708627897
0 0.7765454693095521 0.3860577889938089 0.00875824570862818 0.010843542305920266
0 0.5544613816979154 0.5024173391227228 0.006881478771064735 0.009175305028086384
0 0.6497073037792441 0.507839110275683 0.00719427326065869 0.012511779583754148
0 0.6673801924412969 0.5074220509562244 0.008758245708627897 0.009175305028086384
0 0.7419816782094313 0.5280664872694188 0.007819862239846457 0.010426482986461849
0 0.7329106380112094 0.4961614493308457 0.00719427326065869 0.009175305028086313
0 0.7310338710736464 0.5005405721851597 0.005943095302283155 0.006255889791877252
0 0.600285774423415 0.6496392788915635 0.006568684281470922 0.00834118638916948
0 0.5586841073074325 0.5920850928062944 0.005943095302283225 0.006672949111335669
0 0.7307210765840526 0.6617339991558593 0.005943095302283296 0.007507067750252645
0 0.5566509431250724 0.8519130488289229 0.0068814787710648065 0.010009423667003432
0 0.5583713128178386 0.7803873755417947 0.00719427326065869 0.012094720264295802
0 0.559778888021011 0.7707950111942501 0.0081326567294402 0.010426482986461707
0 0.5369448902806596 0.754112638415911 0.007507067750252574 0.01209472026429566
0 0.5371012875254565 0.7910223881879859 0.00719427326065869 0.012511779583754077
0 0.5428879855829427 0.7724632484720838 0.00625588979187711 0.008758245708627897
0 0.5458595332340843 0.7685011849372283 0.007194273260658619 0.009175305028086597
0 0.6052904862569167 0.6976011006292879 0.006568684281470851 0.009175305028086313
0 0.6041957055433383 0.7048996387198112 0.00625588979187711 0.007090008430793944
0 0.6088876228872461 0.7067764056573743 0.005630300812689484 0.005838830472418692
0 0.4919024837791444 0.6546439907250652 0.0075070677502525026 0.010843542305920266
0 0.49127689479995673 0.6631937067739639 0.008758245708627897 0.010426482986461849
0 0.4440449268712847 0.643800448419145 0.005630300812689342 0.01000942366700329
0 0.4624998017573222 0.7833067907780042 0.0068814787710648065 0.010426482986461991
0 0.3904006719059387 0.7962356296812169 0.009696629177409478 0.011260601625378825
0 0.38774191874439085 0.7835153204377334 0.0068814787710648065 0.013345898222671054
0 0.36256196233208554 0.74347762576972 0.006568684281470922 0.01000942366700329
0 0.329405746435137 0.659648702558567 0.007819862239846386 0.009175305028086313
0 0.3384767866333587 0.6594401728988377 0.007819862239846315 0.008758245708627897
0 0.3548984973370361 0.6600657618780255 0.01000942366700329 0.010009423667003432
0 0.49956594877419386 0.49303350443490707 0.005943095302283155 0.007924127069711063
