0 0.6794600592719183 0.5288293909143519 0.008501264784071181 0.011777524594907407
0 0.5872841305202907 0.578849764223452 0.007429165310329861 0.009837002224392362
0 0.558422491285536 0.5161268163610387 0.007800165812174479 0.011863256383825231
0 0.5753864500257704 0.2513095855712891 0.010165362887912326 0.013559496844256365
0 0.4498943540785048 0.8347269411440249 0.009984376695421007 0.013199022081163194
0 0.4388544294569227 0.4772776709662544 0.008552127414279513 0.012114150435836225
0 0.5711513519287109 0.8166880289713542 0.009809960259331597 0.01352527759693287
0 0.3655818515353733 0.5642977679217303 0.008191002739800347 0.010903704607928243
0 0.5714541329277886 0.7662766633210358 0.008525297376844617 0.011631492332175926
0 0.5490495469835069 0.7868943956163195 0.007019466824001735 0.009819313331886573
0 0.5492699729071723 0.4444523281521267 0.008647961086697048 0.012400874385127315
0 0.32654761208428273 0.38539459793655956 0.009205351935492621 0.012211834942853009
0 0.4921076456705729 0.7975356207953559 0.009225209554036459 0.012462305139612268
0 0.3782191594441732 0.5152085763436777 0.00859820048014323 0.010678722240306714
0 0.5122414906819661 0.414491045916522 0.008778296576605903 0.012874631528501157
0 0.6792221493191188 0.7649825484664352 0.009333292643229166 0.01222794144241898
0 0.7307751973470051 0.5870365001537182 0.008665296766493056 0.01116191722728588
0 0.7523770226372613 0.6170435587565105 0.008967844645182292 0.011984592013888889
0 0.4683841281467014 0.7556062486436632 0.008831532796223958 0.01300670482494213
0 0.567566638522678 0.556916441740813 0.008612145317925347 0.01296844482421875
0 0.3579310523139106 0.31701925772207756 0.00916536119249132 0.012646145290798612
0 0.5845054838392469 0.38690588209364146 0.00907486809624566 0.011547597249348958
0 0.33805535634358724 0.4484603175410518 0.008663389417860243 0.011746809217664932
0 0.4821838590833876 0.8223561039677372 0.009869342380099826 0.012583753797743055
0 0.41490701039632166 0.8514483133951822 0.008515209621853299 0.011424142343026623
0 0.30444401635064017 0.5110024063675492 0.009143829345703125 0.012357754177517362
0 0.33768418629964186 0.6571998878761574 0.007439931233723957 0.009431287977430555
0 0.49531521267361106 0.5880249306007668 0.008559332953559028 0.011885635941116898
0 0.4469448301527235 0.2935089676468461 0.009404203626844618 0.012265636302806714
0 0.6686009724934897 0.7158739725748697 0.008753712972005208 0.011333154748987268
0 0.42338263193766273 0.29378828825774017 0.008793428209092883 0.01313923023365162
0 0.585590934753418 0.724241214328342 0.008697552151150173 0.011408770525896991
0 0.748695797390408 0.3581293459291811 0.009493509928385416 0.011628271032262731
0 0.49332711961534287 0.3416932989049841 0.007929144965277777 0.011383706552010995
0 0.6216816160413954 0.8445146913881656 0.009964540269639758 0.013142677589699074
0 0.6430567635430231 0.30686012550636577 0.008403057522243924 0.01104736328125
0 0.6516251458062067 0.22668541095874928 0.010403103298611112 0.013517125447591144
0 0.4381824281480577 0.8769915262858073 0.009346728854709201 0.012967314543547454
0 0.4416926489935981 0.5437175609447337 0.008397420247395834 0.010845043041087963
0 0.345787493387858 0.2621585845947266 0.009051640828450521 0.012125509756582754
0 0.38681030273437494 0.6584593878851996 0.008418189154730903 0.011021084255642362
0 0.4775444878472222 0.3355319552951389 0.007591840955946181 0.01049126519097222
0 0.28549966812133787 0.5750454372829861 0.008731820848253039 0.012418732819733798
0 0.4741278754340278 0.5549828988534433 0.009488847520616319 0.012284342447916667
0 0.5518521414862739 0.5676887229636863 0.006023957994249132 0.007968817816840277
0 0.34447487725151915 0.8101744192617911 0.00852097405327691 0.011555254900896992
0 0.7734651777479384 0.38625235380949796 0.008651479085286459 0.011648474799262152
0 0.39810596042209206 0.4593379974365234 0.008640543619791666 0.011264857539424189
0 0.5794187969631619 0.17321225625497327 0.007735400729709201 0.010270733303493923
0 0.31929208967420797 0.2964196240460431 0.008532757229275174 0.010773072419343171
0 0.5708589765760633 0.5182756777162905 0.008105807834201388 0.011886370623553239
0 0.6041703118218316 0.2461060841878255 0.009125434027777778 0.011812930636935764
0 0.27285412682427296 0.6064387851291232 0.008125940958658854 0.010396265100549768
0 0.6559020572238498 0.54228594744647 0.008324771457248263 0.010206095377604167
0 0.5620277404785157 0.4336743531403718 0.007498423258463543 0.010813592981409144
0 0.6829946729871962 0.2079200603343822 0.008877478705512153 0.013003879123263888
0 0.6465354919433594 0.7029192606608073 0.008058336046006944 0.009873397262008102
0 0.27674510743882924 0.4546599917941624 0.008859486050075955 0.011137418393735532
0 0.7218904707166884 0.5680574770326967 0.010185665554470487 0.012317911783854168
0 0.6591548367044965 0.8283466936944041 0.009347703721788194 0.011617024739583336
0 0.2385415924919976 0.4033464784975406 0.008642345004611545 0.01165093315972222
0 0.41762830946180557 0.7205967090747976 0.009569803873697916 0.01213638870804398
0 0.3417378168397901 0.577831806330917 0.010361904568142361 0.013601628056278936
0 0.6031216939290364 0.39880303276909723 0.009000396728515625 0.011636522081163194
0 0.2922416792975531 0.5273136845341435 0.007040384080674913 0.009701764142071759
0 0.5948548210991753 0.5931599934895834 0.008432176378038194 0.010907208478009259
0 0.69275025261773 0.5999265882703992 0.008282131618923612 0.011816858362268519
0 0.5471306906806097 0.3095200008816189 0.00908309088812934 0.011539798312717014
0 0.6185339185926648 0.1585543526543511 0.008756171332465278 0.012615585327148437
0 0.7396324581570094 0.26726304513436777 0.009166547987196181 0.012904047082971644
0 0.5337759653727213 0.5599574336299189 0.00820956759982639 0.011656584563078705
0 0.6258935928344727 0.2862964630126953 0.007000690036349826 0.009510548909505208
0 0.6463689168294272 0.5065763402868201 0.008559078640407987 0.011594588668258101
0 0.25179448657565645 0.6284528944227431 0.009060181511773003 0.012452076099537038
0 0.7004438188340929 0.31294452525951244 0.008334689670138888 0.011593204074435764
0 0.6805652830335829 0.7803236219618056 0.008614137437608508 0.01099254466869213
0 0.3033985455830892 0.35355861805103445 0.007811376783582899 0.010643994366681134
0 0.47705739339192704 0.42392677024558734 0.007678137885199653 0.010569706669560187
0 0.5050899929470486 0.3007844006573712 0.008639187282986112 0.011648757369429975
0 0.538633664449056 0.8324041861074941 0.009192869398328992 0.01316268355758102
0 0.5563181983100044 0.38449951454445164 0.00906829833984375 0.011878882514105902
0 0.7134717093573676 0.7573074905960648 0.008729595608181423 0.011432223849826388
0 0.7474798414442274 0.5150011698404948 0.00819210476345486 0.011028544108072918
0 0.5290742662217882 0.3002900865342882 0.00884246826171875 0.010992940266927083
0 0.5470567279391818 0.7239965368200232 0.008861668904622396 0.011287321867766204
0 0.2868358400132921 0.7323681584110966 0.008964326646592882 0.010887598108362269
0 0.38015602959526906 0.41223942791974105 0.008092244466145834 0.011029476589626736
0 0.2686994669737191 0.40600257397101985 0.010547086927625871 0.013604708071108218
0 0.38930979030177165 0.7970679525369724 0.011390643649631075 0.01668593795211227
0 0.5069928275214302 0.25239712750470195 0.009196514553493924 0.012904866536458332
0 0.3818281751666069 0.5002957795550144 0.009869697635405928 0.008882727871865299
0 0.39404192599042176 0.4353202701219254 0.00814250054920997 0.011185657320126694
0 0.3361630584546361 0.5672051360348676 0.0061933308939583044 0.007340244022469165
0 0.34287250025642435 0.5672051360348676 0.007225552709618128 0.01009283553089503
0 0.26769234468254144 0.6383137500025371 0.010322218156597174 0.011927896536512392
0 0.4677713399512504 0.6229451140804924 0.0072255527096179864 0.009634070279490814
0 0.46966374661329335 0.638313750002537 0.0075696266481712375 0.011010366033703676
0 0.5467363088492191 0.6041357387729153 0.008257774525277739 0.015139253296342615
0 0.5488007524805386 0.5497720564815033 0.008257774525277739 0.011010366033703747
0 0.5527576027739007 0.5009135572069432 0.0072255527096179864 0.011469131285108035
0 0.4901361459572111 0.48646245178770714 0.0072255527096179864 0.009175305028086384
0 0.46209411996512206 0.4362276567589342 0.00894592240238424 0.008716539776682098
0 0.37487137654187563 0.4123718636859095 0.0072255527096179864 0.012386661787916609
0 0.2623591986349662 0.50481306184388 0.009289996340937528 0.015598018547746903
0 0.5813157396738198 0.428887412736465 0.010666292095150354 0.012386661787916751
0 0.6143468377749307 0.36351336441134946 0.0072255527096180576 0.010092835530895102
0 0.5660044494082005 0.33782251033270755 0.007569626648171379 0.01192789653651225
0 0.5558542682208799 0.34080448446683564 0.009289996340937563 0.012386661787916538
0 0.560327229422072 0.3607607729029235 0.007225552709618128 0.01009283553089503
0 0.48893188717227476 0.35181485050053923 0.009634070279490672 0.009634070279490814
0 0.4803300387084438 0.3492916416178155 0.009634070279490814 0.011010366033703747
0 0.35543119901361764 0.3430983107238572 0.007569626648171308 0.012386661787916609
0 0.3850215577291962 0.3045620296058943 0.010322218156597174 0.01513925329634251
0 0.3817528553129405 0.27887117552725244 0.009289996340937563 0.012386661787916644
0 0.2783586367776919 0.3176368392709174 0.008945922402384277 0.011927896536512286
0 0.290057150688502 0.2529509388229083 0.009634070279490708 0.008257774525277775
0 0.32360435969744294 0.2050099700511569 0.007225552709618022 0.009634070279490743
0 0.4994261422981485 0.2141852750792433 0.009978144218043923 0.011469131285107964
0 0.5152535434715976 0.21235021407362603 0.010666292095150425 0.01330419229072529
0 0.6041966565876102 0.20455120479975256 0.011698513910809965 0.010551600782299388
0 0.45779319573320665 0.27955932340435885 0.00791370058672463 0.009175305028086384
0 0.44196579455975743 0.1600509754135335 0.0072255527096180576 0.009634070279490708
0 0.4541804193783975 0.16257418429625725 0.00894592240238417 0.01559801854774685
0 0.4834267041554229 0.11463321552450584 0.010322218156597174 0.014221722793533918
0 0.7151605017710301 0.22978329362699015 0.010666292095150567 0.010551600782299353
0 0.6373997916579978 0.289881541560956 0.009289996340937563 0.011469131285107998
0 0.7079349490614121 0.3265827616733017 0.0072255527096180576 0.010551600782299388
0 0.6835056994241319 0.3901217489928 0.0072255527096180576 0.011010366033703747
0 0.6749038509603011 0.41030742005459003 0.007913700586724559 0.009175305028086455
0 0.7648791858919733 0.43072247374208233 0.008257774525277881 0.0142217227935339
0 0.6351633110574018 0.5116945406149448 0.008257774525277668 0.011010366033703605
0 0.6654418176500869 0.5077950359780081 0.008945922402384383 0.013304192290725254
0 0.7401058623161398 0.5268337939112873 0.011010366033703605 0.011010366033703605
0 0.7688360361853356 0.5495426738558011 0.007225552709617915 0.012386661787916609
0 0.5627357469919447 0.5860145113424448 0.007225552709618128 0.008257774525277668
0 0.560327229422072 0.5885377202251685 0.009978144218043994 0.013304192290725254
0 0.5993796214478648 0.6479478202820279 0.008257774525277668 0.011927896536512321
0 0.6561518213091493 0.6864841013999907 0.011010366033703462 0.012845427039321037
0 0.7127519842011574 0.6399194283824524 0.007913700586724559 0.012386661787916538
0 0.6081535068809724 0.706899155087483 0.007913700586724559 0.009634070279490885
0 0.4904802198957643 0.6557468295559014 0.009289996340937492 0.011010366033703605
0 0.4904802198957643 0.6623989257012639 0.009289996340937492 0.007799009273873452
0 0.47895374295423077 0.6630870735783705 0.008257774525277739 0.011927896536512179
0 0.4493633842386521 0.64817720290773 0.006881478771064735 0.007799009273873452
0 0.49718966169755247 0.7364895138030616 0.006881478771064735 0.008257774525277881
0 0.5364140906926218 0.7527756802279149 0.00825777452527781 0.010551600782299459
0 0.5596390815449657 0.7708969076583857 0.00791370058672463 0.007340244022469165
0 0.5575746379136461 0.7796134474350677 0.0065374048325115555 0.008257774525277739
0 0.5365861276618985 0.7901650482173672 0.00860184846383099 0.011010366033703747
0 0.5417472367401971 0.7720438207868965 0.0065374048325115555 0.009634070279490743
0 0.557230563975093 0.8523277397826524 0.010666292095150496 0.013304192290725325
0 0.38760211226834557 0.7823660389434934 0.0072255527096180576 0.012845427039321037
0 0.2771543779927555 0.7107986597244197 0.012042587849363393 0.01376295754212947
0 0.2523810544169222 0.6623989257012639 0.0072255527096180576 0.012386661787916751
0 0.32842139483718824 0.6591875689414337 0.007913700586724488 0.011469131285108035
0 0.355259162044341 0.6605638646956464 0.011354439972256927 0.011469131285108035
0 0.32670102514442206 0.6770794137462022 0.007913700586724417 0.007799009273873452
