0 0.4938948525322809 0.3667095608181424 0.007691828409830729 0.01064910888671875
0 0.3001070976257324 0.6528862847222221 0.007225184970431857 0.009915387188946759
0 0.3841425789727105 0.4474725370053892 0.008173751831054687 0.011546749538845486
0 0.5681359397040473 0.15835372783519602 0.007858996921115451 0.01079817877875434
0 0.3358907911512587 0.5904943960684317 0.009403228759765625 0.012391945167824074
0 0.7025526258680554 0.6082531681767217 0.010089704725477431 0.012803197790075231
0 0.4385185029771593 0.7911385995370369 0.008356857299804687 0.012144074616608798
0 0.4587310367160373 0.2490210356535735 0.0074855380588107635 0.009930363407841435
0 0.40496372646755646 0.7681279782895689 0.008754136827256944 0.011581816496672453
0 0.5328435685899522 0.5305380079481337 0.008828650580512153 0.011651102701822917
0 0.5394220564100478 0.20815700248435692 0.007443322075737847 0.009662020647967303
0 0.5789459228515624 0.23262282477484805 0.007689666748046875 0.010456141719111689
0 0.35749218198988175 0.3219835352014613 0.007379934522840712 0.010532746491608796
0 0.31118101543850374 0.4571846714726201 0.007263035244411893 0.010196629276982061
0 0.7388982984754775 0.4936480769404658 0.0095123291015625 0.012548771610966436
0 0.7342934502495659 0.32354062398274736 0.00803375244140625 0.00993242617006655
0 0.5410848617553711 0.642937441225405 0.008047188652886285 0.012189511899594907
0 0.7171993679470486 0.42763098257559323 0.007762824164496528 0.010955527976707175
0 0.6651051415337456 0.23182457817925348 0.008490668402777778 0.01091167308666088
0 0.46596666971842443 0.5261616459599248 0.009339820014105903 0.013151719835069443
0 0.3852606667412652 0.6753497370967158 0.00878766377766927 0.011660031919126157
0 0.5987386703491212 0.3428398273609302 0.007430733574761285 0.00986726548936632
0 0.4378455268012152 0.7456979822229455 0.009043036566840277 0.012211213288483796
0 0.5231310738457574 0.35717329802336517 0.007953516642252604 0.01021773726851852
0 0.5625813590155707 0.26063013429994936 0.00795885721842448 0.010798051622178818
0 0.29968013763427737 0.28834188955801504 0.00872908698187934 0.012386463306568287
0 0.46432736714680983 0.3859838556360316 0.008850775824652778 0.011801458288122107
0 0.516025161743164 0.6383240028663918 0.008072323269314237 0.012154303656684028
0 0.4227218416002062 0.21975330070213037 0.007359356350368924 0.010208511352539062
0 0.569075796339247 0.7229081613046151 0.008843443128797743 0.012896106861255786
0 0.33971046871609156 0.4456790782787182 0.007568910386827257 0.010951289424189815
0 0.6345521291097006 0.21729183197021484 0.008980645073784722 0.012591510348849826
0 0.5380674786037869 0.43548948499891493 0.00890456305609809 0.01270152904369213
0 0.3235816425747341 0.5123724195692274 0.008112949795193142 0.010844082302517362
0 0.6790263917711046 0.6284690856933594 0.007713021172417535 0.010473915382667825
0 0.30466275744967997 0.2664051338478371 0.008582920498318143 0.01141428064416956
0 0.2819185045030382 0.3067686151575159 0.007898966471354166 0.0108922040020978
0 0.4210225423177083 0.16897815421775536 0.007867177327473959 0.010415211430302374
0 0.6875242657131618 0.7323278639051648 0.009421751234266492 0.011712250886140045
0 0.7160508473714192 0.5529167175292968 0.008658260769314237 0.010934730812355324
0 0.6650172763400607 0.6086078502513744 0.00972044203016493 0.012199966995804399
0 0.3293121337890625 0.5384884021900319 0.009458245171440973 0.013336351182725694
0 0.48791887495252817 0.7566019976580585 0.007951312594943576 0.01146132857711227
0 0.48419365353054467 0.7410591690628617 0.007897567749023438 0.01088149459273727
0 0.5558313793606228 0.5550867151331018 0.01005354987250434 0.011794478804976851
0 0.3909123102823893 0.6188981515389901 0.008036168416341145 0.01109229193793403
0 0.4290701972113715 0.6805865252459491 0.007763756646050347 0.010281824182581018
0 0.6152265760633681 0.7816231621636284 0.0082000732421875 0.011375144675925925
0 0.4213604397243923 0.699204451949508 0.007578108045789931 0.010926197193287038
0 0.4756443023681641 0.5850414417408131 0.007922702365451388 0.011237419976128472
0 0.6651777903238932 0.3169726053873698 0.008213467068142362 0.011433184588396992
0 0.44658870697021485 0.4893342759874132 0.008204269409179687 0.011093704788773149
0 0.5133603837754991 0.15461770516854745 0.008558993869357639 0.012904499195240162
0 0.34290390014648436 0.21647379839861836 0.00875104268391927 0.01150442052770544
0 0.4709151797824436 0.7580101860894096 0.007752482096354167 0.01070556640625
0 0.5335543219495591 0.3857585870762793 0.006934356689453125 0.008243052164713542
0 0.6163028928968642 0.7863805982801648 0.00807329813639323 0.010668549714265046
0 0.3222933027479384 0.31498182791250723 0.007530763414171007 0.010271905969690394
0 0.5286874135335285 0.7207007514105903 0.009659915500217013 0.011882188585069444
0 0.44527028401692703 0.6680825127495659 0.009352789984809028 0.01215537742332176
0 0.7697385999891495 0.4447039145010489 0.009094407823350694 0.01160196374963831
0 0.5978597429063585 0.8534276043927229 0.009261067708333333 0.011578425654658563
0 0.3748289532131619 0.27537104288736974 0.007314342922634548 0.010372416178385418
0 0.6594269010755751 0.45134794447157117 0.008739598592122396 0.012304630985966436
0 0.45379190607963804 0.30475364206847966 0.009148788452148438 0.012452471697771993
0 0.6066386964586046 0.5452499672218605 0.00701552497016059 0.009123908148871528
0 0.580592770046658 0.2575813010886864 0.006952328152126736 0.010039152922453705
0 0.36691106160481773 0.27356516520182295 0.006474134657118056 0.009151656539351852
0 0.3690920723809137 0.40366719563802084 0.008438746134440104 0.010987345377604167
0 0.3936199400160047 0.3770452428747106 0.00880444844563802 0.012430431224681713
0 0.7143379847208657 0.46505810772931133 0.007693354288736979 0.010485218189380786
0 0.37536034054226347 0.32411989282678677 0.007629267374674478 0.009251545093677663
0 0.40134239196777344 0.7987746062102141 0.00637054443359375 0.009523744936342593
0 0.5698786474721242 0.7092808320431766 0.006235631306966146 0.008623306839554399
0 0.46233031416904 0.17455466543031256 0.008486557006835937 0.01341742056387442
0 0.6303274154663087 0.2526603133590133 0.010326258341471354 0.013240220811631944
0 0.5712695015801325 0.6690292923538773 0.007187525431315105 0.00975997359664352
0 0.2913413392489371 0.6954601460778267 0.006568283776362626 0.009633482871998495
0 0.30283583585757173 0.4942517197285848 0.007225112153998907 0.009195597286907713
0 0.28099629230116596 0.5627808137953016 0.006896697965180713 0.00875771170181686
0 0.2512748082131251 0.4986305755794932 0.008538768909271396 0.013574453137816037
0 0.23715299809394544 0.5200869692489445 0.007881940531635188 0.008319826116725935
0 0.24257183220944462 0.5227142827594895 0.006896697965180749 0.006568283776362591
0 0.33239311285120365 0.4859318936118588 0.007225112153998907 0.01269868196763447
0 0.46310196000081993 0.6527663015314695 0.007225112153998907 0.015325995478179522
0 0.4814931545746353 0.6240847957080194 0.006568283776362733 0.010509254042180274
0 0.5199176146663568 0.659772470892923 0.0065682837763624494 0.014450224307997814
0 0.5800174112200749 0.5301583377060338 0.006568283776362662 0.010947139627271056
0 0.585600452429983 0.5288446809507613 0.005911455398726418 0.01007136845708942
0 0.5837941743914833 0.6705006677276486 0.0049262128322720145 0.009633482871998495
0 0.5862572808076193 0.6645892123289223 0.005254627021090173 0.009195597286907713
0 0.5818236892585744 0.6652460407065586 0.0062398695875444336 0.007006169361453658
0 0.49413710084413337 0.6591156425152868 0.0049262128322720145 0.009633482871998637
0 0.49118137314477023 0.6718143244829213 0.00558304120990826 0.0061303981912716665
0 0.3663839813938802 0.643132818659471 0.006239869587544505 0.01007136845708935
0 0.5194249933831295 0.4968790332391299 0.006239869587544505 0.009195597286907713
0 0.2368245839051273 0.4690732985858614 0.007225112153998907 0.010509254042180203
0 0.26523241123789565 0.40120103289678083 0.008210354720453275 0.009633482871998424
0 0.30102955781907204 0.38762657975896475 0.0068966979651807845 0.007881940531635151
0 0.2852656767558017 0.3598208451056963 0.00755352634281703 0.009195597286907713
0 0.3543968635020184 0.3074935176873406 0.009195597286907642 0.012260796382543617
0 0.3979117435204209 0.31252920191588535 0.008210354720453238 0.010071368457089313
0 0.3938065661601942 0.3239142271282472 0.007881940531635151 0.013574453137816142
0 0.40842099756260114 0.2943569501346154 0.007553526342816994 0.009633482871998566
0 0.40842099756260114 0.31143448795315826 0.005583041209908331 0.009633482871998566
0 0.41236196782841866 0.30880717444261324 0.006239869587544575 0.0070061693614534805
0 0.45981781811263867 0.40733143108805264 0.0052546270210901014 0.007881940531635151
0 0.45981781811263867 0.4149944288271423 0.0052546270210901014 0.009195597286907642
0 0.5314121112749913 0.39156755002478233 0.004597798643453999 0.007006169361453445
0 0.5282921764812191 0.38937812209932815 0.0036125560769995247 0.007881940531635222
0 0.47016286506040983 0.40733143108805264 0.006896697965180678 0.007881940531635151
0 0.46720713736104663 0.40426623199241674 0.00558304120990826 0.007881940531635151
0 0.5090799464353585 0.4432380490655017 0.005911455398726418 0.013136567552725253
0 0.5062884258304042 0.4528715319375001 0.006896697965180678 0.009633482871998566
0 0.5046463548863136 0.47170061209640646 0.00558304120990826 0.009633482871998495
0 0.5136777450788123 0.47607946794731487 0.007225112153998907 0.00875771170181686
0 0.5038253194142683 0.48352352289385914 0.006568283776362662 0.010509254042180203
0 0.44471076542700466 0.4491495044642281 0.0052546270210901014 0.010947139627271056
0 0.4190944586991904 0.46622704228277084 0.006568283776362662 0.01007136845708935
0 0.3699965374708797 0.1861992106171774 0.007553526342817065 0.012260796382543581
0 0.4392919313115054 0.22845516957844367 0.007553526342817065 0.010947139627271021
0 0.4269763992308255 0.2019630916804477 0.008538768909271325 0.009633482871998531
0 0.4246774999090986 0.15751770479372726 0.007225112153998907 0.009195597286907659
0 0.45669788331886635 0.144381137241002 0.0055830412099081884 0.011822910797452764
0 0.5947960497168906 0.14919787867700127 0.008538768909271396 0.01182291079745271
0 0.5920045291119367 0.16014501830427233 0.006239869587544505 0.013574453137816108
0 0.5813310679753474 0.18948335250535872 0.008538768909271468 0.010947139627271056
0 0.5708218139331671 0.19583269348917598 0.007225112153999049 0.011385025212361875
0 0.4724617643821367 0.24334327947153234 0.008867183098089555 0.013574453137816071
0 0.5100651890018127 0.28319086771479896 0.007225112153998907 0.013574453137816071
0 0.5747627841989846 0.31668911497424834 0.006568283776362662 0.010509254042180203
0 0.5967665348497995 0.32916885414933744 0.008538768909271396 0.01269868196763447
0 0.6069473747031615 0.31318603029352166 0.006568283776362662 0.014888109893088633
0 0.6264880189378403 0.3182217145220663 0.006896697965180607 0.010071368457089313
0 0.633056302714203 0.3180027717295209 0.008210354720453238 0.017515423403633646
0 0.6951265844008299 0.30399043300661394 0.009524011475725729 0.011385025212361838
0 0.6724660053723788 0.19014018088299506 0.008210354720453238 0.013136567552725253
0 0.5749269912933938 0.2166322587809909 0.005583041209908117 0.007444054946544334
0 0.6186060784062053 0.4167459711675058 0.005583041209908117 0.008319826116726006
0 0.6102315165913429 0.41893539909295996 0.00525462702109003 0.007444054946544227
0 0.6077684101752069 0.4296635959276856 0.00558304120990826 0.00875771170181693
0 0.7048148029709648 0.3981358338011449 0.007225112153999049 0.010509254042180132
0 0.7591673512203656 0.456374616618227 0.00952401147572587 0.009633482871998495
0 0.6432371425675651 0.4887781499149493 0.00689669796518082 0.012260796382543546
0 0.6734512479388332 0.500601060712402 0.007553526342816923 0.01138502521236191
0 0.6115451733466155 0.5115482003396731 0.005254627021090173 0.009633482871998495
0 0.6859309871139223 0.5238089967222166 0.010180839853362187 0.014012338722907103
0 0.6062905463255253 0.6586777569301961 0.007225112153998907 0.00788194053163508
0 0.730759523887597 0.69721168841819 0.00788194053163508 0.013136567552725041
0 0.6008717122100261 0.5487684750723947 0.00689669796518082 0.00788194053163508
0 0.7041579745933285 0.7186680820876412 0.009852425664544029 0.012260796382543475
0 0.6010359193044352 0.7790962928301775 0.00788194053163508 0.009633482871998495
0 0.6524327398544727 0.7821614919258135 0.006896697965180891 0.012260796382543475
0 0.6675397925401069 0.7893866040798124 0.006896697965180749 0.01007136845708942
0 0.6397887935849748 0.7528231577247272 0.004597798643453785 0.0061303981912716665
0 0.627801675693113 0.7466927595334554 0.006239869587544575 0.00788194053163508
0 0.6342057523750665 0.7449412171930919 0.00788194053163501 0.009633482871998495
0 0.4080925833737829 0.8134703112598086 0.006896697965180749 0.009195597286907713
0 0.39249290940492165 0.7952980594785387 0.006568283776362733 0.009633482871998495
0 0.3736090935478791 0.8088725126163547 0.006896697965180678 0.00875771170181693
0 0.38428255468446837 0.737278219454002 0.007881940531635151 0.011822910797452693
0 0.3923287023105126 0.7287394505447307 0.006239869587544575 0.009633482871998495
0 0.47147652181568234 0.7064072857050977 0.007553526342817065 0.009633482871998495
0 0.2985664514029361 0.7221711667683681 0.007881940531635117 0.009633482871998637
