0 0.6977649688720703 0.5807840700502749 0.007922024197048612 0.01054297553168403
0 0.6895101759168837 0.6632318002206309 0.007303280300564236 0.009642424406828705
0 0.5953318701850044 0.6017744841399015 0.007885826958550347 0.010014286747685185
0 0.3783202489217123 0.6616775795265482 0.00865313212076823 0.01125934742115162
0 0.40289601220024956 0.8055984497070312 0.00859574211968316 0.012082700376157407
0 0.3552912076314291 0.5178698504412615 0.006995455423990885 0.00906688548900463
0 0.4682458665635851 0.46612866719563806 0.008291456434461806 0.010297054714626736
0 0.6510787963867187 0.6528997350622106 0.0070964389377170135 0.009118313259548611
0 0.534546152750651 0.563957836009838 0.008043077256944444 0.010969939055266205
0 0.6166017108493381 0.4179421742757161 0.006928041246202257 0.009101387306495949
0 0.4889341142442491 0.7617898163972078 0.00893342759874132 0.011061887387876158
0 0.556377092997233 0.28042784796820747 0.010210545857747395 0.013677046034071182
0 0.66256103515625 0.5704253302680121 0.007852596706814235 0.010647074381510418
0 0.25710803137885196 0.4202880576804832 0.008036973741319444 0.010485048647280093
0 0.4769001007080078 0.8286571361400463 0.008270263671875 0.01100475169994213
0 0.6927170647515191 0.3193495856391059 0.008164554172092013 0.010472276475694445
0 0.6914794074164496 0.5333109537760417 0.0076076083713107635 0.010801188151041667
0 0.3993992911444769 0.2067021405255353 0.008411534627278646 0.010631646050347223
0 0.5495329327053494 0.5799814860026041 0.006712638007269966 0.00968028880931713
0 0.5158293194240994 0.5926474112051505 0.007733790079752604 0.009723804615162037
0 0.372815661960178 0.7480851632577402 0.007180107964409722 0.01157390453197338
0 0.2932061195373535 0.5648097568088107 0.00785117679172092 0.010289340549045138
0 0.6943544175889756 0.4904715361418547 0.008345116509331597 0.011128913031684028
0 0.6870509041680231 0.5756902058919271 0.008200454711914062 0.011768821433738426
0 0.3782949023776584 0.7157600120261862 0.008248350355360243 0.01006831416377315
0 0.40833839840359154 0.4069785789207176 0.009100892808702257 0.01182358353226273
0 0.3790025287204319 0.6034313343189381 0.009814071655273437 0.013094584147135414
0 0.6824805365668403 0.6290033411096644 0.007593112521701389 0.010254810474537038
0 0.39959723154703775 0.7869663662380643 0.00817519293891059 0.010652499728732638
0 0.3858316421508789 0.5761554576732495 0.006616253323025173 0.010379197862413194
0 0.5897195392184787 0.47229033576117624 0.007137171427408853 0.00991716738100405
0 0.287241956922743 0.6564945079662182 0.007892184787326388 0.010781916865596064
0 0.5060955471462674 0.3380825325294778 0.009307352701822917 0.011830280445240163
0 0.6511580573187934 0.4442208184136285 0.00617557101779514 0.008048728660300927
0 0.3009735955132378 0.4794664453577112 0.007540681627061631 0.009749631528501158
0 0.44794178009033203 0.8196297822175204 0.008913040161132812 0.012417659053096063
0 0.4344358656141493 0.5907173439308449 0.009704420301649306 0.014213505497685186
0 0.3973277621799045 0.4901219403302228 0.008119371202256944 0.010535628707320601
0 0.563691414727105 0.41884997332537616 0.009382035997178819 0.01216899730541088
0 0.32439615461561416 0.4828589545355902 0.008419375949435764 0.011897786458333332
0 0.34344802432590066 0.3641114128960503 0.007603539360894097 0.010313245985243056
0 0.5054027195753771 0.8147525303549312 0.008172565036349826 0.010620908383969906
0 0.686727566189236 0.37976416128653073 0.008719550238715278 0.010866687915943286
0 0.5039442486233181 0.890778887713397 0.007004504733615451 0.00924117476851852
0 0.48238470289442276 0.563524995026765 0.008590783013237848 0.011630588107638888
0 0.3881118897898913 0.29327543901229897 0.010899988810221355 0.015753004286024306
0 0.2741706106397841 0.5561696688156856 0.008702320522732204 0.010894605848524306
0 0.37730941772460935 0.25109709280508535 0.00817837185329861 0.011225636800130208
0 0.5231032901340061 0.2402247181645146 0.009526146782769097 0.013133395159686055
0 0.70611203511556 0.35361818384241184 0.008107503255208334 0.011331318042896412
0 0.3005913840399848 0.5210482562029803 0.007517496744791668 0.010178403501157406
0 0.4872812906901041 0.9131497701009116 0.006036970350477431 0.007807244194878472
0 0.4596348444620768 0.5340430365668403 0.00831252204047309 0.01063854076244213
0 0.32482005225287547 0.7172588772243924 0.00899505615234375 0.010823115596064813
0 0.4596113268179131 0.5736269626394589 0.007876078287760416 0.010562303331163194
0 0.2425380640585358 0.5501519186641337 0.010490862847606372 0.01107368856136226
0 0.3301478334086291 0.5442016705833463 0.0122408924923122 0.01353464535735327
0 0.31551847408854866 0.5155400686501277 0.0074639588367757526 0.014330800966609374
0 0.297604972880287 0.6013258355474699 0.011046659078428113 0.015525034380493566
0 0.3531368266258983 0.6160547143187073 0.011046659078428079 0.013136567552725253
0 0.4524074791550154 0.561319016182352 0.008359633897188842 0.010350022920328996
0 0.46031927552199753 0.5619161328892941 0.005672608715949537 0.009951945115701051
0 0.4150876849711368 0.5039958123159145 0.007762517190246783 0.011942334138841134
0 0.4162819183850208 0.49284963378632946 0.008956750604130974 0.011942334138841205
0 0.4079222844878321 0.4862813500099668 0.0077625171902466405 0.010748100724957013
0 0.480173406027821 0.47413997696881166 0.009553867311072963 0.015126956575865477
0 0.3779171699639937 0.5382305035139258 0.008061075543717705 0.010350022920328925
0 0.26834625424012615 0.41223887834915174 0.009852425664543994 0.011544256334213117
0 0.2767058881373149 0.3969128828709722 0.008061075543717777 0.00875771170181686
0 0.29864992711743554 0.3943253771408901 0.008359633897188842 0.010748100724957013
0 0.3165634283256973 0.39452441604320404 0.0083596338971887 0.011942334138841063
0 0.3088009111354505 0.38895132677841154 0.007762517190246783 0.010350022920328996
0 0.36612411500188796 0.372829175690976 0.007165400483304651 0.011544256334213117
0 0.37015465277374693 0.36984359215626567 0.006866842129833657 0.009553867311072963
0 0.36418348570432635 0.34993970192486373 0.006866842129833657 0.007961556092560685
0 0.324027387162473 0.3300358116934619 0.008359633897188842 0.010350022920328996
0 0.28640903462512335 0.33023485059577595 0.008359633897188842 0.011544256334213045
0 0.4636034174101789 0.40945233371675555 0.008061075543717777 0.010748100724957013
0 0.48136763944170513 0.40825810030287135 0.0077625171902466405 0.015525034380493566
0 0.49778834888261175 0.4120398394468377 0.007165400483304651 0.011942334138841134
0 0.5067450994867425 0.41880716212551433 0.009553867311072892 0.011942334138841134
0 0.44016658666270314 0.37680995373725634 0.007165400483304722 0.00995194511570091
0 0.4718137721306322 0.32008386657776094 0.008956750604130832 0.011942334138841097
0 0.45942360046158454 0.29998093744404497 0.008658192250659837 0.011544256334213082
0 0.4436000077276201 0.2709212577061983 0.007463958836775645 0.011544256334213082
0 0.46136422975914626 0.2747029968501645 0.008359633897188771 0.010350022920328925
0 0.4725601680143097 0.2870434087936337 0.008061075543717777 0.009553867311072928
0 0.4725601680143097 0.27868377489644497 0.008658192250659837 0.009553867311072963
0 0.465394767531005 0.1795624015440634 0.011046659078428079 0.008757711701816823
0 0.42076029368708623 0.25440102881413457 0.009553867311072963 0.012738489748097237
0 0.4725601680143097 0.2571875734465308 0.011643775785370068 0.012738489748097237
0 0.5913863926957792 0.2022528364078615 0.01104665907842815 0.012738489748097201
0 0.5760106374920212 0.32645311145180955 0.009553867311072821 0.011942334138841134
0 0.5737714498409885 0.34635700168321143 0.007463958836775788 0.010350022920328996
0 0.5675017244180969 0.39711192177328625 0.008061075543717777 0.012340411943469149
0 0.7532050202770768 0.39293210482469193 0.008061075543717919 0.01114617852958517
0 0.772760592429429 0.4190062010278284 0.008956750604130974 0.016321189989749598
0 0.7599225832301749 0.4542360867374098 0.008359633897188842 0.011942334138841205
0 0.7557427662815803 0.4490610752772453 0.0083596338971887 0.0111461785295851
0 0.6545314844549017 0.4305504573620415 0.007762517190246712 0.01234041194346922
0 0.6628911183520905 0.4253754459018769 0.00716540048330458 0.011544256334213188
0 0.6688622854215112 0.42736583492501723 0.007762517190246712 0.010748100724957013
0 0.7087198256098933 0.4819024941590584 0.007463958836775646 0.013136567552725253
0 0.647366083971597 0.5002140731719481 0.00597116706942046 0.00995194511570098
0 0.6660259810635364 0.5205160412079782 0.006866842129833657 0.00995194511570098
0 0.6764755234350224 0.5221083524264902 0.006269725422891526 0.010748100724957155
0 0.6493067132691587 0.5242977803519444 0.010449542371486018 0.010350022920328925
0 0.6355730290094914 0.528676636202853 0.008658192250659837 0.0111461785295851
0 0.5984025140023482 0.46796977099707704 0.0077625171902466405 0.008359633897188771
0 0.559440648874379 0.4536389700304677 0.006269725422891455 0.011544256334213045
0 0.569890191245865 0.4715524712387294 0.005672608715949537 0.010748100724957084
0 0.5772048709059052 0.4763294048942659 0.009553867311072892 0.009155789506444877
0 0.606165031192595 0.5225064302311183 0.00895675060413076 0.010748100724957013
0 0.6222871822800307 0.5688824944702848 0.008359633897188771 0.009553867311072963
0 0.6254220449914764 0.5625132495962362 0.006866842129833657 0.00875771170181693
0 0.6216900655730886 0.5414151259509501 0.005971167069420602 0.007961556092560756
0 0.7257376517577421 0.5324583753468193 0.008658192250659766 0.010748100724957013
0 0.7850014849217414 0.5780382839767296 0.010748100724957368 0.014330800966609374
0 0.6094491730807765 0.5985392909150736 0.0077625171902466405 0.009155789506444946
0 0.6249742074612701 0.5979421742081316 0.008956750604130903 0.012738489748097166
0 0.6564721137524634 0.6003306410358998 0.006866842129833657 0.009553867311072821
0 0.6527401343340756 0.6043114190821801 0.010150984018014952 0.010350022920329067
0 0.6946875829967551 0.5993354465243297 0.007463958836775646 0.012340411943469078
0 0.7133474800886944 0.6471047830796942 0.010748100724956942 0.013136567552725324
0 0.7264840476414198 0.6514836389306027 0.008956750604130974 0.008359633897188842
0 0.7085705464331581 0.6895000692725805 0.006568283776362591 0.009553867311072963
0 0.7623110500579432 0.6618336618509317 0.006568283776362591 0.010748100724957084
0 0.780523109619676 0.6295893596760607 0.005374050362478613 0.010748100724957155
0 0.7231999057532384 0.7211472547405094 0.006568283776362591 0.010748100724956942
0 0.6964789331175814 0.7356770946094328 0.008061075543717777 0.007961556092560898
0 0.676923360965229 0.7173655155965432 0.008956750604130832 0.010350022920328996
0 0.6718478689562215 0.7235357215682776 0.006568283776362733 0.009951945115701051
0 0.6021344934207363 0.6184431811464755 0.011046659078428079 0.014728878771237248
0 0.6052693561321821 0.6272008928482923 0.006568283776362662 0.009155789506444805
0 0.629601861940071 0.6588480783162214 0.008658192250659908 0.015126956575865335
0 0.5800411752638801 0.6634259730694438 0.0068668421298335855 0.011544256334213117
0 0.6197494362755269 0.6361576434524232 0.006866842129833514 0.012738489748097166
0 0.6012388183603232 0.7639406187380234 0.006866842129833728 0.010350022920328996
0 0.6087027771970989 0.7645377354449656 0.008658192250659837 0.009951945115701051
0 0.7028979377172084 0.7810579643370292 0.00716540048330458 0.007165400483304722
0 0.7014051459498531 0.7754848750722365 0.008359633897188842 0.011942334138841063
0 0.696926770647788 0.7868300925041356 0.0065682837763624494 0.008359633897188842
0 0.6764755234350224 0.8162878500466106 0.006866842129833657 0.00995194511570091
0 0.6681158895378335 0.7999666600568609 0.008061075543717777 0.016321189989749598
0 0.6748334524909316 0.8077291772471077 0.00716540048330458 0.013534645357353412
0 0.6113898023783382 0.8174820834604947 0.008061075543717848 0.010748100724956942
0 0.593625580346812 0.8087243717586778 0.008956750604130903 0.013932723161981358
0 0.5660089326507418 0.8168849667535527 0.0122408924923122 0.011146178529585028
0 0.4998782573569089 0.8393763627150368 0.006568283776362591 0.009951945115700767
0 0.47479935566534254 0.9086419007203155 0.006568283776362591 0.014728878771237533
0 0.45419882927584154 0.7366722891210028 0.00716540048330458 0.009155789506445017
0 0.47017170118654156 0.8039474381031414 0.008658192250659766 0.012340411943469149
0 0.5261513924623595 0.8041464770054554 0.009553867311072963 0.009553867311072821
0 0.5091335663145108 0.7293078497353842 0.007762517190246783 0.009553867311072963
0 0.5088350079610399 0.7422453783857955 0.007762517190246783 0.009951945115700767
0 0.4155355225013433 0.7567752182547189 0.009852425664543958 0.01353464535735327
0 0.401204721534734 0.7326915110747231 0.008658192250659837 0.011544256334212974
0 0.3938900418746937 0.7364732502186889 0.008359633897188771 0.011146178529585028
0 0.3883667123354797 0.7645377354449656 0.008061075543717777 0.009155789506445017
0 0.39374076269795816 0.7645377354449656 0.005672608715949537 0.008359633897188842
0 0.3577644811046992 0.7995685822522332 0.005971167069420602 0.010748100724956942
0 0.3644820440577973 0.8033503213961996 0.009255308957601897 0.010350022920328996
0 0.37433446972234136 0.8324100011340463 0.006866842129833657 0.010350022920328996
0 0.2889467806296271 0.7342838222932346 0.0074639588367757526 0.010748100724957084
0 0.35701808522102163 0.6926846917096047 0.007463958836775788 0.009553867311072963
0 0.35328610580263375 0.6906943026864646 0.005971167069420531 0.007961556092560614
0 0.35015124309118795 0.6916894971980346 0.006269725422891526 0.0075634782879326675
0 0.35268898909569174 0.6837279411054739 0.007762517190246783 0.009155789506444877
0 0.3431351217846188 0.6711884902596907 0.006568283776362591 0.008757711701816788
0 0.29909776464764204 0.6703923346504346 0.006866842129833692 0.008757711701816646
0 0.5052523077193873 0.6005296799382138 0.007165400483304509 0.009155789506444877
0 0.4821140353253827 0.6447163162519262 0.008061075543717705 0.013136567552725395
0 0.5192845503325257 0.5105640960922773 0.007762517190246712 0.011544256334213188
0 0.5146568958537248 0.5123554462131034 0.006269725422891597 0.00875771170181686
0 0.5160640186900181 0.5623666343561692 0.009139766874808544 0.011656514275118183
