0 0.6009391360812717 0.4338849668149595 0.01094733344184028 0.014588702166521993
0 0.6913148032294378 0.3541597295690466 0.01149126688639323 0.0154149090802228
0 0.5024669223361545 0.32575403849283857 0.011044226752387153 0.015294788501880787
0 0.41403959062364365 0.2557442700421369 0.009095382690429688 0.01220609876844618
0 0.25577834447224934 0.4595244513617622 0.010962528652615018 0.014737729673032407
0 0.49830731285942925 0.7983644838686343 0.010456212361653646 0.014824422200520833
0 0.4481473710801866 0.7678944905598958 0.009737226698133681 0.01332713939525463
0 0.44973937140570747 0.6555999755859375 0.010301971435546875 0.014496753833912038
0 0.5343832439846463 0.5922091166178386 0.009387249416775174 0.012702489782262731
0 0.628857676188151 0.7234826547128184 0.010617574055989586 0.014787575050636574
0 0.3239304436577691 0.6850662514015481 0.009791904025607638 0.012067045988859954
0 0.249731805589464 0.6006405300564236 0.01080555386013455 0.014637134693287037
0 0.4433063100016777 0.7486537350065086 0.008306622056503907 0.008977892099517215
0 0.6340062035454643 0.4975877832483362 0.009753333197699653 0.012567760326244213
0 0.6592984093560114 0.8694625289351852 0.010114034016927086 0.013619656032986111
0 0.3528286192152235 0.35526373121473526 0.010033798217773438 0.012957170274522568
0 0.381651857164171 0.721972910563151 0.011074998643663195 0.014058035391348377
0 0.3907021416558159 0.4992646393952546 0.010195838080512155 0.013838365342881943
0 0.6762853198581272 0.5961889478895399 0.01038983662923177 0.013113120750144676
0 0.7600326114230685 0.6168332700376158 0.00986540052625868 0.011637369791666664
0 0.26451101491843065 0.5607118218363358 0.0063308943326136815 0.007827287538504209
0 0.2668707118969503 0.5670043471123882 0.005525144144826548 0.008441192443484838
0 0.2667556047272664 0.5571818686326968 0.005064715466091023 0.007213382633523295
0 0.29426621828171495 0.5715318957866209 0.005525144144826513 0.007366858859768613
0 0.29075544960635646 0.566850870886143 0.004489179617671546 0.007827287538504209
0 0.28914394923078207 0.5736805629540536 0.004489179617671546 0.007980763764749313
0 0.277172803583658 0.5520404150534833 0.0056402513145103585 0.006752953954787913
0 0.27976271490154536 0.5560307969358579 0.005294929805458715 0.006446001502297563
0 0.28839575262783684 0.5825054459631516 0.005525144144826477 0.008134239990994488
0 0.2759066247171353 0.582428707850029 0.005410036975142596 0.007673811312258963
0 0.28094974210699625 0.5816040875300107 0.005913661806338233 0.010603807376882485
0 0.44418719989919514 0.4278488805652161 0.0081567749052941 0.01522597982321571
0 0.5472684427648499 0.1605785561684116 0.004690145570544146 0.009244344892666696
0 0.5442096521753645 0.1569080074610292 0.005097984315808759 0.008428667402137276
0 0.5737779612070558 0.36449792880076504 0.00917637176845595 0.015769764816901954
0 0.7779029966827872 0.4046804234636026 0.00425896527830389 0.006446001502297563
0 0.776061281967845 0.400306351015615 0.004489179617671653 0.007520335086013859
0 0.774104460083219 0.40445020912423485 0.004028750938936128 0.007213382633523438
0 0.779226729134152 0.3946277306445433 0.004374072447987629 0.007213382633523509
0 0.7762914963072128 0.38764456235038763 0.005640251314510465 0.007366858859768613
0 0.7695577268807053 0.37605710726887653 0.005525144144826442 0.006906430181033088
0 0.7642052434904048 0.37644079783448947 0.00633089433261361 0.006752953954787913
0 0.7591405280243139 0.39662292158573065 0.004489179617671653 0.007827287538504209
0 0.7625937431148304 0.3974670408300791 0.004258965278303748 0.006446001502297563
0 0.7651836544327179 0.39508815932327884 0.0046042867873552495 0.006906430181033159
0 0.7164589281993091 0.622693511346434 0.006204276445961483 0.009285311687833513
0 0.7920498065307163 0.5502680801813334 0.005191333352743186 0.009960607083312282
0 0.8069907171556846 0.5491707251636804 0.003925154486220351 0.008778840141224294
0 0.801530998890142 0.5481272290976751 0.0052949298054588215 0.008901621122220576
0 0.7959483011604737 0.5472063717402039 0.005410036975142418 0.008287716217239663
0 0.7749987962780065 0.5782085694417305 0.00633089433261361 0.007059906407278263
0 0.7878332456977596 0.5841174041521698 0.005064715466091059 0.007827287538504138
0 0.7987684268177287 0.6054505996002498 0.0046042867873552495 0.006599477728542738
0 0.7984231053086771 0.6006160984735266 0.005294929805458537 0.006139049049807142
0 0.7947396758787929 0.5904099294282221 0.005294929805458679 0.00782728753850428
0 0.6730184790903084 0.5848421212008972 0.006488343674665771 0.008898299896684492
0 0.6483760498654308 0.7299706110448362 0.005197999715906434 0.005749302716078261
0 0.6567046630465989 0.7291436565445784 0.0055524087874455575 0.008505817716937685
0 0.6613119809766068 0.7191020661843046 0.00389849978692979 0.006536878430609505
0 0.6562911857964698 0.7189445510413985 0.00378036342974994 0.005591787573171985
0 0.4427702256569923 0.7416497332498893 0.007103263441192525 0.0081710742852934
0 0.4918144787218887 0.6028212768560454 0.004290358142762898 0.008371430522464465
0 0.5021218025526729 0.5711493647127217 0.004604286787355392 0.005860001365725153
0 0.5040576958609928 0.5656381729520994 0.00554607272113266 0.007673811312258963
0 0.4974128728837867 0.565847458715161 0.004813572550417007 0.005580953681642953
0 0.4957385867792939 0.5694053166872084 0.004395001024293776 0.0054414298396017816
0 0.4821873336210547 0.5520345983530948 0.0047089296688862 0.006697144417971472
0 0.37047456313191135 0.8477921107113806 0.007078193099635399 0.0096622953423595
0 0.28890681407897 0.8103788043275935 0.006741136285366984 0.01303286348504301
