0 0.5689612282647026 0.23132533320674187 0.007957161797417536 0.010388409649884259
0 0.6698561562432183 0.5788271586100261 0.007972166273328992 0.010901952672887731
0 0.45254222022162544 0.43004605328595197 0.009160741170247396 0.010892514829282407
0 0.2938326941596137 0.39905375727900755 0.007889302571614583 0.010775530779803241
0 0.39605216979980473 0.23087698618570965 0.008598581949869791 0.011873132211190683
0 0.44054743448893235 0.6520976878978588 0.0076588100857204865 0.009410151728877315
0 0.5608237160576715 0.26340960749873404 0.008917278713650174 0.011423040319372106
0 0.4146052254570855 0.3349988866735388 0.008821148342556423 0.013102326569733796
0 0.6135251575046116 0.6740706267180266 0.007855606079101563 0.012007084599247686
0 0.3265784051683214 0.7382075557002313 0.007413800557454427 0.009159794560185185
0 0.664849853515625 0.6543851216634116 0.008954620361328125 0.011484386302806713
0 0.41933937072753913 0.6700653358742044 0.008484903971354167 0.01190044261791088
0 0.467208735148112 0.21743827395968968 0.009146965874565972 0.012866309837058738
0 0.5102423773871528 0.6947755884241176 0.00991880628797743 0.012378664369936343
0 0.5246249940660265 0.18580508761935766 0.007671907212999132 0.011489105224609376
0 0.49697352515326615 0.5552677860966435 0.007537545098198785 0.010389313874421298
0 0.34440826839870875 0.7911148636429398 0.008392249213324652 0.01091252079716435
0 0.42570997873942057 0.6016862657335069 0.010060416327582467 0.01184703685619213
0 0.5239489661322699 0.5429407755533854 0.007763671875 0.010652330186631944
0 0.72990476820204 0.3624101426866319 0.009149848090277777 0.012630377875434027
0 0.578665033976237 0.5704402217158565 0.008033243815104167 0.010576601381655093
0 0.37423246171739366 0.43998428627296726 0.008158662584092882 0.011412811279296876
0 0.4413283030192057 0.752048972800926 0.006999121771918403 0.009557201244212964
0 0.3872075610690646 0.8101492705168547 0.00844044155544705 0.012013357656973377
0 0.6556662453545463 0.40542355290165655 0.008063125610351562 0.009574409767433449
0 0.5262864218817817 0.37218230918601714 0.008154847886827257 0.011197436297381368
0 0.44508429633246527 0.8053202311197917 0.009642283121744791 0.013527199074074075
0 0.4153649224175347 0.7529882360387731 0.008666568332248263 0.011147732204861111
0 0.39993495941162105 0.7660863523130064 0.00826064215766059 0.011605439362702545
0 0.37405096689860023 0.6509825812445748 0.007330873277452256 0.009988685890480324
0 0.37805018954806857 0.3029630166512948 0.008602820502387153 0.012762648970992475
0 0.6809492958916559 0.4244247577808521 0.008046764797634548 0.010905428285951969
0 0.42271222008599174 0.8178879066749855 0.008582856920030382 0.012111352991174768
0 0.5837166680230035 0.8087596752025463 0.007936689588758681 0.010616726345486112
0 0.4453343073527018 0.18962567647298176 0.009509234958224826 0.011833756058304399
0 0.5112099329630534 0.4412959346064815 0.007899093627929687 0.010351788556134257
0 0.27387584050496416 0.6999070344147859 0.009386041429307726 0.011059796368634259
0 0.5622816509670681 0.45216140747070305 0.007412338256835937 0.011169998734085649
0 0.34050731658935546 0.5446472733109086 0.007512537638346354 0.011079011140046295
0 0.7307520124647353 0.74500978257921 0.009454769558376735 0.011486194751880787
0 0.4352692074245877 0.7381013093171298 0.007719590928819444 0.010231526692708333
0 0.45900533464219834 0.6925218370225693 0.006762568155924479 0.009000990125868056
0 0.5962562137179904 0.6330533345540365 0.007309383816189235 0.010611244484230325
0 0.550707032945421 0.1921875 0.008539835611979166 0.011960714834707755
0 0.37248475816514753 0.7159604955602574 0.0071624755859375 0.009780149106626158
0 0.34437947803073454 0.6342020670572917 0.008765390184190537 0.011048041449652778
0 0.5965569390190972 0.4030232182255497 0.007883707682291666 0.011520555284288194
0 0.29344815148247616 0.3440404680040147 0.009881676567925348 0.015400667543764467
0 0.4023149066501193 0.6453302454065393 0.007224400838216145 0.009870288990162037
0 0.26238281461927626 0.6103170889395254 0.007671292622884115 0.012118869357638888
0 0.6753246731228298 0.44255016468189373 0.008122338189019097 0.011058016176576969
0 0.7797821468777127 0.6177939803512009 0.008123355441623265 0.01110687255859375
0 0.6950960371229384 0.5850607412832755 0.007636176215277778 0.010326809353298612
0 0.361583321882104 0.34517597157435714 0.008115280999077691 0.01107005366572627
0 0.5909212324354383 0.3559290850604022 0.008601972791883681 0.011268389666521989
0 0.2956836348743818 0.7303201589880078 0.006549263000488281 0.009229137279369214
0 0.3110264191044452 0.5127521332752685 0.008742385706338698 0.011656514275118277
0 0.24873692094678218 0.5529671075244263 0.007431027850387899 0.009325211420094561
0 0.2850178216280876 0.5806513289278322 0.007431027850387863 0.007576734278826791
0 0.2754011973511151 0.6010502289092889 0.005682550709120093 0.009908037133850484
0 0.2887333355532815 0.6030901189074346 0.006993908565070903 0.009325211420094561
0 0.29310452840645085 0.6030901189074346 0.006119669994437054 0.01282216570262996
0 0.27452695878048117 0.6386424874465452 0.007431027850387899 0.010490862847606409
0 0.26775160985806873 0.640099551730935 0.006993908565070868 0.009908037133850484
0 0.36238793512918477 0.6604984517123919 0.007431027850387863 0.009908037133850484
0 0.4028214690210011 0.6572929102867343 0.010490862847606409 0.009325211420094633
0 0.4474076361233283 0.6709893145599983 0.008742385706338639 0.00874238570633878
0 0.4445663607687682 0.6383510745896673 0.007431027850387934 0.012239339988874179
0 0.526526226765693 0.6511732402922974 0.00786814713570486 0.012239339988874179
0 0.5378913281839334 0.6441793317272264 0.00786814713570486 0.00874238570633885
0 0.5431367596077367 0.6438879188703485 0.009616624276972558 0.009325211420094704
0 0.5416068421091274 0.633105643165864 0.006556789279754014 0.00874238570633878
0 0.5868486881394299 0.6348541203071317 0.008742385706338639 0.012239339988874179
0 0.5890342845660146 0.6409737903015689 0.00699390856507101 0.010490862847606409
0 0.5643370449456079 0.5739488332196392 0.004808312138486244 0.008159559992582714
0 0.5676154395854849 0.5809427417847101 0.006119669994437018 0.008159559992582643
0 0.5754835867211896 0.5876452374929031 0.00874238570633878 0.008742385706338568
0 0.5604029713777554 0.5955133846286078 0.010053743562289554 0.011656514275118254
0 0.468826481103858 0.5981361003405093 0.00786814713570486 0.008742385706338568
0 0.47385335288500274 0.5972618617698755 0.007431027850387792 0.008159559992582856
0 0.48259573859134136 0.5925992560598283 0.007431027850387792 0.010490862847606409
0 0.48871540858577844 0.5917250174891945 0.007431027850387934 0.009908037133850555
0 0.433201259350528 0.5518014560969146 0.009179504991655634 0.011656514275118254
0 0.4412879661288912 0.5016784447139062 0.01049086284760648 0.008159559992582785
0 0.5051073817851635 0.5258657118347765 0.00874238570633878 0.008742385706338708
0 0.48368853680463375 0.46292053474913814 0.008742385706338708 0.013404991416385953
0 0.52412207069645 0.45038978190338597 0.009179504991655705 0.011656514275118254
0 0.5879414863527223 0.4378590290576339 0.006556789279754014 0.012239339988874108
0 0.5820403760009437 0.4448529376227049 0.008742385706338708 0.0145706428438978
0 0.5496935488874907 0.4253282762118819 0.00786814713570486 0.010490862847606409
0 0.5118827307075758 0.39618699052408635 0.011802220703557182 0.008159559992582785
0 0.49046388572704613 0.41367176193676364 0.008305266421021784 0.009325211420094633
0 0.47013783895980876 0.39676981623784224 0.008742385706338708 0.010490862847606338
0 0.4262073507854569 0.39385568766906265 0.009179504991655492 0.01049086284760648
0 0.3818397433257883 0.4005581833772557 0.008742385706338708 0.013404991416385953
0 0.3846810186803484 0.4052207890873029 0.010053743562289483 0.007576734278826791
0 0.40260290937834253 0.4218313219293464 0.007431027850387934 0.013987817130141878
0 0.3971389183118809 0.4235797990706142 0.008742385706338639 0.010490862847606409
0 0.37724999082996047 0.41338034907988574 0.009179504991655492 0.009908037133850484
0 0.37746855047261896 0.4195000190743228 0.006993908565070938 0.008159559992582714
0 0.3451217233591659 0.4355277262026103 0.007868147135704788 0.012239339988874179
0 0.3685076051236218 0.4008495962341335 0.006556789279754014 0.010490862847606409
0 0.3757200733313512 0.39560416481033045 0.006993908565070939 0.008159559992582785
0 0.3315710255143409 0.4101748076542282 0.00524543142380324 0.009325211420094561
0 0.3287297501597809 0.4049293762304249 0.005682550709120164 0.008159559992582785
0 0.31802032766951605 0.4229969733568582 0.008742385706338673 0.015153468557653654
0 0.3210801626667346 0.4329050104907087 0.009616624276972524 0.008159559992582714
0 0.3191131258828084 0.4483498919052403 0.008305266421021749 0.008742385706338639
0 0.3178017680268575 0.45738369046845706 0.011802220703557176 0.011656514275118268
0 0.26228761879160706 0.49351888472132344 0.006556789279753978 0.01049086284760648
0 0.2799909498469429 0.36325733769687746 0.008742385706338602 0.011073688561362403
0 0.3654477701264032 0.36121744769873176 0.007431027850387792 0.012822165702630102
0 0.34009485157802116 0.3370301805778614 0.010053743562289412 0.007576734278826933
0 0.44216220469952505 0.27816478348851437 0.011365101418240257 0.013404991416385953
0 0.4482818746939622 0.262137076360227 0.007868147135704788 0.008159559992582714
0 0.44478492041142664 0.2574744706501796 0.006993908565070939 0.008159559992582785
0 0.4460962782673774 0.25018914922823066 0.008742385706338639 0.008742385706338639
0 0.45046747112054675 0.24057252495125817 0.006993908565070939 0.010490862847606409
0 0.4996433907187018 0.23765839638247863 0.009179504991655705 0.011656514275118254
0 0.5013918678599696 0.26126283778959297 0.007431027850387863 0.011073688561362295
0 0.4994248310760433 0.33353322629532584 0.008742385706338587 0.013404991416385953
0 0.45156026933383914 0.3862789533902359 0.011802220703557182 0.015153468557653725
0 0.5173467217740375 0.3891930819590154 0.006119669994437018 0.013987817130141878
0 0.5757021463638482 0.3574290805593182 0.007431027850387792 0.012239339988874108
0 0.6253151852473201 0.3256650791596212 0.00786814713570486 0.0163191199851655
0 0.6170099188262984 0.3151742163120147 0.006993908565070868 0.010490862847606443
0 0.6244409466766861 0.3533493005630269 0.006993908565070939 0.011073688561362332
0 0.5691453570840942 0.19044951356824982 0.009179504991655634 0.01165651427511822
0 0.5923126792058916 0.2912783620480224 0.006556789279754014 0.009325211420094596
0 0.6307791763137817 0.28486727919670735 0.008305266421021784 0.012822165702629996
0 0.46511096717866407 0.38569612767648 0.006556789279754014 0.012822165702630102
0 0.6742725452028165 0.28778140776548694 0.006993908565070797 0.009325211420094633
0 0.6784251784133274 0.2927354263324122 0.007431027850387863 0.009908037133850484
0 0.7208257490890699 0.2991465091837272 0.008305266421021713 0.012239339988874142
0 0.7177659140918513 0.3096373720313336 0.007431027850387863 0.007576734278826827
0 0.6156985609703475 0.4177515419330551 0.00699390856507101 0.010490862847606409
0 0.6504495441530436 0.4801138933049376 0.009179504991655563 0.013987817130141807
0 0.7713130265431758 0.5002213804295164 0.006993908565070797 0.012239339988874179
0 0.7798368526068561 0.5083809404220991 0.0074310278503880054 0.013404991416385813
0 0.6209439923941507 0.582108393212222 0.008742385706338568 0.010490862847606338
0 0.6650930402111609 0.6042557703349466 0.010490862847606338 0.009325211420094561
0 0.7398404380003566 0.6095012017587497 0.007868147135704788 0.013987817130141878
0 0.7684717511886157 0.6197006517494783 0.007431027850387863 0.012239339988874179
0 0.7619149619088617 0.588228063206659 0.008305266421021713 0.009908037133850484
0 0.5975581106296948 0.6581671488573682 0.006556789279754014 0.01107368856136219
0 0.4832514175193168 0.7138270045210576 0.009616624276972487 0.01049086284760648
0 0.4806287018074151 0.7170325459467152 0.009616624276972487 0.013404991416385882
0 0.5811661374303099 0.7286890602218334 0.008742385706338496 0.009908037133850484
0 0.5973395509870363 0.7514192630583139 0.011365101418240257 0.014570642843897872
0 0.6664043980671118 0.7592874101940187 0.007868147135704788 0.01049086284760648
0 0.6670600769950872 0.7464652444913886 0.008305266421021713 0.015153468557653583
0 0.6849819676930815 0.7385970973556839 0.011802220703557253 0.014570642843897872
0 0.6924129955434694 0.7528763273427037 0.007431027850387722 0.011656514275118183
0 0.6854190869783983 0.8018336872982001 0.010927982132923404 0.010490862847606338
0 0.612638725973129 0.7887201087386921 0.006993908565070868 0.011073688561362332
0 0.5787619813610667 0.7957140173037632 0.008305266421021713 0.016901945698921422
0 0.5092600149956743 0.8268951929897044 0.01005374356228934 0.01049086284760648
0 0.544229557821029 0.7278148216511995 0.009179504991655634 0.012822165702630173
0 0.6255337448899786 0.869150057237008 0.015299174986092652 0.01806759712643327
0 0.4141865704392413 0.8708985343782757 0.008742385706338708 0.012239339988874179
0 0.449156113264596 0.7033361416734515 0.006119669994437018 0.01049086284760648
0 0.34184332871928885 0.8312663858428738 0.012676459274191032 0.02039889998145682
0 0.3271998326611717 0.8207755229952673 0.010490862847606409 0.01457064284389773
0 0.2799909498469429 0.7138270045210579 0.006119669994437054 0.010490862847606338
0 0.3612951369158924 0.6881826731157977 0.006993908565070868 0.00932521142009449
0 0.5539119200302011 0.229046545859837 0.007743834782153556 0.009292601738584204
