0 0.35695717069837785 0.5788254631890191 0.009225357903374566 0.012231162742332175
0 0.5768971549140083 0.48987195050274884 0.008407380845811632 0.01137378833912037
0 0.37213931613498263 0.5436518633807147 0.008349355061848958 0.01083515308521412
0 0.6591282314724393 0.254970536408601 0.008770412868923612 0.011084012632016782
0 0.428772947523329 0.36052395855938946 0.008676740858289931 0.011413517704716436
0 0.40952824486626516 0.4696613594337746 0.007712597317165799 0.010442860921223958
0 0.30123505062527123 0.4076008549442997 0.008998446994357638 0.01170970775462963
0 0.3365199300977919 0.6007927223488136 0.007752037048339844 0.010511158130787037
0 0.42827830844455295 0.700200370506004 0.007833438449435765 0.01048114917896412
0 0.6309516059027778 0.7610219602231626 0.009695010715060765 0.013006987395109955
0 0.636865954928928 0.23291099689624928 0.009063720703125 0.011717068707501449
0 0.3456490728590223 0.3421339670817058 0.007471783955891927 0.009587973135489005
0 0.598478635152181 0.3321009035463686 0.007677163018120659 0.010759706850405093
0 0.35353768666585283 0.7549718503598813 0.00925246344672309 0.012791103786892362
0 0.41127696567111544 0.6623346681948061 0.008763631184895834 0.011568592212818286
0 0.39463193681505 0.7203301041214555 0.009214486016167535 0.012331192581741899
0 0.6565281762017144 0.8363765575267651 0.009251064724392362 0.012056703920717593
0 0.49579486846923826 0.8168882016782407 0.008509021335177952 0.011659975405092593
0 0.5692668914794922 0.6549530877007379 0.008207194010416667 0.011242732295283563
0 0.37204882303873704 0.3369477166069879 0.009125773111979167 0.01375664605034722
0 0.4316678788926867 0.5417119626645689 0.007622612847222222 0.009696508336950231
0 0.5395454406738281 0.30070186191134984 0.008493211534288194 0.011027329056351273
0 0.32444895638359916 0.7355454621491608 0.008865208095974393 0.01158458568431713
0 0.405488035413954 0.6769962734646268 0.007820298936631944 0.01010284423828125
0 0.3296969943576389 0.2959293789333768 0.009731292724609375 0.012759173357928241
0 0.3687837812635633 0.37968974643283426 0.007981618245442709 0.010661457203052662
0 0.7555774264865451 0.5331760830349392 0.008999972873263888 0.011562940809461806
0 0.29395261340671114 0.477445560031467 0.008228238423665364 0.011950740107783565
0 0.5693641026814779 0.1894344400476526 0.009210501776801215 0.01239235489456742
0 0.6032977210150824 0.6828656514485677 0.008672078450520834 0.011312809696903936
0 0.7048538843790689 0.40486775151005494 0.008930079142252604 0.011721858271846065
0 0.557320319281684 0.8043507328739872 0.008825514051649306 0.01238425925925926
0 0.5039156383938259 0.3727115489818432 0.007735231187608506 0.009804619683159722
0 0.76708984375 0.5110448201497395 0.00769382052951389 0.010777226200810185
0 0.28991504245334204 0.6847289191351996 0.00965224372016059 0.013451074670862269
0 0.3382090674506293 0.7797308745207608 0.00828658209906684 0.010906812879774306
0 0.5532629013061524 0.19767110612657338 0.00838669670952691 0.011529752943250869
0 0.5644369973076714 0.4112338595920139 0.008673392401801216 0.010885337547019676
0 0.5149323993259006 0.36161938420048473 0.008751551310221354 0.011516062418619792
0 0.6030603832668728 0.2567034120912905 0.00884106953938802 0.011153609664351851
0 0.4711155633689199 0.18021167039563246 0.007797325981987847 0.009723239474826388
0 0.47911350067980124 0.4757383004691514 0.008161756727430556 0.010847699200665507
0 0.3837228563096789 0.5289856804741754 0.008064100477430556 0.011419508192274306
0 0.4390814675225152 0.7084906118887443 0.008103391859266493 0.01116378219039352
0 0.4848801506890191 0.6712349503128618 0.008494483100043403 0.011041316279658564
0 0.39496419694688584 0.43562362105758107 0.007498719957139756 0.010096966778790508
0 0.6585315916273329 0.42235243055555555 0.009148788452148438 0.011635843912760417
0 0.4576887554592557 0.595009669551143 0.007806354098849827 0.009983938711660879
0 0.6640617582533095 0.236848188329626 0.007487275865342881 0.009966772573965567
0 0.5857084896481816 0.21441214969772118 0.007212999131944444 0.010172059800889756
0 0.5267642550998264 0.8314464710376882 0.0083160400390625 0.010691720468026623
0 0.6145565880669488 0.24842193038375288 0.008080376519097222 0.012255124692563657
0 0.4047401428222656 0.7978562531647859 0.007807498508029514 0.011296590169270836
0 0.5337231742011177 0.7977264404296875 0.008956188625759549 0.01239013671875
0 0.3579410235087077 0.6392923708315249 0.00853065914577908 0.011965546784577546
0 0.4305617226494683 0.6376974600332755 0.007624435424804688 0.010768975151909723
0 0.6626667022705078 0.3368953139693649 0.0075836181640625 0.010692822491681136
0 0.5051339043511285 0.5482052838360822 0.009034050835503472 0.012065746166087963
0 0.42735415564643014 0.3255443290427879 0.00886395772298177 0.01155873051396123
0 0.6101281483968098 0.7897265964084201 0.009282853868272569 0.011546043113425926
0 0.42816715240478515 0.73934896963614 0.007253477308485243 0.009108366789641205
0 0.3906800164116753 0.5888501202618635 0.008173794216579862 0.011164686414930555
0 0.5564371244696823 0.26898888965026946 0.007849163479275174 0.010285921450014468
0 0.23969982225101258 0.5911751123954682 0.008742385706338708 0.013404991416385953
0 0.25915163044761613 0.5378465595868023 0.009179504991655598 0.011656514275118183
0 0.34307853322846726 0.4821867039231128 0.007431027850387863 0.013404991416385953
0 0.35182091893480594 0.43148086682634856 0.009179504991655563 0.01107368856136226
0 0.3706170482034341 0.4227384811200099 0.015299174986092724 0.01457064284389773
0 0.43115806921982935 0.47490138250116387 0.009616624276972416 0.011656514275118183
0 0.4189187292309552 0.4836437682075026 0.006993908565070939 0.010490862847606338
0 0.44580156527794657 0.6048715166687321 0.007431027850387722 0.011656514275118112
0 0.4436159688513619 0.61798509522824 0.010053743562289412 0.013404991416385813
0 0.45694810705352834 0.6471263809160355 0.013987817130141949 0.0145706428438978
0 0.43596638135831556 0.6544117023379846 0.007868147135704717 0.010490862847606338
0 0.4466758038485804 0.6689823451818822 0.007431027850387934 0.009325211420094633
0 0.47268440132493794 0.4510055282371715 0.00786814713570486 0.010490862847606409
0 0.4735586398955718 0.4410974911033211 0.00699390856507101 0.011656514275118183
0 0.4801154291753258 0.4434287939583447 0.005245431423803169 0.010490862847606338
0 0.46940600668506094 0.4422631425308329 0.006556789279754085 0.011656514275118254
0 0.30417491683526016 0.3023849712294143 0.009179504991655598 0.010490862847606338
0 0.49016917273761523 0.20243036132027561 0.00874238570633878 0.012239339988874108
0 0.5030641916544648 0.19747634275335038 0.007431027850387863 0.010490862847606372
0 0.50087859522788 0.20388742560466538 0.011802220703557182 0.010490862847606409
0 0.5533329094659121 0.2478907669932367 0.007431027850387722 0.012239339988874108
0 0.5883024522912668 0.3799007911589504 0.007431027850387792 0.009325211420094633
0 0.5902694890751929 0.3731982954507575 0.007868147135705002 0.008742385706338639
0 0.5961705994269715 0.3807750297295843 0.009179504991655634 0.01457064284389773
0 0.5281985505601885 0.3997168654266514 0.009616624276972487 0.011656514275118183
0 0.4864536588124213 0.29189410838180796 0.008305266421021713 0.012822165702630067
0 0.720531036099639 0.3102531183651191 0.01049086284760648 0.013404991416385953
0 0.7148484853905188 0.32336669692462716 0.010490862847606338 0.012822165702630067
0 0.7257764675234424 0.34114288119418235 0.007868147135704788 0.01107368856136226
0 0.7226918987347074 0.4661108422319349 0.0075211024671449425 0.01021384285661668
0 0.723597216624271 0.4718677354783915 0.005710466688017561 0.007242543116510021
0 0.7185831483128411 0.4720534417121482 0.008217500843732637 0.009842430389103428
0 0.7224133393840724 0.47864601301050996 0.007242543116510092 0.009656724155346765
0 0.7329289548705437 0.4687107295045283 0.006824704090557532 0.00909960545407678
0 0.7036318370848089 0.5307663905203277 0.010053743562289412 0.01282216570263003
0 0.7007905617302487 0.5421314919385679 0.008742385706338639 0.012239339988874108
0 0.6111811082402775 0.47102675486034684 0.009616624276972487 0.013404991416385953
0 0.7584903073920841 0.6586966346897501 0.011365101418240186 0.015736294271409577
0 0.7134670210044399 0.66015369897414 0.010490862847606338 0.012822165702629888
0 0.6166450993067392 0.6085736233067419 0.008305266421021713 0.013404991416385953
0 0.5322810772405709 0.6001226504572812 0.008305266421021713 0.017484771412677277
0 0.5064910394068719 0.6109049261617655 0.010053743562289412 0.015736294271409577
0 0.5873581071905046 0.6496628361265335 0.009179504991655705 0.011656514275118183
0 0.7237393242093879 0.49579684769497306 0.008305266421021713 0.015153468557653654
0 0.744939609547259 0.4617015434402522 0.010490862847606338 0.015736294271409646
0 0.7121575865944851 0.5918331935450004 0.007225112153998907 0.012041853589998226
0 0.7258852996870832 0.581236362385802 0.009392645800198664 0.014931898451597689
0 0.6827152545669396 0.5371631782464088 0.008308878977098857 0.010596831159198246
0 0.7177570485138344 0.7818536431951714 0.011198923838698392 0.01734026916959749
0 0.6791026984899402 0.8020839572263683 0.010476412623298473 0.013486876020798065
0 0.607935343773051 0.7006915499985839 0.01047641262329833 0.013968550164397868
0 0.6252756129426484 0.7122517294449822 0.01047641262329833 0.01589524673879751
0 0.5528438635988095 0.7481364531431766 0.010115157015598513 0.011560179446398137
0 0.5792155229609055 0.7483772902149766 0.014450224307997814 0.013968550164397868
0 0.4077997371072816 0.7577699360151752 0.009753901407898552 0.01348687602079778
0 0.4150248492612805 0.751989846291976 0.009753901407898552 0.012523527733598029
0 0.38630502844913495 0.8215917600421654 0.013005201877198048 0.01589524673879751
0 0.29689426554339865 0.5968907720527997 0.010476412623298402 0.016376920882397526
0 0.6254562407464984 0.3664096943402349 0.010115157015598371 0.012041853589998226
