0 0.5767204496595594 0.8363266556351273 0.010409673055013023 0.01447742603443287
0 0.40333239237467455 0.2848864096182364 0.009816063774956597 0.013456302218967013
0 0.5209689882066514 0.40711039790400755 0.010309727986653645 0.01345740424262153
0 0.460171996222602 0.8221163714373553 0.011105558607313368 0.013944272641782407
0 0.27296855714586044 0.5522120157877605 0.009431139628092448 0.014109067563657407
0 0.7070035722520616 0.48396487765842017 0.008238304985894097 0.011883544921875
0 0.4768622504340277 0.7083244323730469 0.009410773383246527 0.012491466380931713
0 0.45711943308512365 0.4802072595666956 0.008171378241644964 0.010048534252025463
0 0.34190572102864586 0.5268050582320603 0.010165193345811632 0.013990275065104167
0 0.38167196909586587 0.3492027847855179 0.00950423346625434 0.012775731969762732
0 0.4552930619981554 0.541010425708912 0.009686787923177084 0.012769571940104167
0 0.7761681874593098 0.5154016565393518 0.009367624918619791 0.011632057472511574
0 0.776351335313585 0.47310480188440396 0.009088304307725694 0.012485984519675926
0 0.5928454717000325 0.7314516138147424 0.010384156968858506 0.013499789767795138
0 0.48595102098253046 0.8164930555555556 0.009319135877821181 0.012877287688078705
0 0.6750651889377172 0.5370259037724248 0.00913942125108507 0.011698404947916664
0 0.3222461170620389 0.31500228599265767 0.008862113952636719 0.012181119565610531
0 0.565783585442437 0.35395787556966146 0.009349950154622396 0.012202397099247687
0 0.2879195955064561 0.5198422467267072 0.010122087266710069 0.012636424877025463
0 0.40659391615125867 0.31065899884259257 0.009563022189670138 0.013686399106626158
0 0.3481319427490234 0.41693594190809463 0.007831446329752604 0.010760074191623264
0 0.6232659626672641 0.5097950326096146 0.0084930419921875 0.011107098614728007
0 0.4588428073459202 0.5561700326425058 0.00873565673828125 0.011603122287326389
0 0.3966089672512478 0.5380412914134838 0.00878766377766927 0.011959499782986112
0 0.36165256500244136 0.447292313752351 0.009725316365559896 0.012238198739510995
0 0.3510954327053494 0.8339133086027922 0.010189776950412326 0.01464996337890625
0 0.5726120521675556 0.28562030924212634 0.01001540289984809 0.012810502228913483
0 0.25989597108629015 0.6693258497450087 0.009874449835883247 0.011901459870515047
0 0.27563690609402125 0.7391754998101128 0.009464814927842883 0.012203809950086806
0 0.431052992078993 0.7838955914532697 0.01004155476888021 0.013367829499421295
0 0.543469746907552 0.2962518480088976 0.007729848225911457 0.011205320005063657
0 0.4965672810872395 0.7231126573350695 0.009300147162543402 0.012571659794560186
0 0.3820804172092014 0.3268869188096788 0.009698062472873263 0.013208177354600694
0 0.6340819040934245 0.3994659423828125 0.010786268446180556 0.012369622124565972
0 0.30300785973624267 0.5826820944129995 0.006330894332613717 0.008748144895975259
0 0.3089358789749628 0.5846005472410643 0.005755358484194275 0.006139049049807142
0 0.3114682367080082 0.5821449276211413 0.004604286787355392 0.007673811312259034
0 0.3163027378347314 0.5769267359288052 0.006446001502297563 0.008287716217239876
0 0.3164753985892572 0.5850609759197997 0.0058704656538781565 0.008287716217239805
0 0.3123315404806374 0.588974619689052 0.005410036975142632 0.005678620371071688
0 0.3430633015608028 0.4110349812972192 0.008426420356708845 0.013257568027888595
0 0.40803100251102775 0.36025175461412073 0.007920835135306347 0.011459931685123976
0 0.43406864141325796 0.309580880202445 0.005392909028293715 0.008089363542440432
0 0.43904022942371623 0.31474908468789314 0.0069096646925012805 0.008988181713822777
0 0.41089598543230876 0.2127332222360051 0.006909664692501209 0.007190545371058157
0 0.45585511773364573 0.25043456931311314 0.00596464424725589 0.009766668942875114
0 0.45261118840619086 0.2548993322584274 0.007638930351748741 0.00892952589062869
0 0.49216619762483504 0.22406456316735032 0.0063832157733791205 0.010045716626957244
0 0.4908581616056999 0.21876265716978957 0.006487858654909928 0.007813335154300098
0 0.4729770109919113 0.1951994730829434 0.009652081499502784 0.01123522714227839
0 0.5362517674886521 0.29641865579201526 0.008120005071010397 0.009805289142352009
0 0.5105622729842216 0.26486324501901537 0.0067455741813246565 0.009455334749890838
0 0.5061949461104153 0.2661316435830252 0.0054483483772237665 0.00807162722551663
0 0.5036004945022136 0.2917878872641315 0.006140202139410888 0.007725700344423068
0 0.5110343680470222 0.24982538262017262 0.008103544745745523 0.008947663990093986
0 0.5747864739764421 0.2643442336229666 0.00671074799257049 0.010635902478790982
0 0.5727605877900056 0.2705063041067106 0.007723691085788644 0.0094541355367031
0 0.5098314981238254 0.28966781095342137 0.005697804899352335 0.007259425501397025
0 0.5125537826868495 0.285953686278288 0.005824422786004532 0.006921777803657641
0 0.5072991403907801 0.30545284082273816 0.00671074799257056 0.007428249350266754
0 0.5160990835131131 0.291018401744379 0.006077658559309072 0.007934720896875795
0 0.5346486039076711 0.20010675912804643 0.005191333352743257 0.0094541355367031
0 0.5376874331873258 0.19993793527917675 0.004938097579438647 0.01046707862992129
0 0.6794994662378724 0.34006172984102634 0.007723691085788715 0.009454135536703134
0 0.7557234340025412 0.437641914487712 0.005951040672656802 0.010129430932181905
0 0.7597752063754141 0.4425378061049331 0.006963983765875099 0.010804726327660674
0 0.7452141494104025 0.5221382508469958 0.006963983765874957 0.009960607083312211
0 0.7488860681233185 0.5216317793003867 0.005191333352743186 0.008947663990094057
0 0.7528112226095388 0.524248548957867 0.0074704553124841765 0.008778840141224365
0 0.7564198323791287 0.5235732535623883 0.005824422786004675 0.008103544745745523
0 0.7599018242620662 0.5196058931139503 0.006204276445961483 0.0086100162923546
0 0.7558500518891935 0.5191838334917762 0.00671074799257056 0.008441192443484838
0 0.7577493201889774 0.5145411776478594 0.007976926859093254 0.008272368594615215
0 0.7616744746751979 0.5089699906351595 0.005951040672656944 0.007259425501397061
0 0.7211567509464705 0.6147381319520253 0.005951040672656802 0.007428249350266611
0 0.7248919786027125 0.6175237254583753 0.006077658559309072 0.008947663990093915
0 0.7213466777764489 0.6193807877959421 0.005824422786004532 0.007934720896875832
0 0.7234991818495375 0.6245299151864678 0.007343837425831907 0.010129430932181905
0 0.698238913462409 0.7555372219093539 0.007217219539179496 0.008441192443484766
0 0.690451913433294 0.7573098723224857 0.009876195158877436 0.008947663990094128
0 0.7122301899374851 0.8002755418598236 0.006837365879222545 0.012830612514096913
0 0.4700734817150116 0.7508101541410022 0.005951040672656873 0.00911648783896382
0 0.47773386385747424 0.7486998560301309 0.005571187012699994 0.007934720896875832
0 0.48045614842049816 0.7558748696070932 0.00468486180613418 0.007428249350266754
0 0.35751018048114036 0.8207032275730574 0.007976926859093183 0.012830612514096913
0 0.3378844080500379 0.7703937206098874 0.005444569126047796 0.006752953954787842
0 0.3401635300097788 0.7742766691338904 0.005191333352743186 0.007090601652527368
0 0.3362383755235584 0.7745299049071949 0.005444569126047796 0.007934720896875832
0 0.3452282454758698 0.7834775688972888 0.007217219539179638 0.007597073199136304
0 0.34706420483232775 0.7648225335971871 0.009116487838963749 0.011480021723139373
0 0.24931519633677246 0.6207313785868996 0.005824422786004568 0.008272368594615215
0 0.25203748089979633 0.6246143271109027 0.00645751221926595 0.00793472089687569
0 0.25115115569323043 0.6309452214435164 0.006963983765875064 0.008778840141224365
0 0.3787819854387223 0.5570847875630236 0.00873663417900687 0.008947663990094057
0 0.38587258709124966 0.5716880504902524 0.00671074799257056 0.009454135536703134
0 0.4284161970064136 0.5672142184952054 0.007723691085788644 0.007597073199136446
0 0.4220853026738 0.5611365599358962 0.005444569126047796 0.007259425501396919
0 0.45551242475000026 0.557422435260763 0.006963983765875099 0.008947663990093915
0 0.5247090998054678 0.5351376872099627 0.007597073199136517 0.01063590247879084
0 0.5077635645249923 0.4759636321084191 0.0046700128947630756 0.006918537621871366
0 0.5014503989450347 0.4757906686678723 0.006053720419137392 0.007033846582235981
0 0.51407673010495 0.484957731016852 0.005707793538043831 0.006226683859684243
0 0.5081094914060859 0.48069129948336453 0.004842976335310069 0.007841009304787505
0 0.5061636526999345 0.48541896685830993 0.00665909246105123 0.006687919701142349
0 0.5232437924539296 0.4640868091908731 0.005015939775856708 0.006918537621871366
0 0.5226384204120158 0.4681226228036314 0.004670012894763218 0.005765448018226138
0 0.5253193537404911 0.47089003785237993 0.005707793538043972 0.008763480987703859
0 0.5275678784675992 0.4645480450323312 0.004670012894763218 0.00668791970114242
0 0.501226000423954 0.40608406082174203 0.011679018614398374 0.015324849822067818
0 0.6357711941121497 0.3896959430518703 0.00702153735071704 0.008748144895975259
0 0.6389366412784565 0.3943002298392257 0.006906430181033159 0.010282907158427008
0 0.4909108910806883 0.28575227886233057 0.00571046668801749 0.0077996618177800766
0 0.49599459922977707 0.27182431133058055 0.006406865064605114 0.007428249350266718
