0 0.4293245527479384 0.6763236716941552 0.010977003309461806 0.015200353551793982
0 0.644560750325521 0.8532773053204572 0.010621812608506944 0.014900490089699075
0 0.5298242780897352 0.6525766725893373 0.009854634602864584 0.012637272587528937
0 0.5601203918457032 0.6250359429253473 0.009966871473524305 0.013834635416666664
0 0.2710385428534614 0.7232273243091725 0.010925335354275175 0.014588532624421295
0 0.4516145494249132 0.7632097597475405 0.009822845458984375 0.014010959201388888
0 0.6529471503363715 0.6640993188928674 0.01049677530924479 0.014983735261140047
0 0.5894484837849935 0.2549512368661386 0.009790929158528645 0.013054261384186921
0 0.5912701288859049 0.50612222177011 0.009149212307400173 0.012705485026041664
0 0.4945262485080295 0.5403491267451533 0.008813646104600694 0.011753393102575232
0 0.522288958231608 0.37033083880389184 0.008686277601453993 0.012087334526909722
0 0.5761690987481011 0.22994329664442273 0.009878497653537327 0.013104474103009259
0 0.7880970848931207 0.47506496288158284 0.011120520697699653 0.013997791431568287
0 0.7440118577745225 0.759948589183666 0.009966532389322916 0.013624233669704862
0 0.3691174401177301 0.706610757333261 0.009887017144097222 0.013874138726128473
0 0.6803174548678927 0.4186480204264323 0.009856457180447049 0.013472380461516205
0 0.6201804690890842 0.6291236312301072 0.010957505967881944 0.014083127622251158
0 0.3229049258761936 0.529316739682798 0.00986281500922309 0.013550200285734953
0 0.5746397866143121 0.8484434622305411 0.00979754130045573 0.013223888255931713
0 0.3350486967298719 0.6909731264467592 0.009551578097873263 0.01305191605179398
0 0.5807160271538628 0.5254863032588253 0.010959540473090277 0.014165581597222223
0 0.6066401163736979 0.37797495524088537 0.008610788981119792 0.012386576334635418
0 0.4248572057767123 0.607656517379884 0.009942203097873263 0.01367340087890625
0 0.7267794715033636 0.43616058914749717 0.008935123019748263 0.011309588396990741
0 0.590569093492296 0.15713664160834417 0.009056939019097222 0.012099216602466725
0 0.4631581521510497 0.4004142889132406 0.00874238570633878 0.01107368856136226
0 0.5264528506431302 0.3624070134636247 0.007523909663785133 0.008994098908432804
0 0.522344968930144 0.35162562566954186 0.007264464502964927 0.008186936185881137
0 0.5239881216153386 0.34182436403855737 0.006399647300231095 0.008186936185881137
0 0.524636734517389 0.33288791961030684 0.006832055901598082 0.009224716829161893
0 0.5471219817884709 0.31887788092601727 0.007696873104331985 0.010723733313900575
0 0.5451329022221829 0.3033111712768067 0.008734653747612597 0.011184969155358715
0 0.540289925886873 0.3253928371866128 0.006140202139410817 0.008302245146245682
0 0.530171564614886 0.32902506943809534 0.00700501934214472 0.008186936185881137
0 0.5427114140545279 0.33824978626725716 0.006486129020504379 0.008186936185881137
0 0.5345388914886924 0.3312159396850213 0.006572610740777875 0.008417554106610154
0 0.5336740742859584 0.3262576543893468 0.007437427943511707 0.007495082423694015
0 0.6071486916640224 0.3462034364514175 0.0075450167873970745 0.010331914880039221
0 0.6771949961632358 0.4985991809319964 0.007748936160029416 0.008972452395823467
0 0.6961594978180446 0.598655619770271 0.008972452395823609 0.012778947351627537
0 0.8167778067300816 0.6194553957787711 0.007137178042132319 0.015769764816901954
0 0.6879007632264345 0.8727232565881539 0.007952855532661687 0.012235162357941221
0 0.4802088822003824 0.6925944774295751 0.007748936160029416 0.010331914880039221
