0 0.4568298816680908 0.5381494045257569 0.009377765655517577 0.012641112009684242
0 0.2890238881111145 0.6514346122741699 0.008627867698669434 0.011496671040852864
0 0.7334782600402832 0.40894193649292 0.009253597259521485 0.012086931864420574
0 0.5869842290878295 0.6556533495585124 0.00926203727722168 0.011696179707845054
0 0.7348159313201904 0.6274860382080079 0.0067006111145019535 0.008953857421875
0 0.7170058965682984 0.49563606580098474 0.007342863082885742 0.010042349497477211
0 0.31191486120224005 0.6912545839945474 0.00814969539642334 0.010902849833170573
0 0.3283770442008972 0.7510046323140463 0.008227324485778809 0.01006908416748047
0 0.7441642045974731 0.6133732477823893 0.008350801467895509 0.011771392822265626
0 0.48561413288116456 0.1842008034388224 0.007743024826049804 0.009937524795532227
0 0.36397356986999513 0.6304038683573405 0.007666683197021485 0.009763018290201823
0 0.7443396329879761 0.3710870583852132 0.00910964012145996 0.011430708567301433
0 0.575103497505188 0.4302118937174479 0.009008455276489257 0.011045773824055992
0 0.533945655822754 0.5938023567199707 0.007485008239746094 0.010554186503092448
0 0.6056962013244629 0.1856774648030599 0.008377361297607421 0.010289414723714191
0 0.6533023595809937 0.4414029916127523 0.008431291580200196 0.011162916819254555
0 0.35455095767974854 0.5943494160970052 0.006678390502929688 0.009728749593098959
0 0.438725209236145 0.34649392763773595 0.00797114372253418 0.011253833770751953
0 0.4958877801895142 0.32111833890279134 0.008053064346313477 0.010428460439046223
0 0.475140380859375 0.6299228350321452 0.0074139595031738285 0.009876187642415364
0 0.36551913022995 0.42957045237223307 0.007323813438415527 0.009102249145507812
0 0.5340018033981323 0.6078131357828777 0.007960271835327149 0.01091906229654948
0 0.46314249038696287 0.6651326815287273 0.010523700714111328 0.013202222188313802
0 0.3556663990020752 0.661695925394694 0.008055305480957032 0.01166547139485677
0 0.3840447783470154 0.5585405985514323 0.0077849626541137695 0.009354400634765624
0 0.4198643684387207 0.8267390569051106 0.007694911956787109 0.008952585856119792
0 0.2856250166893005 0.407649564743042 0.008868670463562012 0.011017386118570964
0 0.37366700172424316 0.704436238606771 0.0077874183654785155 0.009755452473958334
0 0.7398372173309327 0.337722937266032 0.01003093719482422 0.013689104715983074
0 0.3263090252876282 0.4583342711130778 0.007220149040222168 0.009395631154378255
0 0.41495938301086427 0.35811495780944824 0.00797891616821289 0.010560131072998047
0 0.4465989589691162 0.3131252765655518 0.00848245620727539 0.010992908477783203
0 0.310008704662323 0.4723524729410807 0.00804731845855713 0.010542678833007812
0 0.5080535650253296 0.48989904721577965 0.009404993057250977 0.011994139353434246
0 0.346861732006073 0.29700241088867185 0.009274506568908691 0.012258593241373699
0 0.3156730985360301 0.3956359862841796 0.00772566795349121 0.01207976173689642
0 0.47743449211120603 0.11540987094243368 0.00867156982421875 0.011516261100769042
0 0.46002309322357177 0.5207101345062256 0.006726598739624024 0.010088316599527995
0 0.58504159450531 0.26565530300140383 0.008041143417358398 0.01097111701965332
0 0.36683944463729856 0.5955284436543783 0.0073673009872436525 0.009692827860514322
0 0.5521435260772705 0.5444837888081868 0.006703567504882812 0.00959479014078776
0 0.30318006277084353 0.5568144798278809 0.007268548011779785 0.010223197937011718
0 0.3671067476272583 0.403294579188029 0.008079242706298829 0.011279265085856117
0 0.28369115591049193 0.2507778167724609 0.007783055305480957 0.011091995239257812
0 0.4297278881072998 0.5294692357381185 0.006851768493652344 0.008681233723958333
0 0.4105233669281006 0.25472725232442217 0.008306884765625 0.011642837524414062
0 0.7332257747650146 0.5970071792602539 0.008672618865966797 0.010822423299153646
0 0.40034639835357666 0.44667627016703293 0.008104562759399414 0.010689449310302735
0 0.303400456905365 0.5284924825032552 0.008057475090026855 0.009856033325195312
0 0.6258532285690308 0.6627630869547526 0.00839543342590332 0.011099624633789062
0 0.46225906722536075 0.627829504329432 0.008468818664550782 0.011417579650878907
0 0.619931674003601 0.7832479476928711 0.00865797996520996 0.01111297607421875
0 0.7516260385513306 0.3938166777292887 0.008855581283569336 0.011756420135498047
0 0.6956756830215454 0.30871238708496096 0.00884261131286621 0.011197598775227864
0 0.5687709331512452 0.2213006575902303 0.007944011688232422 0.010052061080932618
0 0.30434894561767584 0.2400420347849528 0.009006929397583009 0.011770089467366539
0 0.47850148677825927 0.21398206551869708 0.00906357765197754 0.01179518699645996
0 0.7176894903182983 0.44093476931254066 0.007478761672973633 0.009282716115315755
0 0.420272970199585 0.3784783522288005 0.009291458129882812 0.012268416086832682
0 0.32688355445861816 0.6875292460123696 0.006630849838256836 0.010079447428385417
0 0.6672609676327848 0.4608331132922253 0.007007455825805664 0.008550580342610676
0 0.4293339252471924 0.4618117650349935 0.009168243408203125 0.012093035380045573
0 0.2531507730484009 0.5895928700764974 0.008144378662109375 0.01045519510904948
0 0.3379829525947571 0.2856658140818278 0.0073195695877075195 0.010072994232177734
0 0.6096633672714232 0.34185055096944167 0.008618688583374024 0.011127312978108726
0 0.5799380302429199 0.3352395216623942 0.0082733154296875 0.010718949635823568
0 0.4358346700668335 0.5555944124857585 0.009132814407348634 0.010644594828287758
0 0.606199312210083 0.72705078125 0.007881450653076171 0.009096654256184895
0 0.26643497943878175 0.44420650800069167 0.00824723243713379 0.010919475555419922
0 0.48780667781829834 0.28500383694966636 0.00758213996887207 0.01148373285929362
0 0.2932103789428313 0.5901776772046934 0.009640026092529296 0.014240964253743488
0 0.4733728408813477 0.41274458567301436 0.007822227478027344 0.010815874735514324
0 0.2881642818450928 0.5036764144897462 0.008790540695190429 0.010156313578287758
0 0.5695469856262207 0.6284223874409993 0.007602977752685547 0.009695752461751302
0 0.3391931176185608 0.5683211962381998 0.00615847110748291 0.008077176411946614
0 0.4500413799808855 0.7304273152149249 0.007642078399658203 0.010327529907226563
0 0.5009566307067871 0.41432263056437174 0.009506607055664062 0.012959798177083336
0 0.47747802734375 0.744816780090332 0.008542919158935547 0.011763763427734376
0 0.4504923858833169 0.8321226716964505 0.008759784698486327 0.012446085611979164
0 0.28676447705329655 0.6734816014144208 0.009204578399658204 0.012652587890625
0 0.5212937918132975 0.6365671548200029 0.00739130973815918 0.01031322479248047
0 0.3593401312828064 0.44180024464925133 0.007559037208557129 0.009467061360677083
0 0.4222875118255615 0.6569702784220378 0.006049251556396485 0.007828521728515624
0 0.4511650800704956 0.21804460684458413 0.007369375228881836 0.011082029342651368
0 0.2667142748832702 0.3615471522013347 0.007897543907165527 0.01040026346842448
0 0.5673196077346802 0.5746652921040853 0.008981752395629882 0.012239392598470051
0 0.5228970766067504 0.13954719702402751 0.008774423599243164 0.011950063705444335
0 0.36622177362442015 0.4855407396952311 0.006653523445129395 0.01018994649251302
0 0.6345550298690796 0.5798271814982097 0.00706028938293457 0.009256362915039062
0 0.5775893449783325 0.5267046610514323 0.007260656356811524 0.009886360168457032
0 0.3184471011161804 0.3344010670979818 0.008795571327209473 0.011438369750976562
0 0.4553218364715576 0.4639402707417806 0.00793905258178711 0.011158434549967448
0 0.3818691253662109 0.47424278259277336 0.00852203369140625 0.012013943990071614
0 0.28716640472412114 0.48732695579528806 0.008397388458251952 0.010522556304931641
0 0.5769725322723389 0.32181237538655594 0.007380104064941407 0.008212471008300781
0 0.336542546749115 0.41089558601379395 0.007437968254089355 0.009325949350992839
0 0.2541333079338074 0.6037349065144856 0.006741118431091308 0.008865737915039062
0 0.6339123964309693 0.6002146085103353 0.008020925521850585 0.011438814798990886
0 0.5781327486038207 0.3953871568044026 0.007603979110717774 0.009467411041259765
0 0.6916372299194335 0.41972519556681315 0.008287811279296875 0.011166699727376302
0 0.5805457830429077 0.7003232955932617 0.006324052810668945 0.008889134724934895
0 0.27005976438522344 0.6566579500834148 0.007977795600891114 0.010437965393066406
0 0.28770195512529967 0.5782335752306387 0.012479739175088973 0.011822910797452764
0 0.2872093338420725 0.5707895202840942 0.011494496608634606 0.011822910797452835
0 0.278670564932801 0.6132644220379059 0.010837668230998361 0.01882908015890628
0 0.24845645956153292 0.6062582526764525 0.011494496608634606 0.011822910797452764
0 0.2423807970683975 0.6156727927559056 0.008538768909271433 0.014888109893088596
0 0.2675044825129846 0.6281525319309946 0.01018083985336208 0.013574453137816179
0 0.3187370959686131 0.6233357904949953 0.008867183098089555 0.014450224307997814
0 0.2645487548136214 0.6774146602537143 0.009524011475725765 0.012260796382543617
0 0.33269469899338366 0.618956934644087 0.010509254042180203 0.012698681967634328
0 0.36044569794851583 0.5810798315337291 0.010180839853362116 0.012260796382543475
0 0.34977223681192654 0.5661917216406405 0.011822910797452764 0.013136567552725324
0 0.38277786278814874 0.522841048716647 0.00821035472045338 0.013136567552725253
0 0.37883689252233116 0.5116749662968306 0.006896697965180749 0.01007136845708935
0 0.4581489191219099 0.5929027423311818 0.00919559728690757 0.01138502521236198
0 0.45634264108341016 0.6130454792453606 0.007553526342817136 0.010509254042180203
0 0.4524016708175927 0.6106371085273609 0.00689669796518082 0.01007136845708942
0 0.4131561752538259 0.6480763260526278 0.009195597286907713 0.012260796382543617
0 0.4271137782785965 0.6774146602537142 0.010180839853362045 0.014012338722907032
0 0.4029753354004639 0.7021551958113469 0.009852425664543816 0.010947139627270985
0 0.3345009770318835 0.7012794246411653 0.01083766823099829 0.012698681967634257
0 0.3988701580402372 0.6984331683380748 0.00952401147572587 0.013136567552725182
0 0.4913187521925413 0.6804798593493503 0.007881940531635151 0.008757711701816788
0 0.49213978766458655 0.6850776579928041 0.006896697965180891 0.006568283776362733
0 0.38015054927760367 0.5970626553895447 0.00558304120990826 0.01269868196763447
0 0.5353262534941708 0.5357586734768269 0.008538768909271396 0.011822910797452764
0 0.5312210761339443 0.5230599915091925 0.00821035472045338 0.014450224307997814
0 0.453386913384047 0.5013846550471959 0.013464981741543482 0.013136567552725182
0 0.331052628049293 0.4786146046224721 0.008538768909271396 0.01138502521236198
0 0.29525548146811664 0.49175117217519726 0.009195597286907713 0.010509254042180203
0 0.2922997537687535 0.4727031492237457 0.010509254042180166 0.015325995478179522
0 0.31200460509784134 0.44292692943756845 0.011822910797452799 0.011822910797452764
0 0.23252837140385357 0.45037098438411277 0.011166082419816448 0.013574453137816108
0 0.2259600876274909 0.4293524762997523 0.009195597286907642 0.014450224307997814
0 0.2581446781316678 0.43263661818793364 0.009852425664543923 0.014012338722906961
0 0.22924422951567222 0.39804365696575716 0.007225112153998907 0.013136567552725253
0 0.278506357838392 0.3597286682703084 0.009852425664543958 0.013574453137816108
0 0.38031475637201273 0.42147053576811716 0.009195597286907713 0.010947139627270985
0 0.38129999893846717 0.4092097393855736 0.009195597286907642 0.010947139627270985
0 0.40757313404391765 0.4197189934277538 0.009195597286907642 0.011822910797452693
0 0.38310627697696686 0.3809661191472143 0.00821035472045331 0.01138502521236191
0 0.3881966969036479 0.3838123754503047 0.007881940531635222 0.01007136845708942
0 0.39312290973591985 0.3783388056366692 0.007225112153998836 0.010509254042180203
0 0.4724349363354986 0.42475467765629843 0.010180839853361974 0.011385025212361838
0 0.47949584139508844 0.430228247469934 0.008538768909271468 0.013574453137816108
0 0.4688223802584992 0.44073750151211427 0.00952401147572587 0.01269868196763447
0 0.4443555231915484 0.4547498402350212 0.007881940531635222 0.014450224307997814
0 0.4269495711841874 0.44599212853320436 0.009852425664543887 0.011822910797452764
0 0.5118446389936744 0.407896082630301 0.007553526342817136 0.010947139627271056
0 0.5276085200569447 0.3997951993061205 0.00952401147572587 0.01138502521236191
0 0.5277727271513538 0.37089475069012495 0.007881940531635151 0.013136567552725253
0 0.543043986931397 0.3855639177906681 0.008867183098089412 0.011822910797452693
0 0.45387953466727426 0.347029986302674 0.011822910797452764 0.015325995478179522
0 0.3706265378018778 0.4619749523890201 0.008867183098089555 0.012260796382543617
0 0.30872046320966 0.29404583050668215 0.007881940531635188 0.011822910797452764
0 0.31578136826924985 0.30236565662340814 0.008210354720453275 0.010071368457089384
0 0.3215286165735672 0.2979868007724998 0.008538768909271396 0.0126986819676344
0 0.3776874428614676 0.33301764757976715 0.008538768909271396 0.01007136845708935
0 0.38327048407137587 0.3312661052394037 0.008538768909271396 0.010947139627271056
0 0.38064317056083086 0.32382205029285943 0.007225112153998907 0.01007136845708935
0 0.37604537191737697 0.3163779953463151 0.009195597286907713 0.013574453137816071
0 0.4152908674811437 0.2791577206135935 0.011494496608634464 0.011822910797452799
0 0.4177539738972797 0.30148988545322647 0.008538768909271468 0.011822910797452799
0 0.4620898893877275 0.2848502332197745 0.01116608241981652 0.013574453137816142
0 0.2996890730171615 0.21741585311578482 0.01018083985336208 0.01445022430799785
0 0.3374567047312466 0.21478853960523978 0.011494496608634606 0.013574453137816142
0 0.3615951476093792 0.20449822835560497 0.01247973917508901 0.014012338722906924
0 0.3775232357670586 0.1841365486488808 0.0095240114757258 0.0126986819676344
0 0.43745882522636764 0.21960528104123903 0.008538768909271468 0.011822910797452764
0 0.5051121481229027 0.1786629788352453 0.009195597286907784 0.012260796382543617
0 0.5364757031550343 0.20581188511087745 0.012808153363907166 0.014012338722906961
0 0.5138151241265833 0.25463612784850637 0.011494496608634535 0.010947139627271021
0 0.5414019159873064 0.2607665260397782 0.006896697965180607 0.010947139627271021
0 0.5556791768547573 0.2590383339557822 0.00952401147572587 0.010071368457089384
0 0.5505975132742139 0.28791543231541034 0.011494496608634677 0.011822910797452728
0 0.5642267021101663 0.2798145489912298 0.009852425664543958 0.01138502521236191
0 0.5719444355473925 0.27543569314032135 0.010180839853362116 0.010509254042180166
0 0.5735865064914831 0.30543085571904405 0.008210354720453167 0.010947139627271021
0 0.5845883818168907 0.22442202247723828 0.010509254042180203 0.013574453137816108
0 0.5813042399287093 0.20252774322269615 0.015763881063270375 0.01445022430799778
0 0.5578226254282129 0.21369382564251263 0.011494496608634535 0.012260796382543617
0 0.5601215247499398 0.22223259455178407 0.007553526342817065 0.010947139627271021
0 0.5394314308543976 0.15020041580434057 0.008210354720453238 0.0122607963825436
0 0.5438650224034423 0.14056693293234201 0.009195597286907784 0.012260796382543564
0 0.48310839747208795 0.14231847527270539 0.00788194053163508 0.010509254042180238
0 0.445997594135639 0.11516956899707317 0.010509254042180132 0.010509254042180203
0 0.4799884626783157 0.1475731022937955 0.00821035472045331 0.00875771170181686
0 0.6018301267298425 0.1258977658317988 0.008867183098089555 0.012698681967634417
0 0.5614803986870618 0.2531809324236096 0.006486129020504379 0.006111374899319664
0 0.5603561363235076 0.2483379560882996 0.006486129020504379 0.006341992820048752
0 0.5591453922396801 0.2434373252728074 0.00665909246105123 0.006687919701142349
0 0.6940412502739736 0.2381665920895054 0.007748936160029558 0.009244344892666696
0 0.48021120913762305 0.31299276056563996 0.010115157015598513 0.014931898451597654
0 0.6776373987456428 0.3296105185198374 0.011198923838698534 0.010596831159198388
0 0.7014802688538392 0.3325005633814369 0.009031390192498634 0.0125235277335981
0 0.5533654696968618 0.38717057868002863 0.009753901407898481 0.01589524673879751
0 0.5717895056895589 0.4008982917726265 0.009753901407898552 0.009633482871998495
0 0.5752214339627085 0.4081234039266255 0.009392645800198593 0.0125235277335981
0 0.6010512099132544 0.4324479481784217 0.009753901407898552 0.012041853589998226
0 0.6848625108996416 0.3816313260286294 0.009031390192498634 0.0125235277335981
0 0.6832368606649919 0.4167935385114241 0.009392645800198664 0.011560179446398209
0 0.6651740802799947 0.34839581012023446 0.008670134584798603 0.0125235277335981
0 0.5835303129398071 0.48543210397441355 0.009392645800198522 0.011078505302798263
0 0.5828078017244072 0.49265721612841246 0.008670134584798745 0.008188460441198728
0 0.5593261872239108 0.4837462444718139 0.008670134584798603 0.014450224307997743
0 0.557700536989261 0.5034948843594108 0.009031390192498705 0.010596831159198388
0 0.623087801982951 0.5468455572834042 0.009031390192498634 0.009633482871998424
0 0.6223652907675512 0.5540706694374031 0.009031390192498705 0.010596831159198388
0 0.6304935419408 0.5367304002678057 0.010837668230998432 0.009633482871998566
0 0.5894910304668562 0.5983846906485963 0.01047641262329826 0.011560179446398209
0 0.6747473538840433 0.5706884273916005 0.009031390192498634 0.013005201877197977
0 0.6991321074037894 0.5964579940741966 0.009392645800198522 0.010596831159198388
0 0.7312838564890844 0.5172225974520087 0.010115157015598585 0.011078505302798263
0 0.7493466368740818 0.4803745254666144 0.010115157015598442 0.0125235277335981
0 0.7563911212242306 0.47363108745621546 0.011198923838698392 0.0125235277335981
0 0.7562104934203808 0.4900080083386129 0.007947623369398684 0.013486876020797851
0 0.7410377578969829 0.4336521335374215 0.010115157015598442 0.009633482871998566
0 0.7432052915431826 0.44232226812222025 0.00650260093859913 0.01059683115919846
0 0.7403152466815831 0.4562908182866181 0.007947623369398684 0.010596831159198317
0 0.6451243940526475 0.46062588557901735 0.009031390192498491 0.0125235277335981
0 0.6579489681259958 0.44665733541461955 0.007947623369398684 0.010596831159198388
0 0.7166530043772369 0.6354735997057905 0.008308878977098715 0.01156017944639828
0 0.6653547080838446 0.6874944072145825 0.01192143505409831 0.015413572595197706
0 0.56420313792786 0.6841226882093833 0.009031390192498705 0.010596831159198388
0 0.5744989227473085 0.6896619408607824 0.009392645800198522 0.011078505302798192
0 0.5602293262431607 0.6992954237327809 0.009753901407898412 0.012041853589998368
0 0.5548104921276615 0.7202482489793777 0.011198923838698392 0.012523527733598029
0 0.6362736316639992 0.77082403405737 0.010837668230998432 0.012523527733598029
0 0.6095407166942033 0.7554104614621723 0.009392645800198522 0.013486876020797922
0 0.5557136311469115 0.7520387424569728 0.007947623369398684 0.014450224307997956
0 0.5820852905090075 0.7763632867087691 0.010115157015598371 0.010115157015598442
0 0.5828078017244074 0.7850334212935677 0.008670134584798603 0.012041853589998083
0 0.5916585641130561 0.8033370387503649 0.011921435054098168 0.013005201877198119
0 0.5398183844081139 0.8235673527815619 0.01083766823099829 0.01493189845159776
0 0.526451926923216 0.8430751555973589 0.008670134584798816 0.011560179446398137
0 0.5105566801844184 0.7602272028981716 0.010837668230998432 0.012523527733598171
0 0.4110307602630836 0.8199547967045624 0.009031390192498705 0.016376920882397457
0 0.44282125374067877 0.7905726739449669 0.009031390192498705 0.009633482871998637
0 0.42403596214028155 0.7604680399699716 0.008308878977098715 0.013968550164397868
0 0.4144626885362331 0.7602272028981716 0.010115157015598513 0.015413572595197706
0 0.4702766799258745 0.7366251698617751 0.009753901407898481 0.01156017944639828
0 0.4495044824831277 0.718321552404978 0.01083766823099829 0.01156017944639828
0 0.44336313715222864 0.718803226548578 0.007225112153998907 0.01156017944639828
0 0.4330673523327802 0.7272325240615766 0.007586367761698866 0.013005201877198119
0 0.44553067079842834 0.7433686078721742 0.009392645800198522 0.013486876020797922
0 0.43956995327137915 0.7363843327899753 0.009753901407898552 0.007225112153998907
0 0.36352564785054076 0.7462586527337739 0.010115157015598442 0.010596831159198246
0 0.3514235849925926 0.7433686078721742 0.008308878977098786 0.013486876020797922
