0 0.364220110575358 0.5285446449562355 0.008124160766601562 0.01052104808666088
0 0.45897348192003035 0.4050221195927373 0.008785417344835069 0.010568293818721064
0 0.6819083319769965 0.7044691862883391 0.00875913831922743 0.012103610568576388
0 0.30669221878051756 0.6873654683430989 0.009276559617784287 0.012680449309172453
0 0.3179131825764974 0.5765353450068721 0.008664576212565105 0.011212553801359954
0 0.5106231901380751 0.6513246324327256 0.008930418226453993 0.011483538592303243
0 0.2791513337029351 0.4552160051133897 0.009640736050075954 0.013227307354962385
0 0.45521066453721787 0.5610668606228298 0.009564124213324653 0.012738715277777778
0 0.6326857248942057 0.4715476000750506 0.008029937744140625 0.011893745704933449
0 0.549294196234809 0.8225899872956453 0.008816867404513888 0.011911632396556713
0 0.34476889504326713 0.8101163793493201 0.007924037509494358 0.011121227123119214
0 0.5610183291965061 0.4908225448043258 0.007765536838107639 0.010320310239438657
0 0.47965450286865235 0.5064103585702402 0.00889574686686198 0.011388877586082176
0 0.27009655634562174 0.5827489782262731 0.009063445197211372 0.01242743598090278
0 0.6637821621365018 0.4839222095630787 0.009292348225911459 0.011864443178530092
0 0.3779341379801432 0.7525041933412906 0.008601718478732638 0.012197084780092593
0 0.7199829525417752 0.5448345043041087 0.00776307847764757 0.010782425491898149
0 0.5991412056816948 0.5616052133065683 0.00809889899359809 0.01114513255931713
0 0.6635401407877604 0.42057601081000434 0.007939402262369792 0.011851925320095486
0 0.38154065873887805 0.6367600900155527 0.007765155368381077 0.010710935239438658
0 0.41500422159830724 0.5049510814525463 0.008192274305555556 0.01010380497685185
0 0.5945773230658637 0.22062482480649592 0.008651479085286459 0.01238872386791088
0 0.6898290634155273 0.2786320156521267 0.009447860717773437 0.013033548990885414
0 0.4433136410183377 0.8732282567907264 0.01010767618815104 0.015573402687355324
0 0.3041424857245551 0.530377451578776 0.008808983696831597 0.010978133590133101
0 0.38672835032145186 0.3741103560836227 0.008444595336914062 0.01157520435474537
0 0.512525537278917 0.33109688935456455 0.007683944702148437 0.01002606992368345
0 0.36252591874864365 0.6247777020489728 0.008323966132269964 0.011700948079427086
0 0.5132436116536458 0.7338512279369214 0.008130815294053819 0.01235928005642361
0 0.6352876451280383 0.5041390595612703 0.0062800937228732635 0.009042188856336805
0 0.6213839213053385 0.8258379335756655 0.009707302517361112 0.014114605938946761
0 0.7430062188042534 0.6432076630768953 0.007806226942274306 0.01031658031322338
0 0.5476029502020942 0.8993845621744793 0.00881606207953559 0.01117847583912037
0 0.5929127163357204 0.8476889998824508 0.009914143880208334 0.013235982259114583
0 0.7260815090603299 0.3443020432083695 0.008098178439670138 0.010042741563585068
0 0.48185270097520616 0.41763670179578993 0.01001599629720052 0.013369524920428241
0 0.32318601608276365 0.6445528948748553 0.009650272793240017 0.01250259964554398
0 0.5900120629204644 0.551414461489077 0.007224612765842015 0.010669566966869213
0 0.43673019409179686 0.4400645927146629 0.00766330295138889 0.010374648482711225
0 0.5578059111971274 0.7265944181235571 0.006692547268337673 0.008887227376302083
0 0.5143545362684462 0.7719956009476273 0.008560604519314237 0.01283829300491898
0 0.32882417043050133 0.6262834337022569 0.007853190104166666 0.010594685872395836
0 0.38595576773209145 0.7083304816640166 0.008761511908637153 0.011161352086950231
0 0.5466197967529297 0.8557840700502749 0.008428361680772569 0.010741452817563658
0 0.7679727342393663 0.48508148193359374 0.007960001627604166 0.010465268735532407
0 0.7096973419189453 0.4490269554985894 0.009095679389105903 0.011518605550130208
0 0.35126417379767233 0.6133822068836906 0.007178688049316406 0.009325493706597222
0 0.7504001066389886 0.6935345747258036 0.006363466050889757 0.008433702256944444
0 0.5661844735345173 0.8693996120057013 0.008262210422092013 0.010775135181568286
0 0.29477284505967594 0.6479512494316182 0.012111402637073993 0.015643895072887375
0 0.2758487784392477 0.6302887872525518 0.012111402637073993 0.011606760860529235
0 0.2722532057813664 0.7067420163990817 0.007191145315762704 0.01009283553089503
0 0.39355647281831113 0.6729310173705835 0.008326589312988304 0.009083551977805512
0 0.40112609946648237 0.6307934290290966 0.008326589312988446 0.008578910201260684
0 0.4041539501257509 0.6232238023809252 0.00984051464262258 0.011606760860529306
0 0.41759003742625495 0.6239807650457424 0.007191145315762739 0.013120686190163582
0 0.514292017856643 0.698920068862638 0.007569626648171308 0.009588193754350272
0 0.4862843992584094 0.585375669140069 0.007569626648171308 0.010597477307439646
0 0.5101287232001489 0.534406849709049 0.007569626648171379 0.007569626648171166
0 0.3973412861423968 0.47233591119404444 0.008326589312988446 0.01362532796670834
0 0.3515450449209605 0.4988296044626439 0.008326589312988446 0.011102119083984476
0 0.348517194261692 0.4988296044626439 0.006055701318537174 0.0070649848716266206
0 0.34265073360935927 0.500848171568823 0.007191145315762739 0.008074268424715996
0 0.39563812014655825 0.5071561937756323 0.008705070645397016 0.01362532796670834
0 0.332431737634328 0.4105172935673123 0.01021899597503122 0.014129969743253028
0 0.3681982235469373 0.3529881310412107 0.008326589312988375 0.009083551977805584
0 0.4128590207711479 0.27678722278295304 0.008326589312988375 0.012111402637073993
0 0.43556790071566176 0.2803197152187663 0.009083551977805512 0.013120686190163582
0 0.4438944900286502 0.2659374245872409 0.007569626648171308 0.009588193754350272
0 0.4548704486684985 0.23666820154764528 0.0075696266481712375 0.009588193754350237
0 0.546462931111371 0.17510190480918553 0.007569626648171308 0.012616044413618823
0 0.5689825703896806 0.1806529643511778 0.007948107980579877 0.012616044413618788
0 0.6198883095986324 0.20638969495496012 0.008326589312988446 0.011606760860529306
0 0.6533839075167904 0.2692175961347818 0.00719114531576281 0.011102119083984476
0 0.6528161855181775 0.27552561834159117 0.008326589312988518 0.009588193754350272
0 0.5370008978011568 0.22455679891057123 0.009083551977805512 0.012616044413618823
0 0.5415426737900596 0.22152894825130268 0.0075696266481712375 0.010597477307439753
0 0.5494907817706395 0.2253137615753883 0.007569626648171308 0.010092835530894994
0 0.5309451964826198 0.24095765664827568 0.0068126639833541 0.01211140263707403
0 0.5173198685159116 0.20411880696050877 0.008326589312988446 0.011102119083984547
0 0.52697114249233 0.34516618350476697 0.008705070645396945 0.010597477307439788
0 0.5718211803827448 0.3658564963431018 0.008326589312988446 0.011606760860529306
0 0.5504369851016608 0.40925568912595045 0.007948107980579806 0.012616044413618823
0 0.5839325830198189 0.35904383235974763 0.008326589312988518 0.011102119083984618
0 0.6641706254904344 0.3514742057115764 0.006055701318536961 0.011102119083984547
0 0.7563308299319198 0.3709029141085493 0.010975958639848358 0.015643895072887305
0 0.7268092860040517 0.39411643582960787 0.007948107980579948 0.012616044413618823
0 0.695395335414141 0.3941164358296077 0.007191145315762668 0.0075696266481712375
0 0.6541408701816073 0.3895746598407051 0.007948107980579806 0.010597477307439788
0 0.620266790931041 0.4218717335395692 0.006055701318537103 0.010597477307439788
0 0.6248085669199437 0.42439494242229303 0.006055701318536961 0.008578910201260826
0 0.7262415640054388 0.41253586067349135 0.008326589312988518 0.012111402637074064
0 0.7595479212573926 0.4289367184111958 0.008326589312988518 0.009588193754350272
0 0.6251870482523523 0.48823212715520414 0.008326589312988446 0.009083551977805584
0 0.5663332010628205 0.5394532674744964 0.007191145315762668 0.012616044413618752
0 0.5721996617151532 0.5293604319436014 0.007569626648171166 0.009588193754350272
0 0.5735243463785832 0.5354161332621384 0.00719114531576281 0.008578910201260755
0 0.6912320407576468 0.5664516025196406 0.0064341826509456725 0.012111402637073993
0 0.7826352825343149 0.5528262745529324 0.009840514642622509 0.01614853684943199
0 0.7807428758722722 0.5962254673357811 0.006055701318536961 0.012111402637074206
0 0.6889611527631954 0.621709877051291 0.007191145315762668 0.008578910201260755
0 0.7294586553309117 0.617672742838933 0.0064341826509456725 0.01059747730743986
0 0.7883125025204434 0.618934347280295 0.007569626648171095 0.011102119083984618
0 0.5913129690017858 0.6164111383975711 0.00946203331021394 0.012111402637073993
0 0.5913129690017858 0.6032904522074076 0.007948107980579806 0.009083551977805512
0 0.7311618213267502 0.6840331364545679 0.010597477307439646 0.009083551977805512
0 0.6299180649074593 0.7032095239632686 0.01021899597503115 0.014129969743252957
0 0.5205369598413843 0.5404625510275859 0.007948107980579877 0.011606760860529235
0 0.5379471011321783 0.6297841454760071 0.007191145315762668 0.01261604441361868
0 0.5737135870447876 0.659305689403875 0.008326589312988518 0.012111402637074064
0 0.5458952091127581 0.6678845996051359 0.007948107980579877 0.009083551977805655
0 0.700694074067861 0.7945496855178686 0.009462033310214082 0.01009283553089503
0 0.6374876915556307 0.7897555886406934 0.01021899597503115 0.010597477307439788
0 0.6480851688630704 0.8694889893347644 0.007191145315762668 0.011606760860529306
0 0.5466521717775753 0.8440045796192543 0.009462033310214082 0.009083551977805655
0 0.5570604084188109 0.7768872233388023 0.008326589312988375 0.010092835530894888
0 0.5663332010628206 0.7607386864893704 0.007948107980579877 0.012111402637074064
0 0.42213181341515765 0.7884939841993315 0.008705070645396945 0.012111402637074064
0 0.4537350046712727 0.3633332874603779 0.007569626648171308 0.009588193754350343
0 0.43481093805084453 0.36913666789064264 0.006055701318536961 0.01009283553089503
