0 0.5790552854537964 0.40267680486043295 0.00924839973449707 0.012740325927734376
0 0.6551206827163696 0.22135493755340577 0.007968473434448241 0.011200571060180664
0 0.6735773324966431 0.4549581527709961 0.009057188034057617 0.012387593587239586
0 0.3754123330116272 0.7556274096171061 0.00887453556060791 0.011724154154459633
0 0.6891463756561279 0.4910579522450764 0.00845928192138672 0.011925220489501953
0 0.5487849712371825 0.3494743824005127 0.009017086029052735 0.012466526031494141
0 0.46965129375457765 0.4185668468475342 0.00885319709777832 0.011297512054443359
0 0.3579320788383484 0.19831334749857585 0.008545136451721192 0.01220703125
0 0.6279977560043335 0.6804911613464355 0.008189725875854491 0.012180900573730469
0 0.45291800498962403 0.16478151480356854 0.009186935424804688 0.012029059727986654
0 0.42360968589782716 0.4300049146016439 0.008311939239501954 0.010623804728190104
0 0.32907196283340456 0.23696328798929853 0.008229279518127441 0.011672878265380859
0 0.7577961683273315 0.43279740015665696 0.010266447067260742 0.012728182474772136
0 0.37508885860443114 0.6505631764729817 0.007820558547973634 0.010663477579752605
0 0.6974114894866943 0.3190842628479004 0.008070659637451173 0.009889030456542968
0 0.30164605379104614 0.4080187797546387 0.00928962230682373 0.012542152404785156
0 0.42263617515563967 0.5156472206115723 0.0076161384582519535 0.010351753234863282
0 0.5114036560058594 0.4599778493245442 0.008554172515869141 0.012357076009114586
0 0.5592009782791137 0.6911031087239583 0.008351373672485351 0.010904184977213542
0 0.637647557258606 0.17275051275889075 0.008890771865844726 0.011618820826212566
0 0.5747275983856333 0.37246931065481087 0.008390855789184571 0.012214088439941406
0 0.40388615131378175 0.6507041931152344 0.008883428573608399 0.011664962768554688
0 0.40990290641784666 0.3538292249043782 0.008314895629882812 0.011309560139973958
0 0.43070502281188966 0.5542570432027181 0.0081878662109375 0.00989220937093099
0 0.4928227424621582 0.565164057413737 0.008430385589599609 0.010475413004557293
0 0.33364870548248293 0.21360542774200436 0.009992742538452148 0.013273922602335612
0 0.5430331468582152 0.38105483055114747 0.00856032371520996 0.011078802744547527
0 0.7654656171798706 0.4691536903381348 0.007706499099731446 0.01074339548746745
0 0.544205904006958 0.6447046279907227 0.007846641540527343 0.011477025349934895
0 0.44810807704925537 0.5668763160705567 0.00657505989074707 0.008468818664550782
0 0.42924864292144777 0.48282933235168457 0.009232282638549805 0.011218039194742839
0 0.5711100339889527 0.5211528142293295 0.00794205665588379 0.010020128885904948
0 0.6417756080627441 0.22020893096923827 0.007737350463867187 0.009872531890869141
0 0.36440792083740237 0.5952221870422363 0.007866907119750976 0.011967658996582031
0 0.6144125938415528 0.29654456774393717 0.00805044174194336 0.011303742726643883
0 0.3097450375556946 0.2060328801472982 0.0077162027359008786 0.011288960774739586
0 0.3557560443878174 0.49379994074503586 0.008762216567993164 0.010920778910319012
0 0.4768585205078125 0.5418451309204102 0.007638263702392578 0.009810256958007812
0 0.40426561832427976 0.334798272450765 0.006923055648803711 0.009904734293619792
0 0.5030149459838867 0.5175667603810628 0.006915473937988281 0.010451348622639973
0 0.31996793746948243 0.20188286304473876 0.007864761352539062 0.012111520767211914
0 0.7000223636627197 0.35578672091166175 0.007000541687011719 0.009632714589436849
0 0.6836460828781128 0.3723499139149984 0.007949304580688477 0.009569517771402995
0 0.3855045513621416 0.637162888053134 0.00792243480682373 0.01015173594156901
0 0.40217419862747195 0.7985084215799968 0.007638621330261231 0.010168393452962242
0 0.6053449869155884 0.7039515177408853 0.007076692581176758 0.00991350809733073
0 0.4052115440368652 0.7501306215922038 0.007800483703613281 0.009795951843261718
0 0.5906075477600098 0.42383880615234376 0.008301544189453124 0.011465390523274742
0 0.4747158050537109 0.8018309911092123 0.008064556121826171 0.010378774007161458
0 0.4265871286392212 0.2058507204055786 0.009173727035522461 0.011859941482543945
0 0.6078301906585692 0.469308598836263 0.007018470764160156 0.010210482279459636
0 0.6471283822413735 0.33827843577237604 0.007366466522216796 0.008232784271240235
0 0.6787785291671753 0.2538875977198283 0.008121061325073241 0.011737966537475586
0 0.6801839828491211 0.2998837312062581 0.008446311950683594 0.01147190729777018
0 0.6516474962234498 0.4350442250569661 0.006673765182495117 0.008823712666829428
0 0.6138571262359619 0.6741504351298014 0.006976795196533203 0.011645317077636719
0 0.7293551921844482 0.6114735921223958 0.00838642120361328 0.011222585042317707
0 0.29336537122726436 0.4783384482065836 0.0075100183486938475 0.010293674468994141
0 0.6442534685134887 0.26129733721415205 0.008351659774780274 0.010411866505940755
0 0.26980578899383545 0.5600118637084961 0.008289194107055664 0.01109326680501302
0 0.49023075103759767 0.16390077273050946 0.00908365249633789 0.011409950256347657
0 0.42477712631225584 0.39133715629577637 0.00875091552734375 0.011461989084879559
0 0.7273493051528931 0.39410273234049475 0.007741594314575195 0.01020673116048177
0 0.288724684715271 0.5519774119059245 0.007923746109008789 0.01024627685546875
0 0.5760413169860841 0.5521378517150879 0.00826416015625 0.010458819071451823
0 0.4706358671188354 0.10284642775853475 0.009616994857788086 0.012814466158548992
0 0.4258666188612375 0.6844950820375258 0.007308197021484374 0.009688377380371094
0 0.6937529802322387 0.6099717775980631 0.009048986434936523 0.011697959899902344
0 0.31700656414031986 0.3410785833994548 0.008561038970947265 0.011378065745035809
0 0.31842344999313354 0.5202336629231771 0.0076623201370239254 0.010155868530273438
0 0.28122069835662844 0.6057624181111654 0.007512569427490234 0.010087839762369792
0 0.5506189584732055 0.47293721834818525 0.007377767562866211 0.010088316599527995
0 0.6333341121673585 0.3304022947947184 0.006501960754394531 0.008618513743082682
0 0.43288097381591795 0.2350868622461955 0.007587146759033203 0.010387277603149414
0 0.42881691455841064 0.5916248003641764 0.007297372817993164 0.008879661560058594
0 0.5265463829040528 0.589486567179362 0.008975982666015625 0.01114527384440104
0 0.5343544483184814 0.31191922823588053 0.007769870758056641 0.010123348236083985
0 0.561769437789917 0.6031606674194336 0.007256507873535156 0.009763463338216146
0 0.3898931980133057 0.15320211251576743 0.00991806983947754 0.01375880241394043
0 0.39932726621627807 0.5560124715169271 0.008919835090637207 0.012016932169596352
0 0.46258603407169313 0.6211241530858587 0.007825565338134766 0.009279251098632812
0 0.5206753492355347 0.736393674214681 0.007442331314086914 0.01045697530110677
0 0.39353376626968384 0.7566864331563314 0.007570338249206543 0.0108706792195638
0 0.6224086046218872 0.41033322016398116 0.00741734504699707 0.010062980651855468
0 0.38512430191040037 0.2678733587265015 0.008085250854492188 0.010739882787068687
0 0.5347055912017822 0.8119729042053223 0.008094501495361329 0.011346499125162758
0 0.42168779373168946 0.6919728279113768 0.00800027847290039 0.008532396952311198
0 0.6284078359603882 0.6387464523315429 0.008445310592651366 0.009757105509440105
0 0.2710442304611206 0.28343992233276366 0.007593965530395508 0.01062361399332682
0 0.41518704891204833 0.2202475706736247 0.007588815689086914 0.008357493082682292
0 0.7163023710250854 0.6202596028645834 0.006631231307983399 0.0095947265625
0 0.5652583837509154 0.45904719034830727 0.008586740493774414 0.011762619018554688
0 0.729067039489746 0.43606274922688804 0.008116817474365235 0.010161781311035156
0 0.6622596263885498 0.6330827077229818 0.008274364471435546 0.010650253295898438
0 0.37987958571307706 0.2764622187433098 0.01055922508239746 0.013772853215535482
0 0.5142943143844605 0.521696678797404 0.007356786727905273 0.009940433502197265
0 0.2697290420532227 0.5195787111918132 0.008431625366210938 0.010831832885742188
0 0.36608917713165284 0.7318122863769532 0.00824580192565918 0.010898717244466146
0 0.6459055185317993 0.4557924588521322 0.006941366195678711 0.00889759063720703
0 0.2503442645072937 0.5259555657704671 0.009794020652770996 0.012921746571858723
0 0.4666118621826172 0.5579552332560221 0.007917213439941406 0.01069488525390625
0 0.42435646057128906 0.3461586793263753 0.007808971405029297 0.010459613800048829
0 0.5414511919021606 0.4183895905812582 0.007741594314575195 0.010088698069254559
0 0.7183628797531127 0.2822045167287191 0.007376909255981445 0.010067399342854817
0 0.280228590965271 0.5347523212432861 0.007658243179321289 0.010889975229899089
0 0.562658166885376 0.6625234921773274 0.007585334777832031 0.010466575622558594
0 0.39827312898273187 0.21315705061563342 0.008226871490478516 0.010786867141723633
0 0.5374705445154173 0.7802427472753908 0.00863800048828125 0.012357521057128906
0 0.27161426544189454 0.33895994822184244 0.010671424865722656 0.013678932189941406
0 0.5897781133651733 0.1398382266362508 0.008298826217651368 0.012240839004516602
0 0.6311246871948242 0.6561346054077148 0.00805492401123047 0.00964495340983073
0 0.39551056623458863 0.6688217163085938 0.0072417020797729496 0.010181427001953125
0 0.31991121768951414 0.6290234883626301 0.008165073394775391 0.01049944559733073
0 0.5347455263137817 0.6529026667277017 0.007999849319458009 0.010705820719401042
0 0.609562611579895 0.37898357709248853 0.007552289962768554 0.009655984242757161
0 0.5022010087966919 0.2064371903737386 0.007413625717163086 0.009885629018147787
0 0.3961259961128235 0.6956052144368489 0.008250784873962403 0.01093432108561198
0 0.6022485735253204 0.8026408507464441 0.00782012939453125 0.010221481323242188
0 0.321296751499176 0.7437313397725422 0.007586169242858887 0.0107815424601237
0 0.6601284742355347 0.6674503962198893 0.006469869613647461 0.008868916829427084
0 0.3460597276687622 0.29624010721842453 0.008266878128051759 0.010816319783528644
0 0.3424472689628601 0.39029626846313475 0.0078902006149292 0.010913213094075523
0 0.40709137380576493 0.20724902597821362 0.008876419067382813 0.01096631685892741
0 0.2780983472687035 0.6068365725618009 0.006568283776362662 0.011146178529585028
0 0.27033583007845685 0.5998702109808103 0.007762517190246747 0.00995194511570091
0 0.3478117228041888 0.6126087007289074 0.008061075543717777 0.01074810072495687
0 0.35348433152013825 0.6054433002456027 0.010449542371486018 0.011544256334213045
0 0.35034946880869255 0.5937000050090756 0.009553867311072892 0.011146178529584959
0 0.3148210247456401 0.5628489751504027 0.008956750604130797 0.011544256334213188
0 0.38513151698806736 0.6112154284127094 0.008658192250659766 0.0111461785295851
0 0.4269296864740113 0.6155942842636177 0.007463958836775717 0.010350022920329067
0 0.4260340114135983 0.6329106687649373 0.007463958836775788 0.014728878771237462
0 0.38543007534153845 0.6757040327624515 0.007463958836775717 0.01353464535735327
0 0.38169809592315057 0.6784905773948477 0.007165400483304722 0.01273848974809738
0 0.4646973181880965 0.6124096618265935 0.005971167069420602 0.00875771170181686
0 0.48619351963801066 0.5952923162275878 0.007762517190246783 0.011942334138841134
0 0.4849992862241265 0.5873307601350269 0.007762517190246783 0.007961556092560685
0 0.48081946927553204 0.6213664124307243 0.0071654004833047935 0.00995194511570098
0 0.4632045264207413 0.628133735109401 0.007762517190246783 0.00995194511570098
0 0.47275839373181433 0.6446539640014645 0.0083596338971887 0.010350022920329067
0 0.4499186796912805 0.6860540556827804 0.01044954237148609 0.01353464535735327
0 0.49440387435846384 0.6854569389758385 0.008061075543717777 0.011544256334213117
0 0.48559640293106854 0.7117300740812891 0.005971167069420531 0.011544256334213259
0 0.469772810197104 0.7230752915131882 0.008359633897188842 0.00875771170181693
0 0.4790281191547058 0.7198906690761637 0.007762517190246783 0.015126956575865477
0 0.49380675765152177 0.7177012411507095 0.006866842129833657 0.01472887877123739
0 0.5163479133385844 0.6386827969320439 0.008359633897188913 0.011942334138841134
0 0.5147058423944939 0.5743932314846156 0.008658192250659766 0.010748100724957013
0 0.3143731872154335 0.535381606631068 0.009255308957601897 0.013932723161981358
0 0.5153029591014359 0.5083123159163614 0.008658192250659624 0.012340411943469149
0 0.5093317920320153 0.47925263617851455 0.010449542371485876 0.013136567552725253
0 0.4045378099636842 0.4653199130165332 0.006866842129833657 0.014728878771237462
0 0.2577963792326737 0.46432471850496343 0.011345217431899073 0.0111461785295851
0 0.37199494943534206 0.42372078243290334 0.01044954237148609 0.0111461785295851
0 0.3775182789745562 0.43367272754860425 0.006568283776362591 0.010350022920328996
0 0.38199665427662155 0.4388477390087687 0.006568283776362662 0.009553867311072821
0 0.3970738511269085 0.41277364280563217 0.009852425664544029 0.010748100724957013
0 0.3176573291036149 0.40222458098298924 0.009852425664543958 0.01114617852958517
0 0.3518422605760476 0.3548533222322527 0.009553867311072892 0.011942334138841134
0 0.3585598235291458 0.35604755564613677 0.008658192250659837 0.014330800966609302
0 0.499927203897678 0.34709080504200585 0.010748100724957084 0.010748100724957013
0 0.4969416203629676 0.368786045394234 0.007165400483304651 0.009553867311072963
0 0.47514686055958266 0.3759514458775388 0.0065682837763625206 0.007961556092560827
0 0.47022064772731054 0.39207359696497435 0.009852425664544029 0.010748100724957013
0 0.2504816995726334 0.41078325378249203 0.009255308957601897 0.010748100724957013
0 0.25525863322816994 0.4040159311038154 0.008061075543717777 0.00995194511570098
0 0.25660214581878954 0.3946611026950565 0.008956750604130868 0.009553867311072963
0 0.2551093540514344 0.38749570221175184 0.007762517190246747 0.010350022920328996
0 0.2677980840739531 0.3785389516076209 0.011046659078428079 0.00995194511570091
0 0.26958943419477926 0.39724860842513876 0.009852425664543923 0.01393272316198143
0 0.27182862184581197 0.3661985396641518 0.009553867311072928 0.010748100724957084
0 0.52814096830069 0.42372078243290323 0.010449542371485947 0.012738489748097237
0 0.4847007278706555 0.3247984479828358 0.007165400483304651 0.012340411943469186
0 0.4911197324702826 0.3234051756666376 0.007463958836775717 0.010350022920328961
0 0.49485171188867033 0.3146474639648208 0.007762517190246712 0.014330800966609374
0 0.490970453293547 0.30489455775143387 0.008956750604130903 0.015525034380493494
0 0.38304160851377006 0.3279830704198601 0.008061075543717848 0.00995194511570098
0 0.3391535305535289 0.31564265847639095 0.011643775785370139 0.013932723161981393
0 0.3881171005227776 0.24757135388499635 0.008061075543717705 0.012340411943469186
0 0.3703528784912514 0.23304151401607293 0.010150984018015024 0.015126956575865406
0 0.3510958646923701 0.16556732613162045 0.008658192250659908 0.014728878771237443
0 0.40125366807550295 0.17591734905194945 0.012240892492312128 0.01234041194346922
0 0.5221698012312695 0.24856654839656642 0.010449542371486018 0.012738489748097272
0 0.4720119978481367 0.14984325284881295 0.008658192250659837 0.013534645357353324
0 0.47634109397346663 0.14287689126782227 0.007165400483304722 0.013136567552725272
0 0.4912690116470181 0.1494451750441849 0.010748100724957013 0.01433080096660941
0 0.6202462203465025 0.16098943137839805 0.009553867311072963 0.012738489748097201
0 0.6303972043645174 0.1546201865043494 0.008359633897188842 0.010350022920329032
0 0.6672691610181894 0.18328178843756818 0.008061075543717634 0.011146178529585136
0 0.6629400648928596 0.18885487770236073 0.007165400483304722 0.010350022920328996
0 0.6457729595682754 0.19681643379492145 0.007463958836775646 0.012738489748097201
0 0.6859290581101288 0.23662421425772528 0.008956750604130832 0.011942334138841134
0 0.7098137263878112 0.2425953813271459 0.009553867311072679 0.011146178529585065
0 0.593077410180639 0.2591156102192095 0.010150984018015095 0.012340411943469186
0 0.6456236803915398 0.30529263555606184 0.009553867311072963 0.012340411943469257
0 0.7277272275960728 0.29852531287738515 0.009553867311072963 0.012340411943469186
0 0.573969675558493 0.38470915757935553 0.00955386731107275 0.01353464535735327
0 0.6862276164635998 0.4239198213352173 0.007762517190246712 0.008359633897188842
0 0.6839884288125672 0.4306871440138939 0.008061075543717777 0.009951945115701051
0 0.7069774220298364 0.40182650317836116 0.006866842129833799 0.010350022920328996
0 0.744595774567186 0.3255946035920918 0.01044954237148616 0.00995194511570098
0 0.7125007515690505 0.49497670946132205 0.007762517190246712 0.013534645357353341
0 0.6644328566602147 0.5146815607904099 0.007762517190246712 0.00995194511570098
0 0.5562054535269668 0.47925263617851455 0.009255308957601968 0.010748100724957013
0 0.5384412314954407 0.4927872815358678 0.008956750604130974 0.010748100724957013
0 0.5566532910571733 0.5789711262378381 0.00716540048330458 0.0111461785295851
0 0.551577799048166 0.5869326823303989 0.007762517190246783 0.010350022920328925
0 0.6793607743337663 0.5522999133277596 0.007762517190246712 0.011942334138841134
0 0.6842869871660381 0.5455325906490829 0.006866842129833657 0.011942334138841276
0 0.6680155569018669 0.5875297990373411 0.007762517190246712 0.00995194511570098
0 0.6684633944320737 0.5805634374563503 0.007463958836775788 0.009553867311073034
0 0.7501191041064001 0.5942971217160179 0.009553867311072821 0.01234041194346922
0 0.7596729714174728 0.5984769386646122 0.006568283776362733 0.011942334138840991
0 0.7048875135555391 0.6273375795001449 0.006866842129833657 0.012340411943469149
0 0.6844362663427737 0.6408722248574982 0.010748100724956942 0.010748100724957013
0 0.6196491036395604 0.7264589528525264 0.008359633897188771 0.012340411943469149
0 0.5369484397280854 0.6747088382508815 0.007165400483304722 0.013136567552725324
0 0.6696576278459577 0.7286483807779806 0.010449542371486018 0.01114617852958517
0 0.6777187033896754 0.7340224311404592 0.006866842129833657 0.015525034380493423
0 0.6693590694924868 0.744372454060788 0.008061075543717919 0.013932723161981499
0 0.6635371815998016 0.7563147881996293 0.009553867311072963 0.012340411943469149
0 0.501121437311562 0.8190120424285453 0.008956750604130974 0.014330800966609302
0 0.46335380559747674 0.7877629347652443 0.007463958836775717 0.009951945115700767
0 0.4624581305370637 0.7768157951379732 0.010449542371486018 0.010350022920328996
0 0.6472657513356305 0.7859715846444181 0.007463958836775646 0.011146178529585028
0 0.4263325697670693 0.8204053147447433 0.008658192250659766 0.00995194511570091
0 0.43140806177607677 0.8291630264465603 0.009852425664543887 0.012340411943469291
0 0.4261832905903338 0.7788061841611134 0.007762517190246712 0.011942334138841205
0 0.5184378218128817 0.6567953370426198 0.007762517190246783 0.013136567552725324
0 0.5254539431194509 0.6665482432560066 0.008061075543717919 0.014330800966609302
0 0.5241104305288313 0.554887419057842 0.010748100724957013 0.013932723161981358
0 0.5212741261708564 0.4913940092196698 0.008658192250659908 0.009553867311072892
0 0.5212741261708564 0.4975642151914043 0.006866842129833657 0.010748100724957013
