0 0.5943290922376845 0.8058589228877315 0.01117905510796441 0.01591717755353009
0 0.5304401397705079 0.5147513778121383 0.00954250759548611 0.012765672471788194
0 0.7605384402804904 0.6786870038067854 0.01136839124891493 0.014096690990306714
0 0.6985878838433159 0.8655279088903356 0.009041934543185763 0.012622409396701388
0 0.6562079323662651 0.40419188605414497 0.01022139655219184 0.013414538348162615
0 0.4758275773790148 0.289217616893627 0.01105372111002604 0.013936501962167246
0 0.4977003521389431 0.4163547798439308 0.009729300604926215 0.014085925066912615
0 0.7392504374186198 0.8506970440899885 0.009908548990885417 0.014173719618055556
0 0.6618929121229384 0.21940644582112628 0.00955963134765625 0.013987887347186055
0 0.5941325717502169 0.6408588550708911 0.010534328884548612 0.013750881618923612
0 0.4116432753304961 0.6700648099359461 0.009699630737304687 0.012575502748842593
0 0.7340334150526259 0.4276013550934968 0.010980309380425348 0.015388573540581598
0 0.606217172410753 0.33630046138057 0.009533479478624133 0.012406525788483795
0 0.48055627610948354 0.6457242047345197 0.010420057508680556 0.01420604564525463
0 0.599841202629937 0.3235804663764106 0.008820724487304688 0.010860782199435764
0 0.6964597913953994 0.9256300184461805 0.008835686577690972 0.011401706271701388
0 0.7129813088311089 0.7116116841634114 0.00991316901312934 0.013215072066695602
0 0.7948934343126085 0.762265099419488 0.008938513861762153 0.01223896167896412
0 0.3730332904391818 0.4505378581859447 0.010882017347547743 0.014242299397786458
0 0.7989115678109769 0.5790034440573085 0.004618057598842426 0.005011845456108048
0 0.7850573950144496 0.5785022595116979 0.004081074157116547 0.004725454287187602
0 0.790400380259622 0.5772492981476707 0.004349565877979558 0.005799421170639363
0 0.7908836653571767 0.5718078659381827 0.005745722826464022 0.007088181430782892
0 0.7810023688490848 0.5764300476545785 0.005209059856874489 0.00612830571397005
0 0.8137888044188244 0.6740743853638343 0.006741136285367162 0.007353966856764061
0 0.6520015335700154 0.7857116877866553 0.006128305713969979 0.01082667342801372
0 0.6958189194249013 0.8210515840705495 0.007353966856764061 0.010009565999484238
0 0.7487521600293175 0.844645561069334 0.009039250928105815 0.01021384285661668
0 0.44716291508056644 0.6085015142243547 0.00888604328525652 0.008579627999558
0 0.44701834315725036 0.5716751447328713 0.006993908565070868 0.015153468557653654
