0 0.5774367438422309 0.20634016814055264 0.011264970567491319 0.016009521484375
0 0.33140534294976126 0.5217805085358797 0.01067678663465712 0.012691921657986112
0 0.44309967888726126 0.3325204637315538 0.010309176974826388 0.013831527144820601
0 0.5025959226820205 0.8282199153193721 0.010025999281141493 0.014074989601417825
0 0.4533404032389323 0.26862273039641205 0.011262936062282987 0.015363226996527778
0 0.6691111670600043 0.25668505915889034 0.0096435546875 0.011966648808232061
0 0.5785039054022895 0.44477766531485097 0.010422897338867188 0.013240475124782986
0 0.5519664552476671 0.4450040181477864 0.01000073750813802 0.013219197591145836
0 0.60177919599745 0.7846762197989005 0.010437308417426214 0.013581113462094906
0 0.7055923038058812 0.46379403008355036 0.010476854112413194 0.014529192889178241
0 0.335322287290597 0.6498116806080523 0.007246721506769518 0.01123522714227832
0 0.3589162642893817 0.5470093522562048 0.006572607878232901 0.010561113513741774
0 0.4900313650397709 0.5477958181561644 0.008594948763842893 0.013482272570734111
0 0.4381246156424446 0.4883614665735115 0.008257891949574585 0.011459931685124047
0 0.4350068401104623 0.3736497974508488 0.007415249913903779 0.011684636227969492
0 0.6997649677182534 0.4201636378198815 0.008763477170977155 0.012583454399351908
0 0.8065277136377543 0.5061131254583114 0.004550266992622625 0.011010522599432804
0 0.785293134338848 0.5454364204562858 0.005224380621159668 0.007864658999594881
0 0.8135720345837771 0.48412812960145685 0.004607317930007895 0.005906817858984468
0 0.810559557475695 0.4897986747460821 0.005434272430265849 0.005119242144453153
0 0.814664795887689 0.49420909874745717 0.004430113394238333 0.006536878430609576
0 0.8142217845482652 0.4996433711777229 0.004252908858468914 0.006694393573515854
0 0.8020832738480521 0.507558507108762 0.005257067894496145 0.0056705451446251234
0 0.7729035936246685 0.5706827006284432 0.004784522465777457 0.006064333001890745
0 0.7706885369275495 0.5653665645553572 0.004843590644367168 0.0056705451446251946
0 0.76853254840902 0.5477642473355833 0.004311977037058767 0.006064333001890745
0 0.7766544229651234 0.5361868843319737 0.005434272430265849 0.0063793632877033705
0 0.7661853084022693 0.6437158409183656 0.00895675060413069 0.011942334138841205
0 0.5666931140031052 0.6793066302745717 0.004788657238278731 0.007051952947912809
0 0.5838160850896748 0.5050608006150431 0.0076265845364500255 0.014655005579845124
