0 0.32725679874420166 0.6636160214742024 0.00882425308227539 0.011879412333170573
0 0.5492397546768188 0.22087692419687907 0.007379293441772461 0.009385156631469726
0 0.42283382415771487 0.5291215578715006 0.00831756591796875 0.011111768086751302
0 0.557985806465149 0.44034878412882483 0.009370660781860352 0.012212117513020836
0 0.38255873918533323 0.45353075663248693 0.007783246040344238 0.01109161376953125
0 0.5311277389526367 0.13419620196024576 0.008523178100585938 0.011060365041097005
0 0.4728018522262573 0.7800388971964517 0.009917783737182616 0.012726593017578124
0 0.4327613115310669 0.36845801671346023 0.009264135360717773 0.01181653340657552
0 0.2794946312904358 0.5887763023376464 0.009173369407653809 0.012297248840332032
0 0.49542062282562255 0.812298043568929 0.008225297927856446 0.010543251037597656
0 0.50490300655365 0.5450077692667644 0.008570051193237305 0.011581802368164062
0 0.4386990785598755 0.7162581443786621 0.008821058273315429 0.011253801981608073
0 0.37643290758132936 0.16856703758239747 0.009412837028503419 0.013364251454671223
0 0.2843130588531494 0.6681629498799643 0.008513641357421876 0.011782264709472657
0 0.3252952218055725 0.4034807999928793 0.010002207756042481 0.013307921091715495
0 0.34858763217926025 0.33485027949015306 0.009965610504150391 0.012922350565592449
0 0.6891814947128296 0.5290566285451254 0.008845186233520508 0.011932722727457682
0 0.3832915902137756 0.2932225227355957 0.007888388633728028 0.009990882873535157
0 0.41834259033203125 0.22048733234405518 0.00861063003540039 0.010817829767862957
0 0.43012285232543945 0.17517133553822833 0.007962989807128906 0.010423612594604493
0 0.42918925285339354 0.2782662232716878 0.009181594848632813 0.013312753041585286
0 0.3275965929031372 0.5793423016866047 0.007435846328735352 0.010285758972167968
0 0.5850401878356934 0.5321752707163493 0.0091339111328125 0.011685911814371746
0 0.466913628578186 0.5679653485616049 0.008190298080444336 0.010737291971842448
0 0.5847095727920533 0.46614130338033033 0.008479738235473632 0.01074838638305664
0 0.6428622484207154 0.2719805558522542 0.007341146469116211 0.008878294626871746
0 0.27356655597686763 0.5677340825398763 0.008668613433837891 0.01143519083658854
0 0.35991854667663575 0.7276634852091471 0.008887958526611329 0.012087758382161458
0 0.46473658084869385 0.3822369416554769 0.008701181411743164 0.011270236968994141
0 0.4510640144348145 0.8146599451700846 0.00840291976928711 0.011273829142252605
0 0.4573289632797241 0.1561877965927124 0.00825810432434082 0.011326074600219727
0 0.5317641258239746 0.6036881446838379 0.00794363021850586 0.009445381164550782
0 0.6628802061080933 0.48209899266560874 0.009700918197631836 0.013567034403483074
0 0.7472100257873535 0.3212773323059082 0.008366584777832031 0.01145032246907552
0 0.7079248666763306 0.3295501708984375 0.008505105972290039 0.011203765869140625
0 0.606876802444458 0.31095566749572756 0.006897544860839844 0.00843966801961263
0 0.45754256248474123 0.5946763038635254 0.008068656921386719 0.0102298100789388
0 0.35632076263427737 0.5280751228332519 0.009287500381469726 0.013373756408691406
0 0.4728753089904785 0.7377504030863444 0.009908008575439452 0.014165051778157552
0 0.49298155307769775 0.17549608548482257 0.008980607986450196 0.012194538116455078
0 0.5423588752746582 0.3618639628092448 0.0084228515625 0.010738245646158854
0 0.5545198440551757 0.1804244836171468 0.008959388732910157 0.012172667185465495
0 0.7030549287796021 0.38291643460591634 0.009212064743041991 0.011032009124755859
0 0.31838811635971065 0.42753378550211585 0.008657526969909669 0.012383079528808594
0 0.5717602968215943 0.35337932904561364 0.008297109603881836 0.011261844635009765
0 0.4377551555633545 0.801739533742269 0.007654666900634766 0.010750897725423177
0 0.4500129699707031 0.5139256477355957 0.00809946060180664 0.011266263326009114
0 0.41263637542724607 0.6812376976013184 0.009044647216796875 0.012162590026855468
0 0.7626548051834107 0.37104552586873374 0.008475828170776366 0.010665321350097656
0 0.400786817073822 0.5396583239237467 0.008106350898742676 0.010983721415201824
0 0.44140574932098386 0.5514737447102864 0.007502508163452148 0.0112762451171875
0 0.5905270099639892 0.346745220820109 0.00712118148803711 0.01037740707397461
0 0.4978147029876709 0.5843325932820638 0.008429908752441406 0.011918131510416667
0 0.7331678390502929 0.3865436871846517 0.008919620513916015 0.01352984110514323
0 0.3319738507270813 0.19909156958262128 0.009974503517150879 0.013372214635213216
0 0.6585902452468873 0.7042289415995281 0.008503103256225586 0.010308265686035156
0 0.5298388957977296 0.5774141629536946 0.009696102142333985 0.012945493062337242
0 0.7558091878890991 0.5282868226369222 0.008526849746704101 0.010378742218017578
0 0.3591204047203064 0.6105010668436686 0.008154702186584473 0.011107063293457032
0 0.3744545578956604 0.6562407493591309 0.008520054817199706 0.011215400695800782
0 0.4879839181900024 0.3695101737976074 0.006942129135131836 0.009624036153157552
0 0.6368728637695312 0.5474282582600912 0.007782840728759765 0.010922114054361977
0 0.5880595207214355 0.26865159670511884 0.008028793334960937 0.010033957163492839
0 0.3479002118110657 0.686868413289388 0.007634425163269043 0.010848236083984376
0 0.43028759956359863 0.1578337828318278 0.007825183868408202 0.009489027659098308
0 0.4517470359802246 0.5549362818400065 0.007796287536621094 0.010836283365885414
0 0.5616667985916138 0.6309097607930502 0.007200288772583008 0.010412025451660156
0 0.5416485071182251 0.4361534436543782 0.00782780647277832 0.01085370381673177
0 0.5841811656951904 0.5911230723063151 0.009244155883789063 0.01158447265625
0 0.42782931327819823 0.8135278065999348 0.007866573333740235 0.01064592997233073
0 0.40507385730743406 0.31644204457600916 0.007772493362426758 0.011037063598632813
0 0.48524835109710696 0.20646528402964276 0.007882928848266602 0.0113465150197347
0 0.2568413853645325 0.5201094150543214 0.009099793434143067 0.012034384409586589
0 0.7411000251770019 0.59217955271403 0.010840797424316406 0.014280319213867188
0 0.5257562637329102 0.5322435061136882 0.008120059967041016 0.01159369150797526
0 0.6776411056518554 0.2601813236872355 0.007717418670654297 0.009448862075805664
0 0.4799391269683838 0.6936724344889323 0.009397125244140625 0.010834121704101562
0 0.23675528764724732 0.5073207219441732 0.007942414283752442 0.011127916971842448
0 0.27345306873321534 0.38545254071553553 0.007944679260253907 0.010962200164794923
0 0.6135683298110961 0.3438100814819336 0.007187032699584961 0.009100659688313802
0 0.3112881898880005 0.3620345115661621 0.008891487121582031 0.011321449279785156
0 0.42386817932128906 0.46831229527791346 0.0075360298156738285 0.009993171691894532
0 0.5622750520706177 0.7976777712504068 0.008733797073364257 0.011804262797037758
0 0.49220712184906007 0.603724161783854 0.007634782791137695 0.009215291341145833
0 0.5984009504318236 0.20627617041269938 0.006961679458618164 0.010017951329549156
0 0.6906322240829468 0.418786875406901 0.009326505661010741 0.01304779052734375
0 0.6828422307968139 0.34977267583211263 0.007770681381225586 0.011227035522460937
0 0.36498973369598386 0.30332285563151046 0.008530950546264649 0.012036641438802086
0 0.3728825569152832 0.587842623392741 0.008337736129760742 0.01152941385904948
0 0.2958774209022522 0.5609678268432616 0.010886359214782714 0.013813527425130208
0 0.4338012695312499 0.7626397768656413 0.008308124542236329 0.011599286397298176
0 0.45732889175415037 0.21347690423329674 0.0081298828125 0.011174281438191734
0 0.3014847993850708 0.7052734692891438 0.0064754486083984375 0.008976173400878907
0 0.39577058553695676 0.5527346928914387 0.00726325511932373 0.009630711873372395
0 0.5465756209698841 0.8342450547550466 0.010998344421386719 0.012493006388346354
0 0.4418086767196655 0.6600363413492839 0.008633661270141601 0.013270314534505208
0 0.6903075933456421 0.4855786323547363 0.008547449111938476 0.0110931396484375
0 0.5043748140335083 0.4972029209136963 0.008254003524780274 0.010012594858805339
0 0.6360579490661622 0.3229703267415365 0.008115386962890625 0.011078898111979167
0 0.5745229058301955 0.48115569925429136 0.00837082862854004 0.011599222819010414
0 0.4086776256561279 0.763835080464681 0.008974170684814453 0.01023241678873698
0 0.5572576761245728 0.8310414632161458 0.00825505256652832 0.010690561930338542
0 0.2561683902565255 0.6142792967085255 0.006568283776362662 0.009553867311072821
0 0.26124388226553297 0.6150754523177816 0.005971167069420602 0.01273848974809738
0 0.2539292026054928 0.599351379034974 0.0122408924923122 0.015525034380493423
0 0.2666179326280115 0.5483974200425851 0.008359633897188842 0.010748100724956942
0 0.302743493398006 0.49326364410160184 0.007165400483304651 0.01353464535735327
0 0.3702176812824585 0.5631262988138225 0.010150984018015024 0.01074810072495687
0 0.4041040544014203 0.5585484040606001 0.011046659078427936 0.01353464535735327
0 0.42515241832112777 0.5103809897006075 0.010150984018014952 0.011942334138841205
0 0.4472457364779839 0.48669536032523925 0.010150984018014952 0.016321189989749598
0 0.4603823040307091 0.5257069851787871 0.0077625171902466405 0.00995194511570098
0 0.4639650042723615 0.6122889076853852 0.007165400483304651 0.010350022920329067
0 0.47381742993690534 0.61945430816869 0.007165400483304651 0.011942334138841134
0 0.48202778465735874 0.5973609900118338 0.008061075543717777 0.012340411943469149
0 0.45650104543558584 0.45604336936888024 0.0065682837763625206 0.012340411943469149
0 0.46351716674215493 0.44350391852309706 0.007463958836775717 0.012738489748097237
0 0.42560025585133426 0.44967412449483163 0.007463958836775646 0.011544256334213117
0 0.42978007279992864 0.43892602376987466 0.009255308957601826 0.007563478287932739
0 0.3914153243789015 0.4661943533868952 0.008359633897188771 0.011146178529585028
0 0.27572396240887787 0.44211064620689894 0.010449542371485982 0.015525034380493494
0 0.3227469030805649 0.41902213353847273 0.008956750604130868 0.013136567552725324
0 0.36872488951510335 0.3708547191784801 0.010748100724957084 0.013136567552725324
0 0.3746960565845239 0.3652816299136876 0.011942334138841205 0.014728878771237462
0 0.2507943398940469 0.37105375808079416 0.008359633897188771 0.014330800966609374
0 0.2805008960644143 0.2808891353325434 0.009255308957601897 0.013932723161981287
0 0.2888605299616031 0.2777045128955191 0.011046659078428042 0.014728878771237425
0 0.39380379120666986 0.25143137779006863 0.007762517190246783 0.013932723161981358
0 0.4353034023391427 0.31134208738658836 0.007762517190246783 0.011146178529585136
0 0.3973864914483221 0.21441014195966102 0.011345217431899144 0.01472887877123739
0 0.4303771895068708 0.20306492452776193 0.0098524256645441 0.011942334138841134
0 0.45575464955190825 0.19211778490049083 0.007463958836775717 0.013932723161981358
0 0.46411428344909694 0.23650346011651716 0.009255308957601826 0.01353464535735327
0 0.45306762437066894 0.2116235973272647 0.008061075543717777 0.012340411943469186
0 0.51725767036694 0.19709375745834137 0.009255308957601897 0.013534645357353305
0 0.52158676649227 0.21261879183883484 0.00716540048330458 0.012738489748097237
0 0.4811321095969456 0.14156190371273 0.0098524256645441 0.013136567552725253
0 0.495462910563555 0.27730643509089103 0.008658192250659766 0.009951945115700944
0 0.5283043294453681 0.27869970740708916 0.009852425664543958 0.011942334138841205
0 0.5521889977230504 0.2408823159674256 0.006866842129833657 0.012738489748097201
0 0.44620078224083526 0.13499361993636738 0.009255308957601897 0.011942334138841168
0 0.6410101078806815 0.14215902041967207 0.010748100724957155 0.011146178529585047
0 0.6492204626011348 0.17519947820379925 0.007463958836775646 0.01433080096660941
0 0.6592221674424142 0.17579659491074132 0.0083596338971887 0.01313656755272529
0 0.6684774764000161 0.17918025625007963 0.010748100724957084 0.01433080096660941
0 0.6695224306371648 0.19032643477966474 0.008658192250659624 0.011942334138841168
0 0.6384723618761778 0.18077256746859177 0.009852425664543958 0.012738489748097237
0 0.6062280597013067 0.19450625172825908 0.008658192250659837 0.012340411943469186
0 0.6050338262874225 0.20326396343007594 0.009852425664544029 0.010748100724957048
0 0.5974205882739113 0.1560917435816534 0.008359633897188771 0.010350022920328978
0 0.6692238722836936 0.23093037085172463 0.009852425664544029 0.010350022920328996
0 0.6053323846408936 0.22933805963321244 0.006269725422891597 0.011942334138841134
0 0.5572644897320579 0.20764281928098438 0.009255308957601826 0.01234041194346922
0 0.6071237347617198 0.15430039346082725 0.008061075543717777 0.009155789506444858
0 0.5329319839241691 0.1537032767538852 0.010150984018014952 0.013534645357353287
0 0.6308591238626665 0.26377178973353776 0.007762517190246783 0.012340411943469186
0 0.6853460233711293 0.266757373268248 0.011046659078427865 0.009553867311072928
0 0.6192153480772963 0.27272854033766863 0.007762517190246783 0.010350022920328996
0 0.6242908400863039 0.27730643509089103 0.007165400483304722 0.008359633897188808
0 0.6227980483189488 0.28725838020659206 0.005971167069420531 0.012340411943469186
0 0.7116191584765797 0.2550140780317209 0.007463958836775788 0.011544256334213082
0 0.7171424880157937 0.2524265723016386 0.005971167069420602 0.015126956575865443
0 0.725651401089718 0.2641698675381658 0.007463958836775646 0.009951945115700944
0 0.7237107717921564 0.27312661814229666 0.008359633897188842 0.017515423403633646
0 0.6957955657426151 0.30517188141485374 0.011046659078428007 0.011544256334213188
0 0.704752316346746 0.34657197309616966 0.008658192250659766 0.009951945115701051
0 0.6219023732585356 0.328857510790222 0.007762517190246783 0.007961556092560756
0 0.6192153480772963 0.32248826591617347 0.006568283776362662 0.010350022920328925
0 0.6129456226544048 0.3238815382323715 0.0065682837763625206 0.00915578950644484
0 0.5559209771414383 0.35632487930955664 0.008359633897188842 0.011942334138841134
0 0.5005384025725624 0.37264606929930705 0.010449542371485963 0.014330800966609346
0 0.49098453526148944 0.3947393874561624 0.008061075543717848 0.010748100724956942
0 0.47262319652302126 0.40190478793946705 0.007762517190246783 0.010748100724956942
0 0.49576146891702594 0.4136480831759941 0.010449542371485947 0.009553867311072892
0 0.7447591357118639 0.3869768702659156 0.010449542371486018 0.01592311218512151
0 0.6804198105388574 0.4174298223199605 0.007762517190246712 0.012340411943469149
0 0.6653426136885703 0.4132500053713661 0.006866842129833514 0.011942334138841205
0 0.5544281853740831 0.44609142425317927 0.008359633897188771 0.009155789506444805
0 0.5159141577763203 0.4618154975359869 0.008956750604130903 0.011146178529585028
0 0.5088980364697512 0.4462904631554933 0.009852425664544029 0.009553867311072892
0 0.7749135294124377 0.4725635982609439 0.009255308957601897 0.010350022920328996
0 0.6637005427444796 0.4747530261863981 0.007762517190246569 0.00995194511570091
0 0.6307098446859309 0.4974434610501962 0.009852425664543958 0.011544256334213117
0 0.6708659432277843 0.5255079462764729 0.008956750604130832 0.011942334138841134
0 0.6674325221628675 0.5374502804153142 0.009852425664543887 0.012738489748097237
0 0.775212087765909 0.537649319317628 0.008658192250659766 0.00995194511570091
0 0.5774171785913522 0.47674341520953817 0.006568283776362662 0.00995194511570098
0 0.6281720986814271 0.5245127517649029 0.0077625171902466405 0.011544256334213188
0 0.6414579454108879 0.5738743995387797 0.009255308957601897 0.013136567552725324
0 0.6581772132052655 0.5605387930837403 0.009852425664544029 0.012738489748097237
0 0.7107234834161668 0.5714859327110113 0.006866842129833657 0.013136567552725324
0 0.7135597877741412 0.5969629122072059 0.008359633897188842 0.01472887877123739
0 0.7498346277208714 0.6246293196288545 0.008061075543717777 0.010350022920328996
0 0.693108540561376 0.5828311501429105 0.009255308957601897 0.010350022920328996
0 0.6965419616262927 0.5935792508678674 0.008359633897188842 0.012738489748097308
0 0.6710152224045197 0.5971619511095199 0.007463958836775646 0.0111461785295851
0 0.6745979226461722 0.5939773286724956 0.009852425664544029 0.009553867311072892
0 0.6781806228878244 0.5868119281891907 0.006866842129833799 0.0111461785295851
0 0.6763892727669983 0.6110946742715012 0.009852425664543887 0.011942334138841205
0 0.6135427393613467 0.5838263446544806 0.007762517190246712 0.009155789506444877
0 0.5636834943316849 0.5770590219758039 0.007762517190246783 0.013136567552725324
0 0.7047523163467462 0.6367706926700097 0.008658192250659908 0.01393272316198143
0 0.6557887463774975 0.6668255669194265 0.006269725422891526 0.01353464535735327
0 0.692212865500963 0.6725976950865331 0.008658192250659908 0.013136567552725182
0 0.6496683001313415 0.6735928895981032 0.005971167069420602 0.011942334138841205
0 0.6371288492855581 0.6769765509374415 0.008359633897188842 0.009951945115700767
0 0.6333968698671704 0.68334579581149 0.007463958836775646 0.0107481007249568
0 0.6286199362116339 0.6857342626392583 0.0068668421298335855 0.009155789506445017
0 0.6402637119970039 0.6015408069604282 0.005672608715949537 0.009553867311072892
0 0.6442942497688628 0.6051235072020806 0.004776933655536482 0.00875771170181693
0 0.7026624078724489 0.6966814022665292 0.010449542371486018 0.011942334138841063
0 0.6847489066641872 0.7442516999195798 0.008061075543717777 0.011544256334213117
0 0.6778820645343535 0.7464411278450342 0.009852425664544029 0.009553867311072821
0 0.6201110231377095 0.7014583359220659 0.010150984018014952 0.010350022920329138
0 0.6120499475939917 0.70265256933595 0.009553867311073034 0.01114617852958517
0 0.5887623960232514 0.7456449722357781 0.008956750604130903 0.011942334138841063
0 0.5227809999061541 0.703448724945206 0.00895675060413076 0.010350022920328853
0 0.5191982996645017 0.7116093199400808 0.007165400483304722 0.013136567552725182
0 0.5235273957898317 0.6391591594977778 0.007463958836775717 0.011544256334213117
0 0.5289014461523103 0.6315956812098452 0.010449542371486018 0.010748100724957013
0 0.647876950010515 0.6325908757214151 0.00716540048330458 0.009553867311072892
0 0.6307098446859309 0.7703257961227166 0.009255308957601968 0.011942334138841347
0 0.49919488998194284 0.7307170545622267 0.007762517190246712 0.009155789506444877
0 0.4971049815076456 0.7372853383385893 0.008956750604130832 0.011942334138841205
0 0.4820277846573586 0.6459264821764544 0.0068668421298335855 0.01234041194346922
0 0.4729217548764923 0.630003369991333 0.0077625171902466405 0.010748100724956942
0 0.49919488998194284 0.6361735759630676 0.008359633897188771 0.012738489748097237
0 0.4635171667421548 0.8389942174210528 0.006269725422891597 0.011544256334213259
0 0.4226146723166239 0.82844515559841 0.008658192250659766 0.015126956575865477
0 0.407238917112866 0.8057547207346119 0.007762517190246712 0.014330800966609302
0 0.4202262054888557 0.7926181531818863 0.007463958836775788 0.013534645357353412
0 0.41380720088922857 0.797992203544365 0.009553867311072892 0.01870965681751784
0 0.42515241832112766 0.7301199378552846 0.010150984018015024 0.009553867311072963
0 0.35976813891097237 0.6942929354387612 0.0071654004833047935 0.010350022920328996
0 0.345437337944363 0.7054391139683464 0.007762517190246712 0.012738489748097237
0 0.3175221318948218 0.7368872605339613 0.009255308957601897 0.01353464535735327
0 0.28915908831507414 0.7100170087215687 0.008061075543717777 0.011544256334213259
0 0.49148646081724406 0.4228460526085395 0.008742385706338639 0.01006698960123849
