0 0.6230548620224 0.3662945111592611 0.008101129531860351 0.011024284362792968
0 0.6966648817062377 0.40505948066711417 0.007814741134643555 0.009802468617757161
0 0.39294341802597044 0.33420629501342775 0.00771939754486084 0.010852813720703125
0 0.47614712715148927 0.5438140869140625 0.005632877349853516 0.007457860310872397
0 0.5016458988189697 0.11846006711324054 0.00904254913330078 0.012384271621704102
0 0.4481930732727051 0.5517783482869466 0.007883548736572266 0.010030110677083336
0 0.37663809061050413 0.4472620328267415 0.0068007707595825195 0.009738858540852864
0 0.3846455693244934 0.554849402109782 0.008607792854309081 0.010595766703287761
0 0.4229062795639038 0.626740805308024 0.009777402877807618 0.01305802663167318
0 0.4191084861755371 0.4334663073221843 0.008725929260253906 0.01135101318359375
0 0.2925176858901978 0.3475318749745687 0.008571767807006836 0.010705916086832683
0 0.27232770919799804 0.3209280331929525 0.008464956283569336 0.01151568094889323
0 0.25329639911651614 0.56874574025472 0.008008575439453125 0.0104888916015625
0 0.6422019958496094 0.24175992012023925 0.008179283142089844 0.012270228068033856
0 0.48298466205596924 0.8001792907714844 0.009134435653686523 0.012792332967122394
0 0.7371165037155152 0.4895805994669596 0.009426259994506836 0.013280232747395836
0 0.3832774519920349 0.18762555122375488 0.007352757453918457 0.010790506998697914
0 0.30004723072052003 0.6200000762939453 0.008309125900268555 0.011016464233398438
0 0.4287438869476318 0.8040775299072265 0.007994556427001953 0.010570017496744792
0 0.42804632186889646 0.127010448773702 0.007723522186279297 0.011688582102457682
0 0.6355433940887452 0.6069439252217611 0.007186031341552735 0.010466575622558594
0 0.4868249282009133 0.6702831989811604 0.008536529541015626 0.01041259765625
0 0.5250961780548095 0.7529397328694661 0.008178329467773438 0.011260223388671876
0 0.6936380210781369 0.4898919607553543 0.008519935607910156 0.011261685689290363
0 0.5076706647872925 0.7098494211832683 0.008542871475219727 0.011480331420898438
0 0.3104697346687317 0.5032426675160725 0.008362174034118652 0.011410363515218099
0 0.33642987012863157 0.6023048718770344 0.006748414039611817 0.009139442443847656
0 0.470890736579895 0.1949200789133708 0.008775949478149414 0.010122617085774742
0 0.3382937788963318 0.3403221448262533 0.009461283683776855 0.01268768310546875
0 0.3216994881629944 0.7389479319254556 0.0078057050704956055 0.01009661356608073
0 0.7387729167938233 0.6043862342834473 0.007769012451171875 0.00910778045654297
0 0.45850648880004885 0.1722227811813354 0.007171916961669922 0.009982601801554362
0 0.6063068389892579 0.5037964185078939 0.007459163665771484 0.009652201334635417
0 0.719244909286499 0.47004939715067545 0.006976985931396484 0.010727977752685547
0 0.47454113960266114 0.4347448348999024 0.008446884155273438 0.011118570963541664
0 0.25983749628067015 0.34250583648681643 0.01045072078704834 0.014482561747233074
0 0.5863775730133056 0.1978655179341634 0.00795278549194336 0.011192607879638671
0 0.5383417844772339 0.7181588808695476 0.008617734909057618 0.011776669820149738
0 0.5984323978424073 0.755143133799235 0.00784454345703125 0.011216163635253906
0 0.6817102670669556 0.6037884076436361 0.008400774002075196 0.011389859517415364
0 0.3471616506576538 0.7303040822347007 0.008016443252563477 0.011222585042317707
0 0.4272054132556644 0.5383245988796715 0.007608079910278319 0.010802396138509114
0 0.4468647241592407 0.3618217627207438 0.008268976211547851 0.011251290639241539
0 0.47431468963623047 0.5059236049652099 0.007422065734863282 0.008701546986897787
0 0.4417033433914185 0.31106001536051436 0.0066073894500732425 0.009257634480794271
0 0.6924702405929566 0.39124155044555664 0.008312082290649414 0.011246109008789062
0 0.6423779406593119 0.3767769265016787 0.010215330123901366 0.013946628570556641
0 0.6259077548980713 0.7679779688517253 0.007561874389648437 0.00986188252766927
0 0.5979065418243409 0.47261150677998864 0.008583354949951171 0.011010456085205077
0 0.691787576675415 0.23300005594889325 0.008672237396240234 0.012540849049886067
0 0.5754941940307617 0.587295405069987 0.00899677276611328 0.012792332967122394
0 0.5593918561935426 0.819273567199707 0.007226133346557617 0.010457738240559894
0 0.39516960382461547 0.18599728743235272 0.007842946052551269 0.011157560348510741
0 0.4892439603805542 0.16745756467183429 0.009110498428344726 0.012955538431803386
0 0.40307154962487446 0.3733364502108498 0.007184934616088867 0.008817132314046223
0 0.4868891477584839 0.3977400620778402 0.008539247512817382 0.011849180857340496
0 0.5789120197296143 0.7802903811136882 0.007749366760253906 0.011209042867024739
0 0.36585729122161864 0.5453479766845704 0.007347679138183594 0.010019556681315106
0 0.2370946526527405 0.5659175554911297 0.00806596279144287 0.010732205708821614
0 0.7224832209023172 0.25520923503802484 0.00941777229309082 0.013522402445475262
0 0.6992352485656739 0.26998096307118735 0.00789642333984375 0.010359589258829753
0 0.5662632465362549 0.4157928625742594 0.007680416107177734 0.010643672943115235
0 0.4378713607788086 0.16523170471191406 0.008395767211914063 0.011500708262125651
0 0.36641783714294435 0.7568775177001953 0.00858292579650879 0.010930633544921875
0 0.5774367094039917 0.4121917406717936 0.007650613784790039 0.01132030487060547
0 0.472817063331604 0.6594030698140462 0.0077937602996826175 0.010385195414225258
0 0.3262218117713928 0.614523696899414 0.008612465858459473 0.010530598958333333
0 0.5289995134957721 0.6208578626555002 0.007725048065185547 0.012517102559407552
0 0.41678407192230227 0.3868096351623535 0.009236383438110351 0.012612342834472656
0 0.5080291986465455 0.6590755144755046 0.008569097518920899 0.010849571228027344
0 0.27291121482849123 0.4593563238779704 0.007773780822753906 0.010100396474202473
0 0.43644373416900634 0.1392000436782837 0.008346891403198243 0.011089468002319336
0 0.44971184730529784 0.7296847025553386 0.007615184783935547 0.010235977172851563
0 0.35341333150863646 0.6275433858235677 0.008359694480895996 0.009950637817382812
0 0.3481700897216797 0.18293941020965576 0.008175325393676759 0.010169680913289387
0 0.34654892683029176 0.30787955919901533 0.007878327369689941 0.010492674509684245
0 0.2555618524551392 0.3728508949279785 0.007681035995483398 0.010257339477539063
0 0.48820440769195556 0.23843774795532227 0.0077136516571044925 0.010826206207275391
0 0.47916128635406496 0.2842199961344401 0.00805802345275879 0.011060841878255208
0 0.419870662689209 0.79509121576945 0.007822227478027344 0.011854743957519532
0 0.6557209491729736 0.22475277582804362 0.007843685150146485 0.010000260670979817
0 0.3942111611366272 0.6416889508565268 0.007938790321350097 0.010548210144042969
0 0.2874858975410462 0.44418813387552897 0.009766411781311036 0.011435985565185547
0 0.3373760938644409 0.5418198903401693 0.007599496841430664 0.009458541870117188
0 0.6557982921600342 0.28148250579833983 0.008049583435058594 0.010555330912272136
0 0.3571473479270935 0.5542230288187663 0.006947541236877441 0.008638954162597657
0 0.37872843742370604 0.5308485666910807 0.008618879318237304 0.010843912760416664
0 0.46037596089437793 0.3275958121955156 0.00886366367340088 0.011135482788085937
0 0.4369105577468872 0.16638696193695068 0.00867476463317871 0.01145342191060384
0 0.5300034761428833 0.1397544781366984 0.007816076278686523 0.010690100987752279
0 0.40613484382629395 0.6713692982991536 0.008951854705810548 0.011532847086588542
0 0.5366688029367591 0.6253545058823713 0.00972137451171875 0.012374114990234376
0 0.39076762199401854 0.4364659786224366 0.008117103576660156 0.010805288950602211
0 0.5984667778015137 0.34931852022806803 0.006700038909912109 0.01025234858194987
0 0.503080677986145 0.6463570276896158 0.007029104232788086 0.010951868693033854
0 0.5235799213276142 0.1252066370702412 0.010317230224609375 0.015908058484395346
0 0.33817259073257444 0.7381861050923666 0.007632803916931152 0.009903653462727865
0 0.3382114768028259 0.31694690386454266 0.008159518241882324 0.010727723439534508
0 0.6195038557052613 0.7090632756551106 0.007770681381225586 0.011208597819010417
0 0.5379047632217407 0.2616144339243571 0.009161901473999024 0.011262226104736327
0 0.4758929967880249 0.687020174662272 0.007389211654663086 0.010716883341471355
0 0.566666054725647 0.3178776105244955 0.007932901382446289 0.010382970174153648
0 0.6069628477096558 0.13370141585667927 0.00845789909362793 0.011393300692240397
0 0.3541785955429077 0.39430292447408033 0.006914901733398438 0.008914597829182943
0 0.4988404750823975 0.5456995010375977 0.00820159912109375 0.010413233439127605
0 0.620460057258606 0.6347521464029948 0.008427095413208009 0.01104609171549479
0 0.56751658743526 0.5432015984444142 0.0076248645782470694 0.010635566711425782
0 0.4787614323932115 0.523584891384726 0.009450674057006836 0.012142976125081383
0 0.4416567087173462 0.7064735412597656 0.0069468021392822266 0.009779739379882812
0 0.5423697710037232 0.21819636821746827 0.006562280654907227 0.009830904006958009
0 0.450198769569397 0.6457032203674317 0.007746267318725586 0.01011308034261068
0 0.43745267391204834 0.18273534774780276 0.007387208938598633 0.00928653081258138
0 0.5621981143951416 0.3592466513315836 0.008514404296875 0.009343560536702473
0 0.5025871276855469 0.6277724901835123 0.0068115234375 0.00942694346110026
0 0.43804638385772704 0.4205999533335368 0.006205511093139648 0.008809312184651693
0 0.6404847621917724 0.40321696599324547 0.0076848030090332035 0.01101214090983073
0 0.672808051109314 0.7530097325642903 0.007412958145141602 0.010433578491210937
0 0.5605552434921265 0.3485305150349935 0.007680177688598633 0.009696578979492188
0 0.6561724185943604 0.3943106492360433 0.008966827392578125 0.012988440195719401
0 0.7478822920606356 0.4060456049531594 0.006172418594360347 0.013108030762832625
0 0.701453161239624 0.32807253201802566 0.008705711364746094 0.012249978383382161
0 0.3615868091583252 0.18733690579732262 0.008772611618041992 0.011194070180257164
0 0.557741355895996 0.2409460226694743 0.00871744155883789 0.012585481007893883
0 0.6158039569854736 0.1769753615061442 0.008832263946533202 0.01165927251180013
0 0.4950129270553589 0.14306111335754396 0.009307146072387695 0.012508392333984375
0 0.30520637035369874 0.3875305652618408 0.007477998733520508 0.010021432240804035
0 0.5792208909988403 0.27958866755167644 0.008484888076782226 0.01155853271484375
0 0.3958003640174866 0.1236768364906311 0.008632349967956542 0.010752288500467937
0 0.5882483720779419 0.8137100537618001 0.008082914352416991 0.010129610697428383
0 0.6710485219955444 0.6659373601277668 0.008544206619262695 0.011940638224283852
0 0.30791974067687994 0.33211048444112146 0.007758092880249023 0.011216513315836589
0 0.7555365085601806 0.44183575312296547 0.007574844360351563 0.00995477040608724
0 0.5942219495773314 0.6798275311787922 0.00778803825378418 0.010848808288574218
0 0.5242881774902344 0.3406766255696615 0.009120655059814454 0.012091445922851562
0 0.5407084226608276 0.7910010973612468 0.007346200942993164 0.011452039082845054
0 0.48865480422973634 0.7251864751180013 0.007456302642822266 0.01025225321451823
0 0.5804368734359742 0.3491644223531087 0.006725454330444336 0.010151990254720052
0 0.3314592242240906 0.30762343406677245 0.007825350761413575 0.00952450434366862
0 0.4833406448364258 0.3503379821777344 0.008000659942626952 0.010693677266438802
0 0.45959761142730715 0.1194792588551839 0.006967592239379883 0.010483026504516602
0 0.35164568257837375 0.3792605193128554 0.01072929154868838 0.011656514275118254
0 0.37807153028162477 0.37263749983835653 0.007947623369398827 0.011126672717158287
0 0.38025712670820944 0.34005224402382156 0.009934529211748498 0.011656514275118254
0 0.4172135753759138 0.33793287779198183 0.008345004537868732 0.01589524673879758
0 0.538812212927715 0.3707830543854969 0.00834500453786866 0.011656514275118254
0 0.4247638175768427 0.3959505283885929 0.006755479863988896 0.007947623369398898
0 0.38144927021361924 0.4025735478630919 0.009139766874808615 0.012716197391038122
0 0.26243361025687245 0.45794199066990343 0.009537148043278557 0.009007306485318622
0 0.27336159238979574 0.48893772181055867 0.007550242200928778 0.011656514275118254
0 0.30992065988903017 0.47489692052462085 0.010729291548688416 0.014305722064917745
0 0.33495567350263633 0.49873979063281715 0.008345004537868732 0.009007306485318622
0 0.34349936862474 0.5024486815385366 0.007152861032458872 0.009007306485318693
0 0.3462810368040296 0.4974151867379174 0.00953714804327852 0.008477464927358796
0 0.3719121221703407 0.5114559880238553 0.008345004537868732 0.012186355833078153
0 0.4261546516664874 0.5074821763391558 0.010331910380218403 0.008477464927358796
0 0.4297310821827168 0.4992696321907771 0.0071528610324589435 0.01006698960123849
0 0.39019165591995786 0.4870832763576989 0.009139766874808615 0.01006698960123849
0 0.3899929653357229 0.4656246932603223 0.007152861032458872 0.012716197391038051
0 0.4648993155923064 0.31488477002072535 0.008345004537868732 0.010066989601238419
0 0.3689317634068161 0.27117284148903203 0.008742385706338639 0.01165651427511829
0 0.32760412188594246 0.4383378530253864 0.008742385706338639 0.017484771412677347
0 0.3651566423063517 0.4383378530253864 0.011524053885628263 0.009007306485318693
0 0.5094060064609397 0.5148999581505947 0.00834500453786866 0.010596831159198317
0 0.5153667239879888 0.5241721854148933 0.008345004537868732 0.009007306485318693
0 0.5638472265413214 0.4942361373901579 0.006755479863988896 0.011656514275118254
0 0.5447729304547643 0.4762215244195206 0.007550242200928921 0.011656514275118183
0 0.4962924279014315 0.40230862708411197 0.007550242200928778 0.01006698960123849
0 0.5425873340281795 0.40310338942105184 0.010331910380218546 0.01271619739103798
0 0.559277343103917 0.38694322190327435 0.007947623369398684 0.01324603894899795
0 0.5825241414594085 0.3940960829357333 0.006755479863988896 0.011656514275118254
0 0.5874914060652827 0.34694018427730045 0.010331910380218403 0.011656514275118183
0 0.4464210912584543 0.47198279195584125 0.007947623369398827 0.01271619739103798
0 0.4343009656201211 0.45237865431132435 0.008345004537868732 0.011656514275118112
0 0.3150866150791394 0.21394995322936075 0.011524053885628226 0.010596831159198352
0 0.3884034406618431 0.16202548054928873 0.008742385706338708 0.010596831159198388
0 0.3868139159879634 0.1752715194982867 0.007947623369398756 0.00953714804327852
0 0.40827249908534013 0.17924533118298608 0.009537148043278662 0.011126672717158287
0 0.41502797894932913 0.11698894812269564 0.00874238570633878 0.012716197391038069
0 0.4897356386216776 0.10003401826797824 0.009537148043278449 0.01059683115919837
0 0.46609145909771627 0.17288723248746707 0.009934529211748427 0.006887940253478924
0 0.4718534860405304 0.10798164163737699 0.009537148043278591 0.008477464927358706
0 0.5737817557530697 0.14189150134681175 0.008345004537868803 0.010596831159198388
0 0.5904717648288071 0.24044203112735674 0.011524053885628192 0.01165651427511822
0 0.611532966757714 0.23805774411653713 0.01072929154868845 0.011126672717158287
0 0.5882861684022225 0.3588616193313986 0.007947623369398827 0.012186355833078153
0 0.7524045909803074 0.3297203336436031 0.008742385706338496 0.011126672717158358
0 0.7245879091874116 0.30534762197744686 0.008742385706338639 0.015365405180837684
0 0.7303499361302258 0.3048177804194869 0.008345004537868874 0.01324603894899802
0 0.7134612364702534 0.4139651413592301 0.011126672717158358 0.01324603894899802
0 0.7106795682909639 0.44761008028968485 0.00874238570633878 0.012716197391038122
0 0.7567757838334768 0.47463199974564074 0.009537148043278734 0.011656514275118112
0 0.769491981224515 0.5201983737301937 0.008742385706338639 0.011656514275118112
0 0.6790877653976036 0.4950308997270977 0.008345004537868732 0.01324603894899795
0 0.6474959625042436 0.5429815607224703 0.008742385706338639 0.011656514275118112
0 0.5829215226278784 0.5329145711212319 0.009139766874808544 0.012716197391038122
0 0.5749738992584796 0.5421867983855304 0.009934529211748568 0.00900730648531855
0 0.7708828153141596 0.5493396594179891 0.008345004537868732 0.011656514275118112
0 0.4764233694779347 0.45979643612276305 0.006755479863989038 0.01271619739103798
0 0.5088099347082347 0.4412519815941659 0.007947623369398827 0.010596831159198388
0 0.43191667860930155 0.5305302841104121 0.013113578559508027 0.012186355833078295
0 0.42973108218271683 0.5609961736931076 0.006358098695519061 0.013775880506957777
0 0.4452289477530445 0.5819249152325243 0.0071528610324589435 0.010066989601238419
0 0.45973336040219737 0.5599364905771878 0.006755479863988896 0.011656514275118183
0 0.46251502858148685 0.5493396594179893 0.008345004537868732 0.01059683115919846
0 0.4815893246680439 0.5498695009759492 0.0075502422009288495 0.010596831159198388
0 0.5779542580220042 0.5588768074612678 0.0071528610324589435 0.010596831159198246
0 0.6465025095830687 0.6073573100146005 0.005960717527049155 0.010066989601238419
0 0.5785503297747091 0.6113311216992998 0.008345004537868803 0.009537148043278662
0 0.5183470827515133 0.6388828827132156 0.010331910380218403 0.011656514275118325
0 0.4720521766247654 0.6455059021877144 0.009139766874808615 0.01218635583307801
0 0.526493396705147 0.6714681385277507 0.009934529211748427 0.011126672717158358
0 0.5847097378859931 0.6693487722959109 0.009537148043278378 0.011126672717158215
0 0.6029892716356103 0.6460357437456744 0.0071528610324589435 0.00900730648531848
0 0.6403431014717846 0.6399425658291354 0.004768574021639367 0.010596831159198388
0 0.6405417920560196 0.6266965268801375 0.007550242200928778 0.010596831159198317
0 0.7037253978427398 0.6224577944164581 0.008345004537868732 0.013775880506957989
0 0.7224023127608271 0.597025399634382 0.009934529211748356 0.013775880506957777
0 0.7651207883713456 0.5586118866822879 0.009537148043278591 0.014305722064917816
0 0.7557823309123021 0.5726526879682258 0.006755479863988967 0.011656514275118397
0 0.4450302571688095 0.6772963956653097 0.007550242200928921 0.010066989601238419
0 0.45258049936973843 0.6810052865710293 0.007550242200928921 0.009007306485318764
0 0.45357395229091324 0.687893226824508 0.008742385706338568 0.010066989601238419
0 0.4833775399261586 0.7459108774211193 0.008742385706338708 0.011656514275118183
0 0.4968884996541366 0.7837945488152535 0.007152861032459015 0.013246038948997807
0 0.591663908334217 0.7981002708801713 0.00834500453786866 0.011126672717158358
0 0.5610655583620318 0.7000795826575862 0.0075502422009288495 0.011126672717158358
0 0.5735830651688348 0.6865686229296082 0.007947623369398827 0.011656514275118183
0 0.5753712804269495 0.7231276904288427 0.0067554798639891086 0.01271619739103798
0 0.6031879622198453 0.7080272060269851 0.010729291548688309 0.014305722064917887
0 0.6407404826402546 0.6992848203206463 0.006358098695519132 0.011656514275118183
0 0.7033280166742699 0.7080272060269851 0.007550242200928921 0.01324603894899795
0 0.7182298104918928 0.6969005333098266 0.009537148043278591 0.01324603894899795
0 0.7325355325568104 0.6404724073870954 0.010331910380218403 0.010596831159198388
0 0.6393496485506097 0.6807403657920491 0.007550242200928921 0.011656514275118325
0 0.6407404826402545 0.7249821358817025 0.010331910380218403 0.011126672717158498
0 0.6188845183744078 0.7310753137982414 0.008742385706338568 0.01589524673879751
0 0.6616029939849262 0.7506794514427585 0.007550242200928921 0.013775880506957917
0 0.5404017376015949 0.8354541007163456 0.00834500453786866 0.011656514275118183
0 0.40092094746864626 0.7845893111521934 0.009139766874808686 0.01271619739103798
0 0.29879398717187194 0.7244522943237426 0.009934529211748462 0.01006698960123856
0 0.30415863294621603 0.7310753137982416 0.007947623369398756 0.007417781811438999
0 0.32363031020124305 0.5954358749605024 0.011921435054098133 0.012716197391038122
0 0.28866076737588847 0.5933165087286627 0.007947623369398756 0.010596831159198388
0 0.2381933589802061 0.5514590256498291 0.006358098695519061 0.012716197391037909
0 0.2791236193326099 0.5270863139836728 0.00794762336939879 0.010596831159198388
0 0.43767870555211563 0.23567345710571744 0.007947623369398827 0.010596831159198388
