0 0.45675523281097413 0.7504792213439941 0.010032129287719727 0.013103930155436198
0 0.5223165988922118 0.5457924524943034 0.00821390151977539 0.011693827311197917
0 0.2705235481262207 0.4410776933034261 0.009133434295654297 0.012290668487548829
0 0.3634097456932068 0.28599232037862143 0.010033202171325684 0.013918209075927734
0 0.2804867625236512 0.4813831329345703 0.008565974235534669 0.010965410868326824
0 0.374846875667572 0.6394534746805827 0.00802938938140869 0.010318692525227864
0 0.6056516885757447 0.47683709462483725 0.009526300430297851 0.012328147888183594
0 0.38616490364074707 0.506512196858724 0.007648038864135742 0.010422897338867188
0 0.563440465927124 0.1528097947438558 0.011349868774414063 0.015205097198486329
0 0.3448363780975342 0.5921738624572753 0.008001470565795898 0.010939725240071614
0 0.261218273639679 0.5024084726969401 0.009075808525085449 0.011590830485026042
0 0.3771263241767883 0.7563828150431315 0.00937058925628662 0.011769485473632813
0 0.6258026123046875 0.531796948115031 0.00876617431640625 0.011164124806722004
0 0.6177534103393555 0.21897371610005695 0.009988117218017577 0.012565326690673829
0 0.4849665880203247 0.40363472302754716 0.007131242752075195 0.010037644704182941
0 0.526406192779541 0.2523339827855428 0.010644054412841797 0.014274263381958007
0 0.37311052083969115 0.44622829755147303 0.008097386360168457 0.011843458811442059
0 0.4655309677124023 0.4731938362121582 0.008374404907226563 0.010830179850260418
0 0.5739407808879927 0.49676114952306555 0.00953984260559082 0.013068771362304688
0 0.5602059125900268 0.4202043374379476 0.00802912712097168 0.010378615061442059
0 0.5210175514221191 0.5209723472595215 0.0073699951171875 0.010002899169921874
0 0.49703140258789064 0.7495385487874349 0.008745384216308594 0.011685562133789063
0 0.40573365688323976 0.42103444735209145 0.008832883834838868 0.012322521209716797
0 0.37185791730880735 0.37987672487894697 0.008409857749938965 0.010521793365478515
0 0.2755147695541382 0.35287931760152186 0.009491395950317384 0.012942473093668617
0 0.6958966255187988 0.3195433616638183 0.009364509582519531 0.012584940592447918
0 0.45595359802246094 0.6766970952351887 0.01075572967529297 0.014334742228190105
0 0.39691963195800783 0.4888052145640056 0.009082794189453125 0.011681079864501953
0 0.5441139221191406 0.5170551776885987 0.007748794555664062 0.010609022776285807
0 0.3507704496383667 0.4422660986582438 0.009357309341430664 0.012092685699462891
0 0.5823982954025269 0.22934783299764 0.010224390029907226 0.013947105407714844
0 0.44746885299682615 0.7166190465291341 0.007358932495117187 0.010022735595703125
0 0.7063573122024536 0.21096377372741698 0.008130502700805665 0.010394255320231117
0 0.6502517461776733 0.5108606179555258 0.008991384506225586 0.011574522654215496
0 0.6615492343902588 0.2691424687703451 0.00860147476196289 0.012107658386230468
0 0.6991623640060425 0.3963990211486816 0.008881711959838867 0.011647542317708336
0 0.4586251974105835 0.3519594192504883 0.010745096206665038 0.013908004760742188
0 0.27243145704269406 0.5827056566874186 0.00983116626739502 0.01354630788167318
0 0.27890019416809086 0.29190224011739097 0.009205865859985351 0.012279287974039715
0 0.4577740430831909 0.5137927214304606 0.009457254409790039 0.012280877431233723
0 0.42416212558746336 0.6313399632771809 0.007903623580932616 0.009218724568684895
0 0.43025176262674186 0.7062170664469403 0.007607460021972657 0.009712982177734374
0 0.6730269432067871 0.2307583808898926 0.008748531341552734 0.012137762705485026
0 0.4392910718917847 0.44669229189554854 0.00760493278503418 0.00992123285929362
0 0.7023440361022949 0.5630523681640625 0.009271240234375 0.012456130981445313
0 0.5131297349929809 0.16350971062978112 0.00909438133239746 0.011638402938842773
0 0.38511890172958374 0.3832641283671061 0.006320691108703614 0.009067853291829428
0 0.5351976156234742 0.6835357983907063 0.010433340072631836 0.0130703608194987
0 0.604189419746399 0.7471088409423828 0.01061558723449707 0.01322784423828125
0 0.3968596947192182 0.38274240434548384 0.009772396087646485 0.013702964782714844
0 0.28405333757400514 0.23006071249643958 0.00738065242767334 0.011075894037882485
0 0.5401180982589723 0.7582619031270346 0.00909581184387207 0.012344678243001304
0 0.38492658374431754 0.12013104875736172 0.010382509231567383 0.015674543380737305
0 0.6115163074111449 0.29755556269139977 0.007583045959472655 0.010211881001790364
0 0.2719483852386475 0.5887064297993978 0.008751201629638671 0.011752128601074219
0 0.37808985710144044 0.32582790056864425 0.00867152214050293 0.01221310297648112
0 0.30789904594421386 0.41324311892191573 0.008318281173706055 0.011034742991129559
0 0.3446688413619995 0.5690198580423991 0.00820751190185547 0.010141054789225258
0 0.6578638792037964 0.5721208572387695 0.009687376022338868 0.011176427205403648
0 0.7167605823323765 0.2201101638488143 0.008164310455322265 0.011304346720377605
0 0.6320441722869873 0.40038487116495763 0.010149383544921875 0.0132357915242513
0 0.4336668014526367 0.2658447901407877 0.008658027648925782 0.012397956848144532
0 0.6173741340637207 0.4518212000528971 0.0071660041809082035 0.01166826883951823
0 0.4237759828567505 0.6717098871866861 0.008212518692016602 0.011909739176432293
0 0.5385446786880493 0.5356018702189127 0.009015512466430665 0.01174023946126302
0 0.5159632205963135 0.7227939605712891 0.00873565673828125 0.012493769327799477
0 0.3605263459591792 0.5356999503735195 0.010163044929504395 0.011720911661783856
0 0.4187204170589738 0.23545332903794544 0.008032560348510742 0.009809621175130208
0 0.4400033712387085 0.3457930246988932 0.006351613998413086 0.008216031392415364
0 0.2914023160934448 0.6751437505086263 0.009503412246704101 0.012963358561197917
0 0.35204993150552644 0.7620747088215648 0.008956750604130832 0.010748100724957084
0 0.3033849198897488 0.7137082555592582 0.009553867311072928 0.014330800966609587
0 0.29980221964809645 0.7055476605643836 0.012539450845783158 0.009155789506444877
0 0.38683197968490135 0.6864399259422376 0.0056726087159494655 0.00995194511570091
0 0.3671271283558134 0.6444427175539797 0.006866842129833657 0.00875771170181693
0 0.3851899087408107 0.6733033583895124 0.007165400483304722 0.00995194511570091
0 0.4917752409299679 0.6711139304640582 0.009553867311072892 0.01114617852958517
0 0.45788886781100613 0.6285196053688581 0.006269725422891597 0.007961556092560827
0 0.45684391357385756 0.6350878891452207 0.006568283776362591 0.009155789506444946
0 0.4463943712023715 0.7857603381969333 0.008359633897188842 0.01114617852958517
0 0.4322128494124977 0.8030767226982529 0.006866842129833657 0.009155789506444877
0 0.6515039600369683 0.7053486216620695 0.010150984018015095 0.011146178529585028
0 0.6658347610035777 0.6705168137571161 0.006568283776362591 0.0083596338971887
0 0.6625506191153964 0.6669341135154638 0.007762517190246854 0.009155789506444734
0 0.48759542398137357 0.5980666533148132 0.008956750604130903 0.010748100724956942
0 0.5868660765104906 0.5479088499316803 0.008061075543717848 0.01234041194346922
0 0.6297092002335831 0.544525188592342 0.009553867311072963 0.00875771170181686
0 0.6564301728692402 0.544326149690028 0.009255308957601897 0.013932723161981358
0 0.6529967518043235 0.5960762642916729 0.007762517190246854 0.011544256334213117
0 0.6830018663281617 0.6119993764767945 0.009255308957601755 0.013932723161981499
0 0.6091086738440822 0.4487874765792989 0.008956750604130974 0.009155789506444946
0 0.5649220375303698 0.47267214485698117 0.007165400483304722 0.007563478287932739
0 0.5465606987919016 0.4197277968414521 0.008658192250659695 0.010748100724957013
0 0.5476056530290502 0.41216431855351937 0.007165400483304651 0.012340411943469149
0 0.550740515740496 0.39962486770773625 0.009255308957601897 0.012738489748097166
0 0.5244673806350455 0.4143537464789736 0.008658192250659837 0.012738489748097308
0 0.7458483997338133 0.35344784237088367 0.0083596338971887 0.010350022920328996
0 0.47819083584703603 0.41514990208822966 0.008658192250659837 0.010350022920329067
0 0.4781908358470362 0.29114866594659566 0.008061075543717848 0.01313656755272529
0 0.5888067058080522 0.2724390091290778 0.007762517190246783 0.013136567552725253
0 0.591045893459085 0.26348225852494706 0.009255308957601826 0.007165400483304651
0 0.6738958365472953 0.23820431793106656 0.007165400483304722 0.010748100724957048
0 0.7215158939259245 0.22208216684363102 0.006269725422891667 0.011942334138841168
0 0.6406065801352758 0.17908976394380297 0.008658192250659908 0.012738489748097237
0 0.517451259328477 0.11042134264546637 0.00835963389718879 0.013136567552725388
0 0.5205861220399222 0.11838289873802706 0.006866842129833728 0.009155789506444911
0 0.37459108719258905 0.12116944337042336 0.009255308957601897 0.009155789506444911
0 0.3750389247227956 0.12952907726761215 0.007762517190246783 0.013136567552725272
0 0.4568439135738575 0.1940176816173544 0.010748100724957013 0.013136567552725218
0 0.45430616756935377 0.20257635441685715 0.008658192250659837 0.011942334138841097
0 0.425346007282664 0.23302930647090211 0.008658192250659766 0.013136567552725253
0 0.40310340994907234 0.22865045061999367 0.007762517190246783 0.009155789506444911
0 0.39713224287965176 0.23621392890792642 0.008359633897188842 0.009155789506444877
0 0.3963858469959742 0.24258317378197503 0.01044954237148609 0.008359633897188808
0 0.42534600728266403 0.27721594278461437 0.008061075543717777 0.013136567552725253
0 0.25054009132537675 0.33254875762791175 0.010748100724957048 0.013136567552725253
0 0.2583026085156234 0.315431412028906 0.009553867311072928 0.011544256334213153
0 0.23904559471674205 0.39425081734525763 0.008658192250659802 0.009155789506444877
0 0.23994126977715516 0.3990277510007941 0.008061075543717777 0.005175011460164498
0 0.3554833525704433 0.533777087867385 0.008061075543717777 0.00875771170181686
