0 0.4568046145968967 0.40456681428132235 0.007892523871527777 0.01110274703414352
0 0.4107263141208225 0.5552970603660301 0.008407041761610242 0.011207297996238425
0 0.5957404666476779 0.2679205294008608 0.008918592664930556 0.01310320253725405
0 0.4874290042453342 0.3462292989095052 0.00826076931423611 0.010882059733072914
0 0.5604502376332655 0.5588043484557296 0.009224234686957464 0.013016312210648149
0 0.4689307742648654 0.5436489811650028 0.008998023139105903 0.011525641547309028
0 0.637374136182997 0.7183961091218173 0.00904070536295573 0.011458333333333333
0 0.4698343488905165 0.48290546558521413 0.00833706325954861 0.010741509331597222
0 0.5530280219184027 0.5895347877785011 0.008390214708116319 0.01185020164207176
0 0.5045947816636827 0.3420634799533421 0.008178414238823786 0.010775530779803241
0 0.5133947584364149 0.4718398906566479 0.0086639404296875 0.011132162588614002
0 0.4786633173624674 0.29717739246509695 0.008538945515950521 0.011683343957971644
0 0.7426604800754123 0.5024592929416233 0.00928404066297743 0.011936498571325232
0 0.46922810872395837 0.7070554380063657 0.009508344862196181 0.012145204897280094
0 0.3825800365871853 0.3181947354917173 0.008125856187608508 0.011526517514829282
0 0.4701510959201389 0.6201187698929398 0.008226182725694444 0.011396733036747686
0 0.34987035327487526 0.505111100938585 0.008118883768717448 0.01101531982421875
0 0.4057781643337674 0.1887301833541305 0.009898546006944444 0.012922272858796298
0 0.6332909266153971 0.41848565560800055 0.009302647908528645 0.012408786349826388
0 0.5054880566067166 0.7132457591869213 0.007583067152235243 0.009781335901331019
0 0.5301447762383354 0.31683902034053096 0.007780244615342882 0.010943744800708912
0 0.33155122333102754 0.38393146373607495 0.009372435675726997 0.011985128897207755
0 0.29840332667032876 0.47387996249728737 0.008836979336208767 0.011606484872323495
0 0.5315372890896267 0.42728921395760994 0.008182779947916666 0.01203070746527778
0 0.33491641150580514 0.47590871740270546 0.009805043538411459 0.013252936469184028
0 0.5227023866441515 0.2700037920916522 0.00974286397298177 0.014345917878327546
0 0.7557325998942058 0.46908039516872835 0.008771853976779515 0.011109048348885995
0 0.3544716199239095 0.27665242795591 0.008980072869194878 0.012161622224030671
0 0.5076427671644423 0.5184638411910445 0.008382882012261285 0.011195147479021991
0 0.5104796727498373 0.13012697431776257 0.00982042948404948 0.014354183055736401
0 0.47681664360894094 0.804232703314887 0.009029388427734375 0.013092775698061342
0 0.5913182576497397 0.17168860258879487 0.009176890055338541 0.011354799623842593
0 0.33713395860460066 0.2204143736097548 0.008325492011176215 0.010829685352466725
0 0.6937279595269097 0.5359308596010561 0.008707682291666666 0.011645677354600694
0 0.6600874159071181 0.46042702286331744 0.0090484619140625 0.011514932137948495
0 0.6779652065700955 0.7663273846661603 0.008555687798394097 0.012397200972945601
0 0.7370144314236111 0.38462224889684615 0.008218553331163194 0.012931145562065972
0 0.4939230177137587 0.7742960894549334 0.007658131917317709 0.01061237476490162
0 0.4155717213948567 0.7697508070203993 0.008913930257161458 0.011613181785300925
0 0.36591033935546874 0.20594004878291375 0.008366902669270834 0.011972978379991318
0 0.45856990814208975 0.3747685609040437 0.007984288533528646 0.011227162679036458
0 0.31034023496839735 0.5668479919433593 0.008003807067871094 0.01017608642578125
0 0.461843893263075 0.6776779174804688 0.008745108710394965 0.01017083062065972
0 0.2439963658650716 0.45849438420048466 0.008085801866319445 0.01136110093858507
0 0.6512432522243924 0.30935311494050205 0.009237755669487847 0.012260860866970487
0 0.6010864893595377 0.7239017627857349 0.00920668707953559 0.011917679398148149
0 0.6599690967135959 0.24186604111282914 0.008329476250542535 0.01168248211895978
0 0.39340409172905816 0.39875414813006366 0.007398562961154514 0.01002349853515625
0 0.271220154232449 0.4592336866590712 0.008201026916503906 0.011586507161458336
0 0.754758071899414 0.3324710845947266 0.007628970675998265 0.010487224437572338
0 0.5268642001681858 0.5077572857892072 0.009264628092447916 0.011515073423032407
0 0.6200209299723307 0.8117320307978878 0.00774807400173611 0.010283067491319443
0 0.5905106650458442 0.5070881596317998 0.008764606051974827 0.012177756980613425
0 0.3759368472629123 0.7538457517270689 0.00741212632921007 0.009847965946903936
0 0.32947118547227644 0.35362811618381074 0.007807710435655381 0.01092444525824653
0 0.4878109614054362 0.31461205659089264 0.008397716946072048 0.010846540662977432
0 0.43977985382080076 0.8030749285662615 0.007834752400716146 0.010668493200231482
0 0.6617815653483072 0.20093488340024596 0.007459852430555556 0.010854226571542246
0 0.5530744552612306 0.2818226708306206 0.007543055216471354 0.00977232191297743
0 0.5534565819634332 0.45874266447844325 0.007443322075737847 0.009937879774305556
0 0.3594493654039171 0.7646493417245369 0.008238601684570312 0.010785138165509259
0 0.5492567910088433 0.27064897042733654 0.008432049221462673 0.011516231960720486
0 0.6549629211425781 0.2207147033126266 0.007288614908854168 0.009861797756618924
0 0.5131985134548611 0.4153004681622541 0.007822842068142362 0.010970052083333333
0 0.3064702245924208 0.6870500635217737 0.007845836215549046 0.011070703577112269
0 0.44334661695692273 0.5510392083062067 0.008838653564453125 0.012023417154947917
0 0.37757746378580737 0.7075456407335069 0.009690178765190972 0.012909161603009261
0 0.5932415008544921 0.29799043160897715 0.009106953938802084 0.010729782669632523
0 0.34286257425944017 0.568147560402199 0.009990141126844617 0.012227263274016204
0 0.523450830247667 0.8010352240668402 0.008247417873806423 0.010700932255497685
0 0.6227042304144966 0.47403120817961514 0.008644951714409722 0.011287604437934027
0 0.4370582580566406 0.684439934624566 0.007802327473958332 0.010466172960069443
0 0.31444683074951174 0.28977343241373693 0.011370764838324655 0.015329911973741318
0 0.3597596062554254 0.4519908339888962 0.008625878228081597 0.011528099907769098
0 0.5859943389892578 0.3254924209029586 0.008841790093315972 0.011521148681640624
0 0.7727382659912108 0.45456109223542396 0.00732023451063368 0.009535245542173032
0 0.540176518758138 0.6208623815465857 0.008260938856336806 0.010893079969618056
0 0.7179960462782118 0.3740359836154514 0.007802327473958332 0.010256166811342593
0 0.395943726433648 0.7052166408962672 0.007762527465820313 0.010960331669560185
0 0.6785661697387694 0.7885316071686921 0.007541105482313368 0.010251306604456018
0 0.4794392479790581 0.5847424825032553 0.007470872667100694 0.011103142632378472
0 0.5028523127237956 0.5977363868995949 0.008373981051974826 0.01193553783275463
0 0.5616726133558485 0.4866659658926505 0.008461295233832464 0.011933503327546295
0 0.2954348882039388 0.6345923247160735 0.009940083821614583 0.012764542191116899
0 0.6559896681043837 0.5844337745949074 0.008652157253689237 0.010878273292824075
0 0.7305667453342014 0.31459164089626734 0.008801608615451388 0.011221539532696757
0 0.4838360892401801 0.6686935424804686 0.007691743638780382 0.009653727213541666
0 0.29366132948133683 0.5180363407841435 0.007854207356770834 0.011329368308738425
0 0.5297783533732097 0.22299249437120225 0.008123821682400174 0.011531971119068287
0 0.4277675628662109 0.40531580889666524 0.007955169677734375 0.008781517876519098
0 0.7312552558051215 0.36489139133029513 0.008802625868055556 0.011644151475694444
0 0.6002011193169488 0.7009307296187789 0.0076029459635416664 0.010144269024884259
0 0.2837892551350321 0.5025305683690164 0.008855713738335503 0.010920432761863426
0 0.43238137563069656 0.7149388348614728 0.007353761461046006 0.009696282280815972
0 0.6948482725355362 0.4766747734593584 0.008494779798719617 0.011302524142795138
0 0.5012226036829387 0.2924035901028991 0.007927110460069444 0.011361863878038194
0 0.5728419621785482 0.7569827892162182 0.00836533440483941 0.011756670916521989
0 0.4340151680840386 0.1710657826176396 0.008790969848632812 0.01139807524504485
0 0.23859918293401702 0.5196308516000464 0.008210354720453238 0.010071368457089279
0 0.23761394036756261 0.5270749065465908 0.00821035472045331 0.01007136845708935
0 0.28145723457478317 0.5174414236745923 0.00788194053163508 0.011822910797452835
0 0.3328540551248208 0.5356136754558622 0.00952401147572587 0.014012338722906819
0 0.34500538011109166 0.6247233920218486 0.012151324986270851 0.010947139627271056
0 0.3655312669122249 0.6181551082454859 0.008538768909271396 0.011822910797452693
0 0.3890128814127213 0.6461797856912997 0.007553526342816923 0.009195597286907713
0 0.5353214025311988 0.6135573096020321 0.007881940531635151 0.009633482871998495
0 0.5358140238144261 0.5993260280865798 0.00821035472045331 0.010071368457089279
0 0.5469801062342425 0.5399925313067706 0.008210354720453238 0.014012338722906961
0 0.47440057050543544 0.4979555151380498 0.0062398695875444336 0.009633482871998424
0 0.39837268579403795 0.5588216114656768 0.009852425664543958 0.012260796382543475
0 0.40609041923126404 0.4920440597393234 0.007553526342817065 0.011822910797452693
0 0.4287509982597152 0.4758422930909623 0.006896697965180749 0.010071368457089492
0 0.3854003253357218 0.47409075075059887 0.010180839853362045 0.014450224307997743
0 0.3978800645108108 0.4830674052449611 0.006239869587544575 0.009633482871998495
0 0.4504263347217119 0.44387664537933075 0.0055830412099081884 0.008319826116725935
0 0.4566662043092564 0.4447524165495125 0.00558304120990826 0.011822910797452764
0 0.46060717457507394 0.44453347375696706 0.006239869587544505 0.013136567552725182
0 0.3282562564813669 0.43971673232096775 0.00821035472045331 0.012260796382543546
0 0.321031144327368 0.4401546179060587 0.005583041209908224 0.007881940531635151
0 0.25567672075255987 0.4401546179060587 0.00886718309808952 0.00875771170181686
0 0.2417191177277892 0.4384030755656953 0.011166082419816483 0.013136567552725182
0 0.2517357504867423 0.3952713454342473 0.007553526342817065 0.0126986819676344
0 0.28720448287910044 0.35148278692516316 0.006239869587544469 0.008319826116725935
0 0.29147386733373615 0.3490744162071635 0.005583041209908224 0.01138502521236191
0 0.30641671292496114 0.35783212790898034 0.00788194053163508 0.008757711701816788
0 0.39114757364003905 0.3639625261002521 0.007225112153998836 0.010509254042180203
0 0.4088819398362182 0.42285813729497035 0.007881940531635222 0.013574453137816108
0 0.42694472022121543 0.4165087963111532 0.007225112153998907 0.010509254042180203
0 0.4363045246025322 0.4178224530664256 0.007553526342817065 0.01138502521236198
0 0.47505739888307175 0.3900167184131572 0.006896697965180749 0.01007136845708942
0 0.5422181004963796 0.4147572539707898 0.007881940531635294 0.014012338722906961
0 0.5366350592864714 0.3869515193175213 0.008538768909271396 0.013574453137816108
0 0.45305364823225686 0.3554237571909806 0.01083766823099829 0.011822910797452764
0 0.385892946618949 0.26565721224735805 0.013136567552725324 0.01007136845708935
0 0.383265633108404 0.2538343014499053 0.007225112153998978 0.010947139627271093
0 0.3799814912202227 0.24989333118408774 0.0059114553987263466 0.013574453137816142
0 0.36815858042276983 0.24113561948227086 0.009195597286907642 0.01707753781854283
0 0.30592409164173395 0.2512069879393603 0.008210354720453346 0.010947139627271056
0 0.42694472022121543 0.22143076815318302 0.009195597286907713 0.012698681967634436
0 0.46109979585830113 0.1778611524366442 0.007225112153998907 0.01313656755272529
0 0.5392623727970165 0.16362987092119183 0.008538768909271539 0.010947139627271039
0 0.5136460660692022 0.12159285475247103 0.008538768909271396 0.009195597286907695
0 0.5936149210464172 0.15115013174610284 0.00821035472045331 0.010509254042180203
0 0.538277130230562 0.18552415017573395 0.007225112153998907 0.010947139627271021
0 0.5397549940802436 0.19296820512227827 0.006239869587544505 0.0126986819676344
0 0.5376203018529258 0.2017259168240951 0.011166082419816377 0.009195597286907678
0 0.5819562173433735 0.20128803123900427 0.00788194053163501 0.01620176664836112
0 0.6540431317889535 0.17698538126646254 0.007553526342817065 0.012260796382543581
0 0.657984102054771 0.18464837900555228 0.010180839853361903 0.013574453137816108
0 0.5878676727421 0.2507691023542694 0.005911455398726418 0.0126986819676344
0 0.5839267024762823 0.24770390325863353 0.00525462702109003 0.009195597286907713
0 0.5709543420179661 0.2450765897480885 0.006239869587544575 0.009195597286907678
0 0.5750595193781929 0.24201139065245258 0.008538768909271396 0.009195597286907713
0 0.5701333065459209 0.2286558803071819 0.006568283776362591 0.009633482871998495
0 0.5642218511471945 0.2993744022993529 0.007225112153998765 0.011822910797452728
0 0.6742406044012685 0.2207739397755467 0.009852425664543887 0.01313656755272529
0 0.7384455783152133 0.2741959811566295 0.011494496608634677 0.013136567552725253
0 0.76012091477721 0.35980261304188915 0.008867183098089412 0.017077537818542793
0 0.7617629857213005 0.38979777562061185 0.00821035472045338 0.013136567552725324
0 0.7039620884893095 0.4230770800875159 0.007553526342817066 0.012260796382543546
0 0.6960801479576741 0.4257043935980609 0.00952401147572587 0.012260796382543689
0 0.6479674692958178 0.35870789907916206 0.008538768909271396 0.01138502521236191
0 0.5849119450427368 0.42066870936951617 0.009195597286907642 0.011822910797452764
0 0.5842551166651004 0.4327105629595144 0.008538768909271396 0.012260796382543546
0 0.6675081135304969 0.44672290168242124 0.007553526342817065 0.01138502521236191
0 0.7282647384618514 0.44278193141660355 0.010837668230998219 0.010509254042180203
0 0.7877077066379331 0.4519775287035113 0.009524011475725586 0.010509254042180203
0 0.768002855308845 0.44321981700169444 0.006239869587544575 0.012260796382543546
0 0.5821204244377827 0.44168721745387657 0.008867183098089555 0.009195597286907713
0 0.5725964129620569 0.46270572553823697 0.008867183098089555 0.01007136845708935
0 0.5724322058676478 0.46993083769223587 0.009195597286907642 0.009633482871998566
0 0.6946022841079929 0.4664277530115089 0.0072251121539987665 0.012260796382543546
0 0.6957517337688564 0.45657532734696515 0.006239869587544575 0.01007136845708935
0 0.7019916033564008 0.4839431764151428 0.008210354720453238 0.010509254042180203
0 0.7093809226048086 0.5117489110684112 0.009195597286907713 0.01269868196763447
0 0.7075746445663088 0.5505017853489508 0.010180839853362045 0.013136567552725253
0 0.6246500618897308 0.567798265960039 0.007225112153998907 0.010947139627271127
0 0.632532002421366 0.55531852678495 0.007225112153998907 0.00875771170181686
0 0.6532220963169082 0.5491881285936783 0.0059114553987262754 0.013136567552725324
0 0.6630745219814521 0.5505017853489508 0.0059114553987262754 0.012260796382543546
0 0.7556873232281651 0.5384599317589526 0.010509254042180203 0.013574453137816179
0 0.7817962512392066 0.5185361376373193 0.007553526342817065 0.013136567552725253
0 0.7336835725773504 0.5866273461189452 0.007881940531635222 0.012698681967634613
0 0.6594619659044527 0.5982313141238527 0.01116608241981652 0.010509254042180132
0 0.7318772945388505 0.6255991631920301 0.008210354720453238 0.017077537818542793
0 0.6676723206249059 0.6501207559571172 0.009195597286907713 0.014450224307997814
0 0.62300799094564 0.6584405820738433 0.007881940531635294 0.008319826116726006
0 0.6253068902673669 0.6654467514352967 0.008538768909271396 0.010947139627270985
0 0.5197217285623376 0.6669793509831146 0.01083766823099829 0.009633482871998495
0 0.5267826336219273 0.6746423487222043 0.008538768909271396 0.010947139627271127
0 0.5755521406614199 0.677050719440204 0.00821035472045331 0.012260796382543617
0 0.5737458626229204 0.6851516027643845 0.008538768909271396 0.013574453137816108
0 0.5752237264726019 0.6950040284289287 0.006896697965180607 0.01401233872290689
0 0.5461590707621972 0.7153657081356528 0.00788194053163501 0.012698681967634542
0 0.5629081943919219 0.7133952230027438 0.007881940531635222 0.013136567552725324
0 0.553055768727378 0.6785833189880219 0.007881940531635151 0.009195597286907713
0 0.5533841829161961 0.6560322113558437 0.005911455398726418 0.012260796382543617
0 0.6913181422198114 0.6623815523396608 0.0065682837763624494 0.0126986819676344
0 0.6870487577651757 0.6820864036687487 0.006568283776362591 0.010071368457089136
0 0.6808088881776311 0.68011591853584 0.009852425664544171 0.012260796382543617
0 0.6581483091491802 0.6915009437482018 0.0065682837763624494 0.01138502521236191
0 0.6680007348137241 0.7026670261680183 0.007881940531635365 0.010947139627271127
0 0.6540431317889533 0.7269696761405601 0.00952401147572587 0.01401233872290689
0 0.6584767233379983 0.7409820148634669 0.007225112153998765 0.013136567552725182
0 0.6578198949603619 0.7532428112460104 0.00919559728690757 0.013136567552725182
0 0.6223511625680037 0.7414199004485579 0.009852425664543887 0.013136567552725182
0 0.4721016711837086 0.7475502986398297 0.010180839853362045 0.013136567552725182
0 0.5735816555285111 0.8097300517227292 0.0095240114757258 0.011385025212361767
0 0.5919728501023266 0.7985639693029127 0.010837668230998432 0.014450224307997814
0 0.6105282517705511 0.8018481111910941 0.008538768909271468 0.009633482871998495
0 0.5947643707072807 0.8182688206320006 0.008538768909271396 0.011822910797452693
0 0.610199837581733 0.8333758733176347 0.008538768909271325 0.01138502521236191
0 0.6174249497357318 0.8307485598070896 0.00788194053163508 0.010509254042180203
0 0.5964064416513715 0.8329379877325439 0.007881940531635151 0.01138502521236191
0 0.3244794933099584 0.6823053464612943 0.010509254042180274 0.012260796382543617
0 0.3351529544465477 0.6947850856363833 0.008867183098089555 0.010947139627270985
0 0.4077324901753548 0.6943472000512924 0.007553526342816994 0.011822910797452693
0 0.44566432898384895 0.6744234059296591 0.007225112153998907 0.01138502521236191
0 0.4423801870956677 0.7101110811145628 0.007225112153999049 0.01620176664836137
0 0.4120018746299905 0.7368221018051041 0.007553526342817065 0.011822910797452835
0 0.41807753712312595 0.7385736441454673 0.007225112153998907 0.012698681967634542
0 0.4927917650792509 0.7085784815667447 0.00689669796518082 0.011385025212361767
0 0.48031202590416183 0.7177740788536525 0.008867183098089555 0.013136567552725324
