0 0.32774220572577584 0.6380510965983073 0.009889454311794705 0.01357303195529514
0 0.5674422793918186 0.3303389231363933 0.009130350748697917 0.012764061821831598
0 0.5079811731974283 0.4035568943730107 0.010047276814778648 0.013866650616681136
0 0.743828370836046 0.4906519006799769 0.008396826850043403 0.012130172164351851
0 0.3914960437350803 0.38555764092339406 0.01009898715549045 0.013542457863136575
0 0.7284542931450738 0.7127827397099249 0.009661950005425347 0.014003386320891204
0 0.650629382663303 0.34815087495026764 0.008753458658854166 0.01167192812319155
0 0.4427590476142036 0.8417306970666957 0.009597057766384549 0.014045997902199075
0 0.4680396609836155 0.7761516429759838 0.009617275661892362 0.012574146412037038
0 0.5793389002482097 0.5206694426359955 0.010012181599934895 0.013498942057291664
0 0.3353515836927626 0.5673946804470487 0.008592393663194444 0.011242901837384259
0 0.5293255276150174 0.8063783433702258 0.009950849745008681 0.013231065538194444
0 0.4730175654093424 0.523844485812717 0.009703954060872396 0.012674006709346064
0 0.3376608106825087 0.35016592520254636 0.00893389383951823 0.012020421911168982
0 0.40050830841064455 0.6442413612648293 0.009413528442382812 0.011978318956163194
0 0.7413110944959851 0.36981441356517647 0.010166846381293403 0.013483061613859952
0 0.5783125983344185 0.8162022060818143 0.008588070339626736 0.012025790744357638
0 0.6649073494805229 0.43260633680555555 0.008655420939127604 0.0113311767578125
0 0.4070743136935764 0.4304870605468751 0.010318332248263888 0.013112781665943287
0 0.7159669240315755 0.4712686185483579 0.006968604193793403 0.009026958324291089
0 0.4342498567369249 0.21478717945240164 0.009172015719943576 0.011708577473958336
0 0.3688885582817925 0.34333972224482784 0.008585611979166666 0.011089098895037614
0 0.4592137442694769 0.5200503031412761 0.008423148261176214 0.011890948260271992
0 0.4367270151774088 0.5788757606788918 0.010086737738715278 0.012139949092158564
0 0.5520118289523654 0.8521130879720054 0.007624308268229168 0.010479792842158563
0 0.30590229034423827 0.7283789175528068 0.01009695265028212 0.012773640950520833
0 0.6029910193549262 0.5751636363841869 0.009167989095052084 0.012292763038917824
0 0.24247896406385633 0.5132903487594039 0.00968356662326389 0.013355961552372685
0 0.3548785719152683 0.5757880637893765 0.00873663417900687 0.01063590247879091
0 0.28042725456373135 0.5286862099547307 0.005951040672656838 0.008272368594615144
0 0.43813280526676934 0.35292461985098866 0.007381822791827588 0.009842430389103356
0 0.39008131728223155 0.32042602894357175 0.009331738246272607 0.012070905194183404
0 0.40115405146997285 0.31606193245029 0.006128305713969979 0.0074282493502666825
0 0.4043574840022754 0.3246044192030968 0.005571187012700065 0.008542486752806723
0 0.41431598078747667 0.3125335140089133 0.006546144739922539 0.010028136622860125
0 0.5151916609877304 0.21430205760044302 0.007217219539179567 0.008778840141224329
0 0.5533036448700649 0.18028405205319878 0.006963983765875028 0.010973550176530402
0 0.5462763521608636 0.17412198156945483 0.006837365879222901 0.010129430932181905
0 0.6219951227105258 0.2829550776910278 0.007463958836775575 0.0111461785295851
0 0.6398455832506302 0.32922527969069043 0.0056126636457430835 0.00735671167125659
0 0.6419384408812463 0.33607463193634307 0.006944482137953329 0.008625110235266362
0 0.6603460750414378 0.3818638200970952 0.010654547937681969 0.009132469660870158
0 0.6476937993654406 0.38351273823030796 0.005707793538043831 0.006849352245652653
0 0.6439361686195616 0.38744477377873815 0.006183442999547424 0.008625110235266362
0 0.6492158776422522 0.3946746455935937 0.006849352245652653 0.00735671167125659
0 0.6533064630111838 0.3878252933479411 0.005898053322645325 0.0076103913840585595
0 0.7233688354220027 0.45686026389366335 0.007021537350716898 0.008287716217239805
0 0.7845482961089875 0.4983755830929846 0.007366858859768684 0.00936204980095603
0 0.7858144749755102 0.5032100842197077 0.006446001502297492 0.009822478479691555
0 0.6016159166750719 0.4560303344779839 0.00785089584634548 0.011365106368043172
0 0.6316388842548362 0.6102140225345322 0.008648172027339243 0.011216417053639986
0 0.6348622938286625 0.6156649915699459 0.00550338219921585 0.006394405983850718
0 0.635176772811475 0.6191766735446836 0.00581786118202821 0.006499232311454861
0 0.6374174355640129 0.6236842056316605 0.006368199401949823 0.005870274345830211
0 0.7406860862591848 0.7201827581808249 0.00526243772891334 0.007732561560852531
0 0.7367392579624996 0.7195025791546388 0.005960516203157056 0.007660963768622225
0 0.7329803738704186 0.7236552511039855 0.006819689709918606 0.008949724028764337
0 0.7296779257038044 0.7256599892864287 0.0052624377289134825 0.007517768184162179
0 0.6816510889777925 0.7978306175991744 0.008076392058589477 0.0105779294218695
0 0.6875833061535707 0.7935899161642809 0.0060751621679655445 0.008004919562495872
0 0.6923004908957557 0.786919149862201 0.006932832121090229 0.009529666145828486
0 0.6191099693167531 0.8311995482938016 0.010129430932181905 0.008441192443484766
0 0.5193350746347614 0.7702541388518407 0.009116487838963678 0.013168260211836582
0 0.4362737409908699 0.8877555376651507 0.0086100162923546 0.015869441793751663
0 0.3385620539276513 0.8117140001014598 0.0071347419225548945 0.0091324696608703
0 0.3447454969271989 0.7970639966871471 0.007515261491757812 0.008498270378865413
0 0.3500727708960399 0.8037230891481983 0.007134741922554823 0.00761039138405863
0 0.3514521543344004 0.8074014449838266 0.00665909246105123 0.007356711671256448
0 0.3768518355786958 0.7755012210989812 0.007420131599457136 0.007737231240459437
0 0.3836060579320477 0.7831116124830398 0.005898053322645396 0.007737231240459579
0 0.38731612373177626 0.7834921320522429 0.005137014184239561 0.008751950091667168
0 0.39040784523155003 0.7833018722676414 0.0048516245073373905 0.008117750809662568
0 0.39778041188485674 0.7858386693956608 0.006278572891848384 0.007864071096860527
0 0.3927860925390684 0.7758183207399838 0.005422403861141661 0.008117750809662426
0 0.3962583336080451 0.7685884489251282 0.005707793538043901 0.008117750809662426
0 0.39939762005396917 0.7760720004527858 0.0064688326764498075 0.0071030319584548356
0 0.40770074279446544 0.6825643265362419 0.004489181572828258 0.00677315114496892
0 0.42187710565602826 0.6794140236781169 0.0049617270015469474 0.006300605716250232
0 0.4228517306027607 0.6751217360339214 0.005020795180136872 0.0066943935735157825
0 0.40837039662286045 0.6788254188577524 0.005346142707809776 0.005450969035413778
0 0.4469333818902232 0.658856003449169 0.006053720419137392 0.008490932535932956
0 0.48083075631824096 0.6273318174717271 0.006053720419137534 0.008071627225516593
0 0.47634943081316516 0.6238725486607913 0.004638564996481876 0.007861974570308376
0 0.47281154225652633 0.6170588373665241 0.005896480927731318 0.008700585191141244
0 0.47430168303059034 0.6037289720083875 0.007353966856764061 0.01041811971374905
0 0.5494794931001441 0.6178483783012045 0.005232144076540237 0.007229871814855571
0 0.5495270580462944 0.623873271480251 0.005327273968840913 0.008117750809662497
0 0.5344489701166285 0.6390306343201674 0.005041884291938885 0.007990910953261335
0 0.5398238090316199 0.6524756590986709 0.00608831310724689 0.00900562980446935
0 0.5432009202082959 0.6443579082890083 0.005232144076540095 0.006468832676449949
0 0.5426301408544915 0.6403624528123776 0.0058029234303445774 0.0055809536816428815
0 0.5438192645082506 0.6367475169049499 0.006659092461051159 0.00596147325084587
0 0.5586890158747863 0.5737846090685246 0.0061175811789706816 0.007168074916773648
0 0.5650846689255282 0.5762563590398259 0.007786012409598868 0.010134174882335145
0 0.5690703657542515 0.5751440715527403 0.005005293691884987 0.008898299896684421
0 0.5604574143397848 0.7191055607122888 0.0071555307856692 0.009211717793045438
0 0.58011271649224 0.443485585378464 0.0069444821379534005 0.00875195009166724
0 0.587247458414795 0.4647312613256274 0.005612663645743226 0.007610391384058488
0 0.6172133744895254 0.46479468125382795 0.0059931832149461425 0.008498270378865342
0 0.5874612908544568 0.45672060362578776 0.006321500551602952 0.01006002238319617
0 0.5730518232144094 0.4648721831294293 0.004717184742184983 0.006289579656246716
