0 0.33708006143569946 0.7376811027526855 0.008980727195739746 0.011726315816243489
0 0.4145533800125122 0.1596961577733358 0.011784601211547851 0.014460738499959309
0 0.4663341283798218 0.18174486955006916 0.010156869888305664 0.01408390998840332
0 0.7172705888748169 0.36787503560384116 0.008710908889770507 0.01198279062906901
0 0.4507927656173706 0.40510106086730957 0.009011507034301758 0.012244892120361329
0 0.7422138929367066 0.61487824122111 0.010593557357788086 0.014559618631998698
0 0.35848394632339475 0.30560666720072427 0.011002135276794434 0.013450209299723308
0 0.3821067690849304 0.24229030609130855 0.010352110862731934 0.013658301035563153
0 0.5395985126495361 0.4307666301727295 0.010070514678955079 0.013190555572509765
0 0.36427009105682373 0.5171649138132731 0.010041761398315429 0.013141028086344401
0 0.4012060284614563 0.7956812222798665 0.010323405265808105 0.013694826761881511
0 0.3577962040901184 0.4698303540547689 0.009634089469909669 0.01246490478515625
0 0.511831283569336 0.6699991544087728 0.0089935302734375 0.011524772644042969
0 0.5226408243179321 0.24745140075683594 0.008884191513061523 0.011542034149169923
0 0.28601949214935307 0.30574825604756667 0.008662986755371093 0.010598532358805339
0 0.4679928050109637 0.29871602384153884 0.007793426513671876 0.009899457295735678
0 0.2463467836380005 0.4298418680826823 0.010431051254272461 0.014229265848795573
0 0.7193407535552978 0.6458000818888346 0.009696388244628906 0.012786102294921876
0 0.2698019504547119 0.3532343705495199 0.00922088623046875 0.013121763865152992
0 0.5778732299804686 0.6753808339436849 0.008873558044433594 0.011627833048502602
0 0.49518983364105223 0.7676310539245605 0.010021448135375977 0.013152503967285156
0 0.2981386780738831 0.38451140721638993 0.010060620307922364 0.01411851247151693
0 0.45640323162078855 0.7742763519287109 0.010072660446166993 0.013399124145507812
0 0.6178638219833374 0.39228579203287756 0.009036874771118164 0.012249692281087238
0 0.5199894905090332 0.7241639455159506 0.009849071502685547 0.012928136189778646
0 0.42824904918670653 0.5395472844441731 0.008114290237426759 0.011286036173502606
0 0.6007927894592285 0.3352248032887777 0.009605121612548829 0.012678114573160808
0 0.389916205406189 0.4616091569264729 0.009440326690673828 0.012022050221761067
0 0.469079327583313 0.5172953605651855 0.009067296981811523 0.011385790506998698
0 0.47509934902191164 0.7335564931233723 0.01013493537902832 0.012815475463867188
0 0.6219107389450074 0.2909948984781901 0.00967392921447754 0.012920316060384114
0 0.2608161449432373 0.48582264582316076 0.009555339813232422 0.012063217163085938
0 0.4722653150558472 0.5395117441813151 0.009021329879760741 0.01166534423828125
0 0.36549006700515746 0.5875379880269368 0.00976717472076416 0.013071123758951824
0 0.5042035818099976 0.15060163338979085 0.00867772102355957 0.012393808364868164
0 0.2628445982933044 0.3063169161478678 0.007092118263244629 0.010399373372395833
0 0.4227631092071533 0.8185375849405925 0.008089351654052734 0.012257893880208336
0 0.4796583890914917 0.21499934991200767 0.009801435470581054 0.013093550999959312
0 0.5500642538070678 0.8182401021321616 0.00845475196838379 0.012286504109700523
0 0.6012901067733766 0.7211240450541179 0.010775232315063476 0.013256136576334636
0 0.3816962718963623 0.14340101877848307 0.009231901168823243 0.012257417043050133
0 0.6323674440383911 0.651372750600179 0.009175634384155274 0.011848894755045573
0 0.6898836851119995 0.2910060564676921 0.008916616439819336 0.012365468343098958
0 0.2427379608154297 0.358774741490682 0.008481264114379883 0.012297789255777992
0 0.2945241033877061 0.29092145251442614 0.009648776054382325 0.013374582926432293
0 0.5960065603256226 0.4350466728210449 0.009749269485473633 0.011608568827311198
0 0.6740378379821778 0.38489108085632323 0.009073734283447266 0.01277780532836914
0 0.25542813539505 0.35553717613220215 0.008182692527770995 0.011010583241780598
0 0.46842877864837645 0.621940263112386 0.009233522415161132 0.011799812316894531
0 0.2700119495391846 0.31529221534729 0.008315372467041015 0.011381435394287109
0 0.7239832639694214 0.2564693450927734 0.008692693710327149 0.012180105845133465
0 0.4142426013946533 0.3986132939656575 0.00866107940673828 0.011432774861653646
0 0.4791006088256836 0.40181872049967443 0.008952713012695313 0.013214874267578124
0 0.40838170051574707 0.21044751803080242 0.008869647979736328 0.011574077606201171
0 0.2914335370063782 0.48643625577290855 0.00922706127166748 0.012581539154052735
0 0.6307411670684815 0.6707108497619629 0.00961771011352539 0.012408638000488281
0 0.44139793655595944 0.6380615962549055 0.008980536460876464 0.01125335693359375
0 0.6946218967437744 0.6647628784179687 0.009870338439941406 0.013837305704752605
0 0.7423379421234131 0.3019068559010823 0.010589313507080079 0.013422362009684245
0 0.5638451753530866 0.2451493982132704 0.007733392715454101 0.009962256749471028
0 0.5321769475936889 0.38087580998738607 0.008643674850463866 0.010615221659342448
0 0.46780803203582766 0.4972429116566976 0.00985112190246582 0.013254324595133461
0 0.41722218990325927 0.13856850067774454 0.01015172004699707 0.013826298713684081
0 0.5039561748504638 0.1652498722076416 0.00957660675048828 0.012233161926269531
0 0.5673321675032736 0.23543577864445597 0.008281993865966796 0.010998853047688802
0 0.34289557933807374 0.6373631477355958 0.00959014892578125 0.012795321146647136
0 0.5610447954920645 0.7598247167592302 0.011575841903686523 0.015649032592773438
0 0.6288529451468439 0.49916129066254905 0.007225112153998907 0.010509254042180203
0 0.6354212289232065 0.5031022609283666 0.006568283776362662 0.007006169361453445
0 0.6385411637169787 0.4978476339072765 0.008210354720453238 0.010509254042180274
0 0.6477367610038862 0.5177714280289097 0.006896697965180891 0.01007136845708935
0 0.6608733285566117 0.5098894874972747 0.0062398695875444336 0.014450224307997814
0 0.6690836832770648 0.5361626226027251 0.008210354720453238 0.012698681967634328
0 0.6574249795740212 0.5352868514325435 0.006568283776362591 0.01007136845708942
0 0.726720373414647 0.4131167731921986 0.009852425664543887 0.007444054946544298
0 0.5286866175573137 0.3715176426085685 0.008538768909271396 0.01007136845708935
0 0.507011281095317 0.5206176843320002 0.009195597286907713 0.010509254042180203
0 0.5024134824518631 0.514268343348183 0.0059114553987263466 0.009195597286907642
0 0.501920861168636 0.5017886041730941 0.00558304120990826 0.006130398191271809
0 0.5019208611686359 0.4930308924712773 0.004926212832271943 0.007881940531635151
0 0.7300045153028285 0.34874759218384477 0.007881940531635365 0.013574453137816108
0 0.71916684707183 0.3474339354285722 0.00919559728690757 0.013574453137816037
0 0.6631722278783385 0.3504991345242081 0.010837668230998219 0.01269868196763447
0 0.7643237980343232 0.33145111157275653 0.006896697965180749 0.01138502521236191
0 0.7181816045053756 0.2548211341818592 0.007225112153998907 0.012260796382543581
0 0.6951926112881064 0.2167250882789559 0.006568283776362591 0.013136567552725253
0 0.6337791579791158 0.21738191665659215 0.009852425664544029 0.011822910797452764
0 0.5603785867782634 0.2541643058042229 0.00558304120990826 0.007444054946544334
0 0.5385390432218576 0.27627752785131043 0.007225112153998765 0.014012338722906961
0 0.4748266905911402 0.3027696057493064 0.009195597286907642 0.010947139627271056
0 0.631480258657389 0.18672992570023325 0.009195597286907713 0.017953308988724537
0 0.6052071235519384 0.14534973790914862 0.005911455398726418 0.010509254042180203
0 0.6094765080065742 0.14578762349423946 0.006568283776362662 0.007881940531635134
0 0.3029018627448483 0.2999233494462159 0.008210354720453346 0.010509254042180274
0 0.3083206968603474 0.305177976467306 0.0072251121539988715 0.010509254042180238
0 0.3129184955038013 0.31108943186603233 0.007881940531635188 0.010071368457089384
0 0.41998152105851216 0.41683880066547063 0.009852425664543958 0.009633482871998566
0 0.3909168653481075 0.4207797709312883 0.006239869587544505 0.009633482871998495
0 0.39518624980274325 0.41990399976110654 0.006896697965180678 0.012260796382543546
0 0.469407856475641 0.48843309382782335 0.008867183098089626 0.011822910797452764
0 0.47614034734641264 0.4608463019671003 0.0059114553987263466 0.010071368457089279
0 0.23015811992163207 0.4711366132167351 0.010509254042180238 0.012260796382543475
0 0.38336333900529057 0.4805511532961882 0.00821035472045331 0.009195597286907713
0 0.32457719920684497 0.5692229842770837 0.0095240114757258 0.013136567552725182
0 0.44740410582482615 0.6195798265625305 0.007553526342817065 0.007881940531635151
0 0.42950553253423807 0.6101652864830774 0.006568283776362591 0.014450224307997885
0 0.42917711834541983 0.7391225912923305 0.007881940531635222 0.012260796382543617
0 0.427206633212511 0.7174472548303339 0.008538768909271396 0.010947139627271127
0 0.5398526999771301 0.6913930625174287 0.004597798643453785 0.009633482871998637
0 0.5436294631485387 0.6946772044056101 0.00558304120990826 0.010947139627270985
0 0.5444504986205839 0.6881089206292472 0.007225112153998907 0.010947139627271127
0 0.5300002743125862 0.8098411132845016 0.007225112153998765 0.012698681967634542
0 0.5749930181806703 0.8170662254385003 0.008538768909271396 0.015763881063270445
0 0.6001167036252573 0.8157525686832279 0.006896697965180749 0.014888109893088738
0 0.5472420192255381 0.7951719461839581 0.006239869587544505 0.01138502521236191
0 0.6364064714896608 0.7724018957592343 0.008538768909271468 0.014888109893088596
0 0.7094786285016952 0.7102221426763348 0.010180839853362045 0.012260796382543475
0 0.6909232268334706 0.645852961667981 0.010509254042180203 0.01313656755272511
0 0.5971609759258941 0.5985613184781702 0.012151324986270851 0.013136567552725324
0 0.6549618731578852 0.6000939180259881 0.011494496608634535 0.014450224307997814
0 0.6999546170259692 0.6025022887439877 0.00952401147572587 0.012260796382543617
