0 0.5334495756361219 0.2937567816840278 0.010186470879448784 0.014485394513165509
0 0.6235166125827365 0.6584805523907699 0.010653474595811632 0.013850459346064815
0 0.5506464004516601 0.2872457998770255 0.009710311889648438 0.012534360532407408
0 0.7096044540405273 0.308049887197989 0.00885149637858073 0.011958086932146991
0 0.502644771999783 0.5388595015914351 0.010270606146918403 0.014107937282986111
0 0.7178571912977431 0.6050305119267216 0.010157097710503472 0.01319111011646412
0 0.7795661926269531 0.5159287629304109 0.010572136773003473 0.013868543836805556
0 0.7814604865180121 0.5427985297309027 0.008096991644965277 0.010506184895833333
0 0.7540978325737846 0.31824347884566695 0.009063720703125 0.011256097864221644
0 0.7124493492974174 0.5294354756673176 0.010891638861762153 0.013873912669994213
0 0.6716508865356445 0.2733162915265119 0.009253904554578992 0.012730096887659144
0 0.8097726186116536 0.46743433917010274 0.008045874701605903 0.01025410404911748
0 0.6700751410590279 0.6558471397117331 0.010050201416015625 0.013305494520399306
0 0.6088125864664714 0.2871047549777561 0.008465660942925347 0.011964218704788775
0 0.713742446899414 0.7353719640661168 0.010567813449435763 0.014270358615451388
0 0.8111675262451172 0.4329091531259042 0.009980350070529513 0.012243567572699652
0 0.37885424296061193 0.8080101013183594 0.008907741970486112 0.011719484682436342
0 0.6415717230902778 0.8064250804759837 0.01028289794921875 0.013218632450810185
0 0.4001344468858507 0.5131741559063947 0.010148790147569444 0.013863796657986111
0 0.46027236514621317 0.4848919056080006 0.008761299981011285 0.010876295301649306
0 0.6140481101142036 0.2653013300012659 0.010607952541775174 0.014227605749059607
0 0.5314668231540256 0.43513995982982495 0.010071521335177951 0.011994736282913775
0 0.5212708155314127 0.3272997396963614 0.01000963846842448 0.013748592800564237
0 0.6084299087524414 0.3903484344482422 0.009364361233181424 0.01356413099500868
0 0.4383203099340345 0.45998614709259045 0.004684861806134037 0.006584130105918291
0 0.43908001725394813 0.46555733410529043 0.006204276445961341 0.006246482408178835
0 0.4477533424896288 0.4608302663369389 0.007597073199136446 0.009285311687833442
0 0.4666194076008175 0.49088091143574525 0.007597073199136375 0.009622959385572756
0 0.46680933443079603 0.40123544768593544 0.009243105725615947 0.010973550176530367
0 0.5402944594315499 0.2390869038455641 0.0062807166770765125 0.011664188114570635
0 0.6109525220486602 0.20424388037511598 0.008523829776032343 0.008972452395823538
0 0.6652358590433927 0.2242823573924553 0.0076265845364500255 0.011365106368043136
0 0.7515957133531944 0.6585490533503152 0.008523829776032272 0.013159596847207808
0 0.6070270741254875 0.800313801204327 0.007850895846345551 0.0071779619166588305
0 0.5557719398143455 0.9464643673715863 0.007626584536449954 0.01016877938193332
0 0.35792936448643614 0.7952785445019592 0.007626584536449954 0.009271534142351072
0 0.38832354697728844 0.7803244571755866 0.006953650606763233 0.009271534142351072
0 0.3743040901088142 0.7483227102971494 0.00807520715624115 0.01226235160762542
0 0.31901135221955157 0.701067794345812 0.006056405367180915 0.01106602462151571
0 0.4235371974279353 0.7666389598391109 0.003976429498170617 0.008929525890628582
0 0.4284030914191177 0.7662901502340083 0.0038717866166396676 0.007394763628176974
0 0.4339491641402503 0.7637787210772689 0.0047089296688862 0.005999525207766112
0 0.5575351363725988 0.5219471238331456 0.007938941493097502 0.009471017921590245
