0 0.7179092168807983 0.4048880100250244 0.008700323104858399 0.011584440867106117
0 0.35655144453048704 0.3800052642822266 0.008003163337707519 0.009729639689127604
0 0.6053492069244385 0.5062778472900391 0.008176136016845702 0.01113478342692057
0 0.6822380816006384 0.22150691273551623 0.007816314697265625 0.010747496287027996
0 0.46751477718353274 0.4484449704488119 0.008390283584594727 0.010887082417805989
0 0.503216028213501 0.4702876885732015 0.007507705688476562 0.010368887583414714
0 0.35816493034362795 0.19834899107615153 0.008267021179199219 0.011982202529907227
0 0.5282250881195069 0.41264422734578443 0.008536434173583985 0.011647733052571614
0 0.5315667629241944 0.629597028096517 0.008984184265136719 0.01092402140299479
0 0.511248755455017 0.39513095219930017 0.007433366775512695 0.009812545776367188
0 0.299056077003479 0.7008909861246744 0.006967353820800781 0.008803812662760417
0 0.5667114019393921 0.5689995129903157 0.008727598190307616 0.010391426086425782
0 0.41052167415618895 0.6690909385681152 0.008325815200805664 0.010730298360188802
0 0.5998018026351929 0.4333193620045979 0.008918333053588866 0.011852105458577476
0 0.44559540748596194 0.5527407646179199 0.00855875015258789 0.010465049743652343
0 0.5396377325057984 0.5024369716644287 0.007986116409301757 0.010134919484456379
0 0.49314677715301514 0.3929751237233479 0.008115720748901368 0.010023148854573567
0 0.7675415525191108 0.4040598733525043 0.007829279419133826 0.010657045675017044
0 0.5318164110183715 0.7144851684570314 0.008663606643676759 0.011838277180989586
0 0.3469414883251426 0.7621801694234216 0.012895147190798066 0.012928157481250582
0 0.7151090621948242 0.4423121134440104 0.008855724334716797 0.010745557149251302
0 0.5592376947402955 0.39629664421081545 0.008045053482055664 0.010225836435953777
0 0.4216921329498291 0.4224531809488932 0.007500839233398437 0.009332529703776042
0 0.43049635887146 0.194970965385437 0.009031105041503906 0.011378812789916991
0 0.7456551313400268 0.5820727666219075 0.009022188186645509 0.011162058512369793
0 0.44772369861602784 0.6933951377868652 0.008538389205932617 0.011026827494303386
0 0.4601919174194336 0.4091124375661214 0.007248783111572265 0.010157934824625651
0 0.6731762170791626 0.2132783571879069 0.007358694076538086 0.00964667002360026
0 0.27610375881195065 0.5070577462514241 0.008284664154052735 0.012138080596923829
0 0.4954328775405884 0.5723770459493001 0.008739709854125977 0.012362988789876302
0 0.3975289463996887 0.4863045692443848 0.008910632133483887 0.011111513773600262
0 0.4025240898132324 0.5805186271667481 0.008078956604003906 0.010347811381022136
0 0.4966671228408813 0.8152049382527671 0.007166624069213867 0.010337575276692707
0 0.7343528747558594 0.44581693013509116 0.0070439338684082035 0.00966784159342448
0 0.44126253128051757 0.12367568413416546 0.008241748809814453 0.011535970369974773
0 0.726839280128479 0.3704334100087483 0.007349920272827148 0.010167153676350911
0 0.636121678352356 0.2757995446523031 0.008810663223266601 0.012165292104085285
0 0.701950478553772 0.49417993227640783 0.007837629318237305 0.010960419972737633
0 0.49706315994262695 0.7304870287577312 0.007899093627929687 0.010223960876464844
0 0.3690713167190552 0.6072194417317708 0.00937509536743164 0.012632497151692708
0 0.5592876672744752 0.3368630727132162 0.0067402362823486325 0.010288874308268227
0 0.3745762825012207 0.36231141090393065 0.00768280029296875 0.010916360219319661
0 0.7385464191436768 0.4710938135782877 0.008531665802001953 0.012027867635091146
0 0.47471768856048585 0.24686082998911538 0.00825190544128418 0.010203695297241211
0 0.4691387414932251 0.5018688201904297 0.008039426803588868 0.011032676696777344
0 0.7369489908218384 0.5289505163828532 0.008870267868041992 0.010315291086832682
0 0.2760482907295227 0.3909987290700277 0.008516335487365722 0.011309591929117839
0 0.7014225244522094 0.27249344189961744 0.00866713523864746 0.010958639780680339
0 0.4340574502944946 0.5614669164021809 0.008236837387084962 0.011046473185221355
0 0.38528109788894654 0.3218617757161459 0.006981587409973145 0.009677950541178386
0 0.6152405738830566 0.396878178914388 0.008178424835205079 0.010197957356770836
0 0.5011067628860474 0.3537877082824707 0.008635759353637695 0.011187171936035157
0 0.3916793704032898 0.5569664637247722 0.00645601749420166 0.009822336832682292
0 0.4048215389251709 0.5594970067342122 0.008012962341308594 0.010895029703776043
0 0.6455022096633911 0.4939016183217367 0.007533025741577148 0.010348288218180339
0 0.4412339821899767 0.27895833532772696 0.00916285514831543 0.013663514455159504
0 0.5699378967285156 0.34309376080830895 0.0066239356994628905 0.009071826934814453
0 0.6534583330154419 0.754219404856364 0.007587289810180664 0.009325345357259115
0 0.6056682348251343 0.7702503522237142 0.008550310134887695 0.011520957946777344
0 0.5773933172225952 0.14979247252146402 0.008028268814086914 0.009610382715861003
0 0.24693676233291625 0.34411379496256517 0.0082444429397583 0.012125460306803386
0 0.6531872034072876 0.5393771807352702 0.008733987808227539 0.011694272359212242
0 0.5936126708984374 0.1971517483393351 0.008963680267333985 0.011266819636027018
0 0.5811952114105224 0.6424231211344401 0.00818328857421875 0.010741424560546876
0 0.63388090133667 0.15616388320922853 0.008232688903808594 0.011446412404378254
0 0.6944406270980835 0.6584032694498698 0.008282995223999024 0.01036376953125
0 0.7077505350112915 0.6856511116027832 0.00953221321105957 0.013411140441894532
0 0.29132899045944216 0.34725165367126465 0.00956881046295166 0.011177730560302735
0 0.6033966541290283 0.1600864887237549 0.008547496795654298 0.011154651641845703
0 0.5507518529891968 0.6685570398966472 0.0075342655181884766 0.008762105305989584
0 0.5161585092544555 0.5316312789916993 0.008009386062622071 0.011106363932291667
0 0.6978992938995361 0.6167211532592773 0.00817108154296875 0.010187784830729164
0 0.382226026058197 0.3456724166870117 0.006517338752746582 0.009105237325032552
0 0.6167719602584839 0.22097716331481934 0.007703733444213867 0.009553178151448568
0 0.30241631400675856 0.2268640890048923 0.008299779891967774 0.012341721852620441
0 0.4191262245178223 0.15735546747843424 0.00664815902709961 0.00891876220703125
0 0.39740190505981443 0.6829012552897136 0.008057117462158203 0.010683949788411458
0 0.4474272489547729 0.11214319467544556 0.007840871810913086 0.010936999320983886
0 0.339857280254364 0.33285795847574867 0.007137513160705567 0.009590657552083333
0 0.5852792024612427 0.34097372690836586 0.00788130760192871 0.010872968037923177
0 0.6114809036254882 0.4833885351816813 0.010339927673339844 0.013533242543538411
0 0.25173928737640383 0.37864524523417153 0.008676862716674805 0.011269283294677735
0 0.6376107931137086 0.456738821665446 0.008930349349975586 0.0108578364054362
0 0.5996330976486205 0.5545236905415853 0.009140825271606446 0.010543632507324218
0 0.4825636625289917 0.1353664398193359 0.008823537826538086 0.011606343587239583
0 0.3090794086456298 0.6437124888102214 0.007998275756835937 0.01034075419108073
0 0.2653540015220642 0.32521305084228513 0.008531785011291504 0.01253217061360677
0 0.3820762515068054 0.6333279927571615 0.008205056190490723 0.01170221964518229
0 0.4512692213058472 0.7345362345377605 0.007978296279907227 0.010871251424153648
0 0.763698410987854 0.41067349116007484 0.00877690315246582 0.011070060729980468
0 0.5315791606903076 0.5583210309346517 0.007221317291259766 0.009719657897949218
0 0.602661395072937 0.8024540583292642 0.00936579704284668 0.01139704386393229
0 0.4249483585357666 0.7653515815734864 0.008846187591552734 0.010594495137532552
0 0.372887242819425 0.636977375976938 0.008353042602539062 0.011366462707519532
0 0.47570488452911375 0.15348768234252927 0.008329153060913086 0.012187385559082031
0 0.5468811988830568 0.419363800684611 0.00917520523071289 0.010995006561279297
0 0.5192127466201781 0.2122098207473755 0.009575510025024414 0.011615419387817382
0 0.5140343904495239 0.7650391260782878 0.00692133903503418 0.008685811360677084
0 0.2706448554992676 0.5811354955037434 0.0087127685546875 0.01179046630859375
0 0.3441201329231262 0.5965935071309407 0.007960629463195801 0.009907976786295573
0 0.29765228033065794 0.6644067446390787 0.008401799201965331 0.010193443298339844
0 0.26176809299133863 0.49783419958556635 0.00895675060413094 0.011942334138841134
0 0.22011920268213014 0.4870860988606094 0.006866842129833657 0.013534645357353341
0 0.24280963754592833 0.4325494396265681 0.006866842129833657 0.011942334138841205
0 0.23877909977406944 0.43354463413813815 0.005374050362478506 0.00995194511570098
0 0.22967306999320308 0.4124465104928522 0.008658192250659802 0.013932723161981358
0 0.2786366399624518 0.36308486271897544 0.009255308957601934 0.011544256334213117
0 0.28550348209228543 0.3762214302717007 0.006866842129833692 0.013136567552725324
0 0.31565787579285925 0.3941349314799624 0.009852425664543958 0.011544256334213117
0 0.3289437225223201 0.3833868307550054 0.008956750604130832 0.00995194511570091
0 0.3552168576277706 0.3662694851559998 0.010748100724957084 0.010748100724957084
0 0.37059261283152867 0.39731955391698676 0.009852425664543958 0.01234041194346922
0 0.3737274755429744 0.41324266610210825 0.008359633897188842 0.011544256334213117
0 0.42269104551222314 0.3881637644105419 0.010748100724957013 0.00995194511570098
0 0.4498598556780867 0.4221994167062391 0.011345217431899144 0.010350022920328925
0 0.4791185743182475 0.3931397369683923 0.007762517190246712 0.011942334138841134
0 0.4788200159647766 0.42876770048260177 0.009553867311072963 0.013136567552725324
0 0.43672328812536143 0.40388783769334935 0.010150984018014952 0.014330800966609374
0 0.3807435968495436 0.48091589288887476 0.011643775785370068 0.01632118998974953
0 0.34909641138161457 0.49226111032077385 0.009852425664544029 0.011942334138841134
0 0.4722517321884138 0.4950476549531701 0.008956750604130832 0.010350022920328996
0 0.48016352855539607 0.48887744898143554 0.008061075543717848 0.013136567552725324
0 0.4855375789178747 0.4817120484981309 0.009255308957601897 0.009155789506444877
0 0.3680548668270249 0.5370448633414282 0.010150984018014952 0.012340411943469149
0 0.2993864455286882 0.3031741531224557 0.010748100724957084 0.011942334138841168
0 0.32043480944839575 0.2769010180170052 0.006866842129833728 0.010350022920329067
0 0.3726825213058258 0.27391543448229494 0.007463958836775717 0.00995194511570091
0 0.3719361254221482 0.2635654115619659 0.010150984018015024 0.009155789506444877
0 0.3583517203392164 0.27809525143088926 0.008061075543717705 0.011942334138841168
0 0.3319293060570304 0.316907837382123 0.00895675060413076 0.011544256334213117
0 0.4050761026574324 0.3220828488422876 0.011345217431899002 0.012340411943469186
0 0.44224661766457546 0.32685978249782394 0.008658192250659908 0.010748100724957013
0 0.4491134597944091 0.3286511326186502 0.006269725422891597 0.010350022920328996
0 0.43612617141841936 0.3051645421455959 0.006568283776362733 0.0111461785295851
0 0.4350812171812708 0.31292705933584264 0.009852425664543887 0.010748100724957048
0 0.421496812098339 0.29103278008130057 0.008359633897188771 0.012340411943469186
0 0.41313717820115015 0.30138280300162956 0.008359633897188771 0.010748100724957013
0 0.39865709805780525 0.29720298605303513 0.008061075543717777 0.010350022920329032
0 0.4676240777096129 0.2685413841198164 0.007463958836775788 0.009553867311072928
0 0.5224095355715467 0.3125289815312146 0.011942334138841205 0.012340411943469149
0 0.5194239520368363 0.2997904917831174 0.008359633897188771 0.01313656755272529
0 0.4806113660856027 0.21420376378808914 0.010150984018014952 0.00995194511570098
0 0.47598371160680164 0.2074364411094125 0.006269725422891526 0.01234041194346922
0 0.301924191533192 0.2146018415927172 0.010449542371486018 0.010748100724957013
0 0.3711897295384706 0.20305758525850406 0.008658192250659837 0.010748100724957048
0 0.3777580133148333 0.1696190496697489 0.010449542371486018 0.01234041194346922
0 0.39761214382065674 0.17877483917619374 0.009553867311072821 0.010748100724957013
0 0.35790388280900987 0.18076522819933394 0.008359633897188771 0.01313656755272529
0 0.40403114842028387 0.16942001076743485 0.009852425664543958 0.0111461785295851
0 0.41194294478726606 0.1672305828419806 0.008956750604130832 0.014728878771237373
0 0.4706096612443232 0.11567950714264967 0.008061075543717777 0.010350022920329015
0 0.4770286658439504 0.11567950714264967 0.00895675060413076 0.010350022920329015
0 0.4382160798927167 0.11010641787785716 0.010150984018015024 0.011146178529585082
0 0.5565944670439795 0.17061424418131896 0.008061075543717705 0.013534645357353341
0 0.5728658973081506 0.23291342060560694 0.010748100724957013 0.014728878771237462
0 0.6793019503205724 0.22972879816858263 0.008658192250659766 0.00995194511570098
0 0.6909457261059424 0.19748449599371154 0.008658192250659766 0.010748100724957013
0 0.6263078425794647 0.1429478367596703 0.0077625171902466405 0.01234041194346922
0 0.5458463663190225 0.3847801030712036 0.009255308957601755 0.010350022920329067
0 0.5601771672856318 0.35532234552872866 0.008061075543717705 0.009553867311072892
0 0.6203366755100441 0.32586458798625384 0.008956750604130832 0.011942334138841134
0 0.7033358977749902 0.31193186482427254 0.008359633897188842 0.011942334138841134
0 0.7376701084241586 0.30496550324328187 0.010150984018014952 0.013136567552725324
0 0.7285640786432921 0.32327708225617163 0.008061075543717777 0.009155789506444911
0 0.7560314471626267 0.33283094956724457 0.009255308957601755 0.01234041194346922
0 0.7348338040661838 0.33800596102740904 0.007463958836775788 0.012340411943469291
0 0.7436412754935791 0.32407323786542774 0.007762517190246854 0.011544256334213153
0 0.5368896157148915 0.4269763503617756 0.010449542371486018 0.011942334138841063
0 0.5379345699520401 0.44409369596078124 0.00895675060413076 0.010350022920329067
0 0.5321126820593551 0.44548696827697937 0.009852425664543958 0.010748100724957084
0 0.552414650095385 0.47593992033102434 0.008658192250659908 0.011146178529585028
0 0.5709252680105888 0.4265782725571476 0.009255308957601968 0.010350022920328996
0 0.5898837234559992 0.41025708256739796 0.008359633897188771 0.011146178529585028
0 0.7669288270643193 0.441904268035327 0.010150984018014952 0.010748100724956942
0 0.7422977629029593 0.420209027683099 0.008658192250659908 0.010350022920328996
0 0.6924385178732976 0.44926870742094577 0.011643775785370139 0.011942334138841134
0 0.6376530600113639 0.47932358167036254 0.009553867311072821 0.010748100724957013
0 0.6740771791348295 0.5012178609249047 0.008956750604130832 0.010748100724957013
0 0.6907964469292068 0.49683900507399625 0.010150984018014952 0.009951945115701051
0 0.7643910810598155 0.5063928723850691 0.010449542371485876 0.009951945115700838
0 0.7669288270643193 0.5270929182257271 0.011942334138841205 0.012340411943469078
0 0.7142332776766827 0.5322679296858916 0.009255308957601755 0.009951945115700838
0 0.708859227314204 0.5312727351743216 0.008658192250659766 0.0111461785295851
0 0.7016938268308995 0.5523708588196077 0.008658192250659908 0.011942334138840991
0 0.5942128195813291 0.5316708129789496 0.008061075543717705 0.011942334138841134
0 0.6001839866507498 0.5256996459095289 0.009852425664544029 0.012738489748097237
0 0.7215479573367231 0.5744641769764638 0.010150984018014952 0.011544256334213117
0 0.7402078544286621 0.6291998751128189 0.009852425664543887 0.01353464535735327
0 0.5445028537284028 0.5736680213672076 0.010150984018014952 0.011544256334213045
0 0.5525639292721205 0.5726728268556376 0.010150984018015095 0.012738489748097095
0 0.5479362747933196 0.6017325065934843 0.009255308957601968 0.01353464535735327
0 0.5888387692188506 0.5858093944083628 0.01224089249231234 0.01353464535735327
0 0.5966012864090974 0.5798382273389422 0.009852425664543887 0.011942334138841063
0 0.6509389067408244 0.659652827166864 0.009852425664544029 0.013136567552725041
0 0.5385316866589822 0.6624393717992604 0.0077625171902466405 0.00995194511570091
0 0.5292763777013804 0.6827413398352903 0.0077625171902466405 0.009155789506445017
0 0.5230066522784886 0.6897077014162809 0.008956750604130903 0.015126956575865477
0 0.5183789977996878 0.733695298827679 0.011046659078428007 0.011544256334213117
0 0.5227080939250177 0.7422539716271818 0.010748100724957013 0.009553867311072963
0 0.6127234374965329 0.7108058250615669 0.008061075543717705 0.011146178529585028
0 0.6316818929419432 0.733894337729993 0.011345217431899073 0.01592311218512137
0 0.702738781068048 0.7125971751823932 0.010748100724956942 0.013136567552725324
0 0.5488319498537326 0.7854454134293241 0.010449542371485947 0.010748100724956942
0 0.520170347920514 0.7518078389382549 0.009255308957601897 0.012738489748097237
0 0.49643495881956723 0.7864406079408941 0.009553867311073034 0.012738489748097095
0 0.49389721281506355 0.7957954363496529 0.010449542371485947 0.012340411943469149
0 0.48538829974113923 0.8206752991389056 0.010150984018014952 0.01353464535735327
0 0.42806509587470165 0.7828579076992418 0.009553867311072963 0.012738489748097237
0 0.4744909198394467 0.7424530105294959 0.01044954237148609 0.013136567552725182
0 0.4650863317051093 0.7201606534703257 0.010748100724957013 0.011544256334212974
0 0.4037325900668128 0.7577790060076753 0.010449542371486018 0.011942334138841205
0 0.405523940187639 0.7358847267531331 0.009255308957601897 0.011942334138841063
0 0.41239078231747256 0.7346904933392492 0.009255308957601826 0.012738489748097237
0 0.36581567917599217 0.6988634909227255 0.008658192250659837 0.01353464535735327
0 0.37014477530132206 0.6924942460486769 0.009553867311072963 0.011146178529585028
0 0.43851463824618764 0.6843336510538023 0.010748100724957013 0.010748100724957084
0 0.3061040084817864 0.6789596006913237 0.0074639588367756814 0.011942334138841205
0 0.3111795004907939 0.6359671977914957 0.006866842129833621 0.0111461785295851
0 0.31834490097409857 0.6238258247503404 0.008658192250659766 0.011544256334213188
0 0.3205840886251313 0.6144709963415815 0.008359633897188771 0.010350022920328782
0 0.3171506675602145 0.5907853669662133 0.01044954237148609 0.013136567552725182
0 0.4429930135482531 0.6459191429071965 0.009553867311072821 0.011942334138841205
0 0.4850897413876681 0.6419383648609162 0.006568283776362733 0.013534645357353412
0 0.4788200159647765 0.640943170349346 0.008359633897188771 0.013136567552725182
0 0.47493875736965313 0.6355691199868676 0.007165400483304722 0.011942334138841134
0 0.4779243409043634 0.6166604242670357 0.006568283776362662 0.010748100724957084
0 0.48255199538316434 0.6170585020716638 0.006269725422891597 0.011544256334213188
0 0.4879260457456429 0.5850132387991067 0.010449542371485947 0.0111461785295851
0 0.37133900871520614 0.5708814767348113 0.008359633897188842 0.011544256334213117
0 0.2472880128479938 0.5850132387991067 0.009852425664543958 0.014330800966609445
0 0.4641906566446961 0.5258986848118431 0.007165400483304722 0.010748100724957013
0 0.5049438718934915 0.4890764878837496 0.012240892492312128 0.011146178529585028
0 0.5116614348465895 0.5006207442179627 0.007762517190246854 0.009553867311072963
