0 0.6241213321685791 0.18630658785502116 0.007914543151855469 0.011319764455159505
0 0.6590306282043457 0.39463677406311026 0.009705734252929688 0.013143189748128255
0 0.33633633852005007 0.3816498120625814 0.00675504207611084 0.008971786499023438
0 0.48580756187438967 0.2197445472081502 0.008213043212890625 0.011183563868204753
0 0.6259379625320435 0.4292174816131592 0.008510446548461914 0.010138416290283203
0 0.5537217378616333 0.2352898597717285 0.00863347053527832 0.011897246042887367
0 0.6068180084228516 0.4605168342590332 0.007517242431640625 0.010369173685709636
0 0.46911115646362306 0.5807980537414551 0.006839275360107422 0.009411430358886719
0 0.5406519889831544 0.4308033625284831 0.006354141235351563 0.009452883402506511
0 0.5499116420745849 0.6039280255635578 0.0070437431335449215 0.010126050313313801
0 0.5156207323074341 0.4072414875030518 0.008258390426635741 0.011186695098876953
0 0.571614933013916 0.16894594828287762 0.007439994812011718 0.011188793182373046
0 0.56036856174469 0.31150170962015783 0.007756280899047852 0.010276508331298829
0 0.5694974899291992 0.7527820587158203 0.008310985565185548 0.01111742655436198
0 0.4753498792648315 0.17035439809163413 0.008320379257202148 0.010817941029866536
0 0.5621400594711303 0.4414061069488525 0.008288717269897461 0.011060937245686847
0 0.6563326358795166 0.46173748970031736 0.00928640365600586 0.011827182769775391
0 0.4338507175445557 0.483677609761556 0.008614063262939453 0.011388905843098958
0 0.5115578889846802 0.5054379145304362 0.00876479148864746 0.010436248779296876
0 0.3670874238014221 0.6139647483825683 0.008608841896057129 0.011002159118652344
0 0.35010514259338377 0.26200871467590336 0.008895158767700195 0.010261821746826171
0 0.6439122676849365 0.2735928217569987 0.008886241912841797 0.011521720886230468
0 0.4693067312240601 0.6610220273335774 0.008143281936645508 0.010619926452636718
0 0.6697340250015259 0.5706167538960775 0.00845026969909668 0.010766029357910156
0 0.5791399002075195 0.7390294392903647 0.008029937744140625 0.010178502400716145
0 0.7248748540878296 0.4911468823750814 0.007895708084106445 0.011109161376953124
0 0.37943196296691895 0.783381430308024 0.00826573371887207 0.010798327128092448
0 0.3629298686981201 0.5276833852132161 0.00867447853088379 0.013122177124023438
0 0.5024214029312134 0.38284424146016444 0.00768122673034668 0.01018381118774414
0 0.3090645074844361 0.49786065419514974 0.007943344116210938 0.01101061503092448
0 0.5516278505325317 0.4284633000691731 0.007146883010864258 0.010479100545247396
0 0.4435910989535234 0.6870095063332612 0.007938528060913086 0.011105219523111977
0 0.39419342279434205 0.3841303030649821 0.008654284477233886 0.010611248016357423
0 0.26896774098523785 0.49098765510850306 0.007469391822814943 0.009203497568766277
0 0.6333368062973023 0.457543166478475 0.007594919204711914 0.01031929651896159
0 0.43922035694122313 0.23756100336710614 0.007417917251586914 0.008858998616536459
0 0.5410611867904663 0.7813879966735839 0.00850052833557129 0.011866442362467448
0 0.32488073110580445 0.66971435546875 0.009328007698059082 0.010924911499023438
0 0.3198714733123779 0.28164828618367516 0.007920026779174805 0.010000165303548176
0 0.7046093940734863 0.5042078336079916 0.008849239349365235 0.011275863647460938
0 0.6237476676762159 0.3219127595384881 0.007730531692504882 0.007433191935221354
0 0.39324156045913694 0.23881864547729492 0.007983088493347168 0.010971164703369141
0 0.5248401641845702 0.44085160891215003 0.007364463806152344 0.010551548004150391
0 0.2614677906036377 0.3086391607920329 0.008489179611206054 0.010991382598876952
0 0.35818933248519896 0.5745563189188639 0.01029813289642334 0.012860043843587238
0 0.2953589677810669 0.6909071922302246 0.009804344177246094 0.011916923522949218
0 0.4373969316482544 0.7026666005452473 0.007674169540405273 0.009937922159830729
0 0.3676586151123047 0.731733004252116 0.007156515121459961 0.010516357421875
0 0.31245770454406735 0.33451865514119467 0.007833337783813477 0.010790506998697914
0 0.502988862991333 0.456449286142985 0.0065024375915527345 0.00826733907063802
0 0.5179240465164185 0.3545050779978434 0.009270524978637696 0.010612964630126953
0 0.6772572517395019 0.7283297220865886 0.008359813690185547 0.01043713887532552
0 0.47916650772094727 0.5650129000345866 0.007358837127685547 0.008814175923665365
0 0.3446607947349548 0.3128136952718099 0.008374381065368652 0.011038907368977864
0 0.4267417907714844 0.8233812014261882 0.008962917327880859 0.0110690434773763
0 0.5564730405807494 0.3313563664754232 0.008783960342407226 0.010910606384277344
0 0.7561502695083618 0.3593132813771566 0.007376527786254883 0.010189978281656902
0 0.4831012964248657 0.6001735687255859 0.00749812126159668 0.01079266866048177
0 0.3677059292793274 0.48306428591410316 0.008134913444519044 0.009751605987548827
0 0.5486041069030761 0.6297163645426432 0.007357978820800781 0.009885660807291667
0 0.6483405270499744 0.22874273684540228 0.005597877502441406 0.007345517476399738
0 0.3630655765533447 0.6509564081827799 0.007374811172485352 0.01059557596842448
0 0.44977498054504395 0.12659339904785155 0.008592700958251953 0.01060474713643392
0 0.7352522373199463 0.6389871915181478 0.007525253295898438 0.009833081563313802
0 0.5339275598526002 0.3789167881011963 0.006861829757690429 0.009647210439046225
0 0.6475143432617188 0.5468225161234538 0.009235668182373046 0.011453692118326824
0 0.358595597743988 0.6884922027587891 0.007544493675231934 0.009799702962239584
0 0.3791651725769043 0.2440392255783081 0.00827789306640625 0.010821294784545899
0 0.6798698663711548 0.46949404080708823 0.007602834701538086 0.00973660151163737
0 0.4784238161119337 0.7985353111245552 0.006728982925415039 0.009674453735351562
0 0.7457539558410644 0.37178239822387693 0.007480621337890625 0.009317843119303386
0 0.6705644369125366 0.49572865168253577 0.006539106369018555 0.008176930745442708
0 0.5620437860488893 0.7188535690307617 0.007193231582641601 0.010656483968098958
0 0.4734473705291748 0.4368260542551677 0.007455635070800781 0.010050551096598309
0 0.5123216867446899 0.5400656382242839 0.006978082656860352 0.009063339233398438
0 0.377318274974823 0.390565840403239 0.007535576820373535 0.011070887247721352
0 0.238761043548584 0.46079072952270506 0.00849761962890625 0.0111236572265625
0 0.47049500942230227 0.4798581123352051 0.007397794723510742 0.009410349527994792
0 0.6471700191497802 0.2207440455754598 0.009073638916015625 0.009819968541463216
0 0.5153837442398072 0.6375977198282877 0.007003164291381836 0.010518391927083336
0 0.7770196914672851 0.5390356540679931 0.009779071807861328 0.012820974985758465
0 0.32172215842393115 0.5844132497022482 0.007860803604125976 0.010761133829752604
0 0.4536513118853961 0.6475549651065923 0.008703517913818359 0.01084429423014323
0 0.48327298164367677 0.2955679734547933 0.007318019866943359 0.008459758758544923
0 0.6122818248710162 0.31455159980454594 0.008823251724243164 0.010949865976969403
0 0.3922498345375061 0.7809489568074546 0.00750739574432373 0.010351308186848958
0 0.34914594888687134 0.6802327473958333 0.007131648063659668 0.009990692138671875
0 0.6155068159103394 0.14602854251861574 0.008136320114135741 0.010229698816935221
0 0.4013671040534973 0.43338634173075363 0.006867003440856933 0.008121649424235025
0 0.627924341963008 0.16055016420093032 0.007718706130981445 0.009139664967854818
0 0.7267009496688843 0.26044934590657554 0.008312654495239259 0.010270404815673827
0 0.40985798835754395 0.4607362111409505 0.007231712341308594 0.010342725118001302
0 0.39204428195953367 0.6778535525004069 0.007144927978515625 0.00878454844156901
0 0.637764310836792 0.3488975842793783 0.00836353302001953 0.010529518127441406
0 0.6915310621261597 0.3078960418701172 0.006922864913940429 0.010129292805989586
0 0.2605891023752527 0.48727410997596016 0.007853055000305175 0.009138011932373047
0 0.4243180751800537 0.41651660601298013 0.007995319366455079 0.009526475270589193
0 0.34727181260085205 0.6248498191618145 0.00644223690032959 0.008048057556152344
0 0.29833442157337403 0.562892041127807 0.008373260498046875 0.011512819925944011
0 0.6470883960014479 0.4345075706919287 0.007795381546020509 0.010368792215983073
0 0.6198310852050781 0.5851036389668782 0.00839853286743164 0.011058870951334636
0 0.3492853250607124 0.51070144419609 0.007225112153998907 0.013005201877198048
0 0.35199474211846193 0.5015496354676914 0.007586367761698795 0.00915180872839862
0 0.32471994373711616 0.4266493061379028 0.010115157015598477 0.01156017944639828
0 0.31514667013306763 0.39558132387570766 0.009753901407898412 0.01396855016439794
0 0.40040299355025455 0.44278538994850036 0.006863856546298948 0.00915180872839862
0 0.40762810570425345 0.4425445528767004 0.006863856546298877 0.007706786297598853
0 0.27071685680674124 0.34910131527094435 0.00912947031275042 0.010856667398946484
0 0.2752815919631164 0.338573637793178 0.008389242990095056 0.012830606926027742
0 0.47632502607527755 0.2878167802386885 0.009524011475725729 0.00875771170181686
0 0.5045686463136368 0.16893084388652493 0.008867183098089555 0.01007136845708942
0 0.4957014632155473 0.1157277452979876 0.007553526342817065 0.011385025212361892
0 0.6203346478720282 0.15075859210525497 0.005911455398726418 0.010509254042180238
0 0.574849282720717 0.22257182806015308 0.008210354720453452 0.01313656755272529
0 0.569923069888445 0.2784022401592354 0.006896697965180607 0.014450224307997814
0 0.4299220556326954 0.22778573077589087 0.0068591061703610024 0.011617224865115894
0 0.4345565868288853 0.22111200585337748 0.007600631161751323 0.012605924853636416
0 0.43038550875231435 0.20727020601409044 0.005190674939732603 0.006673724922513422
0 0.4252875244365056 0.20294464356431327 0.005376056187580147 0.008403949902424266
0 0.43233201185471415 0.1949114561575842 0.0068591061703610024 0.007168074916773648
0 0.43483465870065674 0.20331540606000842 0.005190674939732603 0.008156774905294135
0 0.45819269592945355 0.19664168113749508 0.005561437435427905 0.006673724922513387
0 0.45179704287871153 0.18935001872215637 0.007600631161751323 0.007909599908164004
0 0.47886270506446027 0.18873208122933108 0.004263768700494736 0.007662424911033909
0 0.4425279804863318 0.17316005641013318 0.005005293691884987 0.0076624249110338735
0 0.4448452460844267 0.1716770064273524 0.004449149948342282 0.007168074916773613
0 0.44512331795619814 0.16401458151631854 0.0061175811789706104 0.009145474893814622
0 0.4587488396729964 0.1614192440464522 0.00407838745264705 0.0069208999196435
0 0.46162224901463406 0.15486910662250392 0.0061175811789706104 0.007168074916773666
0 0.6856554870384514 0.18860849373076605 0.005932199931122995 0.01433614983354726
0 0.6284653720774686 0.3131846922843492 0.00945444364022734 0.00988699988520498
0 0.6176205690783843 0.33926165448157747 0.008898299896684564 0.008156774905294172
0 0.658404443604855 0.3269029046250712 0.00778601240959901 0.009145474893814693
0 0.6731422528087387 0.3496430043610427 0.00908368114453225 0.010134174882335216
0 0.684450508927442 0.312937517287219 0.008342156153141787 0.00790959990816404
0 0.7238440240950555 0.3234424546652494 0.0051906749397325315 0.007662424911033838
0 0.7131846023438192 0.3171394922384312 0.0068591061703610024 0.006920899919643446
0 0.705954733677763 0.3142969797714348 0.007600631161751466 0.0076624249110338735
0 0.7414552426405772 0.34136264195718347 0.0066737249225133155 0.01235874985650625
0 0.7548953831095276 0.37398974157835996 0.009825206135922429 0.010875699873725466
0 0.583973872594046 0.41922276605317293 0.005376056187580147 0.008898299896684492
0 0.5788758882782371 0.4513555156800892 0.009639824888074956 0.008403949902424301
0 0.6038096661137385 0.4263908409699465 0.0068591061703610024 0.006920899919643446
0 0.6780548558766999 0.46148969056242434 0.005932199931122852 0.009392649890944824
0 0.6728641809369674 0.5171040649167026 0.007044487418208547 0.008898299896684421
0 0.7598079861774889 0.5409564521397597 0.005561437435427905 0.007662424911033838
0 0.7583249361947082 0.535765777200027 0.006673724922513458 0.008156774905294241
0 0.750724305032957 0.5430574396153658 0.005932199931122995 0.009392649890944753
0 0.631060709547335 0.5947170140155618 0.007971393657446485 0.009886999885205085
0 0.6352317876239058 0.612513613808931 0.007786012409598939 0.009886999885205085
0 0.6643366435359781 0.6163448262644479 0.00778601240959901 0.0066737249225133155
0 0.6603509467072547 0.6263554136482179 0.006488343674665771 0.00840394990242423
0 0.622347790898498 0.5218003898621749 0.0053760561875802184 0.00790959990816404
0 0.681618717675946 0.6513132910459395 0.0056750761403583285 0.007566768187144532
0 0.6845796269665678 0.6541097053759711 0.005181591258588156 0.007237778265964323
0 0.6875405362571894 0.6432530379770245 0.005181591258587872 0.0078957581083246
0 0.7213442506584548 0.6620054634842958 0.006662045903898957 0.008553737950685161
0 0.7219611067606675 0.6669403123019987 0.006908788344783971 0.0078957581083246
0 0.7305970921916477 0.6570706146665928 0.0064153034630138 0.013159596847207808
0 0.6116672356850067 0.6467074321494166 0.008882727871865228 0.010198687556586207
0 0.5844021959671979 0.6789484444250761 0.009129470312750599 0.012830606926027457
0 0.5573838986902742 0.6113410156225454 0.005428333699473384 0.011185657320126623
0 0.565526399239484 0.5692303057114804 0.008882727871865299 0.009869697635405928
0 0.5525724210930137 0.7131633962278165 0.007649015667439585 0.012830606926027882
0 0.553065905974784 0.7220461240996818 0.008142500549209827 0.010856667398946484
0 0.5324629121608742 0.7361926907104303 0.005428333699473313 0.01414656661074858
0 0.5280215482249416 0.7493522875576382 0.00888272787186537 0.013488586768388018
0 0.5428260946780504 0.7702431475525807 0.0064153034630138 0.012501617004847532
0 0.6396725027254708 0.7764939560550045 0.004688106376817842 0.006579798423604046
0 0.6420165559138797 0.7735330467643826 0.004441363935932756 0.006579798423603904
0 0.6437437530000758 0.7700786525919905 0.005921818581243628 0.006250808502423695
0 0.5035940465773119 0.73586370078925 0.007402273226554499 0.010856667398946484
0 0.4631282862721477 0.761195924720125 0.008389242990095056 0.010856667398946484
0 0.49175040941482484 0.6896406168634323 0.007402273226554428 0.013817576689568227
0 0.44560957296930226 0.6705592014349807 0.0059218185812435565 0.008553737950685019
0 0.44931070958257946 0.6703947064743907 0.005428333699473242 0.010856667398946626
0 0.37972934125296776 0.6654598576566877 0.007895758108324671 0.0128306069260276
0 0.45473904328205267 0.6340413201839791 0.007895758108324671 0.009211717793045509
0 0.39280669061988055 0.6649663727749174 0.0064153034630138 0.007895758108324885
0 0.39663119845360045 0.6620054634842957 0.0071555307856693414 0.008553737950685161
0 0.3418543765770976 0.6238426326273929 0.006168561022128642 0.009211717793045509
0 0.3398804370500164 0.6164403594008384 0.0071555307856693414 0.007566768187144532
0 0.3243356632742521 0.7447464286611152 0.0056750761403584 0.010856667398946626
0 0.4458788923435283 0.5019660133967409 0.007553526342816994 0.007881940531635222
0 0.4365190879622116 0.5742171349367298 0.007881940531635151 0.008757711701816788
