0 0.7429404497146607 0.33261154492696127 0.008518362045288086 0.011279265085856117
0 0.3648382782936096 0.5702942848205567 0.008536887168884278 0.0125668207804362
0 0.46529903411865225 0.27901148796081543 0.009033298492431641 0.012273248036702473
0 0.37680264711380007 0.5388968149820964 0.00909125804901123 0.012385813395182292
0 0.6155581712722779 0.6903191884358724 0.008094358444213866 0.010424041748046875
0 0.6812003135681153 0.21088983217875165 0.008267593383789063 0.011722373962402343
0 0.6334063291549683 0.25819712479909257 0.00845026969909668 0.010488907496134438
0 0.5905954837799072 0.15172977447509767 0.009550094604492188 0.012960974375406902
0 0.4756384134292603 0.4800565719604492 0.006725835800170899 0.00850518544514974
0 0.7113897323608398 0.4357265790303548 0.008835697174072265 0.012218411763509114
0 0.42181293964385985 0.27326412200927735 0.008303403854370117 0.011432584126790364
0 0.7192528247833252 0.4553946018218994 0.008223915100097656 0.011931069691975911
0 0.3092142939567566 0.7171609242757162 0.007573866844177246 0.009695943196614583
0 0.6992029190063477 0.3702070077260335 0.00868368148803711 0.010992717742919923
0 0.3492918610572815 0.45136702855428057 0.009428811073303223 0.013080724080403646
0 0.41421267986297605 0.8021104494730632 0.008513689041137695 0.011873181660970051
0 0.3202033519744873 0.6567136764526367 0.00876774787902832 0.011684672037760418
0 0.44073033332824707 0.757395585378011 0.0073089599609375 0.010689226786295573
0 0.6049199819564819 0.5784807523091634 0.007002115249633789 0.00895519256591797
0 0.4307992696762085 0.2062129259109497 0.00902419090270996 0.01241307258605957
0 0.3101972579956055 0.701100476582845 0.009021759033203125 0.012479273478190105
0 0.33595249309201797 0.311178438063796 0.009383153915405274 0.013173421223958336
0 0.4522737503051758 0.219219438234965 0.00828866958618164 0.011375888188680012
0 0.6604239702224731 0.513712469736735 0.007530736923217774 0.010671933492024742
0 0.4979987382888794 0.5101507981618245 0.008829259872436523 0.012093257904052735
0 0.46053428649902345 0.7390533129374187 0.0077492713928222655 0.010188102722167969
0 0.42875447273254397 0.6160782178243002 0.008954429626464843 0.01152337392171224
0 0.7649747133255005 0.457779057820638 0.008225488662719726 0.010783894856770832
0 0.5244823217391967 0.47648412386576333 0.00866246223449707 0.01209586461385091
0 0.4944851160049438 0.6300137201944987 0.00751185417175293 0.00970929463704427
0 0.46195790767669676 0.7625717480977375 0.009320306777954101 0.012106513977050782
0 0.562079381942749 0.5386448383331298 0.008589839935302735 0.011135896046956383
0 0.6130162715911865 0.2066473325093587 0.008696365356445312 0.010950247446695961
0 0.37597193717956545 0.6281715710957845 0.008187818527221679 0.011467425028483073
0 0.3862092733383179 0.1362994511922201 0.008892631530761719 0.012568728129069012
0 0.4754823684692383 0.632103188832601 0.008414268493652344 0.010477638244628907
0 0.7265558481216431 0.5668699264526368 0.007293176651000976 0.00969683329264323
0 0.7543181657791138 0.3691013018290202 0.007697629928588867 0.00987084706624349
0 0.6437208414077759 0.7522738138834636 0.007250738143920898 0.009429931640625
0 0.47122552394866946 0.790035629272461 0.009821271896362305 0.011810302734375
0 0.34695677881702913 0.6734143228626295 0.00963578224182129 0.01391894022623698
0 0.7348153829574585 0.2984954675038656 0.007589292526245117 0.010404300689697266
0 0.551136350631714 0.8191980361938477 0.00893697738647461 0.011599095662434895
0 0.5521219730377198 0.5465998649597168 0.00704488754272461 0.009035046895345051
0 0.6864533424377441 0.39245924949645994 0.008906364440917969 0.012021287282307941
0 0.6317994832992553 0.17204300562540692 0.008867883682250976 0.011336835225423177
0 0.34843423366546633 0.38253777821858725 0.007706403732299805 0.010230445861816406
0 0.465726356418981 0.11511123111990695 0.009261655807495116 0.01245387395222982
0 0.5298712730407715 0.14092121918996173 0.009970474243164062 0.012460120519002279
0 0.7066914558410644 0.4836693286895752 0.007473564147949219 0.009966055552164713
0 0.3116114616394043 0.6246334711710612 0.008789491653442384 0.0120849609375
0 0.6517951250076294 0.26749198436737065 0.007474565505981445 0.010568221410115562
0 0.7460728883743286 0.5921770095825195 0.007336091995239258 0.009595235188802084
0 0.3964854121208191 0.8027113914489746 0.008149170875549316 0.010542488098144532
0 0.5325191020965576 0.7683010419209799 0.008085250854492188 0.00987847646077474
0 0.7005266189575196 0.5930173873901367 0.0076655387878417965 0.010072835286458333
0 0.39325820207595824 0.19906822840372718 0.008352065086364746 0.010879993438720703
0 0.7118120431900025 0.2887010415395101 0.008384275436401366 0.010762182871500652
0 0.6367475748062135 0.5802984237670897 0.007494306564331055 0.010104878743489582
0 0.5071491718292237 0.35917493502298986 0.007387924194335938 0.010031604766845703
0 0.4031095027923584 0.30018369356791186 0.007953643798828125 0.010472329457600911
0 0.7028427124023438 0.3036131064097087 0.008941650390625 0.012067063649495441
0 0.5400717258453369 0.20116676489512128 0.008344173431396484 0.01075914700826009
0 0.6831854343414306 0.5514849344889323 0.007706546783447265 0.010644785563151042
0 0.545130705833435 0.1302774469057719 0.010222959518432616 0.012843569119771324
0 0.2629181981086731 0.6308836619059245 0.008581948280334473 0.011248906453450523
0 0.4065837860107422 0.5400039990743002 0.009521484375 0.011209932963053386
0 0.6049017667770386 0.40926661491394045 0.007013368606567383 0.010419686635335289
0 0.47738356590270997 0.7452192942301431 0.008289337158203125 0.011261749267578124
0 0.5892651319503784 0.30454923311869303 0.007464170455932617 0.010359859466552735
0 0.39539940357208253 0.4560035387674967 0.008087348937988282 0.011259206136067708
0 0.40295162200927737 0.43688605626424154 0.007862091064453125 0.010884412129720052
0 0.5350381135940552 0.5753956476847331 0.007973146438598634 0.011751302083333333
0 0.41458864212036134 0.14526039759318032 0.008043766021728516 0.01005258560180664
0 0.6147855043411256 0.5697007179260254 0.006425905227661133 0.009601402282714843
0 0.3501946449279785 0.1963255802790324 0.008896732330322265 0.012258036931355793
0 0.5062533140182495 0.7488345464070639 0.009745359420776367 0.012944539388020836
0 0.4659644842147827 0.39475212097167967 0.007784509658813476 0.011390050252278648
0 0.3823513388633728 0.7351797739664713 0.00814383029937744 0.012118784586588542
0 0.7078929424285889 0.6669750531514486 0.007737064361572265 0.00958703358968099
0 0.6243147186906204 0.252692605600561 0.009158849716186523 0.011450592676798503
0 0.38738051652908323 0.6121725718180339 0.009140944480895996 0.012631479899088542
0 0.46769013404846194 0.5825392087300618 0.007273387908935547 0.008849271138509114
0 0.5362574577331543 0.7287429809570313 0.009528636932373047 0.013147608439127606
0 0.7736862182617188 0.4787633419036865 0.008052730560302734 0.010272566477457683
0 0.247943651676178 0.3739768505096436 0.008215022087097169 0.012002722422281903
0 0.5118253231048583 0.7092069307963053 0.009039974212646485 0.012900606791178387
0 0.3682858467102051 0.7036391258239746 0.007935857772827149 0.01066939036051432
0 0.4492853403091431 0.3066259702046712 0.008044767379760741 0.01049633026123047
0 0.5207535743713378 0.4292772928873698 0.00679311752319336 0.008792368570963542
0 0.4047380184862849 0.26852305318124453 0.007511401176452636 0.00926357905069987
0 0.551113247871399 0.4191315650939942 0.006406450271606445 0.008537546793619791
0 0.694119490602178 0.5432768840726188 0.008814334869384766 0.011278851826985676
0 0.34792104959487913 0.30718706448872884 0.007664084434509277 0.009976355234781902
0 0.310148006823909 0.34737807134423215 0.007041931152343749 0.008802541097005208
0 0.5082297801971436 0.22755836645762126 0.009501457214355469 0.013744306564331055
0 0.43028185367584226 0.15017587343851724 0.008340120315551758 0.011158275604248046
0 0.6046747207641602 0.27291496594746906 0.006296634674072266 0.008289051055908204
0 0.4743432760238647 0.5946167310078938 0.007473134994506836 0.00989360809326172
0 0.33205533027648926 0.5925147692362467 0.008464527130126954 0.01093120574951172
0 0.6252973090847921 0.22776581768014775 0.009079980850219726 0.010946098963419597
0 0.5335846662521362 0.7767422358194986 0.008809709548950195 0.011502710978190105
0 0.5244277477264404 0.2485467831293742 0.007822513580322266 0.010367345809936524
0 0.7115588665008545 0.6202165603637695 0.008035564422607422 0.009961318969726563
0 0.49000868797302244 0.4463911533355713 0.009617900848388672 0.013316758473714193
0 0.4054504632949829 0.7605004946390789 0.007761621475219726 0.012202771504720052
0 0.3354192614555359 0.5561333020528157 0.00795886516571045 0.011501502990722657
0 0.258809808967064 0.4018146454439321 0.010116440076291084 0.014475556531928646
0 0.2641147714460947 0.388326058675544 0.009376212753635578 0.010527677477766275
0 0.28915912919593717 0.35970393553286684 0.009622955194520735 0.009869697635405857
0 0.39094038606106063 0.388326058675544 0.00888272787186537 0.009869697635405857
0 0.39427140901301 0.4139872725275993 0.01110340983983157 0.010527677477766275
0 0.3054441302943569 0.30903948767111655 0.005181591258588156 0.00855373795068509
0 0.3091452669076341 0.3126583768040987 0.007649015667439585 0.010527677477766275
0 0.41980925164462285 0.3021306993263324 0.012337122044257427 0.011185657320126729
0 0.4814948618659098 0.33289125695668076 0.007895758108324743 0.01283060692602767
0 0.4914879307217582 0.24669589760746924 0.010116440076291013 0.014146566610748472
0 0.396615462201419 0.26511933319356024 0.007402273226554357 0.012830606926027706
0 0.34714360280394685 0.2708766568142137 0.008142500549209827 0.012501617004847532
0 0.35466924725094384 0.27433105098660576 0.009869697635405928 0.011514647241306903
0 0.47014470958519294 0.24653140264687912 0.006908788344784185 0.009869697635405891
0 0.47396921741891274 0.24899882705573056 0.0056750761403583285 0.008882727871865299
0 0.4488014884486277 0.17185069053897442 0.009129470312750528 0.011843637162487076
0 0.4536129660458881 0.16888978124835266 0.0078957581083246 0.01315959684720788
0 0.5920354753824559 0.24192554375035638 0.01036318251717617 0.01315959684720788
0 0.620410856084248 0.2891355974397146 0.008389242990094985 0.01283060692602767
0 0.6288000990743429 0.32680494341484717 0.007895758108324743 0.012501617004847532
0 0.666675063750213 0.3126583768040987 0.011103409839831642 0.014475556531928682
0 0.6772849887082745 0.30344665901105317 0.009129470312750385 0.011843637162487113
0 0.672226768670129 0.2957153958633186 0.008389242990095056 0.011514647241306974
0 0.6686490032772943 0.2866681730308631 0.007649015667439443 0.009211717793045473
0 0.681726352644207 0.2919320117697463 0.00715553078566927 0.007895758108324777
0 0.7501973799898356 0.3514791875033619 0.012337122044257284 0.01381757668956837
0 0.6249755912406231 0.37796287615836777 0.010609924958061328 0.010198687556586065
0 0.6152292648256598 0.39079348308439543 0.008882727871865299 0.012172627083667321
0 0.6014116881360916 0.38914853347849443 0.005921818581243628 0.010198687556586065
0 0.5884577099896212 0.4019791404045221 0.010609924958061328 0.011514647241306903
0 0.5735297923160698 0.395234847020328 0.007402273226554428 0.01250161700484746
0 0.7346526062140711 0.38701009899082306 0.0078957581083246 0.010527677477766346
0 0.736133060859382 0.3993472210350805 0.007895758108324885 0.010856667398946555
0 0.7310748408212366 0.3993472210350805 0.0056750761403583285 0.010856667398946555
0 0.5525566848408322 0.3541111068728035 0.009376212753635614 0.012501617004847532
0 0.6907324517365149 0.4371810619708032 0.00888272787186537 0.011514647241306832
0 0.6907324517365149 0.4495181840150606 0.007895758108324743 0.010527677477766275
0 0.5113506972130125 0.41300030276405875 0.007895758108324885 0.009869697635405928
0 0.5157920611489453 0.4480377293697497 0.008882727871865299 0.010856667398946484
0 0.4695278534829801 0.40263712024688253 0.00715553078566927 0.011514647241306903
0 0.43745133616791093 0.4516566185027318 0.008142500549209827 0.010198687556586136
0 0.441769328883401 0.4603748514140071 0.0064153034630138 0.010527677477766346
0 0.4471976625828742 0.4661321750346605 0.006908788344784185 0.007566768187144461
0 0.44139921522207315 0.4695865692070525 0.008635985430980143 0.00855373795068509
0 0.43782144982923865 0.485378085423702 0.007895758108324671 0.009869697635405928
0 0.4331333434524208 0.4990311671526802 0.01036318251717617 0.01348858676838816
0 0.4602750119497871 0.47287646841885445 0.007895758108324671 0.008553737950685161
0 0.48865039265157906 0.4750149029065258 0.008389242990094985 0.009540707714225717
0 0.48568948336095713 0.45478202275394364 0.007895758108324743 0.009869697635405928
0 0.5393559642534769 0.49952465203445046 0.009129470312750528 0.01315959684720788
0 0.5387391081512639 0.5197575321870326 0.0059218185812435565 0.012172627083667252
0 0.39797254562628726 0.5192640473052623 0.008142500549209827 0.011185657320126765
0 0.42165981995126145 0.5107103093545772 0.009129470312750528 0.010527677477766275
0 0.47668338426864937 0.5631842017828186 0.007649015667439585 0.011514647241306974
0 0.4711316793487336 0.5705864750093731 0.008389242990094985 0.009211717793045509
0 0.29162655360478856 0.4707380339311833 0.00962295519452077 0.011514647241306903
0 0.32283947237675975 0.476988842433607 0.008882727871865299 0.0128306069260276
0 0.3295015182806587 0.4883389947143238 0.007895758108324671 0.007895758108324743
0 0.33480648075968944 0.4880100047931436 0.007649015667439656 0.013817576689568227
0 0.3588638687459913 0.5393324324972544 0.007895758108324743 0.009869697635405928
0 0.3256770104469389 0.577166273432977 0.011596894721601884 0.009869697635405928
0 0.2725040144361896 0.5623617269798681 0.010856667398946484 0.010527677477766275
0 0.2736143554201728 0.5740408691817652 0.007155530785669306 0.017436465822550387
0 0.3028533346650628 0.608749305866276 0.00838924299009502 0.014475556531928717
0 0.30322344832639053 0.6482280964078996 0.009622955194520699 0.010527677477766418
0 0.30112613757886675 0.6406613282207548 0.007402273226554428 0.009211717793045509
0 0.34356583741111224 0.6972475946637487 0.010856667398946555 0.011185657320126694
0 0.38440171137760415 0.6674740067969409 0.008142500549209827 0.012830606926027742
0 0.43387357077507616 0.6493795611320301 0.009376212753635614 0.010856667398946342
0 0.42548432778498124 0.6898453214371943 0.007895758108324671 0.012830606926027882
0 0.4259778126667515 0.7503794669343506 0.005921818581243485 0.01414656661074858
0 0.42042610774683564 0.7492280022102199 0.0071555307856693414 0.009869697635405857
0 0.48865039265157906 0.7916677020424655 0.007402273226554357 0.011185657320126552
0 0.49358524146928195 0.7905162373183348 0.007895758108324743 0.010198687556586065
0 0.5092533864654889 0.8120650771556374 0.007649015667439585 0.01315959684720795
0 0.5007407722549513 0.824566694160485 0.007402273226554428 0.01315959684720795
0 0.471008308128291 0.831310987544679 0.009129470312750385 0.011514647241306903
0 0.5090066440246037 0.7535048711855623 0.006168561022128642 0.008553737950685019
0 0.564523693223762 0.762881083939198 0.009622955194520841 0.016120506137829692
0 0.5838929748332461 0.7303110817423586 0.008389242990095056 0.011514647241307045
0 0.5974638090819292 0.7964380558995781 0.009869697635405928 0.010856667398946626
0 0.6089373325830886 0.8044983089684927 0.010609924958061399 0.009211717793045438
0 0.6418774484412556 0.7890357826730237 0.008389242990094985 0.00921171779304558
0 0.6458253274954181 0.7806465396829286 0.0064153034630138 0.010198687556586207
0 0.6523640021788745 0.7773566404711266 0.007155530785669129 0.013488586768388018
0 0.6587793056418882 0.7739022462987344 0.007649015667439585 0.01315959684720795
0 0.6482927519042696 0.7120521411168577 0.006415303463013941 0.012501617004847532
0 0.5373820247263957 0.6640196126245488 0.008142500549209827 0.009869697635405857
0 0.5629198673580085 0.6579332990827151 0.008882727871865228 0.009540707714225789
0 0.568841685939252 0.6482280964078995 0.008882727871865299 0.010527677477766418
0 0.6056063096311389 0.6112167302751272 0.008882727871865441 0.01348858676838809
0 0.6312675234831944 0.6334235499547906 0.01036318251717617 0.011843637162487042
0 0.6494030928882526 0.6699414312057924 0.008635985430980072 0.008553737950685161
0 0.6824665799668626 0.6623746630186479 0.009129470312750528 0.013817576689568227
0 0.6859209741392545 0.6454316820778678 0.008142500549209756 0.014804546453108714
0 0.7336656364505306 0.674382795141725 0.007895758108324743 0.012172627083667181
0 0.6355855161986844 0.5658161211522601 0.007649015667439727 0.010856667398946413
0 0.6396567664732894 0.5603877874527867 0.0078957581083246 0.011843637162487113
0 0.7126925289752931 0.5837460718565808 0.0069087883447841135 0.009869697635405857
0 0.7136794987388337 0.5725604145364541 0.007402273226554428 0.011843637162487042
0 0.6513770324153341 0.5256793507682761 0.007649015667439585 0.008882727871865228
0 0.6402736225755024 0.5146581884087396 0.006662045903899028 0.009869697635405857
0 0.7621643883727652 0.4982086923497296 0.0056750761403583285 0.009211717793045509
0 0.7693199191584345 0.502321066364482 0.009129470312750385 0.00822474802950488
0 0.596353468097946 0.5431158165908265 0.0071555307856693414 0.009540707714225646
0 0.6053595671902537 0.5383454627337138 0.0059218185812435565 0.007895758108324814
0 0.36126357271800186 0.18208624717355223 0.00699390856507101 0.01107368856136226
