0 0.30860214233398436 0.23198378880818685 0.00865159034729004 0.012031936645507812
0 0.7393267393112183 0.3790587425231934 0.009456205368041991 0.012591044108072914
0 0.2513247489929199 0.46428133646647135 0.009870958328247071 0.013899421691894532
0 0.5340223798960331 0.4198236134569003 0.008061599731445313 0.010754076639811198
0 0.6509406328201294 0.20615160465240479 0.008916807174682618 0.012317037582397461
0 0.323121452331543 0.39814766248067224 0.009708547592163086 0.013008975982666015
0 0.3868521094322205 0.29592286745707197 0.00906965732574463 0.012130133310953776
0 0.4655489206314087 0.33284099896748864 0.0072974681854248045 0.009924983978271485
0 0.29953722953796386 0.6345961570739747 0.011091184616088868 0.013951555887858074
0 0.41365485191345214 0.34608453114827475 0.009662342071533204 0.01193072001139323
0 0.57858247756958 0.5445780436197917 0.009308719635009765 0.012055460611979167
0 0.44596670999724963 0.2156938218647592 0.007505798339843749 0.009942324956258138
0 0.5662506818771362 0.24471885363260903 0.008626413345336915 0.011216990152994792
0 0.31974594593048095 0.45600860913594565 0.008820724487304688 0.011329936981201171
0 0.25875419378280645 0.5351222515106201 0.009863448143005372 0.012653700510660807
0 0.6369624343888188 0.23453653816636866 0.009918785095214844 0.016031471888224284
0 0.33947075605392457 0.5815051078796387 0.008939385414123535 0.013118298848470052
0 0.677771520614624 0.4540639718373617 0.00882129669189453 0.01039393742879232
0 0.46429944038391113 0.7556284904479981 0.008798694610595703 0.010045560201009114
0 0.7287671089172363 0.5685229619344075 0.008774948120117188 0.012008412679036457
0 0.2648616671562195 0.5948947906494141 0.008083462715148926 0.010707728068033854
0 0.7355234146118164 0.2961054166158041 0.00935955047607422 0.012294324239095052
0 0.4454889029846703 0.3831374018062489 0.008082008361816407 0.011358388264973958
0 0.30825766324996945 0.4126208305358886 0.009258484840393067 0.012227948506673176
0 0.589404058456421 0.40282340049743653 0.008040237426757812 0.011936982472737633
0 0.4056732654571533 0.1357825001080831 0.008214569091796875 0.01162871519724528
0 0.420044994354248 0.3250281651814778 0.00852518081665039 0.011167526245117188
0 0.5446330547332764 0.412272040049235 0.009071922302246094 0.012425168355305988
0 0.5412994639485954 0.4675946652266768 0.008375310897827148 0.010700352986653646
0 0.37146462202072145 0.570291264851888 0.00919806957244873 0.01083666483561198
0 0.3810682116730721 0.6308505880611619 0.007305431365966797 0.009579149881998698
0 0.6821351051330566 0.3790722052256267 0.008583641052246094 0.011539618174235024
0 0.635900855064392 0.7436788876851399 0.008488988876342774 0.010445086161295573
0 0.48895797729492185 0.4264496167500814 0.009090137481689454 0.01273695627848307
0 0.5846468687057496 0.2200586716334025 0.008803606033325195 0.010645278294881185
0 0.5432371139526367 0.7936080932617188 0.008791732788085937 0.010782877604166664
0 0.42389299869537356 0.47009736696879073 0.009211397171020508 0.011935011545817059
0 0.4840112184186379 0.673016224740574 0.009833288192749024 0.011889203389485676
0 0.34119372367858886 0.22239912350972493 0.008212614059448241 0.011339823404947914
0 0.6139565229415893 0.7954497019449869 0.009290075302124024 0.01225153605143229
0 0.7579331398010254 0.5789937973022461 0.008878326416015625 0.01197179158528646
0 0.37879512310028074 0.760766092936198 0.008693981170654296 0.011585617065429687
0 0.7150118589401245 0.38967951138814294 0.008242559432983399 0.011373233795166016
0 0.4134483337402344 0.1849341074625651 0.009108638763427735 0.012528324127197265
0 0.5224784145563727 0.7324510517228991 0.008455133438110352 0.011020851135253907
0 0.2910576105117798 0.5335359732309978 0.009003114700317384 0.010673999786376953
0 0.494771933555603 0.6874750455220542 0.007954931259155274 0.010663159688313802
0 0.27560759782791133 0.3714975198109945 0.008831095695495606 0.012069288889567058
0 0.44439918994903566 0.5537745793660481 0.010808706283569336 0.012113698323567708
0 0.23768680095672606 0.4101911862691244 0.007452964782714844 0.010244305928548176
0 0.4321340969533532 0.6930905554231366 0.00879974365234375 0.011168797810872398
0 0.7343638420104981 0.35065458615620926 0.008774662017822265 0.011696147918701171
0 0.48224313259124757 0.7161625862121582 0.009459733963012695 0.011741193135579427
0 0.3718261241912842 0.7823080380757651 0.0088958740234375 0.011085446675618489
0 0.6839208126068115 0.44271585146586107 0.010067081451416016 0.011751143137613933
0 0.40661421296509287 0.6161983707627037 0.006239869587544575 0.007881940531635151
0 0.4708191868790377 0.6440041054159724 0.008538768909271468 0.010071368457089492
0 0.4787011274106727 0.6676499270108778 0.007225112153998836 0.009195597286907713
0 0.3550531853206462 0.6845085220368752 0.006896697965180678 0.010509254042180203
0 0.2534089938814345 0.6179499131030671 0.007225112153998907 0.010509254042180274
0 0.25061747327648043 0.6028428604174331 0.01018083985336208 0.010947139627271127
0 0.26999391041675014 0.44476616419963916 0.008210354720453275 0.009195597286907642
0 0.28313047796947544 0.44783136329527506 0.007553526342817065 0.009195597286907642
0 0.3094036130749259 0.45023973401327466 0.00886718309808952 0.008757711701816788
0 0.3029995363929724 0.4473934777101842 0.007881940531635151 0.009195597286907642
0 0.28526517019679326 0.4607489880554549 0.007225112153998907 0.009633482871998495
0 0.2906840043122924 0.457683788959819 0.00689669796518082 0.008757711701816788
0 0.3430660674287844 0.4036049192011 0.006568283776362591 0.01007136845708942
0 0.24454181078334492 0.3501828778200173 0.006568283776362626 0.010947139627271127
0 0.42484120044449925 0.48154855334726987 0.009195597286907713 0.009195597286907713
0 0.35259007890451033 0.46425207273618163 0.007881940531635151 0.01138502521236191
0 0.44060508150776956 0.38149169715401243 0.007225112153998836 0.010509254042180274
0 0.34749965897782914 0.3530291341231077 0.006239869587544505 0.008757711701816788
0 0.35258214810224275 0.3543047902374052 0.005989026038652483 0.006871130648996697
0 0.3555070212839104 0.3578332086787819 0.00459622928547752 0.007613955584023415
0 0.36170496683553904 0.3616401864707936 0.005292627662065072 0.007428249350266754
0 0.3605907294329991 0.36563287049656196 0.006406865064605043 0.006871130648996697
0 0.3509107919984328 0.36275442387333356 0.004874788636112512 0.00705683688275343
0 0.36894750995204917 0.35244772789983847 0.005571187012700065 0.006871130648996768
0 0.36922606930268415 0.35681182439312026 0.004735508960795087 0.0074282493502666825
0 0.3727080611856216 0.35829747426317354 0.00501406831143008 0.008542486752806723
0 0.3646334159601946 0.23049353732329778 0.008956750604130974 0.011942334138841134
0 0.3700617496596679 0.18254325631128407 0.008413917234183473 0.013028000878735853
0 0.4923349662403028 0.20624698013231726 0.010856667398946413 0.011942334138841134
0 0.42081666974974274 0.11885080757079795 0.009499583974078263 0.00940911174575362
0 0.45487946371393734 0.13278353073277926 0.009771000659051836 0.013389889792034015
0 0.46872171464759416 0.14345925367507667 0.010313834028999267 0.013751778705332214
0 0.48677092419834267 0.1326025862761302 0.007871083864236184 0.010856667398946503
0 0.5006131751319995 0.13133597507958641 0.012756584193762067 0.013389889792034032
0 0.5559821788666265 0.1564872545538125 0.007871083864236184 0.01085666739894652
0 0.561274804223613 0.15214458759423388 0.006514000439367891 0.010856667398946484
0 0.5791883054318747 0.23954076015575318 0.006514000439367891 0.011942334138841097
0 0.5755241801847303 0.23791226004591123 0.005699750384446958 0.008685333919157188
0 0.5455326364951406 0.3453932672954816 0.007599667179262681 0.013751778705332214
0 0.6080941823815698 0.37995365851546126 0.007871083864236184 0.011942334138841134
0 0.7239891068653236 0.38176310308195227 0.009499583974078263 0.010494778485648268
0 0.6660416446234467 0.34521232283883235 0.008685333919157188 0.011942334138841134
0 0.5954733065302945 0.43713210681657955 0.007599667179262539 0.010494778485648268
0 0.5923520146530974 0.43025621746391335 0.00895675060413076 0.011218556312244771
0 0.5333188856713258 0.5127668896959067 0.011399500768893702 0.011942334138841205
0 0.5410542611930752 0.5494986143956756 0.007871083864236184 0.01013288957234991
0 0.7253461902901921 0.6244096194484064 0.006242583754394246 0.013028000878735782
0 0.650570893579948 0.7461852387732564 0.00759966717926261 0.01121855631224463
0 0.5658888878681653 0.7830979079296745 0.00759966717926261 0.011942334138841205
0 0.5510111749843736 0.6670226945899406 0.005188903216403418 0.007652321915100231
0 0.555689049853707 0.6629344678133802 0.004166846522263512 0.006813711294267222
0 0.5585586705718696 0.6602089832956733 0.00487442423359127 0.005765448018226209
0 0.5548242326509731 0.6582172830711951 0.004953043979294307 0.007233016604683797
0 0.5662240957779204 0.6618337913735369 0.005424762453512742 0.007128190277079512
0 0.5674033919634666 0.6664461497881179 0.005267522962106668 0.0067088849666629355
0 0.3311032095173028 0.7360119731651256 0.010542631565092648 0.011963269861098098
0 0.6482781231351988 0.5274492911637341 0.006568283776362591 0.00875771170181693
0 0.5376025415034885 0.47862504842610526 0.00788194053163501 0.010947139627270985
