0 0.4759404076470269 0.6033952501085069 0.011578114827473958 0.014937789351851851
0 0.48870762719048394 0.592998222068504 0.009937837388780383 0.013880129213686343
0 0.6158808602227106 0.330732571637189 0.010203594631618924 0.013777301929615161
0 0.6179350111219618 0.5030128761574074 0.009584808349609375 0.014146705910011574
0 0.6505792829725477 0.22207794189453126 0.010355801052517362 0.013567889178240741
0 0.49401514265272356 0.6752801400643808 0.01026903788248698 0.013172064887152777
0 0.6437852435641819 0.786112043592665 0.01016375223795573 0.013666619194878472
0 0.7702978769938151 0.35615508468062784 0.011333635118272569 0.014038594563802083
0 0.7160611894395617 0.8392256277578849 0.009610748291015625 0.013050616229021992
0 0.6098313225640191 0.9373777036313657 0.009538014729817709 0.012752052589699074
0 0.5570504506429036 0.6639148005732785 0.010317908393012155 0.013199022081163194
0 0.5594742668999566 0.255973137749566 0.0096588134765625 0.01251305474175347
0 0.4084280014038086 0.40270692330819585 0.009366226196289063 0.012650751184534143
0 0.471009635925293 0.4378837585449219 0.009884855482313368 0.012946912977430556
0 0.38695513407389326 0.430402656837746 0.009307183159722222 0.012324015299479164
0 0.5915278752644857 0.47799007274486405 0.00934893290201823 0.012089199490017362
0 0.4438393698798286 0.4531741954662181 0.010579130384657118 0.013591512044270832
0 0.4179508845011393 0.32215668007179543 0.009586461385091146 0.013441778112340857
0 0.759884262084961 0.6442966885036893 0.010312991672092013 0.013394786693431714
0 0.7004064983791776 0.5459781788013599 0.009414376152886286 0.0131378173828125
0 0.5787196867345362 0.25695722012953387 0.007881940531635151 0.010509254042180166
0 0.6846332626283836 0.41196871725169204 0.009524011475725729 0.010509254042180274
0 0.7460467159373744 0.29505326603243726 0.012151324986270851 0.00963348287199846
0 0.6306121665956907 0.5314429472756877 0.010010587383770116 0.012358749856506108
0 0.5759246984806506 0.49486104770042916 0.006673724922513387 0.008898299896684492
0 0.5750904828653364 0.5022762976143329 0.006488343674665842 0.007909599908164111
0 0.581208064044307 0.4900411352563917 0.00574681868327545 0.009145474893814693
0 0.5269840490488856 0.5344090472412493 0.007044487418208618 0.008898299896684421
0 0.528189027159895 0.5472621470920158 0.0053760561875802184 0.0074152499139037075
0 0.4739317693233362 0.48817830395467354 0.010877742642296866 0.01368654942786641
0 0.5026582023575707 0.4440545028140893 0.00919245857095504 0.00960101228521971
0 0.5513782327836327 0.41535360438699614 0.006434720999668571 0.0077625205710287306
0 0.5566638964619319 0.41300442052997427 0.006894343928216386 0.00919245857095497
0 0.5609537104617108 0.4178049266725841 0.005668682785422306 0.0081710742852934
0 0.36354566265045074 0.64577789923227 0.007966797428161101 0.008579627999558
0 0.37227849829285803 0.6481270830892918 0.006741136285367091 0.007966797428161101
0 0.3185026156527709 0.6869396859444354 0.008273212713859586 0.0083753511424257
0 0.5264819908206294 0.8363682069367384 0.007200759213914836 0.011848057713675359
0 0.5468586073195797 0.890501574076807 0.006894343928216386 0.01470793371352798
0 0.5521442709978789 0.8961191876479464 0.0055154751425730095 0.00674113628536702
0 0.5549020085691655 0.9021453549333502 0.0070475515710656115 0.0081710742852934
0 0.5535997436049468 0.9060266152188646 0.004443021642628295 0.0077625205710286594
0 0.5505355907479617 0.9065373073616954 0.004136606356929846 0.010009565999484523
0 0.8660667311959948 0.6037990050915751 0.007660382142462651 0.011235227142278531
0 0.8577169146607104 0.6062503273771631 0.005975098071120755 0.007149689999631761
0 0.8564912535179166 0.6100294492341113 0.005362267499723714 0.0057197519997053805
0 0.8499799286968234 0.6045139740915384 0.00490264457117604 0.00490264457117604
0 0.8432697432422209 0.6126216556949924 0.003264225552462392 0.005721563889709529
0 0.8458004349626692 0.6143821368918261 0.0036309924684695717 0.005623759378774125
0 0.8506417582539618 0.6166316406433358 0.0029708120196566767 0.006112781933450222
0 0.8515036605065782 0.6124504978008558 0.0038877293096741994 0.005183639079565694
0 0.8562684647895774 0.6191899789757035 0.006432524648434139 0.005544533030300158
0 0.4067442999542978 0.3193790279811607 0.008230162632397864 0.008272368594615144
0 0.3702482483147412 0.6713319268794902 0.006953650606763304 0.00927153414235093
0 0.367107889976203 0.7455042000182981 0.006056405367180915 0.015253169072900051
