0 0.6456866370307074 0.5190783182779949 0.011709425184461806 0.0144754480432581
0 0.5139432695176867 0.9242037172670717 0.009986707899305556 0.013326348198784723
0 0.3772746404012044 0.4284061149314598 0.01079054938422309 0.014012456823278356
0 0.5440414216783311 0.43690658851906106 0.01106673346625434 0.013822569670500577
0 0.5975817362467448 0.23137515739158346 0.010556284586588542 0.014788747716833044
0 0.414797231886122 0.469106532909252 0.010386361016167533 0.013554128011067708
0 0.33684404161241316 0.4270492129855685 0.010934066772460938 0.014384432192201969
0 0.566384400261773 0.2828060574001736 0.011095386081271702 0.014304097493489583
0 0.5520466698540581 0.6925302858705874 0.010335795084635417 0.013219367133246528
0 0.5392960866292317 0.40505667792426214 0.009918043348524306 0.013102778682002315
0 0.4397750430636935 0.7605522720902053 0.010630713568793405 0.013946363661024306
0 0.3398896217346191 0.5937771267361112 0.010051790873209636 0.013969138816550925
0 0.6142915513780381 0.3096108048050492 0.009778086344401042 0.011870885778356481
0 0.57878172132704 0.5087669089988426 0.009840223524305556 0.012848804615162038
0 0.7031979454888238 0.7925073694299769 0.010429212782118056 0.013650060583043981
0 0.7115204069349501 0.3381381423385055 0.01090744866265191 0.01332326818395544
0 0.5305294672648112 0.21404830791332102 0.009668689303927952 0.01244400872124566
0 0.30872569613986545 0.7686216001157408 0.008682971530490451 0.011722140842013888
0 0.5395155164930555 0.6208832634819879 0.008536444769965278 0.011028770164207176
0 0.30378749977649927 0.5371382028672886 0.008078221168415034 0.009656724155346836
0 0.42634323832914506 0.601243918099313 0.007402273226554428 0.010168779381933248
0 0.4449610770504789 0.4645635599362674 0.007402273226554357 0.01016877938193339
0 0.43722233685908113 0.45753513889287234 0.00807520715624122 0.009271534142351
0 0.7730163677727775 0.45843238413245474 0.00807520715624122 0.01106602462151578
0 0.7152810069431383 0.5095507306293915 0.007850308972440984 0.007597073199136517
0 0.7106594540803303 0.5036418959189521 0.007723691085788573 0.008947663990093915
0 0.7031256898245201 0.4859153917876337 0.005824422786004532 0.009622959385572828
0 0.6250842729897164 0.504999582244426 0.006837365879222901 0.006752953954787984
0 0.6271734681194789 0.5098954738616472 0.007470455312484105 0.007765897048006138
0 0.619829630693647 0.5074475280530365 0.007217219539179638 0.008947663990093986
0 0.5466397279659764 0.5913176093087543 0.006953650606763233 0.009271534142351072
0 0.5557996188427303 0.5730602462238704 0.007895758108324671 0.009869697635405928
0 0.44279158091733267 0.6998858608388364 0.007402273226554357 0.007566768187144532
