0 0.38406681484646266 0.3539007540102358 0.009562598334418403 0.013800698739510998
0 0.37805853949652785 0.7362291406702113 0.009747399224175347 0.013466107403790511
0 0.3736434724595811 0.5543271665219909 0.010400772094726562 0.013491482204861112
0 0.6436443752712674 0.36043684217664923 0.009115007188585069 0.012253090187355325
0 0.3676279067993164 0.45782455161765767 0.011115731133355036 0.013972444887514469
0 0.5576193491617838 0.3117662924307364 0.010157691107855905 0.013197354917173032
0 0.5610649320814344 0.5213551274052373 0.008896170722113714 0.012191998517071761
0 0.6307811313205296 0.35538191618742765 0.01012505425347222 0.014343826859085649
0 0.40762314266628685 0.3352804678457755 0.010940848456488714 0.015045844184027778
0 0.533534198337131 0.7060981750488281 0.010215335422092013 0.014698904531973377
0 0.4662240134345161 0.36231662608959053 0.010359742906358507 0.013431605586299189
0 0.6726581149631078 0.5958628901728877 0.010772874620225694 0.013460060402199074
0 0.4992537816365559 0.6505236872920284 0.010209952460394965 0.01386272289134838
0 0.5249759038289388 0.5082588478370949 0.010469775729709202 0.014422381365740741
0 0.6075253380669488 0.3997937237774884 0.010560099283854167 0.0139556884765625
0 0.7405759599473741 0.48321287367078997 0.011066436767578125 0.014648041901765047
0 0.3084402296278212 0.8008522316261575 0.007871966891818577 0.0104644775390625
0 0.5993615256415473 0.37511458220305266 0.010752911037868924 0.01312091968677662
0 0.3162982940673828 0.4100067421242043 0.009067323472764757 0.011225382486979164
0 0.5950190014309353 0.5011575769495081 0.008565394083658855 0.012242409035011574
0 0.38088840908474386 0.22856520900019894 0.010717603895399306 0.014434291698314526
0 0.7258516523573134 0.6462141248914931 0.009362369113498263 0.012158429181134259
0 0.4747751024034288 0.6855926796242042 0.008475409613715278 0.011519085919415507
0 0.5218619452582465 0.9106910140426071 0.007861243353949653 0.00979461669921875
0 0.47682764890348395 0.21279943996972692 0.008018239339192709 0.011009498878761575
0 0.5107981363932291 0.43608500162760416 0.008109622531467013 0.010800114384403935
0 0.601316155327691 0.7016438519513164 0.01029078165690104 0.012841288248697917
0 0.6408011542426215 0.7749428077980324 0.009255896674262153 0.01197781032986111
0 0.630355241563585 0.6062380755389178 0.010423448350694444 0.014316813151041668
0 0.29143324957953554 0.702354261610243 0.007310740152994791 0.009275761357060186
0 0.4787646187676324 0.476262523509838 0.008337783813476562 0.012447102864583332
0 0.2741104655795627 0.37089278609664356 0.008504041035970052 0.011319478352864586
0 0.438062243991428 0.39670644689489293 0.006768968370225694 0.008714463975694444
0 0.7485557556152344 0.7157232779043692 0.009412468804253473 0.011737964771412037
0 0.7342005835639107 0.3890290719491464 0.008542802598741319 0.011294216579861112
0 0.4069689652782613 0.3697884290489631 0.008268568250868056 0.012151025842737268
0 0.560901959737142 0.3275906032986111 0.009386401706271702 0.01307113082320602
0 0.6920770433213975 0.25932372764304834 0.008909861246744791 0.011621178521050348
0 0.3037802196535806 0.5347078577641513 0.006267585389287582 0.007242543116510092
0 0.28971297244651295 0.4981237297140877 0.005710466688017561 0.008356780519050063
0 0.3090728473156456 0.5064805102331378 0.005710466688017561 0.007613955584023344
0 0.3035713001406043 0.5078733069863128 0.005292627662065037 0.006314011947726712
0 0.29834831231619796 0.4854028527017559 0.004874788636112512 0.007428249350266754
0 0.299462549718738 0.491531158415726 0.005710466688017526 0.005571187012700065
0 0.3128915466958869 0.49348472743458044 0.004497049454216437 0.005650139057861665
0 0.31798773184391166 0.48481467586733046 0.005515475142573081 0.006945413142499461
0 0.4704293364789166 0.2316135114518013 0.00674113628536702 0.0124608882850724
0 0.4708889594074643 0.2199697305952582 0.008579627999558071 0.012869441999337141
0 0.7756955648560496 0.5061616074376595 0.006281513356819346 0.008375351142425842
0 0.7523285830128701 0.6025614652411047 0.0062109599105434656 0.00985367479478647
0 0.7463141724665842 0.6022993994220944 0.006132340164840571 0.009119890501557606
0 0.7435624813669761 0.6108427451218296 0.006132340164840429 0.006918537621871437
0 0.7317695195115137 0.6071738236556855 0.005503382199215991 0.005870274345830211
0 0.7360542956523318 0.5974249751885031 0.005739241436325102 0.00670888496666322
0 0.7395528743361188 0.6027711178963129 0.004245466267966407 0.006289579656246716
0 0.7080263563091823 0.594385011687984 0.005503382199215991 0.00670888496666322
0 0.7362154850147004 0.6085642914299272 0.004946754399637996 0.007229871814855571
0 0.7590434152946269 0.721647851208123 0.0076389303517485985 0.010185240468998274
0 0.6342044576283768 0.70567237129442 0.009522502219303277 0.010324764311039444
0 0.5833985321427858 0.6779872077517001 0.008774619545002622 0.011513786492913312
0 0.4911615020646631 0.7412796764354656 0.011942334138841205 0.012666111965437637
0 0.5398807970174356 0.6603975043133141 0.01058525071397284 0.014475556531928788
0 0.595389230957634 0.8348449902956773 0.0054100369751425605 0.008594668669730226
0 0.5890583366250204 0.8697608317664557 0.0067913230113492064 0.008441192443484766
0 0.5999359641601474 0.8677656408252684 0.004834501126723225 0.008441192443484909
0 0.5987273388784666 0.8742116423275661 0.004949608296407107 0.0075203350860137165
0 0.6048855724565545 0.8752092377981597 0.005064715466091059 0.006752953954787984
0 0.5975762671816277 0.8823458823185607 0.0049496082964070355 0.0069064301810330166
0 0.6009719286873023 0.8892523124995937 0.004834501126723083 0.006599477728542809
0 0.6078783588683355 0.8899429555176971 0.006446001502297563 0.009208573574710926
0 0.5110732291641881 0.9057510068209506 0.004834501126723225 0.006752953954787984
0 0.5180947665149052 0.8991515290924079 0.005525144144826371 0.006446001502297492
0 0.5158501767060693 0.9142689373775582 0.0044891796176715106 0.0075203350860137165
0 0.5100372646370331 0.9111994128526544 0.005525144144826513 0.006292525276052317
0 0.3563116395242045 0.8079099125896483 0.0063308943326136815 0.009055097348465466
0 0.3515922455671652 0.8090609842864871 0.004719393957039273 0.0076738113122588915
0 0.40143365004028747 0.736773681725007 0.0044891796176715106 0.007980763764749241
0 0.4172033322869797 0.7352389194625553 0.005410036975142632 0.006752953954787842
0 0.4070163477699559 0.7375410628562329 0.005985572823562038 0.008287716217239734
0 0.39590850589546095 0.7428359926616916 0.004258965278303748 0.006906430181033159
0 0.4035055790945974 0.7604857586798874 0.004258965278303677 0.006906430181033301
0 0.4070163477699559 0.7650900454672427 0.003683429429884413 0.005985572823561967
0 0.4028149360764941 0.7673921888609204 0.0063308943326136815 0.007827287538504209
0 0.40137609645544553 0.7779820484718379 0.004604286787355392 0.006906430181033159
0 0.41006668776657884 0.7813585254492318 0.003798536599568081 0.0069064301810330166
0 0.41703067153245393 0.7794400726211671 0.006215787162929729 0.006139049049807284
0 0.41282925983899205 0.7733010235713599 0.004949608296407107 0.007366858859768684
0 0.4062681511670106 0.776677500548754 0.0054100369751425605 0.008287716217239876
0 0.43700176547260794 0.7624809496210747 0.005410036975142632 0.009055097348465609
0 0.43360610396693333 0.7587975201911904 0.004604286787355463 0.007520335086013859
0 0.4291169243492618 0.7693106416889853 0.005294929805458679 0.0073668588597685415
0 0.42675722737074223 0.7742986190419536 0.004719393957039273 0.007827287538504209
0 0.422901137186332 0.7391525632318072 0.004604286787355392 0.005985572823561967
0 0.43280035377914616 0.7359295624806584 0.0062157871629298 0.009669002253446309
0 0.3750165545978358 0.6841313361229103 0.006676215841665396 0.008901621122220576
0 0.3802539308184525 0.6815222402767422 0.005640251314510394 0.006752953954787984
0 0.3780093410096168 0.6748460244350768 0.005294929805458679 0.007213382633523509
0 0.38077191308203007 0.672006714249541 0.005294929805458679 0.007059906407278334
0 0.5181717145556876 0.7826221007427503 0.010116440076291084 0.012172627083667321
0 0.5437667880705526 0.6137633805644525 0.0039764294981705466 0.005580953681642953
0 0.5384300011124816 0.610972903723631 0.0037671437351088598 0.006418096733889485
0 0.5406798230653937 0.6084614745668917 0.0036625008535781235 0.006139049049807213
0 0.5477955390094885 0.60692671230444 0.005336786958071045 0.005022858313478693
0 0.5543357191051639 0.6024619493591256 0.005022858313478551 0.005022858313478693
0 0.5541264333421022 0.5975786148876879 0.0033485722089856298 0.006697144417971401
0 0.564643042935948 0.5963229003093182 0.005336786958071045 0.006139049049807213
0 0.5650616144620714 0.5867655171295049 0.004290358142762898 0.005999525207766183
0 0.5681485794672301 0.5907419466276754 0.0039764294981705466 0.005860001365725153
0 0.5680439365856992 0.5794405154223486 0.004395001024293776 0.006976192102053674
0 0.5519812542707209 0.5885095651550184 0.006173930010317506 0.006139049049807213
0 0.5361801791595693 0.5877421840237923 0.004499643905824584 0.0054414298396017104
0 0.5389532155201355 0.6009969490176943 0.005650715602663396 0.005441429839601853
0 0.5573364689372622 0.5014692462731029 0.005707793538043831 0.007033846582235981
0 0.5617902775313419 0.4989324491450833 0.004237604293396231 0.005650139057861594
0 0.5608822194684713 0.4928210742457636 0.005015939775856708 0.006803228661506892
0 0.566330567845695 0.49483898105214275 0.005188903216403631 0.007149155542600454
0 0.5721248431040123 0.4890735330339166 0.005534830097497263 0.0064573017804133315
0 0.5610984237691548 0.48428821117878884 0.005102421496130205 0.007264464502964998
0 0.565768436663918 0.47932992588311435 0.00648612902050445 0.00795631826515212
0 0.6287846826077892 0.4966887846906545 0.009116487838963678 0.012999436362966889
0 0.531972357624515 0.45389191594039396 0.006486129020504521 0.007149155542600454
0 0.5264375275270179 0.4487030127239905 0.005621311817770476 0.007149155542600383
0 0.5262645640864712 0.43273272171350396 0.004756494615036502 0.008648172027339243
0 0.5206000114085639 0.42644838337363744 0.003805195692029315 0.0050735942560390865
0 0.5253565060236006 0.419991081593224 0.006918537621871366 0.0076103913840585595
0 0.4226572235281691 0.5226454522420321 0.003913643769252104 0.006906430181033088
0 0.4209306159829108 0.519268975264638 0.0036834294298841996 0.005371667918581338
0 0.4173622937227103 0.5158924982872442 0.005064715466090988 0.006906430181033088
0 0.4203550801344914 0.5066071865994107 0.004604286787355392 0.007673811312258963
0 0.4255349027702661 0.5033841858482621 0.005064715466090988 0.006139049049807213
0 0.4255924563551081 0.5113649496130113 0.0044891796176715106 0.005218191692336092
0 0.42685863522163087 0.5161227126266119 0.004258965278303819 0.005525144144826513
0 0.3255411657359356 0.6113079297274449 0.004756494615036573 0.005707793538043831
0 0.33205756335853565 0.6080100934610195 0.0046613647227358255 0.005454113825242004
0 0.3291561016433633 0.6043951575535917 0.006659092461051159 0.006595672532850614
0 0.3331039921738437 0.6177133424756942 0.004851624507337249 0.006341992820048717
0 0.3295841861587166 0.6158107446296798 0.003710065799728568 0.005327273968840913
0 0.32753889347425086 0.6198062001063103 0.004756494615036573 0.005454113825242004
0 0.3332466870122947 0.6588094559496102 0.00608831310724689 0.006088313107246819
0 0.2933396971921379 0.6861434450040204 0.005232144076540273 0.0069761921020536025
0 0.29823888664562553 0.6886168222038394 0.004375975045833655 0.007103031958454551
0 0.30928050402005447 0.7685071246580566 0.005068049723008734 0.005544533030300016
0 0.3138287537714725 0.7629192749634572 0.004028449779827419 0.006150966330489211
0 0.3200988409287846 0.7694167746083402 0.004743174740764573 0.007017299616473594
0 0.31831202852644175 0.7743548743384511 0.004548249751418076 0.006844032959276802
0 0.31996889093588693 0.7811122739691295 0.004223374769173951 0.006670766302079869
