0 0.6134496450424194 0.2697589000066121 0.008354616165161134 0.010787312189737957
0 0.6923146963119506 0.45600056648254395 0.00954298973083496 0.012510395050048828
0 0.6794105529785156 0.579233996073405 0.009154129028320312 0.012697092692057292
0 0.6455272912979126 0.39431940714518227 0.007204675674438476 0.010637283325195312
0 0.7443471670150756 0.4670005957285563 0.007796525955200195 0.00971682866414388
0 0.594955849647522 0.32266112963358556 0.009225606918334961 0.013365014394124347
0 0.5409925937652589 0.531340487798055 0.008939361572265625 0.01233530044555664
0 0.28446804285049443 0.519835615158081 0.00947730541229248 0.012897523244222005
0 0.6806345224380493 0.5064214070638021 0.008713579177856446 0.01160780588785807
0 0.3467139720916748 0.7617715517679851 0.00764918327331543 0.010109138488769532
0 0.5140732765197754 0.5401308377583822 0.007451248168945312 0.009943453470865886
0 0.7243093967437744 0.5049599488576253 0.009956645965576171 0.01395266850789388
0 0.5207772731781006 0.2706362803777059 0.007871532440185547 0.010155852635701497
0 0.6469889640808105 0.23079168001810707 0.009103012084960938 0.011970424652099609
0 0.5947211980819703 0.15843306382497152 0.008709096908569336 0.011032374699910481
0 0.5156723976135253 0.45435256958007814 0.008153820037841797 0.010143534342447918
0 0.43786029815673827 0.8039698600769043 0.00841836929321289 0.011582756042480468
0 0.6127153873443604 0.4784156322479248 0.00930194854736328 0.011813513437906901
0 0.5719622611999512 0.45603744188944495 0.007600307464599609 0.010467688242594399
0 0.5897047758102417 0.5412260373433431 0.007692384719848633 0.010117276509602863
0 0.41164710521698 0.5210926373799643 0.006972551345825195 0.009249178568522136
0 0.7566158056259156 0.36030770937601725 0.008948183059692383 0.012413883209228515
0 0.26036047935485834 0.5634462038675945 0.009122419357299804 0.012125460306803386
0 0.5394145488739014 0.6921158472696939 0.008823585510253907 0.011333338419596354
0 0.5671507120132446 0.5202119986216227 0.00771784782409668 0.010556825002034505
0 0.43754029273986816 0.453002405166626 0.007921695709228516 0.010918331146240235
0 0.23847965002059937 0.3841209729512532 0.009623408317565918 0.013442420959472656
0 0.45145106315612793 0.6805514971415201 0.009209728240966797 0.011879412333170573
0 0.43795199394226075 0.609667714436849 0.008458137512207031 0.012144088745117188
0 0.6242249011993408 0.2449084122975667 0.008323383331298829 0.01108080546061198
0 0.4480576753616333 0.7310049692789714 0.008116960525512695 0.011869430541992188
0 0.25372042655944826 0.5339215596516927 0.008582019805908203 0.011891810099283855
0 0.6545605182647705 0.24554033279418946 0.007022857666015625 0.009755261739095052
0 0.5538290500640869 0.29420663515726725 0.0077765464782714845 0.008682155609130859
0 0.5357739921913022 0.6193545282495038 0.009405231475830078 0.013349564870198567
0 0.7135188341140747 0.4537267684936524 0.009806585311889649 0.01311842600504557
0 0.26027354001998904 0.39100117683410646 0.008560538291931152 0.010808022816975911
0 0.4861938714981079 0.4335724512736002 0.008188199996948243 0.010636711120605468
0 0.6187330722808837 0.4042849063873291 0.008219146728515625 0.010628986358642577
0 0.3743099570274353 0.654287052154541 0.007357287406921387 0.010042762756347657
0 0.5899980783462524 0.4517792065938314 0.008745622634887696 0.012706247965494792
0 0.5988892316818237 0.12718188762664795 0.00911574363708496 0.012609593073527018
0 0.4889912366867065 0.23136138916015628 0.0077670574188232425 0.010006745656331383
0 0.6440621614456177 0.6451359430948894 0.008127260208129882 0.010611597696940105
0 0.4535133123397827 0.396814219156901 0.010085248947143554 0.012937355041503906
0 0.34033294916152956 0.18093812465667725 0.00829455852508545 0.011374107996622721
0 0.41142659187316893 0.27129894097646073 0.008575725555419921 0.011531273523966469
0 0.4946596145629883 0.13410558303197226 0.00823211669921875 0.011373114585876466
0 0.5386660814285279 0.25719322363535563 0.008648443222045898 0.010579188664754234
0 0.4736377477645874 0.3409368197123209 0.00875229835510254 0.012257258097330727
0 0.6827211618423462 0.3194377899169922 0.007461690902709961 0.01056048075358073
0 0.3875740528106689 0.1725831667582194 0.008737993240356446 0.01087176005045573
0 0.5214840173721313 0.818158467610677 0.008038949966430665 0.012307230631510417
0 0.44829070568084717 0.20487942695617675 0.008433008193969726 0.011622206370035809
0 0.35762362480163573 0.17618292967478436 0.00966815948486328 0.013640673955281575
0 0.5061735868453979 0.16186392307281494 0.0071370601654052734 0.009736172358194987
0 0.5116919040679931 0.8018676122029622 0.007808685302734375 0.010506312052408852
0 0.30995277166366575 0.5079361597696939 0.0076778650283813475 0.010213788350423176
0 0.46037468910217283 0.5310650984446208 0.006563663482666016 0.009499899546305339
0 0.2920987844467163 0.31420098940531416 0.00959000587463379 0.013007450103759765
0 0.6645309925079346 0.6139545122782389 0.007859420776367188 0.010808881123860676
0 0.6626512050628662 0.6885827064514161 0.008980941772460938 0.011955451965332032
0 0.6563371658325196 0.48465614318847655 0.00850677490234375 0.0120456059773763
0 0.42315809726715087 0.7116072654724122 0.006846761703491211 0.01128037770589193
0 0.4130299806594849 0.6704943656921387 0.0077822208404541016 0.010108121236165364
0 0.46737725734710694 0.7075944900512695 0.008200883865356445 0.011473846435546876
0 0.5023766994476319 0.39943563143412275 0.008988285064697265 0.012331930796305339
0 0.44115092754364016 0.7074648857116699 0.00730443000793457 0.010544904073079427
0 0.3926800608634949 0.4111883799235026 0.00811464786529541 0.010634803771972656
0 0.39683568477630615 0.1499908208847046 0.00857234001159668 0.011248985926310219
0 0.40950166227807455 0.3891189640548918 0.007039308547973633 0.00818341573079427
0 0.39131262302398684 0.4688955148061116 0.00792679786682129 0.011592133839925129
0 0.5035177707672119 0.7276999155680337 0.008211231231689453 0.011606470743815106
0 0.385627818107605 0.1573812484741211 0.008125734329223634 0.01014553705851237
0 0.31144713163375853 0.36019177436828614 0.008456826210021973 0.011037985483805336
0 0.3803866982460022 0.3891815344492595 0.007936549186706544 0.01053762435913086
0 0.39439878463745115 0.641369088490804 0.007340621948242187 0.009963289896647135
0 0.4875813007354736 0.7555157661437987 0.00703134536743164 0.009529177347819011
0 0.29708133935928344 0.26671804587046305 0.00908491611480713 0.01191557248433431
0 0.3559574484825134 0.7410151163736978 0.008371233940124512 0.012083053588867188
0 0.3493661403656006 0.284781551361084 0.007097101211547852 0.009856605529785156
0 0.7508135795593261 0.3963987032572429 0.008740711212158202 0.011879793802897136
0 0.670185343616344 0.547988066967385 0.00827169418334961 0.01004931131998698
0 0.7470941781997681 0.343244743347168 0.00690150260925293 0.010007985432942708
0 0.6884042263031006 0.6036373138427734 0.007973289489746094 0.011131795247395833
0 0.48300628662109374 0.19198895295461021 0.00881052017211914 0.013100417455037434
0 0.627563738822937 0.5162556489308675 0.008273077011108399 0.010423819224039711
0 0.31970508098602296 0.24224220116933184 0.008579540252685546 0.011511818567911785
0 0.42821417754310254 0.7469444369461253 0.007153034210205078 0.009248097737630209
0 0.5543532133102418 0.5671649932861328 0.008677339553833008 0.01082013448079427
0 0.2999651074409485 0.713694445292155 0.007659220695495605 0.00946044921875
0 0.3234641432762146 0.6812514623006184 0.009379982948303223 0.012886683146158852
0 0.73326575756073 0.5297592480977377 0.00898585319519043 0.012247912089029948
0 0.4715268593167509 0.3991587240436173 0.00795745849609375 0.010547224680582683
0 0.42029881477355957 0.6139552752176921 0.007480525970458984 0.010300636291503906
0 0.36835994720458987 0.47384397188822436 0.008513832092285156 0.011920515696207683
0 0.2638161182403564 0.5033597469329834 0.007122325897216797 0.009300327301025391
0 0.4476220053080642 0.4873457464660386 0.008050870895385743 0.011367225646972656
0 0.589747190475464 0.6668960571289062 0.007176780700683593 0.009316380818684895
0 0.38102333545684813 0.734322992960612 0.007700395584106445 0.010493596394856773
0 0.6735596656799316 0.7207210858662922 0.00829143524169922 0.012633705139160156
0 0.25723806619644163 0.45503268241882316 0.007625508308410645 0.009465249379475911
0 0.5069243792322248 0.2810592011160957 0.008764028549194336 0.012289905548095703
0 0.4477676868438721 0.5543238321940104 0.007755851745605469 0.011250813802083336
0 0.5527554035186768 0.48009678522745763 0.007637500762939453 0.009553337097167968
0 0.6329163312911986 0.5908510526021321 0.007906293869018555 0.010744285583496094
0 0.6146660719417073 0.7359931608692968 0.007071304321289063 0.0101559321085612
0 0.6367801427841185 0.1510087251663208 0.008347845077514649 0.010908619562784832
0 0.35916701555252073 0.31873722076416017 0.007822394371032715 0.01108964284261068
0 0.6527065753936767 0.34084715843200686 0.007873821258544921 0.011362616221110027
0 0.2922437787055969 0.5642327308654784 0.009781098365783692 0.013078117370605468
0 0.314383327960968 0.28091216087341314 0.00956571102142334 0.010640748341878255
0 0.27927149534225465 0.6725931803385418 0.00904390811920166 0.01285692850748698
0 0.5223047494888305 0.7185867309570313 0.007044458389282226 0.009105173746744792
0 0.6100773320090892 0.1328097413016469 0.009759235382080077 0.015214474995930989
0 0.4793449640274048 0.7645955721537271 0.007497167587280274 0.010460726420084636
0 0.5762831211090088 0.3256335576375325 0.0077956199645996095 0.01131426493326823
0 0.6405985832214356 0.47592040697733556 0.008789634704589844 0.012790457407633465
0 0.5991944789886474 0.7878167152404784 0.008376216888427735 0.012611452738444011
0 0.6777296781539917 0.5389363288879394 0.007442617416381836 0.009921582539876302
0 0.5565803722134686 0.6637267788881153 0.008166694641113281 0.011699549357096354
0 0.6128957509994507 0.6087823549906414 0.00834641456604004 0.010979143778483073
0 0.4781396150588989 0.5511992454528809 0.007290029525756836 0.010571479797363281
0 0.6030356645584106 0.5093998750050862 0.00853104591369629 0.010111331939697266
0 0.5799894373530168 0.5989764663302884 0.006930780410766601 0.00916582743326823
0 0.2539225220680237 0.4885865211486816 0.008088183403015137 0.012253189086914062
0 0.4534545999631439 0.33994978553379446 0.00823206901550293 0.010005346934000651
0 0.4844656944274902 0.4797976493835449 0.0069443702697753905 0.009801228841145834
0 0.42828927040100095 0.47462471326192224 0.008721542358398438 0.012175464630126953
0 0.4528183937072749 0.16377620524044226 0.008913803100585926 0.014555012665681204
0 0.31076420545578004 0.6488024393717449 0.00870654582977295 0.012545140584309895
0 0.5724203586578368 0.2653895139694214 0.009046649932861328 0.013489135106404622
0 0.600039029121399 0.2644142468770345 0.00841975212097168 0.011272621154785157
0 0.579270100593567 0.20239412784576416 0.008829927444458008 0.012455415725708009
0 0.41551129817962645 0.5044922351837158 0.00875859260559082 0.009888362884521485
0 0.3726901292800903 0.1490612506866455 0.006675291061401367 0.008865261077880859
0 0.5716122659554363 0.8088688063554144 0.008808135986328125 0.01147874196370443
0 0.48614594751821927 0.8407887675601426 0.007755804061889649 0.010177993774414062
0 0.5602539777755737 0.23456354141235353 0.00643305778503418 0.008338133494059244
0 0.2643267631530762 0.371764087677002 0.00963296890258789 0.0128719965616862
0 0.5200530767440796 0.4952690601348877 0.008560705184936523 0.011170355478922527
0 0.5261482238769531 0.6055552800496419 0.007714366912841797 0.009247970581054688
0 0.3659244775772095 0.6884325663248698 0.009077978134155274 0.01308301289876302
0 0.39778956174850466 0.1900389353434245 0.008583378791809083 0.010788917541503906
0 0.31933878765438584 0.756367528501559 0.007520055770874024 0.01036529541015625
0 0.7390188932418823 0.5518801689147949 0.008388376235961914 0.01076335906982422
0 0.6229711532592773 0.6604756355285645 0.008598613739013671 0.011653327941894531
0 0.49912385940551757 0.19853073755900066 0.00916433334350586 0.011489582061767579
0 0.2582518718207838 0.5877731454311858 0.009753901407898481 0.011560179446398209
0 0.28317850875207995 0.6248620544883801 0.009031390192498599 0.012523527733598029
0 0.2746890019711313 0.6419614865861775 0.010837668230998361 0.013005201877197977
0 0.3212909753644241 0.6465373909503768 0.010115157015598442 0.010596831159198388
0 0.33610245528012184 0.6477415763093766 0.010115157015598442 0.013968550164397868
0 0.341340661591771 0.656652547965975 0.007586367761698795 0.010596831159198388
0 0.34675949570727027 0.5880139825029856 0.008308878977098644 0.012041853589998083
0 0.35362335225356917 0.5750087806257876 0.008308878977098644 0.012041853589998226
0 0.3467594957072702 0.5600768821741899 0.009031390192498634 0.010115157015598585
0 0.34224380061102094 0.5318989447735943 0.006502600938598988 0.009633482871998566
0 0.3534427244497192 0.5056477039473982 0.007947623369398756 0.011078505302798263
0 0.35850030295751834 0.5109461195269975 0.007225112153998836 0.009151808728398478
0 0.361029092211418 0.4977000805779996 0.0065026009385990595 0.014450224307997814
0 0.3875813793773639 0.48854827184960087 0.008308878977098715 0.0125235277335981
0 0.3129820963873254 0.47722892947500273 0.007225112153998907 0.010115157015598371
0 0.31984595293362433 0.48421320455720157 0.00867013458479871 0.008670134584798745
0 0.2875135760444793 0.47722892947500273 0.010476412623298402 0.013005201877198048
0 0.29654496623697796 0.4933650132856002 0.009753901407898518 0.010596831159198388
0 0.23675716316263704 0.44640178428460736 0.00794762336939879 0.010115157015598442
0 0.2273645173624385 0.43893583505880857 0.00794762336939879 0.012523527733598029
0 0.2400084636319366 0.4391766721306085 0.010837668230998325 0.008188460441198728
0 0.32707106508762324 0.43676830141260886 0.008670134584798674 0.009151808728398549
0 0.47861779251775005 0.501553473726799 0.007586367761698795 0.011560179446398209
0 0.48692667149484875 0.5104644453833975 0.006141345330898957 0.007225112153998907
0 0.48584290467174895 0.5152811868193968 0.006141345330899028 0.00915180872839862
0 0.4610968955443028 0.5453858207943922 0.007947623369398756 0.011560179446398209
0 0.4096179714470607 0.5523700958765911 0.008308878977098644 0.011078505302798192
0 0.4099792270547606 0.5620035787485896 0.006863856546299019 0.011078505302798192
0 0.40148972027381186 0.5591135338869901 0.007225112153998907 0.01396855016439794
0 0.37963375600796523 0.6017416955955837 0.009031390192498562 0.010596831159198317
0 0.4858429046717489 0.6361813968629783 0.009753901407898552 0.013005201877197834
0 0.4871072992986988 0.6605059411147747 0.006502600938598988 0.010596831159198246
0 0.4750052364407506 0.5786213367027873 0.007586367761698795 0.0125235277335981
0 0.4825916042024494 0.5824747298515865 0.008308878977098715 0.008670134584798532
0 0.5384055955920909 0.55959520803059 0.007225112153998765 0.011078505302798263
0 0.5158271201108444 0.5184120687527963 0.007586367761698866 0.009633482871998637
0 0.5102276581914953 0.5188937428963962 0.00578008972319914 0.01059683115919853
0 0.5418375238652403 0.4632603793106048 0.009031390192498562 0.011078505302798405
0 0.5591777930348377 0.42954318925861 0.008308878977098786 0.012041853589998154
0 0.3109951905449757 0.44423425063840766 0.00830887897709875 0.010596831159198388
0 0.2522911542937347 0.3045487489944291 0.011560179446398245 0.011560179446398245
0 0.27234084052108165 0.2638472838602353 0.008308878977098715 0.010115157015598406
0 0.2779403024404308 0.27179490722963406 0.007947623369398756 0.011560179446398174
0 0.2974481052562278 0.23904106546483908 0.012282690661798127 0.010596831159198388
0 0.3456757288841705 0.2703498847988343 0.008308878977098786 0.0125235277335981
0 0.3825238008695648 0.3021403782764294 0.014088968700297855 0.011560179446398174
0 0.37060236581546663 0.3108105128612281 0.009753901407898481 0.009633482871998531
0 0.36084846440756807 0.3257424113128258 0.008308878977098715 0.011560179446398245
0 0.40094783686226193 0.2744441150194337 0.009753901407898552 0.010115157015598477
0 0.4533298999787539 0.35175281506722184 0.008308878977098715 0.0125235277335981
0 0.5346124117112414 0.3649988540162198 0.009753901407898552 0.012041853589998226
0 0.556829631584788 0.36716638766241944 0.008670134584798603 0.011560179446398209
0 0.5472563579807396 0.3086429792150284 0.007586367761698795 0.010115157015598371
0 0.5434631740998901 0.2999728446302298 0.007947623369398827 0.011078505302798297
0 0.5140208420723447 0.3151455801536274 0.006141345330899028 0.00867013458479871
0 0.5147433532877443 0.3204439957332265 0.008308878977098644 0.009633482871998562
0 0.5739892729505354 0.2351876723160397 0.007586367761698866 0.011560179446398209
0 0.5752536675774853 0.22194163336704173 0.008670134584798674 0.011078505302798263
0 0.5490626360192392 0.23157511623904026 0.006863856546298948 0.010115157015598442
0 0.31984595293362433 0.2925068954044309 0.007225112153998907 0.007706786297598817
0 0.3057569842333265 0.20219299347944478 0.010115157015598442 0.010115157015598442
0 0.4518848775479542 0.14150205138585406 0.010476412623298402 0.012041853589998154
0 0.4618194067597026 0.0981513784618607 0.007225112153998907 0.011078505302798297
0 0.5208846986186435 0.1641407361350506 0.009031390192498634 0.013005201877197977
0 0.5382249677882409 0.16775329221205004 0.009031390192498705 0.014450224307997743
0 0.5559264925655382 0.14752297818085314 0.009753901407898552 0.012523527733598066
0 0.5537589589193386 0.16125069127345107 0.009031390192498491 0.013005201877197994
0 0.557732770604038 0.16703078099665014 0.007586367761698866 0.012041853589998154
0 0.5391281068074908 0.20315634176664463 0.00939264580019845 0.010115157015598442
0 0.5734473895389854 0.194245370110046 0.007947623369398827 0.010596831159198388
0 0.4876491827102487 0.21736572900284237 0.009031390192498491 0.011560179446398245
0 0.5745311563620854 0.17112501121724955 0.009392645800198593 0.011560179446398209
0 0.5792274792621847 0.1778684492276485 0.007947623369398827 0.010596831159198388
0 0.6144499010129293 0.16967998878644977 0.009753901407898412 0.008670134584798674
0 0.6200493629322785 0.18653858381244717 0.006502600938598988 0.010596831159198388
0 0.6021672103511313 0.18172184237644792 0.009031390192498562 0.013486876020797957
0 0.629622636536327 0.23904106546483916 0.008308878977098644 0.013486876020797957
0 0.6283582419093773 0.2501195707676374 0.010115157015598513 0.010596831159198388
0 0.6527429954291235 0.30262205242002943 0.008308878977098857 0.013486876020797957
0 0.5981933986664317 0.3283916191026255 0.005418834115499109 0.012041853589998154
0 0.5987352820779817 0.377281544678018 0.010115157015598442 0.0125235277335981
0 0.5987352820779815 0.34693607363122253 0.007947623369398898 0.012523527733598029
0 0.7221040721075127 0.38836004998081625 0.0075863677616989375 0.012523527733598029
0 0.7441406641772094 0.38980507241161605 0.008308878977098715 0.0125235277335981
0 0.6182430848937787 0.4415850428486081 0.008670134584798745 0.009151808728398549
0 0.760035910916007 0.45964782323360537 0.007586367761698795 0.013486876020797994
0 0.7488369870773087 0.4536268964386063 0.009031390192498634 0.016858595025997403
0 0.584285057769984 0.5258780179785952 0.011560179446398066 0.011078505302798334
0 0.6612325022100722 0.5128728161013971 0.007947623369398827 0.009151808728398762
0 0.648949811548274 0.5364748491377935 0.007947623369398969 0.011078505302798405
0 0.6207718741476783 0.5253963438349952 0.007947623369398684 0.013005201877198119
0 0.6048766274088808 0.5639302753229893 0.010115157015598371 0.011078505302798263
0 0.6222168965784781 0.5468308432251919 0.008670134584798603 0.0125235277335981
0 0.74070873590406 0.573804595266788 0.012282690661798198 0.01734026916959728
0 0.6944680181184671 0.5237104843323955 0.006502600938598988 0.009633482871998637
0 0.6962742961569668 0.5188937428963963 0.006502600938598988 0.008670134584798674
0 0.6323320535940765 0.632328003714179 0.008670134584798532 0.011078505302798263
0 0.6140886454052292 0.6198044759805807 0.007586367761698866 0.011078505302798263
0 0.5871751026315835 0.6342547002885786 0.010837668230998361 0.014931898451597689
0 0.6032509771742309 0.6332913520013786 0.009753901407898412 0.011078505302798405
0 0.6601487353869723 0.6063175999597828 0.006502600938598988 0.012041853589998226
0 0.6148111566206291 0.6662860308379736 0.007586367761698939 0.009633482871998424
0 0.5494238916269392 0.6686944015559732 0.01119892383869825 0.012523527733597889
0 0.5651385105618868 0.6764011878535721 0.00939264580019845 0.012523527733598171
0 0.6820046996528188 0.7240869280699647 0.009031390192498776 0.01156017944639828
0 0.6933842512953672 0.7255319505007646 0.007947623369398684 0.011560179446398137
0 0.5707379724812359 0.7190293495621656 0.009753901407898481 0.011078505302798192
0 0.5794081070660346 0.7072283330439675 0.009031390192498562 0.010596831159198388
0 0.5210653264224936 0.729144506577764 0.007225112153998907 0.011078505302798334
0 0.5019187792143964 0.7445580791729617 0.007225112153998907 0.0101151570155983
0 0.42081689528575894 0.7452805903883616 0.008308878977098786 0.012523527733598029
0 0.43057079669365733 0.7137309339825663 0.008308878977098786 0.010115157015598442
0 0.4094373436432106 0.6845896482947709 0.008670134584798674 0.013486876020798065
0 0.40004469784301205 0.6915739233769698 0.009392645800198522 0.009151808728398691
0 0.47771465349850023 0.8115107851333515 0.006502600938598988 0.012041853589998083
0 0.47283770279455095 0.8086207402717517 0.008308878977098786 0.009151808728398549
0 0.447007926844005 0.8189767343591504 0.009392645800198522 0.009633482871998495
0 0.3765630833425157 0.7708093199991576 0.008670134584798745 0.01059683115919853
0 0.374937433107866 0.7108408891209668 0.007586367761698866 0.012041853589998083
0 0.3756599443232658 0.7007257321053683 0.008308878977098715 0.013005201877197977
0 0.3684348321692669 0.6963906648129691 0.01047641262329833 0.009151808728398549
