0 0.34588778018951416 0.32995001475016283 0.009143495559692382 0.011331812540690106
0 0.4838907241821289 0.21223653952280683 0.008978939056396485 0.011514552434285482
0 0.32993556261062623 0.2855591615041097 0.007116103172302246 0.010026645660400391
0 0.4290142059326172 0.5794792493184409 0.0085693359375 0.011015383402506511
0 0.6920178413391114 0.306005589167277 0.009109210968017579 0.011727492014567055
0 0.5773546457290649 0.5901837348937988 0.00891566276550293 0.011930402119954426
0 0.35433528423309324 0.5415849049886067 0.010411739349365234 0.013649876912434895
0 0.2466692328453064 0.4978394667307536 0.008271050453186036 0.011229419708251953
0 0.3359429359436035 0.245688796043396 0.008854484558105469 0.010859791437784832
0 0.5130367994308471 0.348423178990682 0.008703184127807618 0.011818981170654297
0 0.6454052448272705 0.4785007794698079 0.00812530517578125 0.010786946614583333
0 0.44585771560668946 0.23053003946940107 0.008776187896728516 0.011734390258789062
0 0.48713715076446534 0.2961304187774658 0.00787043571472168 0.010305436452229817
0 0.6005008697509766 0.23844030698140461 0.009992122650146484 0.012451871236165363
0 0.42988784313201905 0.4714280923207601 0.008868551254272461 0.01063394546508789
0 0.7254308700561524 0.3834530830383301 0.009568500518798827 0.012671788533528648
0 0.34833749532699587 0.31058244705200194 0.007440781593322754 0.010164451599121094
0 0.3876029372215271 0.7449805895487468 0.009524941444396973 0.012147839864095051
0 0.3680347800254822 0.583666197458903 0.0098344087600708 0.012497901916503906
0 0.6447222471237183 0.6807672818501791 0.008319425582885741 0.011844444274902343
0 0.6363044261932373 0.5431408246358235 0.009450531005859375 0.012277158101399739
0 0.5884407758712769 0.5069243590037028 0.008523035049438476 0.011040019989013671
0 0.4125012159347534 0.5422688166300457 0.008587980270385742 0.01201019287109375
0 0.4951095342636108 0.5044353008270264 0.008547544479370117 0.011115360260009765
0 0.721309232711792 0.3614830176035563 0.009176158905029297 0.011694176991780597
0 0.5608119487762451 0.15017770131429034 0.009030342102050781 0.012170251210530598
0 0.563441014289856 0.40507639249165855 0.009659624099731446 0.012607351938883465
0 0.6775856018066406 0.4187778790791829 0.00917196273803711 0.012501843770345052
0 0.5315507411956787 0.5435468673706055 0.009222316741943359 0.01144866943359375
0 0.5427065134048462 0.4106393337249756 0.008439970016479493 0.010418542226155599
0 0.5918880701065063 0.15144848028818764 0.009305429458618165 0.010614760716756185
0 0.488602876663208 0.75579039255778 0.008127403259277344 0.010504150390625
0 0.6840270519256592 0.24606722990671795 0.009317493438720703 0.011277659734090168
0 0.43720355033874514 0.1844691514968872 0.007954120635986328 0.00987706184387207
0 0.4698364734649658 0.13462561766306558 0.007906532287597657 0.010768461227416991
0 0.6534867286682129 0.6334785461425781 0.008386516571044922 0.010852432250976563
0 0.2907367587089538 0.6576492627461751 0.008387303352355957 0.010677782694498698
0 0.4889128636136074 0.7749641979952062 0.010762500762939452 0.013739649454752605
0 0.6919725179672241 0.6058164914449056 0.007351350784301758 0.010387229919433593
0 0.6156600713729858 0.47573437690734866 0.010638189315795899 0.013549073537190754
0 0.3788887858390808 0.4083548545837402 0.00957643985748291 0.012282752990722656
0 0.7275732517242431 0.48205583890279136 0.00845479965209961 0.01210927963256836
0 0.6322843551635742 0.678654988606771 0.008729839324951172 0.011293538411458333
0 0.4707460403442383 0.7812738100687663 0.008429431915283203 0.010180981953938802
0 0.7134354114532471 0.6328145662943523 0.008546733856201172 0.012035814921061198
0 0.35302923917770385 0.24328179359436036 0.009045767784118652 0.011807759602864586
0 0.5758334875106812 0.3640726248423259 0.010268926620483398 0.01373440424601237
0 0.53877272605896 0.3412782510121663 0.00922222137451172 0.011880334218343098
0 0.5114074230194092 0.6108252525329589 0.00889434814453125 0.011948204040527344
0 0.5948570966720581 0.42336196899414064 0.009507894515991211 0.011298561096191406
0 0.4416268587112427 0.5182035446166993 0.007832860946655274 0.01069170633951823
0 0.43870389461517334 0.19892482757568358 0.007507467269897461 0.009669653574625651
0 0.562832522392273 0.793444029490153 0.008891916275024414 0.012306531270345054
0 0.5634326934814453 0.4886204083760579 0.008508396148681641 0.011067136128743488
0 0.6287765502929688 0.6163606643676759 0.009875106811523437 0.01297899881998698
0 0.4289611101150513 0.5238628387451172 0.00844874382019043 0.012807019551595052
0 0.6420827627182006 0.16694540182749432 0.00968327522277832 0.013087352116902672
0 0.7372133255004882 0.4325201670328776 0.0077647209167480465 0.010636711120605468
0 0.6766090154647827 0.6135799725850424 0.007715845108032226 0.010315386454264323
0 0.5070107698440551 0.6939139684041342 0.00862584114074707 0.011293792724609375
0 0.31241176128387455 0.23961958885192872 0.008763933181762695 0.012482070922851562
0 0.5364163563122312 0.2760945703227837 0.009235382080078125 0.013385073343912762
0 0.5023479461669922 0.631406593322754 0.007587909698486328 0.011818949381510417
0 0.37937464119542375 0.2780498693932272 0.008730149269104004 0.011609522501627605
0 0.6959383726119995 0.5617178599039714 0.008275079727172851 0.011532338460286458
0 0.5822651386260987 0.5648843129475911 0.009167098999023437 0.01209271748860677
0 0.4395772933959961 0.39100014368693037 0.008703517913818359 0.011195437113444012
0 0.5351485490798951 0.24400375684102374 0.007914209365844726 0.011393133799235027
0 0.7134690284729004 0.4363852024078369 0.008638763427734375 0.011514377593994141
0 0.5261044502258302 0.4117265860239665 0.009317302703857422 0.012103239695231117
0 0.30873340368270874 0.27560930252075194 0.00702512264251709 0.010997200012207031
0 0.5267333745956421 0.3154389222462972 0.008399534225463866 0.011152108510335289
0 0.3339739441871643 0.7239261945088704 0.009905695915222168 0.012402915954589843
0 0.41891210079193114 0.1547185818354289 0.010343980789184571 0.013319444656372071
0 0.7688140869140625 0.5825913429260254 0.009147357940673829 0.012289873758951823
0 0.5674986124038697 0.5235476970672608 0.009044981002807618 0.011801624298095703
0 0.3461006164550781 0.18880061308542884 0.007686758041381836 0.010985008875528971
0 0.6648996114730835 0.2275240341822306 0.009319448471069336 0.013625637690226238
0 0.6603947877883911 0.5886928240458171 0.007837057113647461 0.010898399353027343
0 0.6303236722946166 0.32905747095743815 0.009342336654663086 0.01183490753173828
0 0.5172547101974486 0.301189374923706 0.008791780471801758 0.012018362681070961
0 0.509612250328064 0.778273296356201 0.00984816551208496 0.013284746805826824
0 0.4711575508117676 0.7490010579427083 0.008840465545654297 0.011295318603515625
0 0.5295461654663086 0.5977009773254395 0.009364128112792969 0.012116177876790363
0 0.3203592300415039 0.5315903981526693 0.006333589553833008 0.008776473999023437
0 0.2801330327987671 0.30847064654032386 0.008414506912231445 0.010665035247802735
0 0.41521306037902833 0.25572834809621176 0.00829172134399414 0.011173200607299805
0 0.5081154108047485 0.7445637385050456 0.008645963668823243 0.011007054646809894
0 0.4080285310745239 0.2805623531341553 0.009381723403930665 0.011184024810791015
0 0.6800812482833862 0.6536628405253093 0.008159780502319336 0.009664471944173176
0 0.27720694541931157 0.48626491228739416 0.01008014678955078 0.012369060516357422
0 0.49538414478302 0.5730043411254884 0.008342885971069336 0.011577097574869792
0 0.24792205938804052 0.47691132275325643 0.008867183098089591 0.010509254042180274
0 0.23790542662908748 0.5121611123530693 0.006568283776362626 0.01007136845708942
0 0.2408611543284507 0.5187293961294319 0.007225112153998907 0.008319826116726148
0 0.284047620158035 0.5498192726708817 0.00886718309808952 0.011822910797452693
0 0.2833907917803987 0.5605474695056074 0.008210354720453275 0.00875771170181686
0 0.28733176204621635 0.5644884397714249 0.005583041209908224 0.007881940531635222
0 0.2827339634027625 0.5703998951701513 0.00755352634281703 0.008319826116725935
0 0.294064252916988 0.5699620095850605 0.007881940531635151 0.010071368457089279
0 0.31015654816907645 0.5721514375105147 0.004597798643453856 0.008319826116726006
0 0.31360489715166684 0.5677725816596062 0.005583041209908295 0.009195597286907784
0 0.306543992092077 0.5633937258086977 0.007225112153998907 0.01007136845708935
0 0.30243881473185036 0.5568254420323351 0.004926212832271908 0.007444054946544298
0 0.3070366133753042 0.5412805037616103 0.00558304120990826 0.007881940531635294
0 0.31360489715166684 0.5161020826188869 0.006239869587544539 0.010947139627271056
0 0.3177100745118935 0.5082201420872516 0.007881940531635188 0.013574453137816108
0 0.3060513708088498 0.4758166087905294 0.009524011475725765 0.010947139627270985
0 0.3247709795714833 0.4771302655458019 0.008867183098089626 0.010947139627271127
0 0.3594186764917962 0.47297035248743896 0.009195597286907713 0.007881940531635151
0 0.3193521454559841 0.42699236605290053 0.006568283776362626 0.009633482871998495
0 0.2551471715420394 0.4418804759459891 0.006239869587544539 0.007006169361453516
0 0.2521914438426763 0.4504192448552605 0.00558304120990826 0.007444054946544298
0 0.24529474587749547 0.444945675041625 0.005583041209908224 0.010509254042180203
0 0.4249373071610134 0.43553113496217194 0.004926212832271872 0.007444054946544227
0 0.43019193418210355 0.4959593457047082 0.008210354720453238 0.011822910797452764
0 0.44743367909505544 0.6119990257537813 0.007881940531635222 0.010071368457089207
0 0.3983357578667448 0.6141884536792355 0.009524011475725729 0.011822910797452764
0 0.2462799884439498 0.3641557845923647 0.00886718309808952 0.0126986819676344
0 0.341684310295617 0.37751129493763536 0.007881940531635151 0.010509254042180203
0 0.431177176748558 0.38386063592145264 0.00689669796518082 0.011822910797452693
0 0.44398533011246505 0.35627384406072954 0.008867183098089555 0.01007136845708942
0 0.40966604738097034 0.32518396751927975 0.009195597286907784 0.010947139627270985
0 0.3622101970967503 0.2750460680263783 0.008867183098089555 0.010509254042180166
0 0.38043718457615655 0.26585047073947066 0.008538768909271468 0.012260796382543581
0 0.45350934158819084 0.28183329459528644 0.007553526342816994 0.010071368457089384
0 0.5186995580685899 0.23125750951729415 0.0065682837763625206 0.011385025212361946
0 0.5185353509741809 0.23957733563402017 0.005583041209908117 0.008757711701816823
0 0.5090113394984551 0.24045310680420187 0.008867183098089483 0.012260796382543581
0 0.5067124401767282 0.25446544552710876 0.00821035472045331 0.014012338722906924
0 0.2753446441543545 0.3400720774123684 0.007225112153998907 0.010947139627271056
0 0.27715092219285425 0.32277559680128015 0.006896697965180713 0.008757711701816788
0 0.44480636558451037 0.2713240405531062 0.008538768909271396 0.010071368457089313
0 0.4705868794067337 0.27154298334565163 0.006239869587544575 0.007881940531635151
0 0.46303335306391674 0.27767338153692345 0.0049262128322720145 0.007006169361453552
0 0.46418280272478013 0.2807385806325593 0.003940970265817611 0.004378855850908465
0 0.3180384887007116 0.20301388927893485 0.007225112153998978 0.011822910797452728
0 0.33396657685839093 0.21177160098075165 0.008867183098089555 0.010947139627271056
0 0.35170094305457006 0.19556983433239053 0.009524011475725729 0.012698681967634436
0 0.41804060919583264 0.18834472217839163 0.00952401147572587 0.01313656755272529
0 0.42444468587778617 0.19359934919948174 0.008538768909271325 0.012260796382543581
0 0.5003083634947746 0.10361386146331367 0.008538768909271464 0.009195597286907704
0 0.7035967463731981 0.25424650273456334 0.008538768909271396 0.010947139627271056
0 0.6958790129359719 0.27438923964874207 0.00558304120990826 0.008319826116726006
0 0.7316761595171484 0.3203672260832805 0.008867183098089697 0.0126986819676344
0 0.7122997223768786 0.3400720774123684 0.007553526342816923 0.01007136845708935
0 0.6301961751723456 0.42239456740944675 0.007553526342817136 0.012698681967634328
0 0.6646796649982494 0.46377475520053124 0.008210354720453238 0.009633482871998424
0 0.6952221845583358 0.5016518583108891 0.006896697965180891 0.013574453137816179
0 0.6628733869597496 0.5077822565021609 0.00919559728690757 0.011822910797452764
0 0.5704247928074456 0.47713026554580196 0.00821035472045338 0.008319826116726006
0 0.6027735904060316 0.5583580415801532 0.009852425664544029 0.010509254042180132
0 0.7802814594622318 0.46465052637071297 0.006896697965180749 0.010509254042180203
0 0.7597555726610986 0.5789386640794228 0.007225112153998907 0.00875771170181686
0 0.7275709821569216 0.6098095978283271 0.007225112153998907 0.008319826116725864
0 0.7341392659332843 0.6128747969239631 0.008538768909271539 0.01007136845708935
0 0.6656649075647039 0.6233840509661431 0.007553526342817065 0.008319826116726006
0 0.7546651527344176 0.6373963896890501 0.00821035472045338 0.010947139627270985
0 0.6037588329724861 0.717967337345765 0.007225112153998907 0.011822910797452835
0 0.6080282174271217 0.7142453098724928 0.008538768909271396 0.014012338722906748
0 0.5410317229082229 0.768981008008848 0.009852425664543887 0.00875771170181693
0 0.5448084860796315 0.7773008341255742 0.00821035472045331 0.008757711701816788
0 0.5244468063729072 0.8278766192035664 0.00952401147572587 0.008319826116726006
0 0.5303582617716337 0.8322554750544748 0.006896697965180607 0.00919559728690757
0 0.44414953720687417 0.758471753966668 0.007881940531635222 0.011385025212362052
0 0.3796161491041113 0.7978814566248437 0.00821035472045331 0.009633482871998495
0 0.32296470153298357 0.7521224129828508 0.005911455398726418 0.010947139627271127
0 0.5042996760776388 0.8197970532398383 0.006117581178970539 0.008403949902424159
0 0.5097684228891428 0.8310435156092592 0.005190674939732603 0.0081567749052941
0 0.49892361989005857 0.8328973280877351 0.0046345311961898976 0.005932199931123137
0 0.4991090011379061 0.8279538281451326 0.0053760561875802184 0.005932199931122852
0 0.4984601667704396 0.8233810906982254 0.005561437435427905 0.0056850249339929345
0 0.4356159237501052 0.8002702284665585 0.006673724922513387 0.007415249913903636
0 0.4319082987931533 0.8023712159421647 0.004449149948342282 0.006673724922513173
0 0.42912758007543944 0.8036070909278152 0.004819912444037513 0.006673724922513458
0 0.4264395519816493 0.8049665534120309 0.003893006204799505 0.005932199931123137
0 0.42124887704191666 0.8022476284435995 0.005005293691884987 0.007415249913903779
0 0.4236588332639354 0.7986635909852126 0.0046345311961898976 0.00766242491103398
0 0.3426472279545368 0.6462802052544905 0.0061175811789706104 0.008403949902424301
0 0.3448718029287079 0.6389885428391519 0.005746818683275379 0.00914547489381455
0 0.348486737261736 0.6466509677501855 0.005190674939732603 0.0081567749052941
0 0.3609999714914485 0.6517180551913532 0.0061175811789706104 0.006920899919643659
0 0.3468183060311077 0.6570323176296509 0.005561437435427834 0.0066737249225133155
0 0.33958843736505145 0.6581446051167364 0.006302962426818155 0.007415249913903779
0 0.35182359972299265 0.6586389551109967 0.005561437435427834 0.007415249913903779
0 0.3649856683201718 0.6291015429539467 0.0066737249225133155 0.009639824888074956
0 0.3711959401230662 0.6230457555242587 0.0064883436746657 0.008403949902424159
0 0.3792600244044365 0.6227985805271286 0.0074152499139037075 0.00741524991390385
0 0.3812065275068363 0.6371347303606758 0.005005293691884987 0.006920899919643446
0 0.39223671175376823 0.6346629803893745 0.0074152499139037075 0.00790959990816397
0 0.39909581792412924 0.6340450428965493 0.00407838745264705 0.006179374928253196
0 0.4016911553939954 0.6361460303721553 0.005561437435427834 0.0074152499139037075
0 0.3549750809364018 0.6599984175952125 0.004819912444037371 0.0056850249339929345
0 0.35414086532108763 0.6559200301425654 0.0053760561875802184 0.007909599908163898
