0 0.45838468074798583 0.45878995259602867 0.007495450973510742 0.00897216796875
0 0.6225899457931519 0.2963111718495687 0.007677316665649414 0.010018253326416015
0 0.3312049388885498 0.39497148195902504 0.008415651321411134 0.010741901397705079
0 0.29782392978668215 0.6878167152404785 0.009143972396850586 0.01211427052815755
0 0.5616096973419189 0.40825595855712893 0.008736228942871094 0.011979293823242188
0 0.5525434970855713 0.6881163279215494 0.007231235504150391 0.009913126627604166
0 0.7338518142700196 0.39495226542154943 0.008116531372070312 0.011368751525878906
0 0.46708862781524657 0.4438165664672852 0.00846104621887207 0.011062812805175782
0 0.4919833295335757 0.26018540378758387 0.008620119094848633 0.012291320164998372
0 0.5974662065505981 0.13278422753016156 0.00899052619934082 0.012936170895894368
0 0.4005210161209106 0.3199396928151449 0.007991933822631836 0.010121186574300133
0 0.41275551319122317 0.370318857828776 0.00789628028869629 0.010772005716959637
0 0.2652971029281616 0.4785001754760742 0.00779271125793457 0.01035601298014323
0 0.45348335145540536 0.12051764820228966 0.008291292190551757 0.009585062662760416
0 0.6696115970611572 0.32117211023966474 0.00798940658569336 0.010836092631022136
0 0.7158313274383545 0.4042166233062744 0.0075322151184082035 0.009946091969807943
0 0.6188450336456299 0.5930822690327963 0.008922576904296875 0.012339083353678386
0 0.710363507270813 0.44743007024129233 0.008043050765991211 0.010536638895670573
0 0.720752477645874 0.25537782510121665 0.009541988372802734 0.013781849543253582
0 0.4985302686691284 0.5756249427795411 0.008406305313110351 0.011756197611490887
0 0.5324412584304808 0.3836100101470947 0.008580541610717774 0.010535907745361329
0 0.3090594172477722 0.5351034164428711 0.008423542976379395 0.01118329366048177
0 0.6709378242492676 0.3983304818471273 0.008576011657714844 0.012061405181884765
0 0.38176375750991853 0.6930212656656899 0.008338069915771485 0.011239878336588542
0 0.31744334697723386 0.24702420234680175 0.006391716003417969 0.00814650853474935
0 0.4894716262817383 0.19079342683156333 0.008685493469238281 0.011064418156941732
0 0.5580566167831421 0.44272518157958984 0.00912480354309082 0.010985183715820312
0 0.655872893333435 0.40502731005350756 0.008794164657592774 0.010227934519449871
0 0.26237705945968626 0.3458793004353841 0.008017706871032714 0.011652437845865886
0 0.7106977939605713 0.6812539418538412 0.008596515655517578 0.010879898071289062
0 0.45854403972625735 0.5106531620025635 0.008727312088012695 0.011864821116129555
0 0.2891796946525574 0.5941296259562175 0.007605242729187012 0.010006332397460937
0 0.24275619983673097 0.5426247596740723 0.008798027038574218 0.011707750956217448
0 0.5233062505722046 0.5435976346333821 0.00833582878112793 0.011524136861165364
0 0.6327564001083374 0.7609391212463379 0.008126115798950196 0.010853004455566407
0 0.26675708293914796 0.575670846303304 0.00814971923828125 0.011999066670735676
0 0.5850777626037598 0.8082516352335612 0.009909439086914062 0.013336181640625
0 0.6010370492935181 0.4925529479980469 0.009596109390258789 0.011940447489420573
0 0.5270034074783326 0.21648542881011967 0.008838796615600586 0.01139992078145345
0 0.37583797386839796 0.2778408511358801 0.006542563438415527 0.008840688069661458
0 0.3572521090507507 0.5193468729654949 0.006193232536315918 0.007409731547037762
0 0.6889288663864136 0.2046177625656128 0.00825657844543457 0.012411610285441082
0 0.6873246431350708 0.5518176078796386 0.00858616828918457 0.01204331715901693
0 0.5146294116973877 0.16938315232594806 0.008625602722167969 0.010213295618693032
0 0.5583526372909546 0.577213986714681 0.00879969596862793 0.010480372111002605
0 0.6180067475216491 0.1763645905536743 0.008712053298950195 0.011211585998535157
0 0.6338492979814934 0.27494146098982586 0.006387472152709961 0.008360703786214193
0 0.5917841911315919 0.28613351186116537 0.009371089935302734 0.011849784851074218
0 0.5080199003219604 0.33231066068013504 0.008795785903930663 0.010582256317138671
0 0.4637068033218384 0.21932373046875 0.008939886093139648 0.010313574473063152
0 0.5410573959350586 0.4302035649617513 0.007002639770507813 0.009449513753255208
0 0.40845229625701907 0.42359763781229653 0.008930063247680664 0.011290963490804036
0 0.45951764583587645 0.17687973976135254 0.007757806777954101 0.011016527811686196
0 0.5978703548677178 0.45580167123781806 0.006861257553100586 0.008707491556803386
0 0.4530459403991699 0.26916847229003904 0.007894039154052734 0.010614649454752606
0 0.6533503412801235 0.6990053674716156 0.006893157958984375 0.008962186177571614
0 0.30234216451644896 0.2906091054280599 0.00911400318145752 0.011308542887369792
0 0.44618542194366456 0.6310850461324056 0.007978105545043945 0.010333442687988281
0 0.5791079044342041 0.5338444232940673 0.008450794219970702 0.010971736907958985
0 0.27595996856689453 0.6453078269958497 0.008226394653320312 0.010189501444498698
0 0.4192389965057373 0.7160990079243978 0.007724189758300781 0.011093457539876304
0 0.5463589072667019 0.2187824267004845 0.00900735855102539 0.012279931704203289
0 0.5493849642653091 0.720513281766786 0.007126665115356446 0.009027353922526042
0 0.5104317665100097 0.40907244682312005 0.00863037109375 0.011519845326741536
0 0.2547131419181824 0.5930495897928875 0.006468653678894043 0.007977104187011719
0 0.35344949960708616 0.3856149355570475 0.008809256553649902 0.010429000854492188
0 0.3812285900115967 0.5303006013234456 0.008572053909301759 0.011622460683186848
0 0.7497397184371948 0.5380451361338298 0.008556509017944336 0.011594994862874347
0 0.5981091260910035 0.4701950550079345 0.007214689254760742 0.00955661137898763
0 0.4588519811630249 0.375598414738973 0.009046316146850586 0.012113730112711586
0 0.4225640296936035 0.6930301666259764 0.007302093505859375 0.009123102823893229
0 0.28157275915145874 0.632600466410319 0.007453227043151855 0.01048126220703125
0 0.447598348943567 0.17906779966550534 0.006498813629150391 0.008463366826375326
0 0.6427256367081767 0.27571938329048207 0.007498836517333985 0.011467933654785156
0 0.25603020191192627 0.5105738162994384 0.008612060546875 0.01112216313680013
0 0.6068852663040161 0.7410902659098306 0.008611917495727539 0.011437098185221352
0 0.6311513900756835 0.5021319389343262 0.00812997817993164 0.010298538208007812
0 0.6181896209716797 0.6451900482177735 0.007507896423339844 0.009900538126627605
0 0.5624794712947058 0.2531762458780473 0.00624394416809082 0.007656621932983399
0 0.32512085437774657 0.3606360117594401 0.008425521850585937 0.00971686045328776
0 0.5078629732131958 0.4313185373942058 0.008739042282104491 0.01063067118326823
0 0.5510881185531616 0.13992629051208494 0.008948278427124024 0.011441548665364586
0 0.39318599700927737 0.4340031941731771 0.008235502243041991 0.010385386149088542
0 0.342680009575427 0.5548160087847791 0.008308878977098786 0.0163769208823976
0 0.33274548036367846 0.561800283866978 0.010837668230998361 0.011078505302798405
0 0.33364861938292834 0.5552976829283789 0.006863856546298948 0.008670134584798745
0 0.34719570467167626 0.5285647679585832 0.006502600938598988 0.0081884604411988
0 0.3896432385764198 0.5319364869637826 0.009753901407898552 0.011078505302798405
0 0.3887400995571699 0.5121878470761857 0.007947623369398827 0.013005201877198048
0 0.42161435985786483 0.5483134078461801 0.008670134584798674 0.011078505302798263
0 0.43606458416586263 0.5312139757483827 0.009392645800198522 0.014450224307997814
0 0.45376610894316 0.5707112555235767 0.006502600938598988 0.0125235277335981
0 0.39121514830744486 0.423032351562667 0.006568283776362591 0.009155789506444877
0 0.31612772240948117 0.3653110698916015 0.007463958836775646 0.00995194511570098
0 0.30941015945638306 0.36172836964994914 0.007762517190246747 0.010748100724957084
0 0.30970871780985404 0.36670434220779957 0.007762517190246747 0.00875771170181693
0 0.3232931228927859 0.3278917562565659 0.008658192250659837 0.00995194511570091
0 0.26940334009126515 0.2884820535983901 0.010748100724957013 0.011544256334213117
0 0.247310021934409 0.3312754175959041 0.004776933655536446 0.010350022920329067
0 0.4339089928538019 0.30739074931822186 0.008956750604130832 0.010350022920328996
0 0.42331017130558046 0.36610722550085756 0.008658192250659766 0.011544256334213045
0 0.43032629261214966 0.36093221404069303 0.007762517190246783 0.009155789506444877
0 0.3071709718053503 0.23931944472682737 0.008658192250659837 0.009553867311072928
0 0.329413569138942 0.19075395256220667 0.00895675060413076 0.011146178529585065
0 0.38882668147967664 0.23713001680137313 0.009553867311072963 0.00995194511570098
0 0.5351202746804807 0.3016186211511153 0.007762517190246783 0.012340411943469186
0 0.44058923601271616 0.2538791404310978 0.005418834115499252 0.012523527733598137
0 0.442576141855066 0.24400482048729935 0.0065026009385990595 0.010115157015598477
0 0.4440211642858657 0.24978491021049842 0.005057578507799221 0.008188460441198763
0 0.4134950654352203 0.24954407313869847 0.006863856546298877 0.008670134584798674
0 0.4113275317890207 0.2454498429180991 0.006141345330899099 0.007225112153998907
0 0.36725434764962744 0.18475890082450835 0.006863856546298948 0.00915180872839862
0 0.44040860820886624 0.16741863165491103 0.008670134584798603 0.0072251121539988715
0 0.5534816134189489 0.21028763043530446 0.007947623369398684 0.011078505302798334
0 0.6089343492008904 0.18138718181930888 0.008308878977098644 0.012041853589998154
0 0.6551750669864833 0.19246568712210718 0.01047641262329833 0.012041853589998154
0 0.6427117485208353 0.19246568712210718 0.008670134584798888 0.010115157015598442
0 0.5610679811806477 0.30493659965269 0.008670134584798603 0.009633482871998566
0 0.565403048473047 0.317460127386288 0.005780089723199069 0.007706786297598853
0 0.5881621517581437 0.31625594202728824 0.008670134584798745 0.011078505302798263
0 0.6040573984969412 0.33046532926348604 0.009392645800198735 0.011560179446398209
0 0.7685450143778718 0.36242138109647565 0.008695263797875868 0.009713628026455723
0 0.6998016688346442 0.41492228720811086 0.008132656729440128 0.008341186389169409
0 0.5468451634232492 0.4011593296659812 0.005630300812689484 0.0075070677502525026
0 0.5926695561487488 0.39990815170760574 0.005317506323095458 0.00834118638916948
0 0.6130011979723493 0.44724438446614245 0.005943095302283225 0.007924127069711063
0 0.5164532090734307 0.6041994161387257 0.007569626648171308 0.008257774525277881
0 0.5919774385858669 0.5865369539596594 0.00860184846383106 0.011469131285107964
0 0.5921494755551435 0.6259907655804309 0.007569626648171308 0.008716539776682027
0 0.6337824221200856 0.6484702628992426 0.008945922402384312 0.0096340702794906
0 0.7534773579382998 0.5902484842271423 0.007990242408858705 0.010966999384708132
0 0.7611150896526502 0.5838249560160989 0.007755235279186656 0.011280342224271317
0 0.7672252750241304 0.5933819126227732 0.00634519250115261 0.009086942347329626
0 0.764640196597735 0.5717612566929199 0.005405163982463108 0.013473742101212877
0 0.7694578427560174 0.5665910998401289 0.00611018537148027 0.010653656545145083
0 0.5731093859147962 0.7326628048085664 0.005875178241807859 0.01566714197815443
0 0.35147969994562717 0.6717569930508073 0.00776672926425572 0.013142852062633681
0 0.34205640542431104 0.6763855510482696 0.008332070961109394 0.01224885645564811
0 0.29441405095437756 0.7122775490345871 0.008332070961109465 0.01224885645564811
0 0.303707514718692 0.7306508337180592 0.006836571045012896 0.011394285075021316
0 0.3202648352183325 0.7414754045393295 0.007904785270796104 0.010254856567519397
0 0.39064558229496144 0.6623484988305509 0.007375281335599127 0.007840389167573817
0 0.39547938154869866 0.6611525072626159 0.005680959947691307 0.008637716879530615
0 0.4004626797484279 0.6588934120787386 0.005680959947691307 0.008637716879530615
0 0.3992168551984956 0.6669995771502982 0.004783966271739999 0.0070430614556171636
0 0.40355232463225993 0.6647404819664209 0.0056809599476912356 0.0070430614556171636
0 0.4031536607762816 0.6695908922141574 0.0060796238036695625 0.00770750121558109
0 0.40738946424605144 0.6678633488382512 0.004983298199729163 0.007175949407610176
0 0.40748913021004607 0.6714513235420562 0.0043853024157617425 0.008504828927537744
0 0.4069908003900731 0.6768332855977639 0.006179289767664144 0.008371940975545016
0 0.42607479729082576 0.5993985903124681 0.00637862169565338 0.006245733743660509
0 0.4287159453366823 0.5980697107925403 0.005880291875680399 0.007308837359602904
0 0.43160625829252525 0.5944817360887353 0.004883632235734652 0.005714181935689524
0 0.43698822034823265 0.5942159601847498 0.0050829641637238155 0.008106165071559346
0 0.40168239301971453 0.6000269703122459 0.008326589312988446 0.012767436946582365
0 0.3390248084394767 0.5298060671060437 0.007910259847339063 0.00999190717558605
0 0.5180332543214836 0.5994142631989037 0.0056500587148866546 0.006827154280488088
0 0.5454007262217161 0.8376584056766248 0.007062573393608389 0.007297992506728548
0 0.5123831956065971 0.8378938247897452 0.008121959402649566 0.009652183637931416
0 0.5129128886111176 0.8304781227264564 0.007415702063288734 0.008945926298570725
0 0.6371372034354846 0.6622682007568238 0.005849256955405053 0.01009283553089503
0 0.5159440071945927 0.6541614543019213 0.006358688502854335 0.011255609533788373
0 0.5117779698996191 0.6528458635771929 0.005262362898914006 0.010378549050635968
0 0.4108357893488861 0.6284504247037255 0.005402813911166576 0.00872033122504078
