0 0.5406770070393879 0.2050387912326389 0.010356733534071181 0.014105055067274306
0 0.2731160799662272 0.4297178197790075 0.010772811041937936 0.01560352466724537
0 0.6510213004218207 0.2713130385787399 0.00892779032389323 0.01177958735713252
0 0.24554689195421006 0.5535244129322193 0.009329477945963541 0.012466600206163194
0 0.6273277282714844 0.32215980247214987 0.009186638726128472 0.012772171585648149
0 0.24721075693766273 0.6150000113028067 0.008286836412217882 0.011610469111689815
0 0.5311280568440755 0.3831259409586588 0.008390129937065973 0.011965518527560764
0 0.26521780225965713 0.5698278356481482 0.009144041273328993 0.012541481300636575
0 0.4742841296725803 0.6648945561161748 0.01091236538357205 0.014444986979166664
0 0.5394669002956815 0.3119991726345486 0.00826263427734375 0.011062056929976851
0 0.529454951816135 0.49729484275535296 0.0099387698703342 0.013639662000868056
0 0.3342025015089247 0.3292141101978443 0.009235530429416232 0.012629586678964123
0 0.30784147050645616 0.5362923516167535 0.010973188612196181 0.014438205295138888
0 0.7645535786946615 0.6537970083731192 0.0100555419921875 0.013193766276041664
0 0.6170382817586263 0.4447699935347945 0.00926009284125434 0.011714511447482638
0 0.27591325971815317 0.5552647625958478 0.008897484673394098 0.011205998173466436
0 0.7374636332194009 0.5687670954951534 0.009730868869357638 0.012916112829137731
0 0.7006604724460179 0.7374669392903646 0.00897229512532552 0.0114715576171875
0 0.7185027652316623 0.4060546875 0.008315616183810763 0.011007520887586806
0 0.2933616426255968 0.7178694831000435 0.007966995239257812 0.011443131058304398
0 0.27174591488308375 0.4681727232756438 0.009802034166124131 0.013211822509765625
0 0.6006295522054037 0.56956541273329 0.009842766655815972 0.013720759639033565
0 0.40350365108913844 0.27155726397479024 0.00877486334906684 0.011494474057798031
0 0.38857133653428816 0.5432091324417679 0.011168331570095487 0.013742234971788194
0 0.4171619203355577 0.7324827406141493 0.010321850246853299 0.013070452654803243
0 0.7178028106689451 0.6021094428168403 0.00865995619032118 0.011934972692418982
0 0.6857237497965494 0.3854461246066623 0.009813944498697916 0.013876088460286458
0 0.6307759814792209 0.847332763671875 0.00971844991048177 0.013791345666956018
0 0.43989802466498484 0.3742139745641638 0.008725357055664063 0.012202510127314815
0 0.38384569120003287 0.2824436057239792 0.0072746505380019396 0.009848511568362844
0 0.5512514962090386 0.6436125861273873 0.00885149637858073 0.012450889304832175
0 0.6179227193196615 0.678398867006655 0.00897216796875 0.01248135036892361
0 0.6200891427300733 0.2806994381214146 0.009586885240342883 0.01221607349537037
0 0.6466991000705294 0.48221817016601565 0.008756595187717015 0.012033363624855324
0 0.6934196684095595 0.686669639304832 0.010335583157009548 0.013612196180555557
0 0.5485476175944011 0.710805059362341 0.008909776475694445 0.011874898274739582
0 0.5359887229071724 0.5542721783673321 0.00908860100640191 0.01091625072337963
0 0.5551410323773147 0.2566999256868066 0.008442094590928819 0.011348385281032986
0 0.5453761842515734 0.3401569649025246 0.009300867716471354 0.0121830975567853
0 0.4480683432685004 0.7011324282045718 0.006956015692816841 0.008799913194444444
0 0.5390328725179038 0.5227739687319155 0.008228556315104166 0.010813960322627315
0 0.6185432068998571 0.29263549639472586 0.004047800862139563 0.00787949067001513
0 0.567340087890625 0.6699686686197915 0.008120897081163194 0.010502228913483796
0 0.5740675176381209 0.3980560531968616 0.007078679402669271 0.008972252739800348
0 0.6948097864786783 0.6179000289351851 0.010616175333658854 0.01399479618778935
0 0.2545788976881239 0.6039090474446615 0.007337718539767795 0.009129672580295138
0 0.6469754536946616 0.3314147666648582 0.009517839219835069 0.012709554036458333
0 0.6102345360649957 0.8144517686631945 0.009343889024522569 0.011351747866030094
0 0.5049943288167318 0.6434047275119358 0.007516309950086806 0.009417894151475694
0 0.6542454189724393 0.3339365076135706 0.009163750542534722 0.013033548990885414
0 0.7042647942632735 0.3187866681322227 0.007226732042100695 0.012620350946770971
0 0.375127919514974 0.8522500497323496 0.007551913791232639 0.009880913628472222
0 0.7406911628357911 0.46889757852287894 0.006677924262152778 0.008931280065465856
0 0.6816067483234945 0.43132842260012333 0.008563958205727312 0.01047366335347275
0 0.24221281261435224 0.5901613324730315 0.008635985430980177 0.008882727871865299
0 0.3194431966114034 0.4565914244738717 0.009129470312750491 0.011514647241306832
0 0.43780304499253686 0.40443192712861203 0.007325001707156318 0.010185240468998345
0 0.4433491177136695 0.404431927128612 0.005860001365725082 0.008510954364505495
0 0.4446571537328046 0.3980138303947227 0.0063832157733791205 0.007673811312258963
0 0.44852894034944435 0.4034552602343245 0.006383215773379049 0.008510954364505495
0 0.32720439310129323 0.31126299662420864 0.007011073062563895 0.0071157159440947025
0 0.3867461926923211 0.2782656079814949 0.007220358825625439 0.010045716626957244
0 0.4168136556462376 0.2271267782774248 0.005668682785422306 0.007966797428161065
0 0.43898575706201826 0.20793935868225055 0.005232144076540237 0.0074835515276575745
0 0.4339914377162297 0.21333005257929202 0.005707793538043901 0.007356711671256555
0 0.46819063399834276 0.2170084084149203 0.005422403861141661 0.006849352245652653
0 0.4767523243054086 0.21669130877391787 0.0058029234303445774 0.008498270378865308
0 0.4732325182902815 0.2155497500663091 0.004661364722735897 0.006722512389251705
0 0.4760388501131531 0.23337074989064616 0.006278572891848242 0.009386149373672197
0 0.6055097003181964 0.23942317697256668 0.007521102467145085 0.009099605454076745
0 0.5722914977549725 0.17851153230037953 0.007938941493097644 0.013927967531750091
0 0.5646311156125098 0.17535452632651619 0.005710466688017419 0.00909960545407678
0 0.6165127946682789 0.29411366281390544 0.004456949610160094 0.007056836882753394
0 0.5740425186574555 0.30867146287733144 0.005880756978590611 0.006687919701142384
0 0.5767234519859307 0.31495580121719796 0.0050159397758567795 0.007264464502964998
0 0.568421206839685 0.324238172526542 0.0055348300974969785 0.007149155542600454
0 0.6895153731655926 0.41180239555849624 0.006278572891848313 0.007483551527657539
0 0.6746275450205281 0.44401971908434407 0.0069444821379534005 0.009512989230073217
0 0.6844638140966827 0.4197449781093991 0.005587849694599356 0.006497499644883007
0 0.6907988762504434 0.425636044454093 0.004743174740764573 0.0063242329876860735
0 0.7466828438533617 0.4699226571452598 0.0057827746839457465 0.00710393294507206
0 0.7470077188356059 0.4602630410065339 0.007991924563206111 0.00805689955965498
0 0.7561480807722085 0.4603457534328575 0.007415249913903636 0.008156774905294172
0 0.7773742336507581 0.4750526657620999 0.0068591061703610024 0.009392649890944753
0 0.7805257148641672 0.46566001587115513 0.007229868666056234 0.008403949902424301
0 0.610345729340076 0.83024313663809 0.00908368114453218 0.009886999885204943
0 0.6297555114863758 0.6495600036873381 0.005964644247255677 0.008231906680423293
0 0.5368998468085074 0.7220452132844656 0.005292627662065072 0.007428249350266754
0 0.6110662739150766 0.7547295104256392 0.005710466688017561 0.010399549090373484
0 0.5682377737549452 0.7953991756183494 0.006685424415240107 0.007428249350266754
0 0.5368302069708486 0.7992990065272394 0.005710466688017561 0.008913899220320048
0 0.5805640250205438 0.8251121730194163 0.005989026038652554 0.008913899220320189
0 0.5831406990139176 0.8315190380840213 0.0058497463633349865 0.008728192986563386
0 0.5011746100895683 0.8275263540582529 0.005989026038652554 0.01114237402540013
0 0.5053530003490934 0.8275263540582529 0.004874788636112583 0.00705683688275343
0 0.4919821515186132 0.7951206162677145 0.0062675853892874755 0.007613955584023273
0 0.493723147460082 0.8015274813323194 0.006128305713969979 0.008913899220320189
0 0.5034030848946484 0.8083057588644377 0.005153347986747647 0.007985368051536738
0 0.5352284907046974 0.7850924796448544 0.00529262766206493 0.007242543116510092
0 0.5350892110293798 0.7900136948394061 0.00417839025952496 0.007799661817779935
0 0.5299358630426323 0.7917779040600942 0.006685424415240107 0.007985368051536596
0 0.5058404792127046 0.7959562943196193 0.005292627662065072 0.0081710742852934
0 0.5085564328813958 0.8016203344491979 0.00571046668801749 0.008356780519050205
0 0.5295180240166798 0.8804526306789034 0.006963983765874957 0.009285311687833513
0 0.499294334472782 0.8777598902894317 0.006128305713969979 0.008356780519050063
0 0.5695609306704614 0.8481397460052432 0.006546144739922539 0.008913899220320048
0 0.5777087916765352 0.8680103130172067 0.005849746363335058 0.0077996618177800766
0 0.40420173147983846 0.8818868464776363 0.009499583974078121 0.01881822349150724
0 0.45867509638985793 0.6918078538930249 0.005110283470700452 0.007652321915100231
0 0.4550585880875161 0.6910740695997961 0.004953043979294307 0.0049268373973932
0 0.4528572352078297 0.6874051481336523 0.006525438893355897 0.00702336394947551
0 0.46362814036915223 0.6867761901680275 0.005110283470700523 0.006604058639059076
0 0.4646501970632923 0.6825307239000611 0.005739241436325173 0.00649923231145479
0 0.36545954992923785 0.7359381401745998 0.006745574181324585 0.008878789948068259
0 0.3497198768394804 0.7250414434201525 0.005707793538043901 0.00853286306697484
0 0.40777262457463054 0.6182303763554787 0.006226683859684243 0.008763480987703645
0 0.4057835450083425 0.6102740580903266 0.006399647300231024 0.007149155542600454
0 0.39173026546391626 0.6408885870671075 0.006313165579957598 0.008648172027339243
0 0.40976170414091856 0.634604248727241 0.0058807569785906825 0.0073797734633294
0 0.39700565040059316 0.6110812208128782 0.007005019342144862 0.008763480987703716
0 0.399167693407428 0.6145981441039962 0.005102421496130276 0.007033846582235981
0 0.3995136202885216 0.6047392279928294 0.0063131655799576695 0.00645730178041326
0 0.5033418403648223 0.5836953647618464 0.006100679993245919 0.008134239990994488
0 0.5080612343218616 0.5797817209925943 0.005179822635774869 0.005525144144826513
0 0.5172122543117303 0.5800119353319622 0.006446001502297563 0.00721338263352358
0 0.5090756007727866 0.5855590826727023 0.0042823068252795336 0.007341097414764804
0 0.5595263505784832 0.45126923559335824 0.007521102467145085 0.008913899220320048
0 0.6038172873294486 0.47615387091675176 0.006406865064605114 0.0077996618177800766
0 0.5999870962582172 0.48126079234506025 0.004874788636112583 0.006499718181483374
0 0.6048618848943298 0.48395353273453184 0.005710466688017561 0.009285311687833371
0 0.6139847036276261 0.48376782650077516 0.007242543116510092 0.009285311687833371
0 0.6139847036276254 0.49036039779913687 0.005571187012700131 0.009099605454076757
0 0.6796876791013245 0.40647389876103285 0.004213210178354246 0.00674113628536702
0 0.529656275117864 0.35942834256806677 0.005860001365725082 0.007673811312259034
0 0.5248427025674469 0.3625676290139909 0.004813572550417007 0.007813335154300063
0 0.40991605592854113 0.7573867007358744 0.005374050362478471 0.007165400483304722
