0 0.594741940498352 0.3535685380299886 0.00744175910949707 0.011147848765055339
0 0.6787555694580079 0.23078881104787188 0.009383201599121094 0.012821149826049805
0 0.39428006410598754 0.41843695640563966 0.010101103782653808 0.013800334930419923
0 0.5486746072769165 0.6853394508361816 0.010645246505737305 0.015086936950683593
0 0.27198791503906244 0.6408512751261393 0.010321426391601562 0.013734054565429688
0 0.28092327117919924 0.54157501856486 0.009596300125122071 0.012507311503092448
0 0.38196626901626585 0.6280520757039388 0.010164189338684081 0.013563028971354167
0 0.3745854616165161 0.14696951707204184 0.010214471817016601 0.013272746404012043
0 0.44079904556274413 0.33153462409973145 0.009204769134521484 0.011714649200439454
0 0.6266798496246339 0.15692969957987468 0.009651470184326171 0.013217353820800781
0 0.6523520231246949 0.6911269823710122 0.007622194290161133 0.010233751932779948
0 0.5774474620819091 0.2755816141764323 0.010945510864257813 0.015048408508300781
0 0.671977424621582 0.62646484375 0.008568096160888671 0.010936101277669273
0 0.592256474494934 0.3120544592539469 0.010249090194702149 0.013507620493570965
0 0.3469276428222656 0.4692457993825277 0.00819864273071289 0.010591665903727211
0 0.4840733528137207 0.07388255993525186 0.008215713500976562 0.01107194423675537
0 0.38224474191665647 0.5260800838470459 0.009205842018127441 0.012017154693603515
0 0.6918357372283935 0.4808672587076823 0.009128856658935546 0.011765352884928386
0 0.5208206176757812 0.31533902486165366 0.00951242446899414 0.013051923116048176
0 0.3744055390357971 0.35840559005737305 0.008492064476013184 0.011140060424804688
0 0.4751169681549072 0.7277034123738608 0.007529163360595703 0.0099334716796875
0 0.28924170732498167 0.5071958700815837 0.008993220329284669 0.010988394419352211
0 0.763559103012085 0.5542468706766764 0.010880088806152344 0.014084180196126304
0 0.36000025272369385 0.487284517288208 0.00954747200012207 0.012536144256591797
0 0.718244481086731 0.30021754900614417 0.009495782852172851 0.011991659800211586
0 0.6736804723739624 0.35549542109171545 0.008896398544311523 0.01149609883626302
0 0.716630220413208 0.4489614009857178 0.009488964080810547 0.012433274586995441
0 0.33536977767944337 0.28829569816589357 0.01099410057067871 0.014683564503987633
0 0.24880597591400147 0.5333857536315917 0.009369707107543946 0.011232948303222657
0 0.4693953275680542 0.3475247065226237 0.007147741317749023 0.009565289815266926
0 0.44619240760803225 0.724928633371989 0.008249664306640625 0.010456784566243488
0 0.7513458728790283 0.32238016128540037 0.00921783447265625 0.012215232849121094
0 0.6505186796188355 0.2446460485458374 0.008859014511108399 0.0112670103708903
0 0.4219947338104248 0.6323682467142742 0.00835418701171875 0.010420417785644532
0 0.6848959224985822 0.4268849736686227 0.00872664451599121 0.010692087809244792
0 0.4569581985473633 0.24286062717437745 0.009228229522705078 0.01233372688293457
0 0.3587793350219727 0.6761667569478353 0.008479499816894531 0.011430295308430989
0 0.5903950929641723 0.6922173182169596 0.006900644302368164 0.009268061319986979
0 0.5955335855484009 0.25370105107625324 0.008970880508422851 0.01230271657307943
0 0.6274178743362426 0.3724581877390543 0.006827020645141601 0.009984048207600911
0 0.37245687246322634 0.6644559542338054 0.008329176902770996 0.010446993509928386
0 0.40608654022216795 0.5731082598368327 0.010037899017333984 0.013250287373860676
0 0.39582681655883784 0.361306117040576 0.00845956802368164 0.010978190104166667
0 0.4839056730270386 0.5033842404683431 0.008203363418579102 0.009892845153808593
0 0.48964002132415774 0.6363427480061848 0.00828537940979004 0.010885365804036458
0 0.5352370738983154 0.07189955314000449 0.009452533721923829 0.013167214393615723
0 0.6011363744735718 0.5892315228780111 0.008939123153686524 0.011558723449707032
0 0.43602943420410156 0.7822013219197591 0.008673763275146485 0.011445236206054688
0 0.3554558873176575 0.7072819073994954 0.007850241661071778 0.010421943664550782
0 0.6023186445236206 0.36829581260681155 0.00865311622619629 0.012056573232014972
0 0.730902910232544 0.6050330479939778 0.010099029541015625 0.012520599365234374
0 0.24653942584991456 0.35076417922973635 0.007924890518188477 0.012013753255208336
0 0.5083203077316284 0.33853729565938306 0.008362340927124023 0.011670335133870441
0 0.5174209833145141 0.47766574223836267 0.009354829788208008 0.011061286926269532
0 0.5203549146652222 0.7496124267578125 0.008311796188354491 0.0105224609375
0 0.5914177179336548 0.5557375272115072 0.009737348556518555 0.012154706319173177
0 0.6268773794174194 0.38309148152669276 0.00737309455871582 0.009767723083496094
0 0.716514794024128 0.6332800320346075 0.009356546401977538 0.011877504984537761
0 0.5380824565887451 0.5282867113749187 0.00921459197998047 0.011546007792154948
0 0.5457947969436645 0.5704798698425293 0.010497236251831054 0.012592252095540364
0 0.22917504932467622 0.4373905388862363 0.008867183098089555 0.012260796382543617
0 0.4554524254203689 0.41396366008387625 0.006896697965180749 0.013574453137816108
0 0.3157121880782539 0.3872526393933349 0.007881940531635151 0.0126986819676344
0 0.4620207091967315 0.3224455727998902 0.0055830412099081884 0.009195597286907713
0 0.46284174466877687 0.3198182592893452 0.0052546270210901014 0.007444054946544298
0 0.2845128401405314 0.3086521768695287 0.006568283776362662 0.014888109893088633
0 0.2958431296547569 0.27033718817408003 0.006896697965180713 0.010947139627271056
0 0.318339501588799 0.2600468769244453 0.007225112153998978 0.007881940531635151
0 0.3122638390956635 0.25347859314808263 0.010837668230998325 0.009633482871998531
0 0.3240867498931162 0.24581559540899292 0.008210354720453346 0.011822910797452764
0 0.38763489542942464 0.10372172304701464 0.007225112153998836 0.009633482871998514
0 0.4186700362727382 0.10656797935010516 0.00821035472045331 0.008319826116725987
0 0.42737301227641866 0.10613009376501431 0.00919559728690757 0.010071368457089367
0 0.4268803909931914 0.13612525634373698 0.008210354720453167 0.008757711701816823
0 0.5175227071069958 0.1737834166615494 0.009524011475725657 0.014012338722906961
0 0.5690837347514425 0.0789811874893821 0.008867183098089412 0.009195597286907678
0 0.6011041181612103 0.1759728445870036 0.005254627021090244 0.009633482871998495
0 0.6101355083537089 0.17575390179445818 0.006239869587544505 0.007444054946544334
0 0.5983125975562562 0.1713750459435498 0.00689669796518082 0.010071368457089313
0 0.6815465952537042 0.3037558198726039 0.006785417124341677 0.010856667398946484
0 0.687382053980638 0.30701282009228786 0.00868533391915733 0.010132889572350088
0 0.687246345638151 0.31388870944495395 0.008413917234183686 0.007237778265964287
0 0.6211563828470642 0.35315365653781045 0.008142500549209827 0.012666111965437495
0 0.5564235034808458 0.3222121544508129 0.008956750604130974 0.014475556531928646
0 0.5519451281787804 0.3652769351333006 0.009228167289104548 0.011580445225542989
0 0.5697229210445554 0.3884378255843866 0.007328250494289037 0.01230422305213942
0 0.608535506995789 0.3873521588444919 0.01004241734402541 0.009409111745753691
0 0.7203591812049379 0.4047228266828063 0.008413917234183544 0.010132889572350052
0 0.7228019313697007 0.4166651608216474 0.006242583754394246 0.00940911174575362
0 0.5575091702207405 0.4521302743248727 0.008413917234183473 0.014475556531928646
0 0.5687729626471475 0.4385594400761896 0.009228167289104618 0.0112185563122447
0 0.6014786731864737 0.5112991116491311 0.009499583974078263 0.012666111965437566
0 0.6751683031568231 0.5418787248228303 0.007056833809315179 0.01013288957234991
0 0.6951174295023873 0.5507450031986367 0.007871083864236112 0.010494778485648268
0 0.6995958048044528 0.6104566738928423 0.007599667179262468 0.011942334138840991
0 0.5583234202756614 0.5366313355800062 0.008413917234183615 0.01049477848564841
0 0.7198163478349906 0.6435695094596292 0.006242583754394246 0.01013288957234991
0 0.5604947537554508 0.631446230864139 0.007328250494288895 0.011218556312244771
0 0.555473545083438 0.631627175320788 0.0070568338093152504 0.010856667398946626
0 0.5718942545243446 0.7002051243908001 0.007871083864236255 0.011942334138841205
0 0.6108425488180651 0.7175757922291145 0.006514000439367891 0.00759966717926261
0 0.5927933392673166 0.7363940157206218 0.007328250494288824 0.014113667618630501
0 0.6401555507952206 0.7496029610560067 0.008142500549209827 0.011580445225542918
0 0.5718942545243446 0.7546694058421817 0.008956750604130832 0.013028000878735782
0 0.5488238363015833 0.7599167950850056 0.007871083864236255 0.009771000659051765
0 0.37077449095886067 0.7599167950850056 0.011670917453867488 0.014113667618630501
0 0.42953620325565867 0.7192042923389564 0.007599667179262539 0.00940911174575362
0 0.38760232542722783 0.6632924552343819 0.008413917234183544 0.010494778485648339
0 0.4398500372846578 0.6649209553442239 0.009771000659051836 0.01230422305213935
0 0.4821910401405492 0.6280082861878058 0.00814250054920997 0.013028000878735782
0 0.3099771535247603 0.6857295678588713 0.009499583974078227 0.013389889792033927
0 0.3467541143386916 0.5742677825630207 0.007599667179262539 0.016285001098419585
0 0.3151340705392599 0.5621445039675305 0.01058525071397284 0.009409111745753549
0 0.29613490259110353 0.5407930580829358 0.008956750604130832 0.013028000878735782
0 0.46278474716493234 0.4959188328339569 0.007328250494288895 0.01230422305213942
0 0.47920545660583885 0.5122038339323766 0.006514000439367891 0.009409111745753762
0 0.4549136633006961 0.5302982795972874 0.007328250494288895 0.008685333919157188
0 0.507297083500613 0.5556305035281625 0.007328250494288966 0.008685333919157117
