0 0.6605552249484593 0.28087935271086517 0.009446885850694444 0.012715770580150464
0 0.4202726787990994 0.317877267908167 0.00856768290201823 0.01150442052770544
0 0.6972036997477215 0.7247795387550637 0.007988823784722222 0.011797078450520833
0 0.650091913011339 0.3941238544605396 0.00972184075249566 0.013720279269748264
0 0.5676661385430231 0.36134386415834774 0.008103052775065104 0.010742922182436342
0 0.2914538807339138 0.45860933374475543 0.008538034227159288 0.012355013246889469
0 0.2632964028252496 0.600802810103805 0.008629820081922743 0.011496932418258101
0 0.5698992835150825 0.6560811078106916 0.00951995849609375 0.013124988697193286
0 0.5488169352213542 0.7973839653862848 0.008465576171875 0.012272926613136574
0 0.7146243247513582 0.520762071666676 0.008209482828776041 0.010489089400679975
0 0.2604483074612088 0.4394566853841146 0.009700690375434027 0.013517422146267362
0 0.3274610201517741 0.5905930978280527 0.007990794711642796 0.009988685890480324
0 0.5098119523790148 0.4905823884186921 0.009585910373263888 0.011842741789641202
0 0.40516976250542536 0.211691481978805 0.008452945285373263 0.011862097846137152
0 0.5121536254882812 0.5842723987720632 0.008344862196180556 0.01135395191333912
0 0.5794307708740234 0.3246901618109809 0.008914862738715277 0.012491861979166664
0 0.7199333190917969 0.6040725425437645 0.008585781521267362 0.011039055718315972
0 0.5040497885810004 0.9103990342881945 0.00851453145345052 0.011073020652488426
0 0.3079190995958116 0.36433943289297605 0.00863634745279948 0.011283902768735532
0 0.5449387444390191 0.49247792561848963 0.00925445556640625 0.01242969654224537
0 0.48444766998291017 0.19260633963125723 0.008747651841905383 0.012388102213541667
0 0.3007312880622016 0.46715901692708334 0.008897844950358074 0.011584133572048612
0 0.44649825625949435 0.6340432626229746 0.009241443210177952 0.012292028356481481
0 0.5886265436808268 0.2601248140688296 0.008349821302625867 0.011508150453920719
0 0.44178233676486545 0.2033931025752315 0.010250769721137153 0.013796771014178241
0 0.5856281571210252 0.3978977949653011 0.008546574910481771 0.012833037199797453
0 0.7752605014377171 0.6267136750397859 0.009151882595486112 0.012144300672743056
0 0.7269282446967231 0.6623917473687067 0.009426286485460069 0.012686439796730325
0 0.5221715715196398 0.5913115042227286 0.0077846950954861115 0.010543088559751158
0 0.26700574027167423 0.5114918461552372 0.00813193851047092 0.011394924587673612
0 0.4924607594807943 0.8760671262387875 0.008609432644314236 0.011755314579716436
0 0.6053346421983506 0.2664389857539424 0.008493465847439235 0.012620346634476275
0 0.5220781750149197 0.8548854969165943 0.008395597669813367 0.012078574851707175
0 0.3019731945461697 0.33567338166413485 0.009623633490668403 0.013515500669126157
0 0.4529644224378797 0.4622760207564742 0.008686786227756076 0.011212469030309606
0 0.48966384463840057 0.3872210467303241 0.008059141370985243 0.010667136863425925
0 0.3032558441162109 0.7571819164134836 0.008733410305447048 0.011795948169849538
0 0.3481353971693251 0.5632736771195023 0.008721669514973959 0.011687102141203705
0 0.5175281948513455 0.9022095856843171 0.009944661458333334 0.013602927879050925
0 0.7760660807291667 0.4569630375614873 0.01055755615234375 0.012812692147714123
0 0.35818691253662105 0.3714321136474609 0.006864462958441841 0.009689246283637152
0 0.40009386274549696 0.5620063216597945 0.008677037556966145 0.01072540283203125
0 0.604381815592448 0.8587608337402345 0.008562723795572916 0.012491127296730324
0 0.24205485449896919 0.6518623352050781 0.00846205817328559 0.010792880588107638
0 0.5896755218505859 0.4706559640389901 0.007804192437065972 0.011150614420572918
0 0.6355248557196723 0.8101701807092736 0.008846410115559896 0.011941019694010417
0 0.49763730367024744 0.7888185006600839 0.007119835747612847 0.008925996003327547
0 0.39855520460340715 0.5376157124837239 0.0085052490234375 0.011201250994646993
0 0.4613361069251241 0.21650836325214048 0.011786287802075185 0.009789078323929399
0 0.7263639750235145 0.687914313794314 0.013889756433432989 0.011482182255497686
0 0.4383477316962348 0.6656163250958478 0.006436877780490452 0.00881206371166088
0 0.4818540573120117 0.49785359700520837 0.009636137220594618 0.01210643627025463
0 0.49344823625352646 0.6699597959165219 0.006623289320203994 0.008933738425925927
0 0.33889966540866434 0.691395342791522 0.006171480814615885 0.008004308629918981
0 0.6127430597941081 0.7808850606282551 0.00823351542154948 0.010744052463107638
0 0.29589768515692816 0.6431387724699797 0.009783278571234809 0.012282364456741898
0 0.47482212914360894 0.5350568700719762 0.007506010267469618 0.012192507143373842
0 0.7600347730848523 0.6182828267415365 0.009287516276041666 0.011614933720341437
0 0.6419209798177082 0.8656772189670139 0.00946104261610243 0.011898464626736112
0 0.7070871777004665 0.3284842455828631 0.007985136244032118 0.01155500058774595
0 0.4720519595675998 0.23672357488561563 0.008508216010199653 0.01168683369954427
0 0.4845764958956637 0.5365039818194232 0.00796602037217882 0.010915120442708336
0 0.4309253904554579 0.37336483708134405 0.008703062269422744 0.011170931215639468
0 0.28438105643854183 0.48577514449643394 0.008867183098089591 0.014888109893088596
0 0.23791044872077627 0.4735143481138903 0.009195597286907607 0.01138502521236191
0 0.29899548784094876 0.42250067745080727 0.011166082419816483 0.0126986819676344
0 0.37469495836352806 0.4562178675028021 0.006239869587544505 0.010947139627271056
0 0.3728886803250283 0.4612535517313468 0.009852425664543958 0.009633482871998566
0 0.3875031117274352 0.4465843846308036 0.00821035472045338 0.01007136845708942
0 0.3426745749537602 0.36382400904863443 0.007881940531635222 0.013574453137816108
0 0.33265794219480715 0.34981167032572746 0.010180839853362045 0.010947139627271127
0 0.38717469753861705 0.5186165633782471 0.0095240114757258 0.013136567552725324
0 0.3815916563287088 0.5131429935646117 0.00689669796518082 0.010947139627270985
0 0.39193670327647995 0.5102967372615211 0.007225112153998907 0.009633482871998566
0 0.39275773874852526 0.5188355061707925 0.006896697965180749 0.009195597286907642
0 0.43036116336820135 0.5238711903993372 0.010509254042180203 0.01138502521236191
0 0.2702592463193622 0.3474032996077279 0.00886718309808952 0.009633482871998566
0 0.4049090637347962 0.33689404556554764 0.007553526342816994 0.013136567552725253
0 0.4003112650913424 0.3294499906190033 0.008867183098089483 0.012260796382543546
0 0.32461179456876293 0.290259230753373 0.007881940531635222 0.010947139627271056
0 0.32149185977499073 0.2854424893173737 0.007553526342817065 0.009195597286907678
0 0.4983429004535546 0.43257204590789655 0.009195597286907642 0.011822910797452764
0 0.5457987507377746 0.4165892220520809 0.010180839853362045 0.013136567552725324
0 0.5395588811502301 0.4216249062806255 0.007553526342816994 0.0126986819676344
0 0.504254355852281 0.4297257896048062 0.006568283776362733 0.007881940531635151
0 0.5109868467230527 0.4183407643924443 0.006896697965180678 0.008757711701816788
0 0.5100016041565983 0.4262227049240794 0.007553526342817136 0.00875771170181686
0 0.3893093897659349 0.219540708761202 0.009852425664543887 0.010509254042180238
0 0.5372599818285032 0.2427486447710166 0.008210354720453452 0.015763881063270303
0 0.7169025431120213 0.2808446906739199 0.008867183098089697 0.01313656755272529
0 0.7159173005455668 0.30383368389118903 0.006896697965180749 0.011822910797452764
0 0.6313506469248977 0.4735143481138903 0.007881940531635151 0.00875771170181693
0 0.7031091471816595 0.5000064260118863 0.008210354720453238 0.01007136845708942
0 0.6162435942392637 0.35572312572445386 0.008538768909271396 0.01138502521236191
0 0.6960482421220697 0.41855970718498964 0.008538768909271396 0.010947139627271056
0 0.6356200313795335 0.5422623849731526 0.007881940531635222 0.010509254042180274
0 0.624289741865308 0.5589020372066046 0.008867183098089626 0.009633482871998637
0 0.6280665050367165 0.6050989664336883 0.007225112153998836 0.009195597286907642
0 0.6285591263199437 0.6114483074175057 0.008210354720453238 0.007881940531635151
0 0.6584448175023937 0.6418813555813191 0.010180839853362045 0.013574453137816108
0 0.7282328326262464 0.6979307104729472 0.01116608241981652 0.009195597286907713
0 0.7526996896931973 0.6149513920982324 0.008867183098089555 0.014888109893088596
0 0.7720761268334674 0.6642135204209519 0.0062398695875444336 0.008319826116726006
0 0.6696108999222102 0.6793205731065862 0.00952401147572587 0.009633482871998495
0 0.664192065806711 0.6861077996754942 0.008538768909271396 0.011822910797452835
0 0.7098416380524313 0.7235470172007612 0.011166082419816235 0.013136567552725324
0 0.4976860720759184 0.690705598318948 0.009195597286907642 0.01138502521236191
0 0.5070458764572352 0.6931139690369477 0.008210354720453238 0.00919559728690757
0 0.49604400113182767 0.7031853374940371 0.009852425664544029 0.0126986819676344
0 0.4981786933591455 0.7115051636107631 0.008867183098089483 0.010071368457089279
0 0.49144620248837384 0.7202628753125799 0.009852425664543887 0.011822910797452835
0 0.5229739646149145 0.7579210356303924 0.00919559728690757 0.009195597286907713
0 0.524123414275778 0.7690871180502089 0.006896697965180678 0.007006169361453374
0 0.486684196750511 0.7979875666662045 0.007553526342817065 0.013136567552725324
0 0.486684196750511 0.8106862486338389 0.007553526342817065 0.01050925404218006
0 0.5078669119292805 0.7960170815332955 0.007881940531635151 0.01357445313781625
0 0.5748634064481792 0.7664598045396639 0.009852425664543887 0.01138502521236191
0 0.6356200313795336 0.740624555019304 0.009852425664544029 0.012260796382543475
0 0.656474332369485 0.7421571545671221 0.010180839853361903 0.0126986819676344
0 0.7216645488498841 0.7537611225720293 0.011166082419816661 0.013136567552725182
0 0.6356200313795336 0.7714954887682084 0.009852425664544029 0.013574453137815965
0 0.6955556208388427 0.8106862486338389 0.010180839853361903 0.013136567552725324
0 0.70655749616425 0.7905435117196601 0.007225112153999049 0.011385025212361767
0 0.5963745358157668 0.8384919832871072 0.010180839853362187 0.010071368457089279
0 0.5538448983638189 0.8776827431527378 0.00919559728690757 0.01138502521236191
0 0.6228118780156265 0.7874783126240242 0.007881940531635151 0.014888109893088738
0 0.5733855425984977 0.8906003679129175 0.010837668230998432 0.01007136845708942
0 0.559099525384909 0.8938845098010989 0.009852425664543887 0.01138502521236191
0 0.476831771085967 0.7982065094587497 0.006896697965180749 0.011822910797452693
0 0.5600847679513633 0.7835373423582067 0.009195597286907642 0.009633482871998495
0 0.41673197453224886 0.831047928340563 0.007553526342817065 0.010947139627270985
0 0.3646783256045751 0.7439086969074854 0.007225112153998836 0.008319826116726006
0 0.3540048644679858 0.7347130996205781 0.0055830412099081884 0.007444054946544298
0 0.3564679708841218 0.729677415392033 0.006568283776362591 0.00788194053163508
0 0.3625436333772572 0.7055937082120368 0.010180839853362045 0.009633482871998495
0 0.4393925535607 0.6755985456333141 0.008210354720453238 0.007444054946544157
0 0.5021196636249631 0.6539232091713174 0.01083766823099829 0.01138502521236191
0 0.5152562311776884 0.6392540420707742 0.006239869587544575 0.009195597286907855
0 0.519361408537915 0.639691927655865 0.0052546270210901014 0.008319826116726148
0 0.4978502791703274 0.6394729848633195 0.007553526342817065 0.009633482871998495
0 0.42198660155333895 0.6423192411664101 0.008867183098089483 0.01007136845708942
0 0.37190343775857393 0.6440707835067734 0.006568283776362591 0.008319826116725935
0 0.3753517867411644 0.6593967789849529 0.0095240114757258 0.016201766648361086
0 0.3728886803250283 0.6692492046494968 0.009195597286907642 0.00788194053163494
0 0.5021196636249631 0.6013769389604163 0.008867183098089626 0.009633482871998354
0 0.6086056654499206 0.4285638602047676 0.006731636993880769 0.011539949132367085
