0 0.762511920928955 0.554467233022054 0.008994770050048829 0.011429150899251304
0 0.6087579965591431 0.2616089900334676 0.008457040786743164 0.012602535883585612
0 0.5434327125549316 0.38640611966451005 0.009586334228515625 0.013830852508544923
0 0.46751234531402586 0.504467789332072 0.008572912216186524 0.011415831247965495
0 0.4277458190917969 0.3868610699971517 0.009656143188476563 0.012359619140625
0 0.668906283378601 0.3815479437510173 0.009945058822631836 0.012469259897867839
0 0.4770054340362549 0.13972657521565754 0.009887123107910156 0.012653636932373046
0 0.6406190395355225 0.6024895032246907 0.009247398376464844 0.012681516011555989
0 0.512295126914978 0.6295188585917155 0.008465719223022462 0.011095110575358074
0 0.485079026222229 0.3843891461690267 0.00837693214416504 0.012445894877115886
0 0.4372688055038452 0.815197785695394 0.009780168533325195 0.013404782613118489
0 0.6594560861587524 0.3080748399098714 0.009567975997924805 0.012645117441813151
0 0.3074562549591065 0.7027356147766113 0.009616565704345704 0.011763445536295573
0 0.4097374677658081 0.29228992462158204 0.009272432327270508 0.012011400858561198
0 0.6059024095535279 0.7542887369791665 0.007996892929077149 0.009655634562174479
0 0.6810986518859863 0.46756202379862466 0.00861358642578125 0.011011091868082683
0 0.5451438188552856 0.2685499350229899 0.009844446182250976 0.012749385833740235
0 0.31416829824447634 0.469033416112264 0.010549473762512206 0.012671947479248047
0 0.47673146724700927 0.22235408624013264 0.008077383041381836 0.010784101486206055
0 0.7213495016098023 0.3801055590311686 0.009511327743530274 0.01151885986328125
0 0.5103972911834718 0.7124107996622722 0.008870220184326172 0.011075337727864586
0 0.6790170192718505 0.40753280321756996 0.008699321746826172 0.012184429168701171
0 0.5112030029296875 0.5214151859283447 0.009506416320800782 0.012261168162027996
0 0.7268566370010376 0.45778958002726233 0.008572053909301759 0.010793240865071614
0 0.39295806884765627 0.5353971640268962 0.009950017929077149 0.012533283233642578
0 0.5697898626327514 0.48167163530985513 0.008371973037719726 0.011808617909749347
0 0.7728908207334834 0.4636483409331895 0.009886837005615235 0.014158280690511067
0 0.2649209380149841 0.2945748647054036 0.009237027168273926 0.011988894144694012
0 0.3045089483261108 0.3800047715504964 0.009549236297607422 0.013518174489339195
0 0.4753169059753418 0.8031436920166017 0.008777904510498046 0.010913594563802082
0 0.4394741773605347 0.4831234931945801 0.00887141227722168 0.011346689860026042
0 0.58204026222229 0.7271218617757162 0.009718799591064453 0.013660558064778646
0 0.32535672187805176 0.5555224100748698 0.00879654884338379 0.011168670654296876
0 0.43166179656982423 0.6672959645589194 0.008840084075927734 0.011732991536458333
0 0.4150601863861084 0.6845335642496745 0.008381366729736328 0.011253611246744793
0 0.45532338619232177 0.3954072157541911 0.009664011001586915 0.012549495697021485
0 0.5488383531570435 0.35044280687967944 0.009077882766723633 0.012092113494873047
0 0.3860178589820862 0.28419218063354496 0.008090615272521973 0.011574109395345054
0 0.5791765928268433 0.6672081629435221 0.00905919075012207 0.011910374959309895
0 0.3284376859664917 0.6926007588704428 0.008594083786010741 0.01141484578450521
0 0.3779296398162842 0.4212860266367594 0.008401584625244141 0.012031841278076171
0 0.41681690216064454 0.5026787598927815 0.010387134552001954 0.013817501068115235
0 0.6654148578643799 0.44376235008239745 0.009423160552978515 0.012489223480224609
0 0.6244181374188895 0.43189041467187594 0.007213449478149414 0.00962657928466797
0 0.7014606714248657 0.5035732746124267 0.010005807876586914 0.014288997650146485
0 0.3465833306312561 0.3477351347605387 0.00801241397857666 0.011521625518798827
0 0.6324719905853271 0.5394773642222086 0.009889698028564453 0.012470976511637371
0 0.6977145433425903 0.7012462933858237 0.009155797958374023 0.011777051289876302
0 0.4648565769195557 0.46097450256347655 0.008028316497802734 0.010910224914550782
0 0.6041612148284912 0.3641599814097086 0.009858989715576172 0.014227072397867836
0 0.48244941234588623 0.5548927307128906 0.008908891677856445 0.011182912190755208
0 0.709076976776123 0.46936779022216796 0.008676433563232422 0.011750602722167968
0 0.5986534357070923 0.4642239729563395 0.009288358688354491 0.012512493133544921
0 0.3093631505966187 0.5239809195200603 0.010432195663452149 0.012986278533935547
0 0.4683414697647095 0.599635378519694 0.008916521072387695 0.012325541178385418
0 0.6803221464157104 0.26671974658966063 0.008394575119018555 0.011966657638549805
0 0.501682186126709 0.4491592089335124 0.009041690826416015 0.011622111002604164
0 0.585662055015564 0.5705886840820312 0.008153772354125977 0.010406875610351562
0 0.4699718952178955 0.3352227846781413 0.00767984390258789 0.011574808756510417
0 0.4176204681396484 0.5895750999450684 0.008389568328857422 0.011268297831217446
0 0.30597552061080935 0.2783451716105143 0.010580611228942872 0.01429869333902995
0 0.6344452637216491 0.42130738151266217 0.007242822647094726 0.009363142649332683
0 0.5548205388545937 0.4584333230506205 0.009415674209594726 0.012003771464029948
0 0.5038434743881226 0.23996715545654296 0.009010553359985352 0.012233161926269531
0 0.7278242349624634 0.6801435470581054 0.00889124870300293 0.010750579833984374
0 0.47848215103149416 0.2432123104731242 0.0071045875549316405 0.010879087448120116
0 0.5127747774124145 0.7488774299621582 0.008927106857299805 0.012550036112467446
0 0.6659275770187378 0.182247797648112 0.009127283096313476 0.012093098958333333
0 0.2343011736869812 0.4692373275756836 0.009365200996398926 0.011626052856445312
0 0.49426875114440916 0.718084685007731 0.009109401702880859 0.01117407480875651
0 0.48296566009521485 0.32549792925516763 0.008864212036132812 0.012118498484293617
0 0.43644635677337645 0.5850852966308594 0.008400964736938476 0.011323928833007812
0 0.7541758711163236 0.40734471667822675 0.00850086212158203 0.011933135986328124
0 0.33262922763824465 0.6461124102274577 0.009967660903930664 0.012118721008300781
0 0.5027505397796631 0.27659486134847006 0.007848548889160156 0.011215400695800782
0 0.6497912883758545 0.6175819396972657 0.009500598907470703 0.011456171671549477
0 0.5159524215535488 0.6798521446529915 0.006568283776362733 0.009633482871998637
0 0.5261332614069109 0.6625556640419031 0.0059114553987262754 0.00919559728690757
0 0.5305668529559556 0.6588336365686311 0.007553526342817065 0.009633482871998495
0 0.5323731309944553 0.6454781262233604 0.0059114553987263466 0.010071368457089563
0 0.5343436161273641 0.6417560987500882 0.0065682837763625206 0.007006169361453587
0 0.5322089239000463 0.63496887218118 0.006239869587544505 0.007444054946544369
0 0.6377940856050757 0.6456970690159056 0.0059114553987263466 0.007881940531635365
0 0.6266280031852591 0.7709323463518865 0.007225112153998836 0.009633482871998495
0 0.37555535583379757 0.6654019203449937 0.007553526342817066 0.010509254042180203
0 0.3821236396101602 0.5905234852944596 0.006239869587544505 0.010509254042180132
0 0.39575282844611265 0.5837362587255517 0.007225112153998978 0.008319826116725935
0 0.3528947768053465 0.6708754901586292 0.0095240114757258 0.009195597286907713
0 0.3886919233865228 0.7343688999968012 0.00952401147572587 0.010947139627271127
0 0.2781805488492216 0.568848148832463 0.007225112153998836 0.010947139627271127
0 0.5660355853483139 0.4355119881723016 0.006896697965180891 0.007006169361453516
0 0.5612735796104509 0.4355119881723016 0.00525462702109003 0.008757711701816788
0 0.553555846173225 0.43594987375739236 0.006896697965180678 0.00875771170181686
0 0.47063126349664663 0.43770141609775576 0.006568283776362591 0.009633482871998495
0 0.47440802666805526 0.4379203588903012 0.006239869587544505 0.01007136845708935
0 0.4752290621401005 0.34771592836158777 0.007225112153998907 0.01007136845708935
0 0.2676712948070413 0.3139987383095929 0.010509254042180166 0.011822910797452693
0 0.3978875206734305 0.2842225185234156 0.008210354720453238 0.010947139627271021
0 0.44419392129678703 0.3262595346921365 0.010180839853362045 0.010947139627270985
0 0.47178071315751 0.28531723248614277 0.007553526342816923 0.012260796382543617
0 0.5051147533225504 0.31312296713941123 0.007881940531635222 0.01007136845708935
0 0.5166092499311852 0.31443662389468374 0.007225112153998907 0.010071368457089384
0 0.4686607783637378 0.24021501722178606 0.006568283776362591 0.013136567552725253
0 0.5650503427818595 0.2533515847745113 0.00821035472045331 0.01313656755272529
0 0.33089102615453164 0.19160971727670253 0.008867183098089555 0.010509254042180203
0 0.44123819359742383 0.20671676996233665 0.007553526342816994 0.010947139627271093
0 0.44665702771292304 0.19971060060088314 0.0059114553987263466 0.010947139627271056
0 0.4528968973004676 0.19445597357979302 0.0059114553987263466 0.010947139627271021
0 0.5343436161273641 0.12899207860871217 0.005911455398726418 0.008757711701816877
0 0.5343436161273641 0.11344714033798727 0.005254627021090173 0.008319826116725987
0 0.6345099437168943 0.22795422083924247 0.00788194053163501 0.012260796382543617
0 0.6041316312512172 0.2789678915023256 0.007553526342816994 0.01445022430799785
0 0.6098788795555344 0.29100974509232375 0.0059114553987263466 0.007881940531635151
0 0.6154619207654427 0.29516965815068674 0.005911455398726418 0.00831982611672597
0 0.6203881335977147 0.284879346901052 0.005911455398726418 0.010509254042180238
0 0.6397645707379844 0.299986399586686 0.0059114553987262754 0.009195597286907678
0 0.6171039917095333 0.281814147805416 0.00525462702109003 0.00875771170181686
0 0.6166113704263061 0.4175586791835771 0.005583041209908117 0.009633482871998424
0 0.6123419859716704 0.4158071368432137 0.007553526342817065 0.009633482871998566
0 0.756187400674012 0.4118661665773962 0.008210354720453238 0.012260796382543689
0 0.7338552358343791 0.643726583882997 0.007553526342817065 0.013574453137816179
