0 0.47494583129882806 0.578274084020544 0.012015279134114583 0.017020557544849536
0 0.27671340306599934 0.6586894847728588 0.011548042297363281 0.01473377369068287
0 0.527240965101454 0.7311166551378038 0.011067284478081595 0.01610960783781829
0 0.6703974829779732 0.8367093404134116 0.011263783772786458 0.016360643174913196
0 0.5227581448025174 0.1594733202898944 0.010542805989583333 0.01490698920355903
0 0.31155683729383676 0.6707350271719473 0.010497750176323786 0.013512335883246528
0 0.5731760448879666 0.5219217653627749 0.009713787502712673 0.013119563349971063
0 0.519321420457628 0.3212073432074653 0.01071790059407552 0.014590962727864582
0 0.5451138178507486 0.6795009754322194 0.009637578328450521 0.012662703902633101
0 0.3505744086371528 0.4615816469545717 0.00998687744140625 0.014012824164496528
0 0.36082342995537653 0.5669123614275897 0.011524899800618488 0.01571491382740162
0 0.4522432963053385 0.4729117075602214 0.009843020968967013 0.013101620144314237
0 0.38787261115180127 0.7963851928710938 0.010416497124565972 0.01444046585648148
0 0.42972259521484374 0.39522032561125575 0.008578830295138888 0.011435501663773148
0 0.6979415681627061 0.25160696241590713 0.010445785522460938 0.012894891809534143
0 0.540975613064236 0.2514569600423177 0.008646901448567708 0.01162917525679977
0 0.5610302607218425 0.5471526534469039 0.008486726548936632 0.01099570945457176
0 0.3667363696628147 0.5989647194191262 0.011373011271158855 0.014231363932291664
0 0.7749121394868255 0.7190899836684816 0.006814105072490074 0.009282650893094319
0 0.46377936469184033 0.6276316890010126 0.009569634331597222 0.014595540364583333
0 0.30530878702799474 0.6909225746437354 0.010889816284179687 0.015126715766059028
0 0.5040943993462457 0.952592694317853 0.008574252658420139 0.011064882631655093
0 0.6407337612575955 0.21768757149025245 0.008346303304036459 0.011865870157877606
0 0.6492887063189339 0.21102113203688844 0.007056045532226562 0.008816288135669849
0 0.24118013431494958 0.5787969758733708 0.007783354824605304 0.009109407868797277
0 0.2355588224971791 0.5794888296355579 0.007264464502964962 0.010262497472442575
0 0.236423639699913 0.5731468368155092 0.005188903216403489 0.007264464502965069
0 0.23741817948305702 0.570033494885667 0.005102421496130169 0.0068032286615069635
0 0.24187198807713675 0.5665165715945492 0.008648172027339243 0.012683985640097433
0 0.24265032355959726 0.590731453271099 0.008302245146245646 0.008532863066974627
0 0.24915455051068097 0.3592024320623849 0.010264912070899825 0.012052334570807802
0 0.4284840964657295 0.2638051397815845 0.00735396685676399 0.009601012285219817
0 0.5249283076393332 0.25389771221066626 0.006281513356819346 0.008579627999558071
0 0.525158119103607 0.2608431253531656 0.00612830571397005 0.005311198285440675
0 0.5186467942825138 0.2638051397815845 0.0062815133568192745 0.008375351142425736
0 0.5236260426751145 0.2661543236386063 0.005821890428271601 0.00939673542808741
0 0.5271498184606472 0.26809495378136355 0.005209059856874631 0.008375351142425736
0 0.5301373674962077 0.27085269135265 0.005362267499723785 0.007353966856764096
0 0.5350400120673836 0.2678906769242312 0.006281513356819346 0.007149689999631725
0 0.5288351025319891 0.27595961278095843 0.003983398714080551 0.008988181713822705
0 0.526000761139278 0.27677672020948774 0.005055852214025265 0.007762520571028766
0 0.521251324210951 0.27677672020948774 0.006587928642517795 0.00735396685676399
0 0.5168083025683228 0.27075055292408384 0.005975098071120684 0.008783904856690405
0 0.5115226388900236 0.27871735035224493 0.007353966856764061 0.0083753511424257
0 0.5214811356752249 0.2850499329233473 0.00766038214246258 0.011235227142278426
0 0.5453049241382836 0.30588617235084553 0.005668682785422377 0.009192458570955075
0 0.5528887024593214 0.31017598635062454 0.007047551571065683 0.007966797428161101
0 0.5554166285663341 0.30047283563683863 0.008426420356708845 0.012665165142204806
0 0.5503607763523088 0.2964894369227581 0.007507174499613356 0.012052334570807765
0 0.6519168718363855 0.21691008986153335 0.0067928405378322055 0.008820848002750238
0 0.7687910536071815 0.45401878259472866 0.009669002253446309 0.015961527529498767
0 0.7750798892069412 0.5117717229073753 0.006278572891848313 0.008625110235266291
0 0.7798363838219777 0.5157037584558055 0.005898053322645325 0.009386149373672197
0 0.7777910911375119 0.5200797335016392 0.006183442999547424 0.006468832676449665
0 0.7693245307227481 0.5177966160864218 0.005612663645743229 0.009005629804469593
0 0.7596212817080722 0.5235678295526661 0.005422403861141731 0.006595672532850756
0 0.7632362176155002 0.5261680466088859 0.004471104938134403 0.008244590666063588
0 0.7665181988998753 0.523060470127062 0.004946754399637996 0.007610391384058346
0 0.6888904383396508 0.49842887010298315 0.00644681914765286 0.007442669259892014
0 0.6780409134326252 0.49811439112017086 0.00644681914765286 0.007023363949475581
0 0.6856670287658241 0.5131045559675588 0.006132340164840429 0.00765232191510016
0 0.6827974080476616 0.5079680659149572 0.006682678384762113 0.007442669259892014
0 0.602927525180038 0.5260435271888723 0.00700501934214472 0.008532863066974627
0 0.5940631488520154 0.5195862254084589 0.006572610740777875 0.007610391384058488
0 0.5960089875581667 0.5137631229100506 0.007523909663785133 0.008186936185881066
0 0.7699846335955772 0.7142483614500179 0.006404079471098782 0.00943759079951377
0 0.774619164791767 0.7091925092359926 0.008257891949574657 0.01011170442805053
0 0.5575080923702904 0.7337072750380057 0.0058029234303445774 0.007483551527657539
0 0.5569848779626362 0.7421421254886704 0.005517533753442407 0.006341992820048717
0 0.5642147497774919 0.7403663674990568 0.007990910953261406 0.015220782768117119
0 0.5433813033636317 0.7496256770163281 0.0055175337534425495 0.008117750809662426
0 0.5470913691633602 0.7549529509851689 0.006278572891848171 0.007610391384058488
0 0.5538455915167122 0.7601533850976091 0.005707793538043831 0.006849352245652795
0 0.5601717293547108 0.7592655061028022 0.006754222353351907 0.008625110235266504
0 0.5004013655329714 0.63908896525161 0.005517533753442478 0.006849352245652724
0 0.4988317223100094 0.6423233815898348 0.005041884291938743 0.005707793538043901
0 0.5009721448867759 0.6497435131892918 0.004946754399637996 0.007103031958454551
0 0.5067275033709702 0.6454309580716587 0.0056126636457430835 0.0060883131072466765
0 0.5061567240171656 0.6499971929020938 0.004090585368931485 0.0060883131072466765
0 0.5501954428832495 0.31737098108081074 0.005275384936676914 0.006341992820048787
0 0.5459578385898533 0.3226175387773966 0.004756494615036573 0.006687919701142455
