0 0.383541128370497 0.3181141747368707 0.008410263061523437 0.010885309290002894
0 0.37493438720703126 0.5277118259006077 0.008104197184244792 0.01087386519820602
0 0.6147095998128255 0.2813963713469329 0.007993486192491319 0.01190383345992477
0 0.747415754530165 0.6086385938856337 0.009194268120659722 0.012278069390190972
0 0.49671187930636934 0.6641025967068143 0.00946057637532552 0.011819062409577545
0 0.3833049774169922 0.2956485889576099 0.008227962917751736 0.010339694552951388
0 0.349166997273763 0.19575266661467378 0.007956610785590278 0.01109337983308015
0 0.6530094570583768 0.508783467610677 0.00753445095486111 0.009827903464988425
0 0.5529709921942817 0.4478082303647642 0.008589553833007812 0.012530658863208912
0 0.756229019165039 0.5184835928457755 0.008942752414279513 0.011632961697048612
0 0.5631819619072809 0.40494384765625 0.008330154418945312 0.011389668782552083
0 0.6428629981146919 0.16040762442129627 0.008590274386935763 0.011506624575014468
0 0.5398686514960395 0.19296687797263817 0.007724210951063368 0.011158229686595775
0 0.3948795742458768 0.46996588530363864 0.009351942274305556 0.012236220748336225
0 0.6984425014919705 0.6007162871184172 0.008703698052300347 0.011989282678674768
0 0.6067032072279188 0.4598786954526548 0.008627276950412327 0.011892615424262152
0 0.760865275065104 0.37953082897044993 0.00944976806640625 0.012174789993851274
0 0.3451650937398274 0.47815763685438367 0.006879022386338976 0.01075829399956597
0 0.32113515006171334 0.3336152535897714 0.008229849073621962 0.010595646610966436
0 0.6606709798177084 0.6396080299660011 0.007073296440972222 0.008305302372685185
0 0.6552478366427951 0.17279795893916375 0.008488718668619792 0.011748589409722222
0 0.355360656314426 0.4929846869574653 0.007908736334906684 0.011292069046585649
0 0.3687999089558919 0.7979295236093027 0.00911572774251302 0.011762435347945601
0 0.5577683342827691 0.21234506677698206 0.008216603597005209 0.011854298909505208
0 0.2563095516628689 0.3858399426495587 0.009174516465928819 0.012548743353949652
0 0.26559786266750757 0.4943566216362847 0.008648067050509982 0.011561980070891204
0 0.28064645131429033 0.34098192850748693 0.008401319715711805 0.01255292539243345
0 0.5147166993882921 0.8378513194896557 0.008913379245334202 0.01176300048828125
0 0.31367123921712237 0.2918155811451099 0.008449893527560764 0.011683711299189815
0 0.29161339865790475 0.6032704388653791 0.00822289784749349 0.010805878815827546
0 0.37783830430772575 0.26771107426396124 0.008144463433159723 0.01094139946831597
0 0.6879129621717663 0.19332689355920862 0.007284376356336806 0.010312539559823496
0 0.44626943800184465 0.7781331097638166 0.008122507731119792 0.010836961534288194
0 0.3127183808220757 0.5597853201406974 0.008364084031846788 0.011957408763744213
0 0.39298188951280383 0.6087393866644966 0.007662116156684028 0.01078197337962963
0 0.32334799236721457 0.4622053640860099 0.008400111728244357 0.011120266384548612
0 0.6042918947007921 0.7052015799063224 0.00788315667046441 0.01132659912109375
0 0.5514853159586588 0.3010123782687717 0.008041636149088541 0.011113004331235531
0 0.6136706034342447 0.24205454367178458 0.0077860514322916664 0.011108129995840568
0 0.5512228859795464 0.3331624066388166 0.007839160495334202 0.010282163266782407
0 0.5227720472547743 0.5820866054958768 0.007687462700737847 0.010158001935040508
0 0.4289797253078884 0.7910730432581019 0.008418401082356771 0.01256759078414352
0 0.7081423017713759 0.39006106058756507 0.008930375840928819 0.012687202736183449
0 0.5331882688734266 0.15850073496500652 0.007449976603190103 0.0098314779776114
0 0.33141491148206925 0.582260583948206 0.008636326260036893 0.011713889793113426
0 0.5840590159098307 0.41495700412326386 0.008564588758680556 0.011887048791956019
0 0.3665580537584093 0.3123003076623987 0.009003406100802951 0.011758987991898149
0 0.25407410727606883 0.6088625024866176 0.008429527282714844 0.011569157353153937
0 0.46438526577419703 0.5436999850802952 0.008645545111762153 0.011071551287615743
0 0.5139323764377169 0.6894176341869214 0.006778632269965278 0.008688806604456019
0 0.5977031283908419 0.6572401258680556 0.00810301038953993 0.010877256040219907
0 0.49327432844373914 0.36088470176414206 0.008145777384440105 0.011595069037543402
0 0.3299171129862468 0.5290775157787181 0.00790716807047526 0.010350262677228009
0 0.681893641822918 0.5357322202216575 0.007067659166124131 0.009256772641782407
0 0.5503928926255969 0.8014567622432002 0.007613415188259549 0.009845874927662037
0 0.7643961588541666 0.315898358380353 0.008476087782118056 0.012389062952112269
0 0.6372688717312283 0.28348477681477857 0.008828481038411459 0.011012465865523726
0 0.5221583896213108 0.6703877201786748 0.007213083902994791 0.010819611725983795
0 0.4005002551608615 0.23787066848189745 0.006823518541124131 0.009906076501916956
0 0.4044513914320204 0.3183849334716797 0.006964747111002604 0.008672445791739005
0 0.3087747573852539 0.3552811234085648 0.007656224568684897 0.011762491861979167
0 0.35588584476047097 0.21415935092502167 0.009053675333658855 0.01239423398618345
0 0.4353339725070529 0.5653619271737558 0.007917022705078125 0.010349980107060185
0 0.5323007159762912 0.45368352819372115 0.007444296942816841 0.008953348795572916
0 0.46041598849826393 0.1744800496984411 0.00715179443359375 0.010770063047055845
0 0.31319150924682615 0.4552667688440393 0.00825400882297092 0.010071478949652778
0 0.5804206848144532 0.15779847745542172 0.008936140272352431 0.01352879559552228
0 0.7089585622151694 0.27254084834346065 0.00763337877061632 0.010593273021556713
0 0.7750128004286024 0.5065398322211372 0.0075042724609375 0.010024741843894675
0 0.46732758416069875 0.658772588659216 0.008312649197048612 0.011722988552517362
0 0.740055889553494 0.4534258242006656 0.009687042236328125 0.012772736725983795
0 0.6876527150472005 0.6665571142126012 0.00875091552734375 0.011544291178385417
0 0.5710223303900824 0.16067230789749712 0.007690090603298611 0.011397891574435763
0 0.6321013132731119 0.4572984483506945 0.007239871554904515 0.011280370641637732
0 0.27542108959621847 0.6473853782371237 0.010791926913791232 0.013302047164351854
0 0.736354955037435 0.6619279649522569 0.008836110432942709 0.012112087673611112
0 0.33972971174452044 0.7438036600748696 0.007960001627604166 0.011852857801649306
0 0.6448695924546983 0.325550870542173 0.009449979994032118 0.011643925419560185
0 0.3738491482204861 0.7048185277868201 0.006910112169053819 0.009556240505642362
0 0.22941204114986616 0.4762157862565351 0.008942561679416233 0.011312583640769676
0 0.3217431386311849 0.3092965161358869 0.008014551798502604 0.011581562183521412
0 0.5032122506035699 0.5840799119737413 0.0075037214491102434 0.010760102448640046
0 0.3136873775058322 0.2550861499927662 0.009007708231608073 0.011453981752748843
0 0.6905051125420464 0.7919141698766639 0.008305570814344618 0.011645677354600694
0 0.6408661524454752 0.7840619970251014 0.007757949829101563 0.010331160933883102
0 0.6811362081224291 0.40245919741177394 0.008700052897135416 0.010588101987485532
0 0.4925575680202908 0.43401062576859084 0.008061303032769097 0.010440402560763888
0 0.27638893127441405 0.3000813095657914 0.009464263916015625 0.013522028040002894
0 0.4370384004380968 0.17415033976236977 0.006937959459092881 0.00874351218894676
0 0.5995483186509873 0.19296555695710357 0.007128948635525174 0.01084156742802373
0 0.778394063313802 0.6012021100079571 0.009440951877170138 0.012791386357060185
0 0.4423090828789606 0.3573744738543475 0.00794207255045573 0.010891186749493636
0 0.38740132649739584 0.367876151756004 0.008956993950737848 0.011815275969328704
0 0.6676581064860025 0.2672040444833261 0.008846876356336806 0.01101014879014757
0 0.6167958365546332 0.14370910503246165 0.008484183417426214 0.010721319693106192
0 0.6776209089491103 0.24082592858208549 0.007767571343315972 0.010334396362304687
0 0.6960531022813585 0.5152133800365307 0.007668389214409722 0.009602695041232638
0 0.6261467827690973 0.4414843100088614 0.00735897488064236 0.01005460951063368
0 0.43449810875786665 0.5095170480233652 0.00850478278266059 0.011121227123119214
0 0.5619063271416558 0.790898867006655 0.00858777364095052 0.012262980143229164
0 0.43043857150607645 0.48562271683304403 0.008031633165147569 0.01068363896122685
0 0.5468051486545139 0.1625035179985894 0.008976660834418403 0.010343311451099537
0 0.5139421463012696 0.5625290199562355 0.008510038587782117 0.012426023130063657
0 0.5567432403564453 0.6938509340639467 0.008499823676215278 0.01217052318431713
0 0.6087180031670464 0.21411348978678388 0.007734807332356771 0.011678342466001157
0 0.575272348192003 0.3463261639630353 0.00841933356391059 0.010973103841145833
0 0.6074260923597548 0.8128484655309607 0.007799063788519966 0.009764494719328705
0 0.48352296617296014 0.29878955417209196 0.007400343153211805 0.009678875958478009
0 0.2688441064622667 0.5689094543457032 0.009455850389268662 0.012535773383246528
0 0.5857820722791883 0.2874240592673973 0.007131788465711806 0.00955728601526331
0 0.5629041883680556 0.33287480672200515 0.008166419135199653 0.011481221516927083
0 0.5265498903062609 0.37890722486707895 0.00849961174858941 0.01090983638057002
0 0.40893446604410805 0.46034239309805414 0.008424419826931423 0.010868976734302663
0 0.7738082038031684 0.4403228053340205 0.008326212565104166 0.01140359949182581
0 0.5705966737535264 0.2426431161385995 0.007225163777669272 0.010533311631944445
0 0.6371108584933811 0.7491328486689816 0.008329603407118056 0.011198481807002315
0 0.6875665876600477 0.37942911783854166 0.00679355197482639 0.010205304181134259
0 0.35940483940972223 0.6568446971752024 0.008146497938368056 0.011131230107060186
0 0.6313777923583984 0.8307557000054254 0.009162224663628472 0.011621941460503472
0 0.5419932683308919 0.5088091532389324 0.00782542758517795 0.010895397044994213
0 0.4854081259833442 0.8438546922471787 0.007948091295030381 0.010702232078269676
0 0.6906492233276367 0.7276093942147714 0.007554499308268229 0.009348720974392362
0 0.6114696714613173 0.3207354368986907 0.009458202785915798 0.011888715955946181
0 0.42968402438693576 0.36931895503291373 0.007739173041449653 0.010585530598958332
0 0.3968936920166015 0.4188568539089627 0.008647833930121527 0.010899776882595486
0 0.5306814617580838 0.23868683002613206 0.00795885721842448 0.01048571268717448
0 0.27914237421892485 0.7106064700240858 0.006600125630696614 0.0092926025390625
0 0.7211797926161024 0.5798698707863136 0.00894894070095486 0.010654025607638888
0 0.5260817845662435 0.8138208742494936 0.008297941419813368 0.010056841814959493
0 0.7298094007703994 0.5957469798900462 0.008654106987847222 0.011653758861400463
0 0.4766909705268012 0.7313682273582175 0.008017222086588541 0.01043136031539352
0 0.7084751553005643 0.4150761639630353 0.0074371337890625 0.010953549985532407
0 0.5060482237074111 0.30944610878273293 0.006452814737955729 0.008955242015697338
0 0.7255405426025391 0.47686783119484233 0.007310909695095486 0.010940919099030671
0 0.4735708448621962 0.8321962427209926 0.00811191134982639 0.011124617965133102
0 0.3115412924024794 0.5760731449833623 0.00760750240749783 0.010633454499421298
0 0.5956946267022026 0.2491964128282335 0.007845518324110243 0.010385499177155673
0 0.7225579579671223 0.6167483859592013 0.00981199476453993 0.011246292679398149
0 0.28889294730292425 0.29454811943901915 0.008322376675075955 0.010643457483362269
0 0.5537538952297635 0.28356132507324217 0.007390636867947048 0.009962661178023727
0 0.5848559273613824 0.7225285282841435 0.009348678588867187 0.0135650634765625
0 0.5029410051669901 0.2952620516489729 0.008104154798719619 0.00971832275390625
0 0.7415868547227648 0.26754907678674766 0.009188927544487847 0.011789449055989583
0 0.6065604315863715 0.6099000718858506 0.007675594753689235 0.01109992133246528
0 0.2411988257382156 0.3850843818502638 0.007947623369398756 0.011656514275118254
0 0.2773605120689801 0.40574820261070066 0.007152861032458872 0.007417781811438857
0 0.277956583821685 0.5000599999275663 0.007550242200928814 0.009537148043278662
0 0.28292384842755924 0.5016495246014459 0.008742385706338708 0.011656514275118254
0 0.3331925662390065 0.5180746128982033 0.008345004537868732 0.009537148043278662
0 0.3639896067954268 0.5072128609600252 0.006358098695519061 0.010066989601238347
0 0.36240008212154706 0.5003249207065461 0.0071528610324588715 0.009007306485318622
0 0.33696768733947097 0.4833699908518288 0.007947623369398827 0.01006698960123849
0 0.35465114933638325 0.4473407649105543 0.008345004537868732 0.01006698960123849
0 0.34292840486652004 0.43303504284563643 0.009537148043278591 0.011126672717158358
0 0.3880311674878581 0.40866233117948025 0.009139766874808615 0.014305722064917816
0 0.4772432398093595 0.3985953415782418 0.007947623369398756 0.01324603894899795
0 0.4587650154755073 0.41131153896927986 0.0051659551901091305 0.01006698960123849
0 0.46373228008138156 0.4144905883170393 0.007152861032458801 0.010066989601238419
0 0.2960374269870672 0.5702640063572555 0.00794762336939879 0.011126672717158427
0 0.35027995648321386 0.5779467089476743 0.008345004537868732 0.012716197391037909
0 0.4051185577320655 0.5443017700172195 0.005165955190109202 0.01006698960123849
0 0.40770153532712006 0.547215898585999 0.004768574021639296 0.009537148043278378
0 0.4267758314136772 0.5424473245643597 0.007152861032458872 0.011656514275118254
0 0.43214047718802134 0.5403279583325201 0.006755479863988967 0.008477464927358725
0 0.4909528901215724 0.5933121141285119 0.009139766874808544 0.011656514275118112
0 0.4577715625543325 0.6232481621532472 0.00635809869551892 0.007947623369398827
0 0.46134799307056185 0.6341099140914257 0.0071528610324589435 0.010596831159198317
0 0.5048612310180203 0.46085172463853225 0.009934529211748427 0.011656514275118254
0 0.5187695719144682 0.4462810817946344 0.005960717527049084 0.009007306485318622
0 0.5193656436671731 0.5186044544561633 0.007947623369398756 0.011656514275118254
0 0.454393822622338 0.43700885453033583 0.005960717527049013 0.008477464927358654
0 0.44624750866870405 0.44522139867871446 0.007152861032458943 0.010066989601238419
0 0.4484331050952889 0.45157949737423364 0.006755479863988967 0.010066989601238419
0 0.46750740118184597 0.45051981425831383 0.006755479863988896 0.01006698960123849
0 0.39955522137348637 0.5763571842737946 0.009139766874808615 0.011656514275118183
0 0.41882820804427845 0.3776666000388249 0.009537148043278591 0.00953714804327852
0 0.41564915869651897 0.3691891351114663 0.0071528610324589435 0.015895246738797653
0 0.3699503243224758 0.3675996104375865 0.00953714804327852 0.011656514275118183
0 0.336570306171001 0.35753262083634807 0.008742385706338639 0.00953714804327852
0 0.3310069698124218 0.3466708688981697 0.0071528610324589435 0.009007306485318693
0 0.33637161558676604 0.34455150266633 0.007550242200928778 0.007947623369398756
0 0.3258410146223126 0.2754071793525606 0.00953714804327852 0.012716197391038015
0 0.39081283566714764 0.22772143913616794 0.009139766874808544 0.012716197391038015
0 0.40412510481089065 0.22136334044064887 0.008742385706338639 0.013775880506957883
0 0.4110792752591146 0.22904604303106774 0.009139766874808686 0.014305722064917816
0 0.3622013915373121 0.17791633268793552 0.006755479863988967 0.01165651427511822
0 0.42856404667179193 0.16599489763383737 0.005960717527049155 0.009007306485318622
0 0.4619440648232668 0.22215810277758877 0.008345004537868732 0.01324603894899802
0 0.48638300668416806 0.19169221319489346 0.007947623369398756 0.01165651427511822
0 0.5263198141153969 0.1866587183942742 0.007550242200928636 0.011126672717158287
0 0.565263168625451 0.26878415987806165 0.007550242200928778 0.012186355833078153
0 0.5694356708943853 0.2682543183201017 0.006358098695519132 0.010066989601238419
0 0.5740055543317897 0.2695789222150015 0.007550242200928921 0.009537148043278557
0 0.5946693750922265 0.23858319107434625 0.009934529211748427 0.013246038948997984
0 0.5807610341957787 0.37157342212228583 0.009139766874808686 0.015365405180837684
0 0.5026756345914355 0.2854741689537991 0.005563336358579108 0.00847746492735876
0 0.49552277355897656 0.2658700313092821 0.00635809869551899 0.009537148043278557
0 0.4889659842792227 0.27275797156276105 0.007550242200928778 0.010596831159198317
0 0.4889659842792227 0.24070255730618595 0.005960717527049013 0.009007306485318622
0 0.49293979596392207 0.24282192353802562 0.005960717527049084 0.009007306485318622
0 0.4945293206378018 0.25898209105580317 0.007550242200928707 0.011656514275118183
0 0.4776406209778294 0.24361668587496546 0.007947623369398827 0.013775880506957883
0 0.47326942812466 0.27408257545766085 0.008742385706338708 0.012186355833078118
0 0.41882820804427845 0.3140856130836347 0.007947623369398827 0.011656514275118149
0 0.4277692843348521 0.3132908507466948 0.00834500453786866 0.010066989601238419
0 0.4357169077042508 0.3254772065797729 0.00834500453786866 0.010066989601238419
0 0.43452476419884095 0.3101118013989353 0.0051659551901091305 0.011126672717158287
0 0.43631297945695563 0.29925004946075695 0.0071528610324589435 0.010596831159198352
0 0.43313393010919626 0.29395163388115775 0.0047685740216392245 0.008477464927358618
0 0.4303522619299066 0.2822951196060396 0.00953714804327852 0.013775880506957883
0 0.4251863067397974 0.2666647936462219 0.011921435054098097 0.009007306485318622
0 0.41882820804427845 0.29686576244993734 0.006358098695519061 0.00900730648531855
0 0.5630775721988662 0.12519709767092363 0.00953714804327852 0.012186355833078135
0 0.6320232049284008 0.20573301448083128 0.007550242200928778 0.01112667271715825
0 0.6326192766811057 0.1969906287744926 0.007152861032458801 0.010596831159198388
0 0.6379839224554499 0.19752047033245254 0.006755479863989038 0.00953714804327852
0 0.6497066669253132 0.19248697553183333 0.007947623369398827 0.010066989601238453
0 0.6757351334600941 0.2552732001500837 0.008345004537868874 0.011656514275118254
0 0.6926238331200665 0.3342195922861116 0.010331910380218403 0.013775880506957917
0 0.6858683532560775 0.3254772065797729 0.009537148043278449 0.011126672717158358
0 0.7019622905791101 0.318589266326294 0.009934529211748498 0.013246038948997913
0 0.7297789723720058 0.3442865818873501 0.009139766874808686 0.016954929854717377
0 0.7840215018681524 0.3485253143510294 0.007947623369398684 0.012716197391038122
0 0.7844188830366224 0.3991251831362017 0.010331910380218403 0.014305722064917745
0 0.6783181110551487 0.4266769441501175 0.00874238570633878 0.012186355833078153
0 0.6715626311911598 0.4293261519399171 0.009537148043278449 0.011126672717158287
0 0.6697744159330449 0.4401879038780955 0.007550242200928921 0.008477464927358725
0 0.6640123889902309 0.44469155712075475 0.006358098695519061 0.011126672717158287
0 0.6721587029438646 0.4494601311423941 0.007550242200928921 0.012186355833078082
0 0.6177174828634829 0.42561726103419756 0.009139766874808686 0.01006698960123849
0 0.5767872225110793 0.46085172463853225 0.01072929154868838 0.013775880506957989
0 0.5644684062885111 0.48151554539896907 0.008345004537868732 0.010596831159198388
0 0.5563220923348774 0.4929071388951074 0.009537148043278378 0.00900730648531855
0 0.5475797066285387 0.4902579311053077 0.007947623369398969 0.011126672717158287
0 0.6518922633518978 0.49131761422122755 0.010729291548688309 0.010066989601238419
0 0.6967963353890008 0.5050934947281854 0.009139766874808544 0.014305722064917816
0 0.7520323178063225 0.4738328428085502 0.006755479863988967 0.012186355833078082
0 0.780643761936158 0.41899424155969867 0.005960717527049297 0.010596831159198388
0 0.7856110265420323 0.4187293207807187 0.007152861032458872 0.010066989601238419
0 0.650898810430723 0.4595271207436325 0.005563336358579249 0.011126672717158427
0 0.6459315458248486 0.46058680385955225 0.0067554798639891086 0.007947623369398827
0 0.6439446399824988 0.4661501402181314 0.008345004537868803 0.007417781811438928
0 0.5775819848480191 0.5236379492567826 0.010729291548688309 0.010066989601238419
0 0.5247302894415173 0.5276117609414821 0.007550242200928921 0.008477464927358796
0 0.5279093387892768 0.5313206518472015 0.008345004537868732 0.007417781811438928
0 0.5257237423626921 0.5358243050898609 0.0071528610324589435 0.007947623369398827
0 0.5257237423626921 0.5421824037853799 0.006358098695519062 0.007947623369398684
0 0.5742042449160247 0.5647006699986764 0.005563336358579179 0.010596831159198317
0 0.5811584153642486 0.5713236894731754 0.006755479863988967 0.01324603894899802
0 0.5857282988016529 0.5713236894731754 0.0071528610324589435 0.01006698960123856
0 0.5724160296579099 0.5750325803788948 0.008345004537868803 0.011126672717158358
0 0.5678461462205057 0.5837749660852335 0.00635809869551899 0.013775880506957777
0 0.5374464868325554 0.5790063920635942 0.006755479863988825 0.009537148043278591
0 0.6153331958526634 0.6447067452506241 0.0075502422009288495 0.011656514275118112
0 0.6212939133797124 0.6444418244716441 0.009139766874808615 0.011126672717158144
0 0.6650058419114058 0.6314607063016261 0.008345004537868732 0.00953714804327852
0 0.611756765336434 0.5355593843108808 0.010729291548688309 0.00953714804327852
0 0.6842788285821979 0.5141008012135042 0.00874238570633878 0.01006698960123849
0 0.7671328022081804 0.6004649751609709 0.009139766874808544 0.013246038948997878
0 0.7981285333488356 0.533969859637001 0.009934529211748639 0.009537148043278591
0 0.7722987573982895 0.638613567334085 0.00834500453786859 0.009007306485318622
0 0.7828293583627428 0.6372889634391852 0.009537148043278591 0.011656514275118112
0 0.7732922103194642 0.646296269924504 0.008742385706338496 0.01271619739103798
0 0.5153918319824736 0.6759673971702594 0.009537148043278449 0.011656514275118041
0 0.5235381459361074 0.6971610594886561 0.007550242200928778 0.009537148043278449
0 0.539830773843375 0.6953066140357964 0.008345004537868803 0.011126672717158358
0 0.5821518682854233 0.7159704347962332 0.007947623369398827 0.01006698960123856
0 0.6592438149685915 0.7223285334917523 0.007947623369398827 0.010066989601238419
0 0.6703704876857498 0.7400782256834094 0.007947623369398827 0.009537148043278449
0 0.7617681564338358 0.6852396244345579 0.011126672717158358 0.01324603894899795
0 0.754615295401377 0.6934521685829367 0.010331910380218403 0.01271619739103798
0 0.7446807661896285 0.7135861477854135 0.007947623369398684 0.010596831159198388
0 0.7301763535404754 0.747760928273828 0.006755479863988967 0.010066989601238419
0 0.7287855194508309 0.7554436308642472 0.007152861032458872 0.012716197391038122
0 0.7256064701030716 0.7440520373681088 0.007947623369398684 0.010066989601238419
0 0.6338114201865155 0.7710739568240647 0.007947623369398827 0.01324603894899795
0 0.5805623436115437 0.8648559125829703 0.010331910380218403 0.009007306485318622
0 0.5817544871169535 0.8717438528364494 0.00953714804327852 0.007947623369398827
0 0.5340687469005607 0.8696244866046097 0.011126672717158287 0.011126672717158215
0 0.5370491056640853 0.7999503217328803 0.009934529211748568 0.011656514275118325
0 0.552149590065943 0.7808760256463232 0.007550242200928778 0.009537148043278591
0 0.4647257330025563 0.7655106204654857 0.009934529211748427 0.013775880506957917
0 0.43353131127766614 0.7721336399399845 0.00953714804327852 0.014305722064917745
0 0.39876045903654644 0.7702791944871248 0.011524053885628192 0.011656514275118183
0 0.4625401365759717 0.8155806476926979 0.011126672717158215 0.012186355833078153
0 0.4828065761679386 0.8092225489971788 0.008742385706338639 0.012186355833078153
0 0.4822105044152337 0.7745179269508041 0.009139766874808686 0.010596831159198246
0 0.5807610341957786 0.7829953918781629 0.011524053885628263 0.012716197391038122
0 0.4339286924461361 0.6727883478224997 0.009537148043278591 0.012716197391038122
0 0.40273427072124585 0.7196793257019527 0.008345004537868732 0.010066989601238419
0 0.3918062885883225 0.7207390088178726 0.009537148043278591 0.010066989601238276
0 0.35922103277378753 0.6884186737823174 0.008742385706338708 0.011126672717158215
0 0.35107471882015373 0.6719935854855599 0.009934529211748498 0.009007306485318622
0 0.3407428084399353 0.6767621595071992 0.008345004537868732 0.010066989601238419
0 0.33219911331783164 0.6987505841625358 0.006358098695519061 0.01271619739103798
0 0.3029915974352911 0.6473559530404236 0.010729291548688345 0.010596831159198388
0 0.39041545449867776 0.6725234270435198 0.008345004537868732 0.00900730648531848
