0 0.39013307094573973 0.7444922129313152 0.010918140411376953 0.014871978759765625
0 0.4198922634124756 0.344454018274943 0.00910329818725586 0.012244510650634765
0 0.6237549781799318 0.30544678370157874 0.008463287353515625 0.01045818328857422
0 0.5050521612167358 0.18281965255737304 0.009130334854125977 0.012597052256266277
0 0.3952421903610229 0.30964593887329106 0.01059880256652832 0.015105056762695312
0 0.37444703578948973 0.2953597227732341 0.00914454460144043 0.012372430165608723
0 0.4023574471473694 0.20981908639272054 0.008618807792663575 0.011466042200724285
0 0.5025919675827026 0.7677229245503743 0.009377336502075196 0.013214429219563804
0 0.3823376655578613 0.42757771809895834 0.010058736801147461 0.012370363871256512
0 0.4804173707962036 0.19522608121236168 0.010362958908081055 0.013135178883870441
0 0.446081805229187 0.30390804608662925 0.00975489616394043 0.012898095448811849
0 0.3375092625617981 0.2216232379277547 0.009160780906677246 0.012447404861450195
0 0.4291751623153687 0.5043876489003499 0.008865880966186523 0.010930919647216797
0 0.3782498002052307 0.6165202776590983 0.009151101112365723 0.011490313212076823
0 0.36346290111541746 0.23333485921223956 0.009307670593261718 0.012133185068766277
0 0.5202740430831908 0.20564361413319904 0.009393548965454102 0.012734015782674156
0 0.376094663143158 0.345944865544637 0.009432196617126465 0.011954593658447265
0 0.7186368703842163 0.4084454695383708 0.00858321189880371 0.011425940195719402
0 0.3096209645271301 0.6275948842366535 0.0084824800491333 0.011970901489257812
0 0.28322385549545287 0.5934091885884603 0.009559416770935058 0.012206459045410156
0 0.44820375442504884 0.4906738122304281 0.008424663543701172 0.011951414744059245
0 0.2685707569122314 0.633238697052002 0.009499025344848634 0.012047894795735677
0 0.3265382170677185 0.5130992889404297 0.00942089557647705 0.0136172612508138
0 0.4486746549606323 0.2668668508529663 0.00874314308166504 0.01189885139465332
0 0.32775514125823973 0.3138733386993408 0.008396291732788086 0.012239424387613933
0 0.528985857963562 0.6764173825581868 0.009548711776733398 0.013132540384928386
0 0.42749502658843996 0.21195587317148842 0.009334707260131836 0.011908260981241862
0 0.40006295442581175 0.544767951965332 0.008789706230163574 0.01107800801595052
0 0.3840953230857849 0.17449015776316323 0.00847322940826416 0.011287736892700195
0 0.3459810972213745 0.24960699081420898 0.009984207153320313 0.012914689381917317
0 0.6890059471130371 0.4345576763153076 0.009409618377685548 0.012590376536051433
0 0.6150918006896972 0.4825995922088623 0.00778493881225586 0.010525353749593099
0 0.7267575979232788 0.5923369725545247 0.008585023880004882 0.011579259236653644
0 0.24195073843002318 0.5387138207753499 0.009447407722473145 0.012503465016682945
0 0.35479209423065183 0.18826982975006104 0.008446741104125976 0.011942593256632487
0 0.517701816558838 0.7074493726094565 0.009631919860839843 0.01245530446370443
0 0.6758099317550659 0.2755083243052165 0.010650205612182616 0.013155905405680339
0 0.5349809408187866 0.4084137280782064 0.007433843612670898 0.011009470621744793
0 0.6454087495803833 0.6089353561401367 0.009000444412231445 0.01222101847330729
0 0.7399383783340454 0.4427378177642822 0.00968155860900879 0.012936623891194661
0 0.450888466835022 0.5609543800354003 0.008163881301879884 0.011410840352376302
0 0.6385294437408447 0.3142040888468425 0.00930614471435547 0.011961110432942708
0 0.7058786392211914 0.49426277478535974 0.008240604400634765 0.012444782257080077
0 0.5206478798824467 0.4617490290247922 0.008439970016479493 0.011759440104166664
0 0.6498906135559082 0.3441527048746745 0.00920724868774414 0.011034011840820312
0 0.589752459526062 0.39921305974324545 0.008192014694213868 0.010980224609375
0 0.6720537900924682 0.711528746287028 0.009255456924438476 0.012281735738118492
0 0.26801686286926274 0.5125563780466715 0.00926666259765625 0.012086264292399089
0 0.6377340078353881 0.571538511912028 0.009029531478881836 0.011585044860839843
0 0.5842211099730952 0.17678987398414264 0.00869140625 0.010621134440104167
0 0.33982410430908205 0.7092046737670898 0.009476041793823243 0.0130157470703125
0 0.7340075016021729 0.3752260526021322 0.008858585357666015 0.011934725443522136
0 0.5774546623229981 0.35822180112202956 0.008223628997802735 0.011238956451416015
0 0.4048003515281517 0.7714064298295387 0.014151668548583985 0.01675097147623698
0 0.7008086204528808 0.510016918182373 0.006805133819580078 0.010000228881835938
0 0.6649045467376709 0.5576729456583659 0.009189701080322266 0.012339274088541664
0 0.41805210113525393 0.5367202758789062 0.008251571655273437 0.011587270100911458
0 0.5880276441574097 0.718956152598063 0.009218358993530273 0.011898485819498698
0 0.48891971111297605 0.8089649518330893 0.00772700309753418 0.0105960210164388
0 0.7065636396408081 0.7037492434183755 0.009787511825561524 0.0126736323038737
0 0.4772253751754761 0.6132284164428711 0.008925199508666992 0.01249224344889323
0 0.3524905562400818 0.2946105162302653 0.009467864036560058 0.013069820404052735
0 0.5612578153610229 0.8039967854817708 0.007761240005493164 0.010340372721354164
0 0.43387354085948876 0.3300758496273026 0.01002812385559082 0.0135986328125
0 0.6996061325073242 0.6032851854960124 0.007345390319824219 0.009029833475748698
0 0.6946789503097535 0.4850330034891764 0.009274530410766601 0.012486966451009114
0 0.3176178336143494 0.227258563041687 0.009161067008972169 0.012384621302286784
0 0.3335333466529846 0.4824702739715577 0.010017752647399902 0.012972990671793617
0 0.4388799428939819 0.33327714602152503 0.009097909927368164 0.011585076649983726
0 0.5816138029098511 0.29025861422220867 0.00852189064025879 0.01179971694946289
0 0.7399154901504517 0.39112923940022787 0.009069681167602539 0.011711311340332032
0 0.536339545249939 0.34887563387552895 0.009385347366333008 0.012426026662190755
0 0.39469733238220217 0.5912109375 0.00767664909362793 0.010156885782877606
0 0.6110508485331846 0.4321211473580637 0.008867183098089555 0.009633482871998566
0 0.6238590018970918 0.42117400773079267 0.006239869587544575 0.010509254042180274
0 0.6926617744544903 0.38264007624279855 0.005254627021089959 0.007006169361453516
0 0.5617887202104649 0.42423920682642857 0.00821035472045331 0.013136567552725253
0 0.5251705381572432 0.4393462595120626 0.013793395930361498 0.011822910797452835
0 0.5552204364341021 0.5262665481525947 0.0055830412099081884 0.012260796382543475
0 0.5076003790554732 0.4872947310795098 0.007553526342816923 0.010509254042180203
0 0.5018531307511559 0.49189252972296366 0.007881940531635151 0.0126986819676344
0 0.5190948756641077 0.5610784521673168 0.007553526342816994 0.01357445313781625
0 0.6284568005405455 0.3642488816689832 0.008210354720453238 0.01138502521236191
0 0.5716411458750088 0.18143164989355662 0.006239869587544646 0.009195597286907678
0 0.4369913284595748 0.23682417640754813 0.00558304120990826 0.01138502521236191
0 0.43978284906452897 0.23769994757772983 0.005254627021090173 0.0070061693614534805
0 0.3739358042064936 0.15472062920301524 0.011494496608634606 0.011822910797452728
0 0.2813230029597804 0.2549964281888181 0.009524011475725836 0.008319826116725935
0 0.3670391062413128 0.371473993822982 0.011494496608634606 0.010947139627271056
0 0.4420817483862558 0.37016033706770957 0.010509254042180203 0.011822910797452693
0 0.3075961380652309 0.3294369776542612 0.00755352634281703 0.009195597286907713
0 0.3072677238764128 0.33994623169644145 0.006239869587544505 0.01007136845708935
0 0.35012577551717894 0.36731408076461913 0.0059114553987263466 0.010509254042180203
0 0.3302567170936821 0.3883325888489794 0.00558304120990826 0.00875771170181686
0 0.35242467483890594 0.44525771491078897 0.011822910797452764 0.011385025212361838
0 0.41630123456403256 0.46802776533551266 0.00821035472045331 0.010509254042180132
0 0.4084192940323973 0.4809453900956926 0.010180839853362045 0.011822910797452693
0 0.4612939784321165 0.39884184289115976 0.007553526342816994 0.009633482871998566
0 0.45735300816629904 0.40059338523152305 0.004926212832271872 0.007006169361453516
0 0.4525910024284361 0.4021259847793409 0.006568283776362591 0.008319826116725935
0 0.44224595548066487 0.4014691564017048 0.00689669796518082 0.009633482871998424
0 0.33551134411477224 0.5367758021947749 0.006239869587544505 0.007881940531635151
0 0.3979100399902171 0.5050290972756889 0.006239869587544505 0.008319826116725935
0 0.3944616910076268 0.49955552746205334 0.0052546270210901014 0.007006169361453374
0 0.3603066153705411 0.572682420172224 0.008538768909271396 0.0078819405316354
0 0.29478798470132384 0.5468471706518643 0.007553526342816994 0.011385025212361838
0 0.25110889758851235 0.6236960908353071 0.006239869587544505 0.014450224307997672
0 0.3410943853246804 0.6703309056474818 0.007553526342817065 0.010509254042180203
0 0.48986601285929404 0.6979176975082048 0.008867183098089555 0.010509254042180203
0 0.5077645861498822 0.6276370611011246 0.014450224307997814 0.011822910797452693
0 0.5851061276165522 0.5853811021398585 0.00821035472045331 0.00875771170181693
0 0.592002825581733 0.6201930061545804 0.0055830412099081884 0.011822910797452764
0 0.49659850373006575 0.6865326722958429 0.007881940531635222 0.009633482871998495
0 0.4987331959573836 0.6970419263380232 0.0062398695875444336 0.010509254042180203
0 0.5025099591287921 0.6941956700349327 0.007225112153999049 0.014450224307997814
0 0.5412628334093317 0.7863705856965549 0.009852425664543887 0.010509254042180203
0 0.49725533210770195 0.7986313820790987 0.009195597286907713 0.012260796382543617
0 0.5292757155174698 0.833662228886366 0.0095240114757258 0.013136567552725182
0 0.7210696017872587 0.6836864159927524 0.007553526342816923 0.013574453137816108
0 0.6601487697614953 0.6396789146911229 0.0059114553987262754 0.009633482871998424
0 0.6250084515579551 0.5864758161025856 0.00788194053163501 0.010947139627270985
