0 0.36590518951416007 0.6095527083785446 0.00860243903266059 0.011570287633825232
0 0.3492915683322482 0.7949878833912039 0.009235170152452257 0.011958369502314815
0 0.37548048231336806 0.5302981906467014 0.008622063530815972 0.01075778537326389
0 0.2901803652445475 0.6755434106897426 0.008279312981499566 0.011494106716579862
0 0.5420557445949978 0.20828481603551793 0.009696918063693577 0.01215433191370081
0 0.33939014010959206 0.8113984849717881 0.009865781995985243 0.013443558304398149
0 0.6609942542182075 0.33507998431170427 0.008415052625868056 0.011626632125289351
0 0.6308135774400498 0.38391332273130063 0.00905749003092448 0.012189879240813077
0 0.5403685039944118 0.2309213708948206 0.00764783223470052 0.009861359772858796
0 0.3936150656806097 0.3580952397099248 0.008333121405707465 0.011046741626880787
0 0.3578853501213921 0.519552273220486 0.008041233486599393 0.010594346788194445
0 0.6777193705240885 0.3274520026312934 0.009402381049262153 0.01332244873046875
0 0.4652329126993815 0.5784429479528357 0.009453540378146701 0.012326275860821759
0 0.3557363404168023 0.3287214491102431 0.008735805087619357 0.01173203079788773
0 0.6967402988009984 0.2565819351761429 0.008767869737413194 0.012057777687355324
0 0.47486968570285376 0.45865036293312356 0.00880419413248698 0.01107694837782118
0 0.7061909993489582 0.8295210379141348 0.010043674045138888 0.013824067292390047
0 0.44892306857638886 0.8249905056423611 0.008493211534288194 0.012389232494212962
0 0.6908582475450303 0.5913570827907986 0.008898162841796875 0.011827596028645833
0 0.6499524646335177 0.6737724869339554 0.009086312188042536 0.01292865894458912
0 0.7434107038709851 0.5056590327510126 0.009430185953776041 0.011897899486400463
0 0.45506856706407334 0.4809414616337529 0.008829879760742187 0.011130721480758101
0 0.7077127032809788 0.3678486435501664 0.007636049058702256 0.01051226015444155
0 0.3217848141988118 0.6615328188295717 0.007942771911621094 0.011061717845775462
0 0.6260422388712565 0.5527513574670863 0.007902908325195312 0.010189988878038195
0 0.5684108734130859 0.6460846229835792 0.007872263590494791 0.010759311252170138
0 0.2397842174470239 0.5243630591463259 0.007121891445583768 0.010399542914496528
0 0.5233739852905274 0.2100198392514829 0.008443069458007813 0.011244032118055556
0 0.3734213299221462 0.8536936159487124 0.00898755391438802 0.011243636519820601
0 0.45600482092963324 0.8995532283076533 0.008093219333224827 0.011382095902054398
0 0.4692607243855795 0.7073749400951245 0.008391189575195312 0.011445391619646993
0 0.722672102186415 0.3186325638382523 0.010019599066840277 0.013988071017795138
0 0.38564588758680557 0.4022309903745298 0.008938259548611112 0.012305733009620949
0 0.45042601691351997 0.8902041399920428 0.007547166612413194 0.009606255425347222
0 0.563405884636773 0.5422624093514901 0.008010313245985242 0.010742357042100694
0 0.3402153862847222 0.44346730267560047 0.007535383436414931 0.009594867847583913
0 0.598282962375217 0.5576993023907697 0.007455613878038194 0.009431287977430555
0 0.252004591623942 0.4411247959843388 0.007290416293674046 0.010096429895471644
0 0.33393487666503785 0.45064580610836197 0.00778297848171658 0.01050652398003472
0 0.3782091988457574 0.8032063236942997 0.00899492899576823 0.011872242115162038
0 0.5436948564317491 0.5768727337872541 0.00753385755750868 0.010011630588107638
0 0.4938711166381836 0.6695397271050347 0.008280563354492187 0.010600676359953704
0 0.6807008955213759 0.5661516542787904 0.007963392469618056 0.009845309787326388
0 0.5437684588962132 0.3970177544487848 0.007918590969509549 0.011176610876012731
0 0.4456071217854818 0.8603585984971788 0.00885467529296875 0.011510043674045138
0 0.34908225801255965 0.5834073667173033 0.006851895650227865 0.008991947880497685
0 0.6775694741143121 0.4540866710521557 0.008720948961046008 0.011585942021122685
0 0.43429662916395395 0.19236043294270835 0.008643680148654513 0.011541493733723958
0 0.5387198554144965 0.8370157595034 0.008433871799045138 0.010403498896846063
0 0.4863041983710395 0.25892034459997104 0.007253731621636284 0.01003350151909722
0 0.5763749440511068 0.8718210290979456 0.009138912624782987 0.012543854890046295
0 0.30618531968858503 0.41595155221444585 0.009654447767469617 0.012044638174551505
0 0.4860913806491428 0.5698750531231915 0.008263270060221354 0.01047504566333912
0 0.5661115222507053 0.4795780605740017 0.008724000718858507 0.010699632432725694
0 0.43353424072265623 0.4673295480233651 0.00788116455078125 0.008372158474392362
0 0.35731434292263453 0.4588030355947989 0.006847381591796875 0.009406393545645255
0 0.3484875127029776 0.7596528523692581 0.009825735477859737 0.01615101997373059
0 0.31185381147596575 0.589081714771412 0.007024976942274306 0.010073061342592593
0 0.4222809261745876 0.8444863496003329 0.008709632025824653 0.012326445402922454
0 0.374716673956977 0.4972800925925926 0.006652281019422743 0.009383024992766205
0 0.23930626975165473 0.6676015783239293 0.0094288084242079 0.012705485026041664
0 0.2409424887763129 0.6414482681839554 0.009938897026909723 0.012607998318142362
0 0.259835688273112 0.581127279776114 0.009767320421006944 0.013338837800202546
0 0.7435065375434027 0.3461974673800998 0.008612738715277778 0.010729669641565394
0 0.42066158718532987 0.34608648794668695 0.006409708658854167 0.008381313747829862
0 0.32233893076578773 0.6955727753815828 0.008902655707465278 0.012624387387876157
0 0.7191425323486328 0.5884069089536313 0.007200368245442709 0.010765753851996528
0 0.3516327640479798 0.549114636569215 0.010313834028999196 0.011580445225542989
0 0.3386361117963584 0.5774231253952827 0.008742385706338708 0.007947623369398756
0 0.32870158258461 0.5758336007214029 0.010331910380218332 0.012186355833078153
0 0.3521470715243364 0.5980869461557196 0.008742385706338639 0.011126672717158144
0 0.3426099234810579 0.6055047279671585 0.009537148043278591 0.01006698960123856
0 0.2728695284145835 0.66060824999499 0.006755479863989003 0.01218635583307801
0 0.26750488264023936 0.6595485668790702 0.0071528610324589435 0.009007306485318622
0 0.2591598781023706 0.672529685049088 0.008742385706338673 0.011656514275118325
0 0.35234576210857144 0.6635223785637695 0.0075502422009288495 0.009537148043278734
0 0.41870841724305125 0.6004712331665392 0.006755479863988967 0.008477464927358654
0 0.3783742286433524 0.581132016301002 0.010331910380218403 0.009007306485318693
0 0.3783742286433524 0.5766283630583429 0.0071528610324589435 0.008477464927358796
0 0.41811234549034637 0.5602032747615853 0.011921435054098239 0.018014612970637174
0 0.3708239864424236 0.44416797356836313 0.011126672717158287 0.013775880506957848
0 0.3775794663064126 0.4505260722638822 0.007947623369398756 0.011656514275118183
0 0.3857257802600463 0.46191766576002036 0.009934529211748498 0.010066989601238419
0 0.34717980691846223 0.4587386164122609 0.010729291548688237 0.012186355833078153
0 0.2514109453172068 0.5318567514107296 0.009934529211748498 0.01324603894899802
0 0.28260536704209704 0.59543773836592 0.007152861032458908 0.010066989601238419
0 0.3928786412925052 0.6213999747059559 0.006755479863989038 0.01324603894899802
0 0.3912891166186255 0.673324447386028 0.005165955190109273 0.007947623369398969
0 0.3964550718087347 0.673589368165008 0.005165955190109202 0.006358098695519061
0 0.2448541560374528 0.4897343475529161 0.006358098695519026 0.010596831159198388
0 0.2404829631842835 0.49026418911087605 0.006358098695519061 0.007417781811438786
0 0.28896346573761605 0.601530916282459 0.005563336358579143 0.00953714804327852
0 0.24068165376851852 0.4155565294385275 0.006755479863988932 0.009537148043278662
0 0.2396882008473436 0.43304130085120485 0.006358098695519026 0.008477464927358654
0 0.380758515654172 0.4242989151448662 0.008742385706338639 0.011126672717158358
0 0.3336688471904843 0.33687505808147955 0.009934529211748427 0.01642508829675748
0 0.39764721531414454 0.29952122824530525 0.009139766874808615 0.010596831159198352
0 0.3948655471348549 0.31064790096246353 0.0075502422009288495 0.010596831159198352
0 0.3827454214965217 0.29210344643386643 0.007152861032458872 0.008477464927358689
0 0.38512970850734135 0.2857453477383474 0.00635809869551899 0.007417781811438893
0 0.37618863221676774 0.2775328035899686 0.006755479863988967 0.009007306485318622
0 0.3587038608040905 0.2197800737723375 0.009139766874808615 0.011126672717158287
0 0.4272521123651549 0.41158271775382815 0.009537148043278662 0.012186355833078153
0 0.4475185519571218 0.4073439852901488 0.00635809869551899 0.010066989601238347
0 0.4403656909246628 0.39224350088829113 0.0071528610324588715 0.009537148043278591
0 0.4191057984115211 0.37184460090683413 0.009139766874808615 0.01006698960123849
0 0.5021584626217384 0.40125080737360974 0.006755479863989038 0.008477464927358654
0 0.5277895479880494 0.3835011151819524 0.00953714804327852 0.01324603894899795
0 0.5357371713574482 0.4576789332963411 0.008742385706338708 0.012186355833078153
0 0.5736870729463275 0.471189893024319 0.009139766874808544 0.012716197391038051
0 0.5067283460591426 0.27832756592690855 0.0071528610324588715 0.012716197391038051
0 0.5436847947268472 0.2968720204555057 0.009537148043278591 0.01483556362287768
0 0.5339489560993335 0.33184156328086034 0.010729291548688309 0.013775880506957848
0 0.5403070547948526 0.34270331521903863 0.007550242200928778 0.009007306485318622
0 0.4063896010204831 0.21527642052967821 0.011524053885628263 0.010596831159198388
0 0.5059335837222029 0.21792562831947776 0.008742385706338639 0.01165651427511822
0 0.5713027859355079 0.2266680140258165 0.0075502422009288495 0.011126672717158321
0 0.3966537623929696 0.21368689585579845 0.007947623369398756 0.010596831159198388
0 0.4020184081673138 0.20309006469660004 0.009139766874808544 0.009537148043278557
0 0.49818465093703906 0.2118324504029387 0.01072929154868838 0.010066989601238453
0 0.5081191801487875 0.17977703614636362 0.008345004537868732 0.007417781811438857
0 0.6007089924022833 0.21792562831947776 0.00834500453786866 0.010596831159198388
0 0.5897810102693599 0.2653464477568905 0.010331910380218403 0.012186355833078153
0 0.5868006515058356 0.3056144061618443 0.009139766874808615 0.011126672717158358
0 0.6130278086248514 0.34985617625149756 0.007550242200928921 0.010596831159198317
0 0.6144186427144963 0.4873500605420965 0.011126672717158287 0.007947623369398756
0 0.6080605440189772 0.4674810021185995 0.0071528610324589435 0.01589524673879758
0 0.6599187865043044 0.4107879554168882 0.008345004537868732 0.013775880506957917
0 0.7083992890576368 0.36071792818967585 0.006755479863988967 0.011126672717158358
0 0.747541334151926 0.3366101373024996 0.007152861032459015 0.011656514275118254
0 0.6795891543435664 0.4266832021556857 0.007947623369398827 0.01059683115919846
0 0.6531633066403153 0.40231049048952955 0.010729291548688309 0.014835563622877785
0 0.6505803290452608 0.40760890606912864 0.007152861032458872 0.008477464927358796
0 0.6682637910421729 0.288129634749167 0.008345004537868732 0.01006698960123849
0 0.7380041861086474 0.5342410384215494 0.008742385706338639 0.014835563622877643
0 0.7125717913265713 0.5413938994540082 0.009537148043278591 0.012186355833078295
0 0.7173403653482106 0.5355656423164491 0.009537148043278591 0.01324603894899802
0 0.7054189302941124 0.5835163033118218 0.00874238570633878 0.011656514275118254
0 0.5943508937067644 0.5790126500691625 0.009139766874808686 0.012186355833078153
0 0.5363332431101533 0.6065644110830782 0.009934529211748427 0.009007306485318622
0 0.5625604002291692 0.6823317538713468 0.00834500453786866 0.011126672717158358
0 0.6644886699417085 0.7408792460259177 0.008742385706338639 0.013775880506957777
0 0.6563423559880749 0.7366405135622384 0.007550242200928778 0.011656514275118183
0 0.674621889737692 0.7549200473118555 0.007550242200928921 0.012186355833078295
0 0.544082175895317 0.7506813148481761 0.00874238570633878 0.010066989601238276
0 0.7703907513389475 0.7305473356456993 0.009934529211748498 0.013246038948997807
0 0.7697946795862426 0.6584888837631503 0.010331910380218403 0.01642508829675734
0 0.7964192178737284 0.5591435916456655 0.011126672717158358 0.01589524673879751
0 0.7946310026156138 0.5708001059207837 0.009934529211748498 0.013775880506957917
0 0.8025786259850126 0.5774231253952827 0.008345004537868874 0.012186355833078153
0 0.8017838636480726 0.6110680643257376 0.008345004537868732 0.014835563622877856
0 0.6855498718706154 0.5514608890552466 0.00874238570633878 0.01218635583307801
0 0.5550101580282404 0.562587561772405 0.0075502422009288495 0.011126672717158358
0 0.5810386245630214 0.5623226409934251 0.008742385706338568 0.008477464927358796
0 0.642831396260097 0.6100083812098177 0.008345004537868803 0.008477464927358796
0 0.6529646160560805 0.6105382227677777 0.007947623369398827 0.01059683115919846
0 0.7521112175893302 0.6971673174942246 0.006755479863988967 0.012186355833078295
0 0.5718988576882128 0.6886898525668657 0.007947623369398827 0.010066989601238276
0 0.5879927950112454 0.7369054343412184 0.008345004537868803 0.014305722064917745
0 0.5526258710174207 0.621399974705956 0.0075502422009288495 0.011126672717158144
0 0.654752831314195 0.7726697395035128 0.009139766874808544 0.012716197391038122
0 0.6758140332431019 0.7755838680722925 0.012318816222568217 0.01324603894899795
0 0.5973312524702888 0.9141374354788112 0.009537148043278378 0.015895246738797653
0 0.5782569563837318 0.7734645018404527 0.008742385706338639 0.010066989601238419
0 0.5075231083960826 0.7777032343041321 0.0071528610324589435 0.011126672717158498
0 0.5413005077160274 0.8272434199733846 0.009537148043278591 0.010596831159198246
0 0.4969925074316292 0.8155869056982664 0.006755479863988967 0.014835563622877856
0 0.5007676285320936 0.8126727771294867 0.00635809869551899 0.014305722064917887
0 0.40797912569436284 0.8656569329254787 0.009139766874808544 0.012186355833078295
0 0.40678698218895304 0.9067196536673723 0.00834500453786866 0.011656514275118325
0 0.5206366869555906 0.8648621705885389 0.00635809869551899 0.014835563622877714
0 0.5053375119694979 0.7096185941062827 0.010729291548688309 0.012716197391038122
0 0.4795077360189519 0.700081446063004 0.0075502422009288495 0.011656514275118183
0 0.4391735474192531 0.6918689019146254 0.00953714804327852 0.012186355833078295
0 0.5031519155429133 0.6818019123133868 0.00635809869551899 0.012186355833078153
0 0.3710226770266585 0.8645972498095589 0.009934529211748498 0.012186355833078153
0 0.37102267702665853 0.8722799523999777 0.008345004537868803 0.011656514275118325
0 0.3686383900158388 0.7739943433984128 0.008345004537868803 0.013246038948997807
0 0.35711433613021065 0.7636624330181943 0.006755479863988967 0.013775880506957917
0 0.3793676815645272 0.7610132252283947 0.007550242200928778 0.007417781811438857
0 0.37718208513794255 0.7633975122392144 0.007947623369398756 0.010066989601238419
0 0.39089173545015554 0.772934660282493 0.008345004537868803 0.011126672717158073
0 0.38354018383346156 0.7779681550831121 0.006358098695519061 0.01059683115919853
0 0.37618863221676774 0.7758487888512724 0.005960717527049084 0.009537148043278591
0 0.37797684747488247 0.7824718083257713 0.00635809869551899 0.007947623369398827
0 0.38552708967581123 0.6992866837260643 0.006358098695519062 0.01006698960123856
0 0.47334832790766795 0.5247038903782708 0.00953714804327852 0.01271619739103798
0 0.42645735002821505 0.5268232566101105 0.007947623369398827 0.008477464927358796
0 0.5726936200251527 0.49980133715415465 0.007947623369398756 0.010596831159198388
0 0.5283856197407545 0.4693354475714593 0.009139766874808544 0.011126672717158358
