0 0.4276536226272583 0.6949456214904783 0.008208799362182616 0.011197344462076824
0 0.6348597049713135 0.39561875661214196 0.008620071411132812 0.011494954427083336
0 0.4662929058074951 0.5547695477803548 0.007017898559570313 0.009209887186686198
0 0.5855622291564941 0.6437145868937173 0.008234310150146484 0.01196759541829427
0 0.7466716051101685 0.429387633005778 0.007053804397583008 0.00910790761311849
0 0.4954196929931641 0.7257796923319497 0.008655738830566407 0.012401644388834636
0 0.6316738605499267 0.4769412358601888 0.009316635131835938 0.012527084350585938
0 0.4297391176223755 0.7179686228434246 0.007366323471069336 0.010784784952799477
0 0.5058661699295043 0.558217175801595 0.009044504165649414 0.01201171875
0 0.6723552227020264 0.429924472173055 0.0078887939453125 0.009706656138102213
0 0.2911761164665222 0.6570424715677896 0.008919692039489746 0.012704912821451824
0 0.6676894187927246 0.7124219258626302 0.008881568908691406 0.01120745340983073
0 0.3580783486366272 0.40263145764668784 0.008509612083435059 0.011841297149658203
0 0.6803082227706909 0.5551313082377116 0.00842909812927246 0.010875892639160157
0 0.5255568504333497 0.4893223603566488 0.0090484619140625 0.011688518524169921
0 0.42049527168273926 0.7405521074930828 0.008522605895996094 0.010959815979003907
0 0.6681254863739013 0.2972031275431315 0.008809661865234375 0.01194610595703125
0 0.6315238952636718 0.35825230280558273 0.007796955108642578 0.01065355936686198
0 0.2750273585319519 0.6045206069946288 0.010075831413269043 0.013163884480794273
0 0.5212314844131469 0.516699759165446 0.007556772232055664 0.009577242533365886
0 0.5802135467529297 0.17593896389007568 0.008249759674072266 0.011887725194295247
0 0.4144634008407593 0.23569464683532715 0.00879979133605957 0.012152767181396485
0 0.6736865520477295 0.2676936467488607 0.009046459197998047 0.011977577209472656
0 0.5206854104995727 0.4671680609385172 0.007235193252563476 0.009402052561442057
0 0.5031052589416504 0.13089627027511597 0.008280754089355469 0.011436390876770019
0 0.5576940059661866 0.42307883898417153 0.00711212158203125 0.010351276397705078
0 0.7636509418487549 0.4434706052144368 0.007841014862060547 0.01022198994954427
0 0.6445938348770142 0.18656019369761145 0.00806288719177246 0.010645405451456707
0 0.2805586338043213 0.2951193650563558 0.009335947036743165 0.012228679656982423
0 0.5769404649734498 0.6628760655721028 0.007890462875366211 0.010112253824869792
0 0.6546711444854736 0.7200856844584146 0.008590412139892579 0.01164595286051432
0 0.2821093320846558 0.4196406205495199 0.007848310470581054 0.010561720530192059
0 0.47895839214324953 0.7426478385925293 0.008180665969848632 0.010766156514485677
0 0.40510318279266355 0.3463377316792806 0.007078409194946289 0.010949961344401042
0 0.45336892604827883 0.4118836879730224 0.008277463912963866 0.011211427052815755
0 0.34845924377441406 0.4310144424438477 0.007926511764526366 0.009871482849121094
0 0.3744246125221252 0.2510686794916788 0.008455491065979004 0.011660401026407878
0 0.6688705682754517 0.35386031468709306 0.008748960494995118 0.011265500386555988
0 0.752076530456543 0.5704575538635254 0.007777881622314453 0.011284573872884113
0 0.2717203497886657 0.44357148806254065 0.007261919975280762 0.008908875783284505
0 0.5510158777236939 0.5044582843780517 0.008253908157348633 0.010836378733317059
0 0.48888516426086426 0.8142748196919759 0.00847797393798828 0.011245536804199218
0 0.5120693445205687 0.8139116923014323 0.00703272819519043 0.009864552815755209
0 0.652956223487854 0.21364018122355144 0.007976102828979491 0.010474681854248047
0 0.2732939481735229 0.646335538228353 0.00785655975341797 0.010667928059895833
0 0.4763497829437256 0.17540956338246663 0.008871841430664062 0.012589184443155925
0 0.3831731200218201 0.36265314420064293 0.007912898063659668 0.01136630376180013
0 0.4155617952346802 0.6939623832702637 0.009001398086547851 0.01134141286214193
0 0.5254346609115601 0.6453159332275391 0.008521413803100586 0.011029434204101563
0 0.5962900161743164 0.4188678741455078 0.007420825958251953 0.009779930114746094
0 0.4770350933074951 0.334454870223999 0.008633804321289063 0.011790498097737629
0 0.7750966072082519 0.48133370081583654 0.008929061889648437 0.010914929707845052
0 0.43271503448486326 0.47188520431518555 0.006946277618408203 0.010101509094238282
0 0.3225811839103699 0.21023351351420083 0.00902245044708252 0.012183952331542968
0 0.4152559995651245 0.3912926991780599 0.008363485336303711 0.010717328389485676
0 0.31053640842437746 0.2263912598292033 0.008468198776245116 0.01149147351582845
0 0.3457660675048828 0.3613031546274821 0.009386777877807617 0.011981995900472005
0 0.5879437923431398 0.31153990427652994 0.008362674713134765 0.010251172383626302
0 0.6688831329345704 0.3851763884226482 0.008369731903076171 0.010363737742106117
0 0.6173929214477538 0.5376898765563964 0.008486175537109375 0.012368202209472656
0 0.6065430641174316 0.49882567723592125 0.00864553451538086 0.012461535135904948
0 0.46079442501068113 0.5211652596791585 0.008289766311645509 0.011054706573486329
0 0.44884347915649414 0.3529194513956706 0.009839534759521484 0.013910547892252606
0 0.5018908726467053 0.8156513727693071 0.007826614379882812 0.011539840698242187
0 0.307733952999115 0.3059035936991374 0.008817172050476075 0.011810302734375
0 0.5264226007121289 0.3372803935684586 0.009590864181518555 0.013537629445393879
0 0.321532666683197 0.33394618034362794 0.008033061027526855 0.011667410532633461
0 0.6219909191131592 0.2581417401631673 0.007896137237548829 0.009503777821858723
0 0.4957082509994507 0.6134415944417317 0.007377195358276367 0.010254287719726562
0 0.6640127420425415 0.6638396581013999 0.006213712692260742 0.008656056722005208
0 0.4211686372756958 0.5073330243428548 0.007689428329467773 0.009688568115234376
0 0.6716282367706299 0.6437710762023926 0.007893180847167969 0.010063234965006511
0 0.28192768096923826 0.5176226774851481 0.009659337997436523 0.012529722849527995
0 0.28317568302154544 0.49844576517740885 0.008924627304077148 0.011731847127278644
0 0.40316089391708376 0.6588406880696616 0.008666062355041504 0.011553319295247395
0 0.3651291847229004 0.2958279609680176 0.007822942733764649 0.010297203063964843
0 0.45532066822052003 0.31422346433003745 0.007785177230834961 0.010945987701416016
0 0.24470059871673583 0.5790728569030762 0.008358287811279296 0.010790443420410157
0 0.41401824951171873 0.43467419942220054 0.007053089141845703 0.009716542561848958
0 0.3608186483383179 0.5334306875864665 0.008735036849975586 0.011431852976481117
0 0.6089378595352172 0.37937111854553224 0.007382726669311524 0.009194151560465495
0 0.502505087852478 0.7488263765970865 0.006966829299926758 0.010768318176269531
0 0.6005275726318359 0.7207953135172525 0.010293197631835938 0.012904993693033854
0 0.4851453542709351 0.8429237365722656 0.007056474685668945 0.009447860717773437
0 0.3208291053771973 0.6993141492207845 0.007920455932617188 0.01085071563720703
0 0.43952064514160155 0.5078140099843343 0.008142948150634766 0.010511048634847005
0 0.5414782524108886 0.3984874566396078 0.007314491271972656 0.010080687204996745
0 0.7247571468353271 0.29981169700622556 0.008449459075927734 0.010099188486735028
0 0.6181698560714721 0.706813367207845 0.00817561149597168 0.010970306396484376
0 0.6692254781723023 0.45933117866516116 0.00755763053894043 0.008966350555419922
0 0.26181940758863004 0.5889191276099419 0.00921320915222168 0.012692705790201824
0 0.5224318981170654 0.8420923233032227 0.007274341583251953 0.008649317423502605
0 0.31927177906036375 0.6651506741841634 0.007805156707763672 0.009382057189941406
0 0.43339927196502687 0.800135866800944 0.007903814315795898 0.010080973307291664
0 0.5098881006240845 0.7122589747111003 0.007715845108032226 0.010488255818684894
0 0.5830629587173461 0.5658816019694011 0.008559179306030274 0.01111462910970052
0 0.44902503490448 0.48597160975138354 0.008608388900756835 0.012569681803385418
0 0.5214098691940308 0.658279577891032 0.009009313583374024 0.011461448669433594
0 0.6934218883514405 0.37034479777018225 0.009054946899414062 0.011252212524414062
0 0.4919908046722412 0.1415019989013672 0.007922840118408204 0.010424963633219401
0 0.35088951587677003 0.6379342397054036 0.008988332748413087 0.010855865478515626
0 0.3447384238243103 0.6863755226135254 0.008075451850891114 0.010710716247558594
0 0.30705444812774657 0.46937146186828616 0.00816812515258789 0.010503228505452473
0 0.6464931249618531 0.6321932792663574 0.008194780349731446 0.010053062438964843
0 0.4614277362823486 0.6056587219238281 0.0075778961181640625 0.00954144795735677
0 0.33842637538909914 0.3994455496470134 0.008586740493774414 0.011347357432047527
0 0.5926662075428891 0.5445935049739746 0.007375526428222656 0.0114962895711263
0 0.5039527893066407 0.2595979849497477 0.00722799301147461 0.009245681762695312
0 0.6839084386825561 0.7388450622558593 0.008436822891235351 0.009805679321289062
0 0.5653300285339357 0.63906831741333 0.007892036437988281 0.010531425476074219
0 0.49041802883148194 0.41777763366699217 0.00997319221496582 0.012192535400390624
0 0.4360213756561279 0.6578901926676431 0.00778961181640625 0.010104624430338542
0 0.6449673891067504 0.34895103772481284 0.007899808883666991 0.011041609446207683
0 0.363268780708313 0.6120028177897135 0.007527446746826172 0.011328506469726562
0 0.7554917767632474 0.6118830951901161 0.008129119873046875 0.010347684224446617
0 0.28765733242034913 0.2695856014887492 0.009677457809448241 0.012327655156453449
0 0.40128389596939085 0.6326236089070638 0.006798243522644043 0.009113947550455729
0 0.5825699806213379 0.38890226682027174 0.007819652557373047 0.010581493377685547
0 0.31417595148086547 0.651381556193034 0.009633517265319825 0.011380894978841144
0 0.7680153131484986 0.38514256477355957 0.008310937881469726 0.010993862152099609
0 0.5275534868240357 0.585675843556722 0.008344030380249024 0.011556180318196614
0 0.5752993303877149 0.2363784765411383 0.008389616012573242 0.010651143391927083
0 0.36594514846801757 0.35426505406697584 0.00759124755859375 0.010343106587727864
0 0.3762355327606201 0.5964243253072103 0.006796646118164063 0.009978167215983073
0 0.4345763921737671 0.23259052435557045 0.009973573684692382 0.013655296961466471
0 0.669272518157959 0.3176158587137858 0.007713031768798828 0.009991709391276042
0 0.6345254545496686 0.7107802158889058 0.00748295783996582 0.009871610005696614
0 0.4145080327987671 0.16258540948232017 0.009488534927368165 0.01270756721496582
0 0.6762053728103637 0.4111296017964681 0.007811403274536133 0.010573387145996094
0 0.5263970613479615 0.8267244656880696 0.008441495895385741 0.009903907775878906
0 0.5048996460732218 0.3659395195957436 0.009595584869384766 0.013729063669840495
0 0.2364396522327138 0.4763231288935546 0.008359633897188771 0.01234041194346922
0 0.24390361106948952 0.47512889547967047 0.009553867311072928 0.013136567552725253
0 0.2507704531993232 0.4371124651376928 0.008956750604130868 0.012738489748097166
0 0.259130087096512 0.4375105429423209 0.009553867311072892 0.01353464535735327
0 0.30540663188452144 0.4247720531942237 0.009553867311072892 0.014330800966609374
0 0.29301646021547373 0.4876683463254538 0.009255308957601826 0.015126956575865406
0 0.34362210112881314 0.5127472480170202 0.009553867311072892 0.014330800966609445
0 0.3870623415588477 0.4928433577856183 0.008061075543717848 0.011942334138841063
0 0.4248299732729329 0.4896587353485939 0.010748100724957013 0.012738489748097237
0 0.4136340350177693 0.4767212066981827 0.009852425664543816 0.013136567552725253
0 0.4637918384009022 0.47234235084727433 0.008061075543717848 0.013136567552725253
0 0.43468239893747695 0.44587017683950975 0.007165400483304651 0.011942334138841205
0 0.42378501903578436 0.4412922820862873 0.007463958836775717 0.013932723161981358
0 0.44304203283466564 0.42437397538959565 0.010748100724957013 0.012738489748097237
0 0.4381158200023937 0.3951152567494349 0.009852425664544029 0.009155789506444946
0 0.4318460945795022 0.39073640089852646 0.008061075543717705 0.014728878771237462
0 0.40437872606016745 0.36506038250001793 0.009852425664544029 0.014330800966609374
0 0.4222922272684292 0.3513266982403506 0.009852425664543958 0.01234041194346922
0 0.3603413689231907 0.34993342592415255 0.006568283776362591 0.011942334138841063
0 0.33436679217121124 0.4504480715927322 0.006568283776362662 0.011544256334213045
0 0.47573417253974326 0.37560944432266097 0.007463958836775717 0.00995194511570091
0 0.4766298476001565 0.38138157248976756 0.007463958836775717 0.009553867311072892
0 0.4796154311348667 0.2653418924406944 0.008658192250659695 0.013136567552725253
0 0.5099191040121762 0.2516082081810271 0.011345217431899073 0.011146178529585065
0 0.3213795037952214 0.2663370869522645 0.010449542371485982 0.0111461785295851
0 0.36631253599261127 0.21717447808070175 0.010748100724957013 0.011544256334213082
0 0.40751358877161326 0.18274074798037646 0.010748100724957013 0.012738489748097237
0 0.4140818725479758 0.19388692650996156 0.007762517190246783 0.011942334138841134
0 0.40825998465529084 0.1652253245767428 0.008061075543717848 0.01592311218512153
0 0.5633610492834902 0.12939832216021935 0.006568283776362591 0.0111461785295851
0 0.5484331316099387 0.17935708664103814 0.007762517190246854 0.013932723161981358
0 0.5472388981960546 0.21040715540202512 0.0077625171902466405 0.012340411943469186
0 0.5638088868136967 0.12103868826303053 0.011046659078428079 0.012738489748097237
0 0.5773932918966286 0.15487530165641378 0.00895675060413076 0.015923112185121564
0 0.5844094132031976 0.15666665177723993 0.0068668421298335855 0.013932723161981322
0 0.5593305115116313 0.16641955799062688 0.010449542371485947 0.015126956575865425
0 0.6291931662238519 0.14034546178749038 0.007463958836775646 0.013136567552725235
0 0.6586011640407483 0.16562340238137083 0.009553867311072963 0.014330800966609374
0 0.6566605347431866 0.17597342530169982 0.008061075543717919 0.010350022920328996
0 0.6275510952797615 0.24484088550235042 0.008956750604130903 0.011942334138841097
0 0.6472559466088492 0.26235630890598416 0.007165400483304722 0.01433080096660941
0 0.5920226512167089 0.271711137314743 0.0077625171902466405 0.010748100724957013
0 0.6977123083454532 0.3015669726618459 0.010150984018014952 0.010748100724957013
0 0.5544042986793594 0.2918140664484589 0.012539450845783263 0.011146178529585065
0 0.5836630173195202 0.3487391925102684 0.00716540048330458 0.009553867311072821
0 0.5927690471003866 0.364463265793076 0.005672608715949537 0.009155789506444877
0 0.5973967015791876 0.3690411605462983 0.005971167069420531 0.010350022920328996
0 0.5845586923799333 0.37939118346662737 0.007165400483304651 0.0111461785295851
0 0.6642737727566981 0.3037564005873001 0.008359633897188842 0.010350022920328996
0 0.6686028688820278 0.31012564546134874 0.009852425664544029 0.007165400483304651
0 0.7636937044625506 0.3350055082506011 0.006568283776362733 0.011544256334213117
0 0.6202364156197213 0.4184028083201751 0.009255308957601826 0.0111461785295851
0 0.5482838524332033 0.40427104625587973 0.005672608715949537 0.01234041194346922
0 0.5363415182943622 0.44248651550017143 0.005075492009007476 0.009155789506444877
0 0.5715714040039436 0.437112465137693 0.005672608715949537 0.009553867311072892
0 0.5747062667153895 0.438505737453891 0.004776933655536482 0.011544256334213045
0 0.5745569875386539 0.44885576037422004 0.007463958836775859 0.00756347828793281
0 0.5782889669570417 0.4393018930631471 0.004776933655536482 0.009155789506444877
0 0.6026214727649305 0.44109324318397325 0.0068668421298335855 0.010350022920329067
0 0.6212813698568699 0.4480596047649639 0.00716540048330458 0.010748100724957084
0 0.6315816330516203 0.45024903269041816 0.006269725422891526 0.009553867311072892
0 0.6251626284519933 0.4602009778061191 0.007165400483304722 0.010350022920328996
0 0.6466588299019073 0.46059905561074715 0.0083596338971887 0.010350022920329067
0 0.6105332691319129 0.46517695036396955 0.009553867311073034 0.012340411943469078
0 0.6054577771229053 0.4751288954796706 0.005971167069420531 0.009951945115701051
0 0.6835307865555794 0.407057590888276 0.008061075543717777 0.010748100724957084
0 0.7044298712985514 0.39013928419158433 0.007463958836775646 0.009553867311072892
0 0.7209998599161935 0.3809834946851394 0.00895675060413069 0.010350022920329067
0 0.7198056265023092 0.4156162636877788 0.005374050362478471 0.011942334138841134
0 0.7171186013210701 0.42138839185488536 0.010150984018014952 0.01234041194346922
0 0.7308522855807373 0.42596628660810787 0.009553867311072963 0.011146178529585028
0 0.7671271255274674 0.4323355314821565 0.008658192250659908 0.010350022920328925
0 0.7777259470756889 0.42258262526876955 0.00716540048330458 0.017117345599005632
0 0.5312660262853546 0.4454720990348817 0.008061075543717777 0.008757711701816788
0 0.530519630401677 0.4631865613408294 0.007165400483304722 0.011544256334213045
0 0.5721685207108855 0.5121501313100781 0.008061075543717777 0.009155789506444877
0 0.5863500425007594 0.5123491702123922 0.005374050362478471 0.009553867311072963
0 0.5894849052122052 0.5165289871609865 0.004478375302065416 0.00995194511570091
0 0.6775596194861586 0.49284335778561833 0.008658192250659766 0.009553867311072963
0 0.6548691846223604 0.542005966657181 0.006866842129833657 0.012340411943469362
0 0.6375528001210409 0.5547444564052783 0.01044954237148616 0.00995194511570091
0 0.7033849170614026 0.5742502688320521 0.010150984018015095 0.012340411943469149
0 0.7593646083372205 0.5258838155697455 0.008658192250659624 0.011942334138841134
0 0.7413018279522234 0.509960703384624 0.010150984018014952 0.011942334138841205
0 0.5482838524332033 0.634758095135514 0.006866842129833657 0.009155789506444877
0 0.5512694359679137 0.6236119166059289 0.006269725422891738 0.008359633897188771
0 0.5966503056955099 0.6608321913386505 0.007463958836775788 0.010350022920328996
0 0.5536579027956818 0.6699879808450953 0.009255308957601684 0.015126956575865477
0 0.5759005001292735 0.6892947543695551 0.008359633897188913 0.010748100724956942
0 0.7012950085871055 0.6015185984490727 0.011345217431898931 0.009553867311072892
0 0.7135359010794176 0.6037080263745269 0.009553867311072821 0.00995194511570091
0 0.7029370795311962 0.6112715046624597 0.008061075543717634 0.012340411943469149
0 0.7174171596745411 0.6261994223360111 0.006568283776362591 0.010350022920329067
0 0.7229404892137552 0.6283888502614654 0.005672608715949537 0.0083596338971887
0 0.7329421940550346 0.6345590562332 0.006568283776362591 0.010350022920328925
0 0.7362263359432158 0.6403311844003065 0.0083596338971887 0.010748100724957013
0 0.7513035327935029 0.6373456008655962 0.007463958836775788 0.011146178529585028
0 0.6847250199694633 0.6823283927885646 0.009255308957601897 0.014330800966609302
0 0.6747233151281838 0.6709831753566655 0.0065682837763624494 0.010748100724957084
0 0.6666622395844662 0.6747649145006318 0.006568283776362591 0.011146178529585028
0 0.5641074451671678 0.7127813448426095 0.007463958836775788 0.009951945115701051
0 0.7075647340099971 0.708800566796329 0.007165400483304722 0.012340411943469291
0 0.6999514959964859 0.7089996056986431 0.008061075543717777 0.012738489748097237
0 0.5676901454088202 0.7587593312771479 0.009852425664543887 0.014330800966609445
0 0.5967995848722456 0.7685122374905353 0.008359633897188553 0.009155789506444736
0 0.597545980755923 0.7744834045599555 0.005075492009007476 0.006767322678676635
0 0.46991228464705825 0.7969748005214395 0.0077625171902466405 0.012738489748097095
0 0.4636425592241666 0.7971738394237536 0.010150984018015024 0.012340411943469149
0 0.45125238755511904 0.7195486675212862 0.009852425664543958 0.012340411943469149
0 0.44483338295549174 0.7115871114287253 0.009553867311072892 0.009951945115700767
0 0.3707909112946768 0.7804545716293759 0.007762517190246712 0.013136567552725324
0 0.37855342848492346 0.7034265164338507 0.010150984018014952 0.014330800966609302
0 0.3400394008871608 0.7002418939968262 0.007762517190246783 0.01273848974809738
0 0.37094019047141225 0.6027128318629569 0.006866842129833657 0.009553867311073034
0 0.4063193553577291 0.6051012986907252 0.008359633897188771 0.011942334138841205
0 0.435876632351361 0.6148542049041121 0.010150984018014952 0.012340411943469291
0 0.33391895464100474 0.5455886668988335 0.009852425664543958 0.010748100724957084
0 0.3973626047535983 0.5471809781173456 0.007165400483304651 0.013136567552725182
0 0.3979597214605403 0.5768377745621344 0.006568283776362591 0.010350022920329067
0 0.3887044125029384 0.5826099027292411 0.00895675060413069 0.01234041194346922
0 0.4442362662485497 0.5861926029708934 0.006568283776362662 0.010748100724956942
0 0.44826680402040864 0.5674829461533755 0.009255308957601826 0.008359633897188771
0 0.482601014669577 0.5967416647935363 0.009852425664544029 0.010350022920328996
0 0.4733457057119751 0.6070916877138653 0.007463958836775646 0.011146178529584959
0 0.44378842871834323 0.6132618936855999 0.008061075543717705 0.011544256334212903
0 0.42005303961739643 0.5254857377651174 0.007165400483304651 0.008757711701816788
0 0.2639070207520484 0.5804204748037867 0.007165400483304687 0.011942334138841134
0 0.4819965658173112 0.11462877615853877 0.00687588635803543 0.012693944045603747
