0 0.5855378892686631 0.2127084520128038 0.010866292317708333 0.0155116045916522
0 0.34075025982326934 0.40974867078993055 0.010340732998318143 0.013149120189525463
0 0.5012758890787761 0.2328425160160771 0.009506649441189237 0.012897675125687211
0 0.5633688396877713 0.2324420010602033 0.009566540188259549 0.013179793181242764
0 0.6590073055691189 0.3556273990207248 0.010354783799913194 0.014561038547092014
0 0.6415999942355687 0.39547548647280095 0.008977254231770834 0.011777920193142362
0 0.56133910285102 0.5559845818413628 0.008864254421657987 0.012010758011429399
0 0.4396717071533203 0.5791675708912037 0.008928002251519098 0.0119903564453125
0 0.2825714747111002 0.7016393025716146 0.009016291300455729 0.011974758572048612
0 0.3375835948520236 0.318248932449906 0.008173900180392796 0.010550463641131366
0 0.42796408335367836 0.8052388509114583 0.009494230482313367 0.012778614185474537
0 0.40926492479112414 0.4684703261763961 0.009464263916015625 0.012630406132450811
0 0.628182135687934 0.558785417344835 0.009786563449435765 0.012843548810040508
0 0.6406446033053927 0.6627967834472657 0.009129291110568576 0.01254187689887153
0 0.5977339347602477 0.31816653147457047 0.007873959011501737 0.0100132977520978
0 0.525001441107856 0.6905894809299045 0.009417809380425347 0.01257522017867477
0 0.5141350004408095 0.7776368317780671 0.009460152520073786 0.01228920265480324
0 0.5082092920939127 0.61130616929796 0.008701197306315104 0.011153214066116898
0 0.6219836764865452 0.29029597529658563 0.008921305338541666 0.012038054289641205
0 0.7089469697740343 0.44548221164279517 0.007344267103407119 0.009559179235387731
0 0.4294678370157877 0.271031415020978 0.008117039998372396 0.010824415418836806
0 0.5867710537380643 0.7490285237630208 0.008155144585503472 0.011511795609085648
0 0.4675504048665365 0.4220184326171875 0.008043755425347222 0.009552736635561342
0 0.513192621866862 0.8029666194209345 0.00878846910264757 0.011571078830295138
0 0.5377584457397461 0.4200540048104745 0.009395641750759548 0.011584077058015046
0 0.5675995296902127 0.4184964780454283 0.006824493408203125 0.008976293493200232
0 0.45509887271457244 0.6013141208224827 0.008355331420898438 0.010555126048900463
0 0.3830180697970921 0.7897271615487557 0.009434594048394097 0.011762830946180556
0 0.5955837037828233 0.6046535068088107 0.009764650132921007 0.013819546169704862
0 0.5424675744963954 0.30322263811067957 0.008790757921006944 0.009910413953993056
0 0.37572922176784934 0.3077685603389034 0.007264497545030382 0.009307409215856481
0 0.6185466342502169 0.5389723318594474 0.008017391628689237 0.011907111273871528
0 0.5625604364873006 0.6278027817232321 0.008150821261935764 0.011569948549623843
0 0.5803369522094727 0.41506740428783284 0.00766436258951823 0.01097672073929398
0 0.27467118369208443 0.5294087445294415 0.008948707580566406 0.012664964463975694
0 0.4698502858479818 0.6867218865288629 0.00855560302734375 0.011779954698350694
0 0.6074742635091147 0.7439734847457321 0.008526102701822916 0.009869780363859954
0 0.6689945856730144 0.5997993469238281 0.008467483520507812 0.011970972131799769
0 0.598897827996148 0.6553530940303095 0.007290861341688369 0.010896866409866899
0 0.4062105940023344 0.5740424459147568 0.006944783528645834 0.008388095431857638
0 0.4329085032145182 0.5250308001482928 0.008747100830078125 0.013234456380208336
0 0.39021667904324003 0.4643809707076461 0.009503979153103298 0.013449972647207755
0 0.2445476505826077 0.5118308012395716 0.010049372369436363 0.011283505818314481
0 0.3103974853191771 0.4843272558074301 0.008462629363735808 0.015514820500182366
0 0.31889508422573826 0.4814888945814388 0.005682550709120164 0.009908037133850484
0 0.3265446717187846 0.4873171517189979 0.007868147135704788 0.009908037133850484
0 0.32720035064675995 0.47974041744017115 0.007431027850387863 0.008742385706338708
0 0.33157154349992934 0.47507781173012376 0.007431027850387934 0.01107368856136226
0 0.36216989347211465 0.48148889458143884 0.007431027850387934 0.01107368856136226
0 0.37113083882111175 0.4701237931631985 0.006119669994437089 0.009325211420094561
0 0.4430369612557473 0.49955649170787203 0.008305266421021784 0.011073688561362332
0 0.3999807116520293 0.5901858901969161 0.006119669994437018 0.00932521142009449
0 0.5346134515296448 0.6059221844683258 0.006119669994437018 0.009325211420094704
0 0.5424815986653496 0.6140817444609086 0.005245431423803169 0.008159559992582714
0 0.5322092954604016 0.624281194451637 0.007431027850387722 0.01107368856136226
0 0.4957098351364377 0.5630844945072664 0.006119669994437018 0.01107368856136226
0 0.5105718908372134 0.46516977459627334 0.007868147135704717 0.008742385706338639
0 0.34555936063007126 0.2862422804732087 0.006556789279753943 0.007576734278826897
0 0.35998429704553 0.27749989476687004 0.009179504991655705 0.01107368856136226
0 0.40675606057444186 0.3217946490123193 0.007431027850387934 0.009908037133850484
0 0.4312347405521901 0.297607381891449 0.007431027850387934 0.01165651427511829
0 0.47429099015590803 0.32587442900861063 0.007868147135704788 0.009908037133850555
0 0.5195328361862106 0.2506899119340982 0.008305266421021784 0.009908037133850484
0 0.7081498078004674 0.3401536589956305 0.007868147135704788 0.011656514275118254
0 0.7404966349139204 0.37424896325035134 0.006119669994436947 0.012239339988874108
0 0.7507689381188682 0.4258290389177494 0.007431027850387863 0.01049086284760648
0 0.7179849917200982 0.46225564602749386 0.005682550709120164 0.008742385706338708
0 0.7232304231439015 0.46808390316505294 0.007431027850387863 0.009908037133850484
0 0.7356883227754341 0.40018470751248936 0.006993908565070939 0.009325211420094633
0 0.7396223963432864 0.3993104689418555 0.00786814713570493 0.009908037133850484
0 0.7411523138418957 0.4115498089307296 0.006556789279754014 0.009908037133850484
0 0.7280387352823877 0.40601296465004844 0.006556789279754014 0.009325211420094633
0 0.7243232213571937 0.4339885989103322 0.006993908565070939 0.00932521142009449
0 0.6862938435346205 0.48236313315207274 0.011365101418240329 0.011656514275118183
0 0.6432375939309025 0.4995564917078721 0.006556789279753943 0.009908037133850484
0 0.6462974289281211 0.5085902902710887 0.007431027850387863 0.008159559992582856
0 0.598432867185917 0.4771177017282696 0.00699390856507101 0.009325211420094561
0 0.6185403543104959 0.4100927446463398 0.011365101418240186 0.013987817130141878
0 0.5813852150585567 0.5024706202766517 0.006119669994437018 0.009908037133850484
0 0.5794181782746304 0.526075061683766 0.006556789279754085 0.005828257137559092
0 0.7420265524125296 0.538897227386396 0.005682550709120022 0.009325211420094561
0 0.7271644967117539 0.5485138516633686 0.0074310278503880054 0.009908037133850484
0 0.7308800106369477 0.5488052645202466 0.006993908565070939 0.009325211420094561
0 0.7348140842048002 0.5482224388064907 0.00524543142380324 0.005828257137559234
0 0.732847047420874 0.7157848315113149 0.0065567892797538715 0.011073688561362474
0 0.3481820763419728 0.7105394000875117 0.008305266421021784 0.009908037133850484
0 0.35342750776577603 0.7061682072343425 0.006556789279754085 0.008159559992582643
0 0.36238845311477313 0.7099565743737557 0.007868147135704788 0.008742385706338639
0 0.3671967652532594 0.7122878772287794 0.006119669994437089 0.007576734278826649
0 0.3088413406634488 0.7090823358031222 0.006556789279754014 0.008159559992582643
0 0.2983504778158424 0.6977172343848816 0.007431027850387863 0.007576734278826791
0 0.31386821244459356 0.5015963817060178 0.006993908565070903 0.005828257137559163
0 0.3145238913725689 0.4980994274234823 0.006556789279753978 0.008159559992582643
