0 0.6190512339274088 0.713977446379485 0.010246446397569444 0.014720549406828704
0 0.5867998758951822 0.3430133819580078 0.009104156494140625 0.012578695791739005
0 0.48776893615722655 0.8405407093189382 0.009324137369791667 0.012762959798177083
0 0.6969387266370985 0.6744454560456452 0.01036822001139323 0.01397563793041088
0 0.510795783996582 0.48011778372305414 0.01061812506781684 0.014430660671657986
0 0.4528388765123155 0.2726712544759115 0.010911941528320312 0.014240519205729168
0 0.27545931074354385 0.5560155515317564 0.008872943454318577 0.012079705132378472
0 0.26652578777737085 0.7056722570348668 0.01014304690890842 0.013712678132233796
0 0.7169666714138454 0.4890291002061631 0.010009256998697917 0.014012880678530093
0 0.554509989420573 0.8540394535771124 0.010516866048177082 0.0147705078125
0 0.5103710174560547 0.7267860695167825 0.010695732964409722 0.015312477394386575
0 0.5037222332424587 0.5880514074254919 0.00821486579047309 0.01178939254195602
0 0.6299264483981662 0.6187769006799768 0.01080945332845052 0.015077379014756944
0 0.2948391066657172 0.6341394495081019 0.009663412306043838 0.013121993453414351
0 0.2860275056627061 0.3746971978081597 0.011139890882703993 0.014349760832609955
0 0.6316368314954969 0.4808135421187789 0.00978711446126302 0.012767085322627315
0 0.2743570846710021 0.5818726850258032 0.007496028476291232 0.011209275987413194
0 0.46786248948838977 0.6917094477900751 0.00915620591905382 0.012287846317997685
0 0.36671157413058814 0.7183947810420283 0.008619393242730035 0.011757914225260417
0 0.4456653806898329 0.6842291372793692 0.009854337904188368 0.012498078522858795
0 0.7516353607177735 0.7464023731372974 0.010718197292751737 0.014117657696759258
0 0.6280879550509983 0.8239076967592592 0.01017634073893229 0.012757477936921295
0 0.36134897867838545 0.7507063689055267 0.010525343153211806 0.015019734700520836
0 0.6588530858357748 0.7199750547055845 0.009497621324327257 0.012339387116608796
0 0.312867259979248 0.4170259828920717 0.00926859113905165 0.012074957953559028
0 0.648823971218533 0.8280407375759549 0.009802924262152778 0.01270435474537037
0 0.720721689860026 0.3334439454255281 0.009735955132378472 0.013153556541160301
0 0.7823729357070041 0.7089466747663757 0.009305021497938368 0.012653887713396992
0 0.4462064107259115 0.4224210951063368 0.009359571668836806 0.011613181785300925
0 0.7042550910098311 0.30452163780470337 0.0077604668503906404 0.011195725605790517
0 0.6793654204209163 0.4252602072335451 0.007861963907877604 0.010609831633391204
0 0.2664284070332845 0.635324803105107 0.008682017856174045 0.011627366807725694
0 0.4967025968763564 0.6333492137767651 0.008578279283311632 0.011028826678240742
0 0.5259912914699978 0.9437076427318432 0.010146543714735244 0.01318805835865162
0 0.7062650341391503 0.3154271328199766 0.007203420003255207 0.009608600757740162
0 0.3349462933010525 0.4811839350947627 0.008936564127604166 0.011325412326388888
0 0.29681688401107004 0.5762920202095054 0.007463243272569444 0.009565565321180556
0 0.5952259699503581 0.9354164688675491 0.009671656290690105 0.01356353759765625
0 0.4178787064348718 0.328269098287419 0.0095282326397088 0.008723650766823134
0 0.556728412116602 0.5498152579084282 0.007118648952907985 0.008623306839554399
0 0.600534867827927 0.2897926580564834 0.00903884039984809 0.011443950511791088
0 0.42899116939968535 0.5339469061957466 0.008159510294596354 0.010368629738136575
0 0.6468937140349467 0.573025293660687 0.007960849338107638 0.010513588234230325
0 0.6573038736979168 0.39527066548665357 0.0106353759765625 0.014407207347728587
0 0.4913252936469184 0.8118037188494647 0.00946231418185764 0.011614029495804399
0 0.5488360722859701 0.6093524509006076 0.008099153306749133 0.01079418041087963
0 0.5454462473028024 0.21269344817180755 0.007361221313476563 0.010264446117259837
0 0.4834160725910539 0.31532428629514003 0.00838330586751302 0.009974359582971644
0 0.5843307707044814 0.41280569853606053 0.008342022365993924 0.011358953405309607
0 0.6468144734700522 0.3765659473560474 0.009614732530381944 0.014583163791232638
0 0.4965094574593808 0.3366343572044687 0.007422722710503472 0.010716869212962964
0 0.3800581867094877 0.5821035472045328 0.006568283776362662 0.007881940531635151
0 0.38580543501380504 0.5818846044119873 0.007553526342816994 0.010071368457089279
0 0.41010808498634677 0.4993431716223637 0.007553526342817065 0.010509254042180274
0 0.4296487292210256 0.5264920778979959 0.007225112153998907 0.007881940531635151
0 0.4436063322457962 0.6007136845708935 0.004269384454635627 0.007444054946544369
0 0.4436063322457962 0.6064061971770746 0.004926212832271943 0.007444054946544298
0 0.48695359888205103 0.3227971921933735 0.005932199931122995 0.009392649890944717
0 0.49270041756532634 0.3279878671331061 0.0059321999311229235 0.008898299896684421
0 0.49029046134330767 0.33676257953122557 0.0040783874526471205 0.008651124899554432
0 0.47249386154993867 0.3293473296173218 0.005190674939732674 0.006179374928253054
0 0.530332810878388 0.34479576693795466 0.007044487418208547 0.009886999885205014
0 0.5393238013989963 0.34442500444225943 0.005005293691884987 0.010134174882335074
0 0.534874651450654 0.22071391837863172 0.006488343674665771 0.010381349879465276
0 0.5304255015023118 0.21502889344463882 0.006117581178970539 0.008403949902424266
0 0.6458253282874392 0.24518424309451411 0.004449149948342068 0.010875699873725502
0 0.6589873968846183 0.2533410179998083 0.0066737249225133155 0.007415249913903779
0 0.7516780208084153 0.5419178271492295 0.005190674939732674 0.009145474893814693
0 0.7549221926457481 0.5519284145329997 0.00685910617036086 0.00790959990816397
0 0.7630789675510422 0.5542765770057357 0.004634531196189755 0.006673724922513387
0 0.7792998267377068 0.5525463520258249 0.005561437435427763 0.007168074916773648
0 0.7655816143969848 0.5359856272181065 0.005932199931123137 0.010134174882335145
0 0.6822527434894913 0.8077545365626794 0.007229868666056234 0.008898299896684421
0 0.6787304997803869 0.8503922235676259 0.005005293691884987 0.0066737249225133155
0 0.681881980993796 0.8463138361149789 0.003893006204799434 0.009886999885204943
0 0.6906875902665567 0.8376627112154245 0.005932199931122995 0.00790959990816404
0 0.6143105161533481 0.9319599726205672 0.007044487418208618 0.009145474893814622
0 0.5582326886794511 0.8943893730567882 0.006488343674665771 0.009145474893814622
0 0.5097554923673051 0.8768399482605495 0.006302962426818155 0.008651124899554503
0 0.4258704777162688 0.7732736244630268 0.0053760561875802184 0.010628524876595406
0 0.4812994708226995 0.595925564022162 0.0053760561875802184 0.010875699873725466
0 0.4895489363519174 0.593948164045121 0.004449149948342282 0.006920899919643517
0 0.48788050512128905 0.5846791016527412 0.005561437435427834 0.00766242491103398
0 0.47471843652410983 0.5949368640336414 0.005561437435427834 0.006426549925383256
0 0.5016914080859348 0.5430301146363151 0.0046345311961898976 0.008898299896684421
0 0.5064186299060485 0.5530407020200852 0.005932199931123066 0.006179374928253267
0 0.48167023331839465 0.5279524398113774 0.007229868666056234 0.009392649890944824
0 0.5910451695484751 0.5361092147166715 0.0068591061703610024 0.012358749856506321
