0 0.4049833509657118 0.4435498555501302 0.010877482096354167 0.013820676450376157
0 0.605984984503852 0.5515337060998987 0.009902403089735242 0.014196720829716436
0 0.6792967478434244 0.5667507030345775 0.010135226779513888 0.013930709273726851
0 0.743669679429796 0.4720422391538267 0.010664791531032987 0.013805219862196181
0 0.41063291761610243 0.5826901753743489 0.010045793321397569 0.013278254756221065
0 0.2856733745998806 0.34220353585702407 0.009049606323242188 0.011809878879123263
0 0.4011575698852539 0.6256067064073351 0.008843273586697049 0.013003483525028937
0 0.49818693796793617 0.2959451463487413 0.010531912909613715 0.01404486762152778
0 0.4798502604166666 0.6661734969527633 0.009927283393012153 0.01305999755859375
0 0.5499523798624675 0.2342360390557183 0.00973158942328559 0.01223143118399161
0 0.275081655714247 0.7203505339445891 0.009731123182508681 0.01236866138599537
0 0.43796793619791663 0.44804789225260416 0.008969624837239584 0.011214079680266205
0 0.3820538202921549 0.27932069566514756 0.010179858737521702 0.014053909866898149
0 0.2913259400261773 0.3253272162543402 0.008629120720757378 0.01164386890552662
0 0.5774468527899849 0.8928615993923611 0.00897839864095052 0.012085186993634261
0 0.36927793290879996 0.6895540025499132 0.00892626444498698 0.01090381763599537
0 0.6361097759670682 0.642954338921441 0.008946439954969618 0.012544307002314814
0 0.661697006225586 0.5023255524811922 0.009090593126085069 0.012492992259837963
0 0.6978395673963759 0.5239685341163918 0.01015531751844618 0.012919842755353008
0 0.7151929643419054 0.7448249816894531 0.008863067626953125 0.011587806984230325
0 0.39644586775037977 0.3388008682816117 0.009021631876627604 0.012386576334635418
0 0.637839953104655 0.6941309611002605 0.00958603752983941 0.012821112738715277
0 0.561159430609809 0.8687892489963107 0.009850650363498263 0.013734775119357638
0 0.3061740875244141 0.38160893475567853 0.010886001586914062 0.01323934484411169
0 0.6770305421617295 0.36940495526349104 0.009854507446289063 0.012786102294921876
0 0.6260924021402994 0.3816766385678892 0.007475958930121528 0.010450942428023725
0 0.5750883314344617 0.7751235679343894 0.00949249267578125 0.012947760687934028
0 0.6860853407118056 0.6742877536349827 0.009603712293836806 0.01281116626880787
0 0.3160380469428168 0.6367782592773438 0.009313922458224827 0.01247852466724537
0 0.4809819751315647 0.77454588148329 0.009748543633355035 0.012119038899739582
0 0.7123298221164279 0.6940761424877026 0.009416792127821181 0.010493864836516204
0 0.2704512490166558 0.6748265866880064 0.0077207353379991316 0.010732297544126157
0 0.23704491769367655 0.5358786826984295 0.008413917234183508 0.010494778485648268
0 0.23045002737247156 0.5224390340260124 0.008732835642407295 0.010826673428013791
0 0.23098625412244395 0.5116123605979987 0.007353966856764096 0.010009565999484452
0 0.2345866337294013 0.4938402740274855 0.006281513356819274 0.0083753511424257
0 0.25772098779963826 0.4785195097425604 0.0072007592139148 0.00837535114242577
0 0.24569418783597188 0.4695313280287378 0.007047551571065852 0.009192458570954538
0 0.667398224778536 0.57340610988053 0.005668682785422306 0.009805289142352222
0 0.7133605176333114 0.7658349092991895 0.007200759213914836 0.011848057713675359
0 0.7301367545253044 0.7647113865849617 0.00582189042827153 0.008783904856690583
0 0.7216337303471709 0.7596044651566533 0.006281513356819204 0.0083753511424257
0 0.723855241168485 0.7656306324420572 0.005515475142573081 0.007762520571028802
0 0.6164566835311599 0.7775808285842989 0.006434720999668571 0.008783904856690299
0 0.6171461179239814 0.7662434630134541 0.006281513356819417 0.008171074285293258
0 0.6130861153884763 0.7602172957280503 0.007047551571065469 0.009601012285219781
0 0.6192144211024464 0.7552125127283082 0.0055154751425730095 0.006128305713969979
0 0.6178355523168032 0.7504120065856984 0.006434720999668571 0.006741136285367162
0 0.609485735781519 0.7430580397289341 0.005362267499723785 0.01082667342801372
0 0.6045830912103429 0.7508205602999629 0.005055852214025336 0.00755824371389636
0 0.6215891395666098 0.7770701364414679 0.005362267499723928 0.00939673542808734
0 0.5832872288542971 0.8921801454355386 0.005055852214025407 0.010826673428013578
0 0.4355184573261943 0.8061795885828257 0.007353966856764061 0.01000956599948438
0 0.4627894177533611 0.8807406414361278 0.00612830571397005 0.008783904856690441
0 0.321608574867776 0.6812642904464028 0.006894343928216351 0.009805289142351938
0 0.33999349200968626 0.6869840424461082 0.004443021642628224 0.0077625205710286594
0 0.44204158896283163 0.4296116841890877 0.006741136285367091 0.01123522714227839
0 0.4284061087492482 0.41582299633265507 0.00459622928547752 0.00980528914235208
0 0.434381206820369 0.42082777933239723 0.004289813999779 0.005924028856837679
0 0.4339215838918213 0.41469947361842713 0.004596229285477591 0.00714968999963169
0 0.4195200654639916 0.42634325447497035 0.0055154751425730095 0.00878390485669037
0 0.4249589367851401 0.4214406099037943 0.005668682785422235 0.00837535114242577
0 0.5975068490785872 0.2932676198662493 0.005428333699473171 0.00822474802950488
0 0.5975068490785872 0.39574798031388064 0.005428333699473171 0.007237778265964323
0 0.704099583540971 0.6651907257604619 0.0064153034630138 0.007895758108324743
0 0.5126274494140963 0.6716060292234758 0.008389242990095056 0.009540707714225789
0 0.3954794695981677 0.7158948129900571 0.004918215431947814 0.006139049049807284
0 0.4013917924046582 0.7068955251784078 0.0033485722089857716 0.005999525207766112
0 0.40364161435757046 0.7057095725210587 0.004290358142762898 0.005860001365724941
0 0.410600365979369 0.7071048109414696 0.0033485722089857716 0.0069761921020536025
0 0.41661733166739023 0.7200805282512891 0.004918215431947672 0.0072552397861359455
0 0.41959965379101816 0.7172900514104679 0.004813572550417078 0.007534287470217862
0 0.3928633975598976 0.7202200520933303 0.004290358142762969 0.007255239786135803
0 0.43422985443496787 0.590747455090379 0.006239869587544505 0.007881940531635151
0 0.44161917368337567 0.589214855542561 0.007225112153998907 0.009195597286907784
