0 0.48728351593017577 0.3124980131785075 0.010807514190673828 0.01334994633992513
0 0.7164255619049072 0.6387193361918131 0.00889739990234375 0.011595344543457032
0 0.5661474704742432 0.4270840803782145 0.010550975799560547 0.014071051279703777
0 0.6272584438323975 0.3995694637298584 0.01012248992919922 0.013257630666097005
0 0.3980495810508728 0.6026142120361327 0.011414265632629395 0.015184529622395833
0 0.6657506942749023 0.4712505499521891 0.010544681549072265 0.014795780181884766
0 0.6268161296844483 0.6317407925923666 0.010471916198730469 0.013217353820800781
0 0.4903603792190552 0.18384701410929363 0.010983800888061524 0.015472888946533203
0 0.445717453956604 0.5042833805084228 0.01029362678527832 0.013289101918538411
0 0.6021660566329957 0.6626599947611491 0.00951542854309082 0.012872632344563801
0 0.4173238277435303 0.2570717175801595 0.011046791076660156 0.014197317759195964
0 0.3473961353302002 0.6614998181660972 0.009939813613891601 0.013062604268391927
0 0.41132686138153074 0.4084329287211101 0.009671354293823242 0.013269869486490886
0 0.32586969137191774 0.2288263003031413 0.01171720027923584 0.014180596669514973
0 0.29216790199279785 0.5914844512939453 0.010004663467407226 0.012796274820963542
0 0.3203709959983826 0.3770658651987712 0.010976862907409669 0.013597456614176433
0 0.5303009033203125 0.36357595125834147 0.010291194915771485 0.01419986089070638
0 0.40246397256851196 0.3858685970306396 0.009656596183776855 0.012937005360921223
0 0.28267104625701905 0.48048763275146483 0.008774852752685547 0.011966196695963542
0 0.2863393413648337 0.49156477222898404 0.0069087883447841135 0.007895758108324671
0 0.24130884590329427 0.47495078120938417 0.0071555307856693414 0.008882727871865299
0 0.24044524736019623 0.48136608467239794 0.006415303463013871 0.007895758108324743
0 0.23106903460656064 0.5094947229333048 0.01085666739894652 0.012172627083667252
0 0.38923093921394025 0.513278107026877 0.010856667398946484 0.01315959684720795
0 0.4040354856670491 0.49041330750485335 0.006908788344784185 0.0069087883447841135
0 0.3524663155220533 0.3446707724220262 0.008389242990094985 0.010856667398946555
0 0.49730412832163495 0.10960747373877551 0.008882727871865228 0.007237778265964323
0 0.4917524234017192 0.22014808725532167 0.009129470312750456 0.00855373795068509
0 0.6930942551639996 0.2801887478707076 0.008142500549209898 0.009540707714225646
0 0.7192489538978252 0.3145681946340382 0.006662045903898957 0.007895758108324671
0 0.7249240300381836 0.31999652833351144 0.007649015667439585 0.010856667398946484
0 0.7312159622807548 0.5379523511153919 0.0078957581083246 0.008553737950685304
0 0.5913129982988762 0.6929066039912645 0.005921818581243485 0.008553737950685161
0 0.6282009932112058 0.7728511548380524 0.006168561022128713 0.009869697635405857
0 0.49101219607906366 0.7573886285425832 0.008142500549209898 0.011185657320126836
0 0.46781405947779275 0.4396880071409365 0.008257891949574585 0.009662295342359429
