0 0.6838823742336697 0.7486155757197628 0.009385723537868923 0.01280834056712963
0 0.26097727881537547 0.6033955044216579 0.009957080417209201 0.013308885362413194
0 0.5165141445278963 0.5281269214771407 0.007282549431621193 0.013819715711805555
0 0.7341177622477214 0.7295821013274016 0.00939424302842882 0.01299427173755787
0 0.39065155453152123 0.8116567541051793 0.008921178181966145 0.011948196976273149
0 0.2763350910610623 0.6682656182183159 0.009320089552137588 0.011921522352430556
0 0.4764926274617513 0.28196357444480613 0.008363384670681423 0.011507274486400463
0 0.5043688456217448 0.35889814871328846 0.009234873453776042 0.012762083830656827
0 0.5804944992065431 0.26885278489854597 0.00773302714029948 0.01103190669307002
0 0.33879035313924155 0.457598622639974 0.008796755472819011 0.012280216923466435
0 0.4129913330078125 0.5716967264811198 0.008281538221571181 0.011040864167390045
0 0.28637011845906574 0.41219930295591006 0.00913550059000651 0.01167317143192998
0 0.3049709002176921 0.5059148435239439 0.009836684332953559 0.011918414080584493
0 0.32082422044542097 0.3405336168077257 0.009073172675238715 0.012693843135127315
0 0.7728602939181858 0.6488345675998264 0.010058085123697914 0.013545283564814815
0 0.5771436055501301 0.874854815447772 0.008166673448350694 0.010667023835358795
0 0.36643573290940346 0.5527634696562317 0.007556025187174479 0.009051287615740741
0 0.7796973758273654 0.5095244796187789 0.00821931627061632 0.010700706199363426
0 0.3413536495632596 0.7264077645760995 0.00918566385904948 0.013269834165219907
0 0.41507797241210936 0.46935749760380496 0.008432769775390625 0.010871209038628472
0 0.6437150319417317 0.28498580367476856 0.008437262641059028 0.011563053837528935
0 0.6958578321668837 0.5888681199815538 0.007592942979600694 0.010300643355758102
0 0.2878220558166504 0.5261616742169415 0.009927728441026476 0.012936344853153935
0 0.7330287509494359 0.608237400761357 0.00952724880642361 0.012202792697482638
0 0.6895843505859374 0.4532951778835721 0.008604261610243056 0.011451240822120949
0 0.7522086146140096 0.38362016741065724 0.008288319905598958 0.010492423728660301
0 0.42042066786024307 0.6533977932400173 0.007917870415581597 0.010106404622395836
0 0.5045671674940322 0.3107776641845703 0.0081390380859375 0.01017634073893229
0 0.5147102355957032 0.23564731456615307 0.006926896837022569 0.009792384394892939
0 0.25987734264797635 0.6882283528645833 0.009141858418782551 0.01175887496383102
0 0.5661259121365017 0.4283487108018663 0.008235677083333334 0.01086990921585648
0 0.24415693283081055 0.5317796777795862 0.007096841600206163 0.009334140353732638
0 0.34979165395100914 0.6126312255859375 0.007655164930555556 0.011357964409722223
0 0.31276235580444334 0.6298944826479311 0.007776323954264323 0.010426104510271992
0 0.3691498014662 0.8054564299406828 0.008895238240559896 0.01114569769965278
0 0.5432464175754123 0.2729493035210504 0.006611802842881944 0.009387998227719907
0 0.6773113462660048 0.4884573477285879 0.007624181111653646 0.01076366283275463
0 0.670857090420193 0.42680799696180555 0.008908716837565105 0.012430713794849536
0 0.5899409188164605 0.691730527524595 0.008297941419813368 0.010701045283564813
0 0.4525531133015951 0.7128955134639035 0.00789536370171441 0.010772874620225694
0 0.7305032094319661 0.7114682798032408 0.009360165066189237 0.012620600947627314
0 0.6619683583577474 0.5714606391059027 0.007627699110243056 0.009755452473958334
0 0.6807927449544272 0.7203972427933304 0.009627193874782987 0.012129776566116898
0 0.6002856148613823 0.7027715612340856 0.00900832282172309 0.01181708441840278
0 0.2505770365397135 0.46489601135253905 0.008601803249782986 0.011632650869864005
0 0.29183278613620334 0.3798257615831163 0.00802830590142144 0.010526756004050926
0 0.6050160302056207 0.6803645946361401 0.008733961317274306 0.011547512478298612
0 0.5336403740776909 0.7781910366482205 0.009685177273220486 0.012555553294994214
0 0.4795395321316189 0.5290202953197338 0.0074283175998263885 0.009839658383969907
0 0.3229849067732462 0.5178787977794967 0.009392645800198522 0.011560179446398209
0 0.3314744135541949 0.47332393949650364 0.006863856546299019 0.012041853589998154
0 0.34339584860829314 0.5429258532466928 0.008308878977098715 0.011560179446398209
0 0.3713931582050388 0.4258790363519108 0.010115157015598442 0.0125235277335981
0 0.3881915439630862 0.4162455534799123 0.008308878977098644 0.010596831159198317
0 0.23140661022131023 0.5824231330218869 0.010476412623298402 0.009633482871998424
0 0.40032644823991625 0.35235804661515857 0.008538768909271396 0.011822910797452764
0 0.41411984417027775 0.3584884448064304 0.011822910797452693 0.017077537818542866
0 0.45615686033899855 0.39548977674660646 0.006568283776362591 0.009633482871998566
0 0.46141148736008863 0.3987739186347878 0.009852425664544029 0.01007136845708935
0 0.4504096120346813 0.4055611452036959 0.010180839853362116 0.009633482871998566
0 0.5307068812007144 0.4254849393253292 0.009852425664543887 0.01007136845708942
0 0.5364541295050317 0.30090649036698464 0.008867183098089626 0.009633482871998531
0 0.5218396981026249 0.2516443620442649 0.007881940531635294 0.00831982611672597
0 0.39523602831323523 0.2312826823375407 0.007553526342817065 0.009633482871998531
0 0.4305405536111844 0.2954329205533491 0.009195597286907713 0.011822910797452728
0 0.41773240024727715 0.3013443759520754 0.011166082419816448 0.014888109893088596
0 0.39671389216291675 0.3679029848858834 0.007225112153998836 0.00788194053163508
0 0.4105072880932783 0.2144240873115433 0.008538768909271396 0.008319826116726006
0 0.42857006847827556 0.21945977154008797 0.007881940531635222 0.013136567552725253
0 0.5509043538130296 0.18530469590300233 0.010180839853362045 0.011385025212361838
0 0.5413803423373038 0.1980033778706367 0.008867183098089626 0.007006169361453445
0 0.5891646068103418 0.26609458635226263 0.008538768909271396 0.014450224307997743
0 0.6009875176077947 0.2174892864071792 0.007881940531635151 0.010947139627271021
0 0.6926150762880533 0.288645693984441 0.007225112153998765 0.011385025212361838
0 0.7647019907336332 0.38476157991188087 0.008210354720453238 0.010947139627271127
0 0.7052590225575515 0.44212459155878114 0.011494496608634535 0.013574453137816108
0 0.5977033757196132 0.4740902392704126 0.009195597286907642 0.010947139627271056
0 0.584566808166888 0.4438761338991445 0.008538768909271396 0.01007136845708935
0 0.5505759396242114 0.4338047654420552 0.006896697965180749 0.011822910797452764
0 0.5607567794775734 0.3560800740884308 0.007553526342817065 0.011385025212361838
0 0.5550095311732561 0.3628673006573388 0.009195597286907784 0.008319826116726006
0 0.57192286189739 0.35345276057788566 0.008867183098089626 0.011385025212361838
0 0.5077178879834453 0.49182460546659174 0.007881940531635151 0.010509254042180203
0 0.6489359891752418 0.49861183203549975 0.008538768909271396 0.010947139627271127
0 0.7257849093586844 0.5128431135509522 0.008538768909271396 0.012260796382543475
0 0.786705741384448 0.5675788116873073 0.011494496608634535 0.014888109893088667
0 0.7883478123285386 0.5809343220325782 0.00952401147572587 0.009195597286907642
0 0.7931098180664015 0.6002012877765752 0.008538768909271396 0.015325995478179451
0 0.6816132009626459 0.6216576814460264 0.00821035472045338 0.011822910797452764
0 0.6957350110818256 0.6037043724573019 0.007553526342817065 0.0091955972869075
0 0.6886741060222357 0.5540043585494914 0.007225112153998907 0.011385025212361838
0 0.684240514473191 0.5472171319805832 0.008210354720453238 0.010947139627270985
0 0.5550095311732562 0.5575074432302181 0.011166082419816448 0.011385025212361838
0 0.5364541295050318 0.5321100792949491 0.006896697965180749 0.01138502521236191
0 0.5451571055087123 0.5347373928054943 0.007881940531635151 0.01138502521236198
0 0.6223344398809734 0.6766123223749271 0.008538768909271468 0.014888109893088596
0 0.5481128332080755 0.723903965564738 0.007881940531635222 0.01138502521236191
0 0.5737291399358898 0.7429519885161898 0.010509254042180274 0.011822910797452551
0 0.5978675828140224 0.7838942907221835 0.0095240114757258 0.013136567552725324
0 0.7399067194778643 0.7484255583298253 0.006568283776362733 0.013136567552725182
0 0.6064063517232938 0.7731660938874577 0.008210354720453238 0.013574453137815965
0 0.6029580027407034 0.7744797506427303 0.008538768909271539 0.012698681967634542
0 0.5689671341980267 0.8548317555068998 0.0062398695875444336 0.008757711701816788
0 0.5091957518331268 0.8226471650027228 0.008867183098089555 0.0126986819676344
0 0.48669937989908474 0.8187061947369052 0.007225112153998907 0.01007136845708942
0 0.4937602849586746 0.8055696271841799 0.008210354720453238 0.010947139627271127
0 0.4502454049402722 0.7576211556167328 0.008538768909271325 0.013136567552725182
0 0.4471254701465 0.7676925240738223 0.010837668230998361 0.01138502521236191
0 0.42873427557268456 0.8200198514921777 0.011494496608634606 0.011822910797452693
0 0.3789795259667376 0.8064453983543618 0.006568283776362662 0.013574453137815965
0 0.4702786704581783 0.7173356817883755 0.006568283776362591 0.011385025212361767
0 0.47980268193390413 0.7186493385436478 0.008538768909271468 0.009633482871998495
0 0.46830818532526947 0.6779259791301996 0.009195597286907784 0.012260796382543617
0 0.38160683947728274 0.6415814755676599 0.008538768909271396 0.015763881063270303
0 0.42019550666341315 0.6356700201689334 0.010837668230998432 0.014450224307997814
0 0.42347964855159453 0.559040042778036 0.008210354720453238 0.010947139627270985
0 0.4252859265900942 0.5649514981767624 0.006568283776362591 0.007881940531635151
0 0.4206881279466404 0.5621052418736718 0.005911455398726418 0.008319826116725864
0 0.4415424289365918 0.5754607522189426 0.006896697965180749 0.010509254042180274
0 0.43398890259377465 0.5833426927505777 0.00689669796518082 0.009633482871998637
0 0.4354667664434564 0.6008581161542114 0.0059114553987263466 0.012260796382543546
0 0.5110020298716266 0.5275122806514954 0.006568283776362662 0.01532599547817938
0 0.5004927758294464 0.49335720501440966 0.007225112153998978 0.010947139627271127
0 0.49408869914749287 0.48788363520077416 0.007553526342816994 0.009633482871998495
0 0.5178987278368072 0.4526338456009614 0.007225112153998907 0.010947139627271056
0 0.4300479323279572 0.53780259190113 0.008867183098089483 0.011385025212361838
0 0.7144238008669003 0.35464943131792254 0.009771000659051765 0.015561223271823294
