0 0.4932925542195638 0.55178793447989 0.01114641825358073 0.015440538194444443
0 0.5624062220255535 0.7630828857421875 0.010491392347547743 0.014239275896990741
0 0.5900169372558595 0.39019604435673466 0.01078118218315972 0.014521648265697337
0 0.705193116929796 0.64086834942853 0.010982089572482638 0.014828265154803242
0 0.3743162367078993 0.8496492739076967 0.011028967963324653 0.015852412471064815
0 0.3479259808858236 0.29335366708260996 0.00904301537407769 0.013151832863136575
0 0.48512664371066627 0.5944524976942274 0.011036894056532118 0.01393042670355903
0 0.48326426612006296 0.6550905863444011 0.010363388061523437 0.013468254937065972
0 0.6922619925604927 0.46718737284342454 0.011500337388780382 0.013739324499059607
0 0.4154724968804253 0.5874193262170863 0.010373857286241319 0.014274823224103011
0 0.5095348639587531 0.2583119641299099 0.010854509141710069 0.014529475459346065
0 0.3742355336670434 0.5832256458423756 0.007409835509000134 0.013186023853443292
0 0.49473912980821394 0.2982248800772208 0.009602737426757813 0.01172657719364873
0 0.49670704735649956 0.32608807881673174 0.01116803487141927 0.01342753657588252
0 0.6817708545260959 0.37490755716959634 0.00988019307454427 0.012205364086009838
0 0.6162521574232314 0.329919179280599 0.009765073988172742 0.012099937156394675
0 0.687793074713813 0.6098705150462963 0.011039013332790799 0.013599084924768518
0 0.3516075558132596 0.4638860490587023 0.011126708984375 0.014689890543619792
0 0.44992190466986764 0.5251272130895545 0.010685941908094618 0.013757889359085649
0 0.379495591806737 0.5830706294001863 0.0081567749052941 0.011691377364254976
0 0.35186818581322415 0.3155044174017614 0.00674113628536702 0.011235227142278531
0 0.4885851121382261 0.2735690626261188 0.008089363542440537 0.00988699988520498
0 0.4880795269168236 0.26885026722636185 0.0074152499139037075 0.006741136285367127
0 0.47324902708901606 0.22795404042846837 0.0074152499139037075 0.010336408970896186
0 0.5471487336173523 0.3441262890796272 0.006909664692501209 0.009437590799513913
0 0.7099471749089666 0.49040894647209227 0.008594948763843036 0.009886999885205085
0 0.553468548884884 0.6823066260622079 0.006741136285366949 0.008089363542440537
0 0.5570919096382687 0.6680378875915142 0.009269062392379582 0.011459931685124047
0 0.5539741341062864 0.6742172625197673 0.007415249913903779 0.007190545371058192
0 0.5183013649056947 0.5377902434180649 0.00942650750979965 0.009916570591348872
0 0.5593037413765887 0.6274799303491304 0.006697144417971543 0.007534287470218004
