0 0.5256272421942817 0.6306033664279513 0.010803010728624132 0.01378829390914352
0 0.6198536554972331 0.5693397804542824 0.011427010430230035 0.014988086841724537
0 0.7733584933810763 0.37252594276710793 0.008650885687934028 0.010879601372612848
0 0.6148292753431532 0.650703458432798 0.00906384785970052 0.011901798954716436
0 0.670027944776747 0.656073647958261 0.010775544908311632 0.014307262279369213
0 0.5324704064263238 0.3230904331913701 0.010032484266493056 0.014074735288266782
0 0.7203421698676216 0.35670253612377023 0.011225552029079862 0.01451076931423611
0 0.40327017042371965 0.32952168782552077 0.009135013156467014 0.013258587872540507
0 0.5847737842135959 0.37006246778700086 0.010151290893554687 0.01342233728479456
0 0.3010439660814073 0.593297294334129 0.010709826151529949 0.014017571343315972
0 0.3493047926161024 0.4193745224564164 0.009766472710503472 0.013682810465494792
0 0.32816687689887153 0.7634865089699074 0.01083458794487847 0.014679407190393519
0 0.7542249467637804 0.39781893977412464 0.009283023410373265 0.012325795491536458
0 0.5412953482733832 0.9334072254322193 0.009648513793945313 0.013392300075954862
0 0.6557304594251845 0.6978586267541956 0.011032401190863714 0.01455937138310185
0 0.5110298580593533 0.8915056299280237 0.009708913167317708 0.013729914912471063
0 0.4355482737223307 0.5622645060221354 0.009666019015842013 0.012617549189814815
0 0.33367735544840493 0.6686229847095632 0.010884602864583336 0.014371236165364586
0 0.5101727103980915 0.15924073492420493 0.009593539767795138 0.012432154902705439
0 0.6989722357855902 0.32138921949598526 0.010691748725043405 0.014473724365234374
0 0.3061425103081597 0.6078123587149161 0.009407679239908854 0.01216888427734375
0 0.5417463090684679 0.47218595434118205 0.009721120198567709 0.01324482670536748
0 0.22235676128416593 0.48028346355455886 0.007971393657446556 0.010628524876595406
0 0.2318112049243932 0.4598915262913236 0.008342156153141751 0.012358749856506321
0 0.30318298534571697 0.3528647525339793 0.007229868666056127 0.01186439986224599
0 0.47104570527171336 0.21148065417554762 0.009269062392379653 0.013347449845026773
0 0.48411508324496877 0.2919361157414034 0.0076006311617513945 0.010628524876595406
0 0.4906689189592355 0.19917095835245122 0.005729613323215048 0.008190787431125201
0 0.5002084298014954 0.20200623092476377 0.005434272430265778 0.006930666287875162
0 0.4984068503545052 0.19617817063723236 0.005020795180136872 0.00850581771693772
0 0.4957192482286669 0.19901344320954442 0.006733772359241972 0.0064581208591563966
0 0.49010777126263194 0.20476274592562319 0.00626122693052352 0.007875757145312683
0 0.632773065852869 0.34215916636521354 0.00590681785898461 0.007324454145140749
0 0.6314440318345973 0.3464120752236824 0.0052570678944962165 0.006536878430609505
0 0.6374099178721717 0.35149193858240907 0.005729613323215048 0.007560726859500235
0 0.641869565355705 0.34704213579530746 0.0072063177879610404 0.007954514716765858
0 0.6858147580363914 0.4045078774584661 0.00633089433261361 0.010743335837162533
0 0.7871090673582104 0.3877789687977415 0.009784109423130474 0.011664193194633654
0 0.675800423229554 0.4853589712751628 0.007311636350386834 0.008700585191141244
0 0.6819327633943947 0.4881892821204738 0.006997157367574403 0.009958501122390615
0 0.6886940615248599 0.48368175003349706 0.006997157367574403 0.008281279880724881
0 0.6906202452945854 0.4777590625238648 0.00880541151874553 0.010063327449994759
0 0.7383542297179239 0.5256590813126688 0.007005248095733805 0.008704601473232997
0 0.740096372568957 0.5299624797938178 0.006748511254529177 0.009487037560714668
0 0.7455061845800606 0.5305493068594289 0.006785187946129696 0.007726556363881016
0 0.7422236206817978 0.5261970061228124 0.006161684188917604 0.007530947342010635
0 0.7532999815452095 0.5254879234185322 0.007702105236147361 0.010709593947404698
0 0.7521776763228325 0.5542241324430417 0.008884031264448566 0.009958501122390615
0 0.755833494498026 0.5625054123237665 0.008962651010151604 0.011635722364056562
0 0.7030472586221086 0.8245348058785977 0.009096499502836081 0.008836599517040895
0 0.7014878587073368 0.8283466723369292 0.008056899559654766 0.00779699957385958
0 0.7041518335617387 0.8321152221309611 0.008836599517040895 0.008749966188442357
0 0.700968058735746 0.8363169385679856 0.006887349623575716 0.006757399630678407
0 0.6632646594117381 0.8340089885197863 0.009788129886353119 0.01332273234531371
0 0.5725871640031674 0.7880712457093736 0.00936289698827636 0.009720259468744956
0 0.5770184587609777 0.7939796387197873 0.006361052152340392 0.006861359624996482
0 0.5662975843469208 0.7993639000921803 0.006646942136715239 0.0077190295781208815
0 0.47345531054353684 0.9436585295589189 0.00847607340399513 0.011440955047367822
0 0.3449381238813018 0.8514295957609886 0.006932832121090158 0.008004919562495872
0 0.34433060766450524 0.846855356010991 0.009005534507807838 0.007623732916662646
0 0.2928931585526147 0.8305852989750339 0.00781358978531184 0.00980528914235208
0 0.4478446137736829 0.432922755786064 0.006789887128902663 0.007909622901037494
0 0.4519542822990714 0.4404988403719976 0.007861974570308376 0.009339072822911803
0 0.4488452287189949 0.44736019999699395 0.0077905020742147 0.008576699531245567
0 0.4615315967756289 0.44488248679907855 0.007004304617183834 0.008957886177078649
0 0.45039801347808056 0.3936822854360837 0.005975098071120755 0.00837535114242577
0 0.4394436670143591 0.4163570165777729 0.0055154751425730095 0.007149689999631761
0 0.4428142351570427 0.4138035558636187 0.00582189042827153 0.00653685942823472
0 0.43190541793263065 0.4093901002817779 0.008230162632397864 0.00979178323444252
0 0.5070239442558772 0.565514231296128 0.007005019342144791 0.011530896036452347
0 0.5019215227597469 0.5512159202109272 0.007177982782691572 0.008994098908432804
0 0.4812091507542695 0.5473530700387157 0.007783354824605269 0.008417554106610154
0 0.48639805397067304 0.5671862112214137 0.00778335482460534 0.007264464502964927
0 0.5034349528645313 0.573874130922556 0.006053720419137463 0.00887878994806833
0 0.4802146109711255 0.5667249753799556 0.00700501934214472 0.008186936185881137
0 0.47653913785950636 0.5696076993890686 0.006572610740777804 0.007725700344423103
0 0.48847361525723443 0.5506393754091046 0.0050159397758567795 0.006918537621871366
0 0.4996729980326387 0.5592298929562616 0.00665909246105123 0.00910940786879742
0 0.49526243029869577 0.5594028563968084 0.00648612902050445 0.008071627225516593
0 0.5024271039943421 0.5845969409287834 0.008426420356708774 0.011909340770815078
0 0.486174829026692 0.5723728377903226 0.006140202139410888 0.007033846582236052
0 0.5125491191896879 0.6591713726620071 0.007407149595166657 0.00918313283143462
0 0.5101775318193056 0.6534968896388094 0.005652824691048224 0.008230166216851843
0 0.5076110194595769 0.655792672846668 0.005977699673292349 0.008316799545450095
0 0.5085531569080858 0.6600810226122921 0.006562474641333294 0.006497499644882948
0 0.5166750314641885 0.6668384222429691 0.006822374627127061 0.01013609944601754
