0 0.615703985426161 0.3325404696994358 0.009856881035698786 0.01258652298538773
0 0.5341462877061631 0.2430999049433955 0.009486982557508681 0.01384828355577257
0 0.624434831407335 0.6758749502676504 0.008163706461588541 0.010807517722800926
0 0.6349493238661024 0.5167921843352142 0.009682973225911459 0.01315872757523148
0 0.6064288881089953 0.24716849150481046 0.009002388848198786 0.012158231382016781
0 0.711161994934082 0.5798285872847946 0.009632831149631076 0.013070283112702545
0 0.4320082982381184 0.8474020781340422 0.00868237813313802 0.012520514594184028
0 0.7550787607828775 0.30403883192274306 0.009502241346571181 0.01291515209056713
0 0.5565633773803711 0.8968550505461517 0.009708955552842883 0.012698703342013888
0 0.404663446214464 0.34538571393048323 0.009044859144422743 0.012265240704571759
0 0.40054846869574656 0.5222956904658564 0.009290568033854167 0.012146561234085649
0 0.7761707729763455 0.3698277084915727 0.00841556125217014 0.011723412407769095
0 0.5161877102322049 0.40988646613227 0.008614010281032987 0.012980906168619792
0 0.5707150737213157 0.8511841842736588 0.011012607150607638 0.013651529947916664
0 0.36657558017306857 0.43173041167082615 0.009345584445529513 0.012005756519458913
0 0.41717645926818825 0.8597333008166247 0.007783677842881944 0.010095271357783564
0 0.35680134935714297 0.6722143595556005 0.005515475142573081 0.00898818171382274
0 0.35588210350004745 0.6809982644122912 0.0055154751425730095 0.006945413142499319
0 0.36630022321379657 0.686411601126298 0.00490264457117604 0.01082667342801372
0 0.4464921708879288 0.24049221681463684 0.0072467215067697315 0.010111704428050565
0 0.6958508230184941 0.26499011901698283 0.0078957581083246 0.013488586768388053
0 0.7607440849712879 0.4283336148829505 0.005921818581243485 0.009869697635405999
0 0.6752824094160307 0.7074556105812786 0.0064153034630138 0.010856667398946484
0 0.6202372534062565 0.7802820731510862 0.005153347986747434 0.006499718181483444
0 0.6157106639584378 0.7756394173071695 0.005571187012700136 0.007613955584023557
0 0.6232005557354299 0.4901637837961283 0.008496060194367487 0.01021384285661675
