0 0.40623953077528213 0.4310120335331669 0.010078260633680556 0.013259124755859376
0 0.699849001566569 0.49058060822663485 0.010175789727105035 0.015138018572771993
0 0.4789771185980903 0.7984990720395689 0.01200714111328125 0.015982338234230325
0 0.5387145572238498 0.2851052460847078 0.009993320041232639 0.013876173231336806
0 0.6434611426459418 0.33042072719997834 0.0087127685546875 0.011763311315465857
0 0.42840302785237633 0.3338704992223669 0.009688017103407118 0.012774997287326388
0 0.6591957728068034 0.6867946766040944 0.009505250718858507 0.0128122400354456
0 0.41075479719373914 0.5781036094382958 0.009016036987304688 0.011009894476996528
0 0.4329770194159614 0.5306939584237558 0.00934189690483941 0.012440999348958336
0 0.6515952640109594 0.7437267162181713 0.009468248155381944 0.012978221752025463
0 0.47343351576063364 0.5494455973307292 0.01038301255967882 0.014156652379918982
0 0.766741943359375 0.5549196596498842 0.008898586697048612 0.012123390480324075
0 0.6485369364420573 0.30104083308467156 0.009843360053168403 0.012497033013237848
0 0.5263719770643447 0.2713396849455657 0.009316338433159722 0.012656798186125579
0 0.39499634636773 0.36117796721281825 0.009769609239366319 0.012386463306568287
0 0.25471029281616214 0.6947615729437935 0.008411343892415364 0.010519691749855325
0 0.35054477055867517 0.5726253933376736 0.009387482537163629 0.012750018084490743
0 0.47131029764811194 0.274601901019061 0.009244706895616319 0.011720304135923032
0 0.4838646570841471 0.2469424494990596 0.00888625250922309 0.011288395634403935
0 0.654028405170688 0.2520979054392112 0.004607494152215246 0.006765189644433226
0 0.32948760986328124 0.734944068060981 0.010554122924804687 0.013819546169704862
0 0.44605267842610674 0.5155817385073062 0.008704291449652778 0.011148918999565972
0 0.6052791171603733 0.8855342723705151 0.009238179524739583 0.011590124059606481
0 0.4120074166191949 0.6456854361074942 0.008632532755533854 0.011152253327546298
0 0.5097578260633681 0.5487989920156974 0.010393354627821181 0.013571449562355325
0 0.4912052790323893 0.3609307748300058 0.007930035061306424 0.010607118959780093
0 0.5976219297177425 0.6228421022055183 0.006791729397243923 0.009089547616464121
0 0.43519461841036633 0.5642718189260651 0.006472015380859375 0.008204029224537036
0 0.2637521008463684 0.5353876821080695 0.005561437435427834 0.008314068085286053
0 0.2579142435288033 0.5330585057171109 0.003957567965519608 0.00598557543043782
0 0.26001116386874285 0.5262065970006887 0.00507986335872669 0.005513030001718846
0 0.2647366181559304 0.5204966730703372 0.006379363287703228 0.007639484430953303
0 0.2589774707434206 0.5152986733544305 0.005020795180136872 0.007009423859328194
0 0.2542815505455278 0.5257340515719701 0.0053161360730860354 0.007560726859500164
0 0.25983395933297326 0.5208510821418763 0.004252908858468843 0.007088181430781333
0 0.29816886262859443 0.5885817134360893 0.004418299758520483 0.00615096633048914
0 0.3078826245976945 0.5790087306259617 0.005003074726559867 0.005544533030300158
0 0.3055435247255366 0.5860260302424354 0.005392924705252895 0.00571779968749702
0 0.3061584446931511 0.5961739118211421 0.004481325505075802 0.005346142707809634
0 0.3165362511259582 0.5919808587169777 0.0047958044878881265 0.007023363949475439
0 0.3106397701982269 0.5856912790607309 0.0047958044878881265 0.005975100673434426
0 0.31323422180642874 0.5750514068089135 0.004953043979294271 0.00524131638020549
0 0.3091459950298684 0.5972745882609853 0.004638564996481911 0.006499232311454932
0 0.37160514818114687 0.5497273624862927 0.0060751621679655445 0.006956656286454646
0 0.36245666868115156 0.5147534877311027 0.004502767253903955 0.00733784293228787
0 0.32957932047804384 0.48287675447330686 0.004645712246091307 0.005908393010413633
0 0.335261383917494 0.4831626444576817 0.004717184742184983 0.006289579656246716
0 0.33018683669484034 0.48926163079101187 0.004002459781247936 0.0053366130416639375
0 0.3527364092124067 0.48368677609570226 0.004788657238278802 0.00733784293228787
0 0.34987750936865825 0.48549741266340973 0.004073932277341683 0.006575469640621563
0 0.3483051144545965 0.4889280924759079 0.006361052152340463 0.0058130963489552556
0 0.34851953194287766 0.4928352555956975 0.0052174922148410015 0.00638487631770495
0 0.3679600508803675 0.47077407846810504 0.005360437207028497 0.007242546270829493
0 0.347197290765144 0.4720605833977918 0.006432524648434139 0.0058130963489552556
0 0.3487339494311588 0.4766348231477894 0.004931602230466083 0.004860129734372407
0 0.35620282527295183 0.47439535160351964 0.005003074726559902 0.007433139593746105
0 0.4005530141253976 0.2912000220242891 0.005612663645743226 0.008244590666063445
0 0.4074499313172007 0.30109353082356516 0.0051370141842394905 0.007737231240459508
0 0.3997919749869918 0.3007764311825627 0.00580292343034472 0.006595672532850685
0 0.40397769024822394 0.2962736162803281 0.004090585368931485 0.007990910953261477
0 0.4791694266850598 0.287927627516029 0.005817861182028281 0.008700585191141278
0 0.48325765346162014 0.2881372801712372 0.005346142707809705 0.008490932535933027
0 0.48773897896669594 0.29049587254232967 0.005031663724997415 0.007337842932287834
0 0.49277064269169335 0.2921206806201935 0.005346142707809634 0.008700585191141315
0 0.5853628597289187 0.2572713954978699 0.00389849978692979 0.00559178757317202
0 0.5878141891403972 0.2611698952847998 0.004430113394238333 0.005197999715906327
0 0.5910924730521336 0.2566019561405184 0.005434272430265707 0.006773151144968886
0 0.6541477536967935 0.2568382288548777 0.003957567965519644 0.0056705451446251234
0 0.6595820261270591 0.26778553128686233 0.0045482497514180405 0.006300605716250196
0 0.6628603100387954 0.26987260693037024 0.004016636144109356 0.006536878430609505
0 0.6795766045797217 0.2684155918584874 0.004489181572828329 0.007245696573687681
0 0.6775387524183719 0.2560112743546199 0.005257067894496145 0.007166939002234542
0 0.6667588098257252 0.2617211982849716 0.004371045215648479 0.005985575430437678
0 0.6701552300946415 0.25987039535582307 0.004075704322699352 0.006851908716421988
0 0.6727246958632996 0.26089424378471376 0.0035440907153906666 0.006064333001890781
0 0.6759143775071513 0.2637295163570263 0.004607317930007895 0.0046466967157345
0 0.6726447584097244 0.2697632371558876 0.0037685497940320545 0.007363832930867389
0 0.6658873587790463 0.25312963806498723 0.005717799687496949 0.006150966330489211
0 0.6770500558655792 0.34184128731306523 0.005275384936676914 0.007149155542600454
0 0.674109677376284 0.3322129891226275 0.004929458055583353 0.00795631826515205
0 0.6794715440332343 0.3362488027353859 0.004929458055583353 0.006572610740777804
0 0.7618021417335037 0.3888873431417907 0.007005019342144862 0.012453367719368487
0 0.7427844802203961 0.44384664242043426 0.005188903216403418 0.00645730178041326
0 0.7405791963534247 0.4518029606855864 0.004929458055583353 0.006918537621871508
0 0.746935602793519 0.4507075255621234 0.005361866656950269 0.0070338465822359095
0 0.7526001554714261 0.45353259509105426 0.005794275258317327 0.006918537621871366
0 0.7593889705128873 0.43052845749833196 0.005534830097497121 0.006803228661506821
0 0.7717126156518459 0.42908709549377533 0.005102421496130205 0.006687919701142349
0 0.7764258694067456 0.4342759987101789 0.005707793538043831 0.007149155542600454
0 0.769291127484191 0.49175751545189356 0.0066590924610513014 0.00795631826515212
0 0.7897008134687116 0.5139544903220643 0.006659092461051159 0.008763480987703716
0 0.7712802070504791 0.5207000645033889 0.004929458055583211 0.006341992820048787
0 0.7635400930860103 0.5172984501726355 0.006572610740777804 0.007841009304787719
0 0.7590862844919306 0.5181632673753694 0.004410567733943082 0.007725700344422961
0 0.7571404457857794 0.5149346164851627 0.005361866656950269 0.006341992820048858
0 0.751778579128829 0.5330957777425752 0.005534830097497121 0.007149155542600525
0 0.7400424177636816 0.6420924031728786 0.010935181119969002 0.011971145647124004
0 0.7561504676029182 0.6150496635870836 0.005110283470700523 0.007442669259891943
0 0.7567794255685429 0.6244316199076515 0.004953043979294307 0.006918537621871366
0 0.7536739456132711 0.6272619307529625 0.004717184742185196 0.0071281902770794405
0 0.706305548827163 0.6524726625417514 0.006997157367574403 0.007861974570308376
0 0.6998980395523617 0.647440998816754 0.004874424233591412 0.008071627225516664
0 0.6916036563806862 0.6321887681503559 0.00621095991054375 0.005870274345830353
0 0.7022173220506025 0.6328177261159804 0.007626115333199124 0.006708884966663149
0 0.6033775410835744 0.8741486615358969 0.007942394708188161 0.013659384135821
0 0.5610034151091656 0.777833671997312 0.00665909246105123 0.00900562980446935
0 0.5631914026320826 0.7639447077214052 0.005137014184239561 0.006088313107246819
0 0.5348426947264645 0.7244975123807019 0.004946754399638138 0.005834633394445063
0 0.5320363629035928 0.7306492454161492 0.0039003255843300623 0.006468832676449523
0 0.5294202908653227 0.7266537899395183 0.003614935907427821 0.004819914543237047
0 0.5308472392498337 0.7388938360822127 0.005707793538043901 0.005707793538043831
0 0.5344146102111111 0.7360399393131907 0.003900325584329991 0.0055809536816428815
0 0.5840089488733754 0.5497809235876269 0.004684861806134037 0.006415306257048456
0 0.5880607212462482 0.5464888585346678 0.004938097579438647 0.007259425501397061
0 0.6074332579040461 0.5055490751837659 0.00645751221926595 0.010804726327660602
0 0.47770958898981275 0.4297422988264874 0.0063308943326136815 0.00658413010591822
0 0.463908239344715 0.41134049929969024 0.0063308943326136815 0.00658413010591822
0 0.4636983209526004 0.4065068113003943 0.005068049723008628 0.0060643330018908155
0 0.4637957834472736 0.40265162817776373 0.005133024719457566 0.005631166358898625
0 0.462268871030726 0.39944619501962153 0.006627449637780601 0.006670766302079798
0 0.4717552205122552 0.3821628459642327 0.004938099730111105 0.005891066344693882
0 0.44969620921787756 0.3724599131612075 0.005003074726559902 0.006930666287875127
0 0.45710335881304415 0.3732396131185935 0.004483274754969244 0.006237599659087607
0 0.4844380023070975 0.392544638876004 0.005571187012699994 0.009471017921590032
