0 0.44734141031901037 0.6616053828486689 0.012210761176215277 0.016667118778935185
0 0.5616089502970377 0.8003341957374854 0.010835986667209202 0.014712467900028937
0 0.6467817518446181 0.6584256772641782 0.010305362277560763 0.013647913049768519
0 0.44951803419325087 0.3596557193332248 0.010738796657986112 0.015163760715060764
0 0.6979650921291776 0.3110072241889106 0.011391830444335938 0.015048189516420719
0 0.46875625186496306 0.21079576280381943 0.0104317135281033 0.013616208676938657
0 0.4836680730183919 0.8126809861924913 0.010324054294162326 0.013819207085503472
0 0.4968529595269097 0.5185895284016927 0.009939066569010417 0.013055476435908564
0 0.3979689280192057 0.7314897607873988 0.011779361300998263 0.016237329553674767
0 0.5290072123209635 0.17033572020354096 0.010894012451171876 0.015507069340458623
0 0.4501130633884006 0.8417547437879774 0.010274971856011285 0.014410682960792825
0 0.2641908009847005 0.7515927350079571 0.010439766777886283 0.014005872938368056
0 0.4707365247938368 0.29253141615125866 0.009984758165147569 0.014743381076388888
0 0.6454207526312935 0.5931905393247251 0.009738243950737847 0.01313696967230903
0 0.5968307283189561 0.2764169481065538 0.01093457539876302 0.014051649305555556
0 0.6735542721218534 0.5170718722873264 0.009663475884331597 0.013410554108796298
0 0.5382400512695312 0.829226995397497 0.010696834988064237 0.015297953287760417
0 0.3427476035224067 0.5671366656268085 0.011787117852105036 0.01632537841796875
0 0.28745350307888456 0.5296839678729023 0.01150597466362847 0.0157491613317419
0 0.40777339935302737 0.8784129390010128 0.01174490186903212 0.015367861147280093
0 0.47056547800699866 0.5246955871582031 0.010875489976671007 0.014573443377459493
0 0.7200954013400608 0.49691046255606197 0.009142557779947916 0.011544291178385417
0 0.3498006184895834 0.36776669820149743 0.008785035875108507 0.011921720151548031
0 0.46701225704616967 0.48225917109736693 0.00857192145453559 0.010289057978877313
0 0.4567486021253797 0.7203487254955151 0.008803685506184896 0.011388142903645836
0 0.4000120786122444 0.3227013054926365 0.007474390665690104 0.009536347565827547
0 0.2797413371550992 0.5666478208675431 0.006374865145224844 0.008369538065847544
0 0.272247754537621 0.35312038383824806 0.005849746363335056 0.005571187012699927
0 0.2650748512587698 0.35794874591592135 0.007381822791827517 0.007056836882753359
0 0.2574144691163072 0.3540489150070313 0.004039110584207535 0.007056836882753359
0 0.2723870342129386 0.34838487487745295 0.007799661817780041 0.006499718181483374
0 0.33330738961226414 0.31514167693502687 0.005898053322645396 0.008625110235266291
0 0.33149992165855025 0.30879968411497805 0.00665909246105123 0.007864071096860492
0 0.32455543952059684 0.30017457387971175 0.007039612030254077 0.008625110235266291
0 0.33116696703549764 0.29890617531570196 0.006563962568750483 0.008117750809662354
0 0.3374931048734963 0.30049167352071415 0.006468832676449665 0.007737231240459508
0 0.34120317067322486 0.29135920385984393 0.006088313107246748 0.01052770808128095
0 0.3327841752046101 0.2763286808763284 0.008656820199366564 0.008625110235266362
0 0.33601859154283503 0.2812754352759664 0.005612663645743155 0.006341992820048717
0 0.33944326766566135 0.2786117982915459 0.007325001707156389 0.007610391384058524
0 0.346673139480517 0.2826072537681767 0.007705521276359164 0.00672251238925174
0 0.34120317067322486 0.26783041049746303 0.009132469660870229 0.012430305927295606
0 0.6448589747443637 0.21108857394954786 0.006172624662638669 0.008663332859843963
0 0.6708747602971179 0.37325282014515415 0.006434720999668571 0.00939673542808734
0 0.6793011806538268 0.36314111571710356 0.006128305713970121 0.00919245857095504
0 0.7703831243277066 0.48080458542532845 0.005668682785422447 0.008783904856690441
0 0.7765114300416767 0.4859115068536369 0.005362267499723714 0.00674113628536702
0 0.7768178453273751 0.500619440567165 0.005668682785422306 0.00837535114242577
0 0.7700001052205835 0.49367402742466554 0.005515475142573081 0.007558243713896431
0 0.7623397230781211 0.4881585522820926 0.005515475142573081 0.00633258257110235
0 0.674168724618377 0.5995915778477812 0.007507174499613285 0.00898818171382274
0 0.6824419373322366 0.6094990054186996 0.007200759213914836 0.0083753511424257
0 0.7883850223624936 0.6851835809862297 0.007047551571065753 0.011030950285146019
0 0.768697840256365 0.686000688414759 0.005668682785422306 0.008579627999558
0 0.3277190977796263 0.8427158468375211 0.006302574655536475 0.008576699531245567
0 0.30900629880236336 0.8316267807769208 0.005782774683945782 0.007190566273670385
0 0.31050072372068643 0.8366948304999294 0.005133024719457531 0.006584132973481474
0 0.28326317390507216 0.5624936491552801 0.005153691329023734 0.006256207348596446
0 0.7652316369096538 0.678693723278681 0.005951040672656802 0.007428249350266754
