0 0.3963844723171658 0.6578984861020689 0.00997161865234375 0.012780931260850694
0 0.6925644768608942 0.24281755376745154 0.010473208957248263 0.01450408652976707
0 0.5124151441786025 0.446105561433015 0.01094690958658854 0.014515742549189813
0 0.5078153610229492 0.4291456999602141 0.010018030802408852 0.014178636338975694
0 0.34525852203369145 0.6403529131854022 0.011509026421440973 0.01466510913990162
0 0.44709974924723306 0.6027835704662181 0.008934317694769964 0.012346451370804399
0 0.32297796673244905 0.6043593512641059 0.010114182366265191 0.013474245424623842
0 0.7935315873887804 0.620339259394893 0.010471343994140625 0.013197552716290507
0 0.43717884487575953 0.767367610224971 0.008689032660590278 0.011942432544849536
0 0.4937543233235677 0.6032832392939814 0.008059183756510416 0.009941383644386573
0 0.4577734205457899 0.5384121365017361 0.010741763644748263 0.014802607783564814
0 0.529107666015625 0.8716541431568287 0.011163753933376737 0.01457836009837963
0 0.37663633558485243 0.6823538038465712 0.009979671902126737 0.013480461968315972
0 0.5111748589409723 0.922013968008536 0.009876420762803819 0.013331660517939815
0 0.5951091342502169 0.8869082132975261 0.008893500434027778 0.012186290599681713
0 0.6513470967610678 0.6130286040129485 0.009167989095052084 0.012331192581741899
0 0.32280920876397035 0.4480892463966652 0.009875467088487412 0.013790187129267939
0 0.6240119722154405 0.2606902228461372 0.01110699971516927 0.01438587330005787
0 0.41698248121473525 0.32290869818793405 0.010938856336805556 0.015082013165509257
0 0.5862052493625217 0.8266120628074363 0.01066623263888889 0.013904147677951388
0 0.742588127983941 0.3741343745478878 0.01026153564453125 0.013419539840133101
0 0.50068785349528 0.7645702220775463 0.010207578870985244 0.012836371527777777
0 0.6761375427246094 0.40277746695059313 0.011707136366102431 0.015492192021122685
0 0.602004263136122 0.46305063035753036 0.009972763061523438 0.012824362295645255
0 0.32012464735243057 0.3638879987928602 0.010826661851671006 0.014196523030598958
0 0.7859933217366535 0.5323376125759548 0.009946441650390625 0.013981571903935185
0 0.3211613549126519 0.4139732784695096 0.009225209554036459 0.012632214581524885
0 0.46144900851779513 0.5878558688693576 0.009953986273871528 0.012986924913194444
0 0.6620574951171875 0.7382243121111834 0.009176211886935765 0.012104006166811343
0 0.6708902147081163 0.8013250562879775 0.010466427273220487 0.014522241663049768
0 0.45741899278428816 0.6226684005172164 0.009912957085503472 0.01354392722800926
0 0.2579867810126049 0.6235360857464715 0.00550338219921585 0.007337842932287941
0 0.26132812020498597 0.6251084806605332 0.005267522962106561 0.007966800897912591
0 0.25653231571709784 0.6275194861954277 0.006368199401949823 0.007128190277079583
0 0.2618784584249076 0.6331801078860497 0.006368199401949753 0.007757148242704375
0 0.2658880654557649 0.6328132157394354 0.005896480927731247 0.00765232191510016
0 0.26592737532861643 0.627781552014438 0.0064468191476528955 0.007023363949475439
0 0.3014489701316554 0.4970391573310775 0.006173930010317435 0.011440955047367894
0 0.34882801751312686 0.40193323474146764 0.005406377328185817 0.008625110235266359
0 0.26909240825633784 0.3723283816361676 0.007966797428161101 0.00796679742816103
0 0.40851136324915643 0.2712113373556619 0.007966797428161101 0.012869441999337105
0 0.41012004349907355 0.2507836516424284 0.008120005071010255 0.012460888285072436
0 0.32317470618212346 0.2514986206423916 0.00674113628536702 0.009396735428087446
0 0.8158904855853153 0.5147093510574051 0.006128305713970121 0.01123522714227839
0 0.6757820961996751 0.5008185247724063 0.008732835642407366 0.01123522714227839
0 0.6753224732711274 0.5205312414856762 0.009039250928105518 0.01103095028514616
0 0.6591590669505314 0.5461679870557846 0.007353966856764061 0.010826673428013649
0 0.670168042230556 0.5638329541965706 0.005441429839601994 0.007952858996341163
0 0.6760803650370465 0.5591589054881946 0.00722035882562551 0.009208573574710855
0 0.6788010799568474 0.5519036657020588 0.005336786958070974 0.008371430522464323
0 0.6755571506293925 0.5491131888612374 0.0051275011950095 0.008092382838382334
0 0.6727317928280608 0.546322712020416 0.0049182154319478855 0.007534287470217862
0 0.7140278026971033 0.6538889068563342 0.007920835135306276 0.01078581805658743
0 0.759614736826898 0.6627647362987341 0.007415249913903779 0.011459931685124047
0 0.7582665095698247 0.6106332823585622 0.009100533985245391 0.010561113513741631
0 0.7420627121433867 0.6190325527708481 0.006561108671981373 0.010129430932181905
0 0.7470123204397936 0.6204905769201773 0.00679132301134942 0.007520335086013859
0 0.7500051068515746 0.6245576969156745 0.00702153735071704 0.008287716217239805
0 0.6822047623393914 0.6721840404058906 0.009100533985245391 0.011684636227969492
0 0.7304938281155197 0.8372831460116222 0.00925530895760204 0.013136567552725182
0 0.47993681237214614 0.9166011858611104 0.007136644520400921 0.010282907158427293
0 0.4828720451990853 0.9131479707705938 0.0067913230113492064 0.008901621122220434
0 0.4596738757139756 0.7790507041632796 0.008089363542440395 0.01056111351374156
0 0.3727536276806186 0.8491507590105258 0.006587928642517795 0.007762520571028802
0 0.3699958901093321 0.8412861000109311 0.007200759213914836 0.010009565999484523
0 0.3805672174659304 0.8414903768680634 0.0062815133568192745 0.009192458570955181
0 0.39014269514400857 0.8307658418686158 0.0070475515710656115 0.00980528914235208
0 0.37252381621634467 0.8111552635839115 0.006741136285367091 0.00939673542808734
0 0.3578158825028166 0.810848848298213 0.0070475515710656115 0.00919245857095504
0 0.3596543742170076 0.8155472160122568 0.00459622928547752 0.008375351142425842
0 0.29798829797018395 0.76989133844318 0.006587928642517724 0.008988181713822598
0 0.30365698075560627 0.7722405223002019 0.006281513356819346 0.009192458570955181
0 0.31085773996952104 0.7677464314432905 0.006894343928216244 0.010009565999484523
0 0.3130792507908352 0.7623330947292837 0.007966797428161101 0.00939673542808734
0 0.3079467947553853 0.6802137981620849 0.006587928642517759 0.010622396570881279
0 0.3098618902910009 0.6863421038760549 0.00612830571397005 0.0077625205710286594
0 0.4086042161073433 0.6730641081624532 0.0062815133568192745 0.009396735428087482
0 0.4960144221033791 0.5701697060721652 0.0063131655799576695 0.008648172027339243
0 0.49229570813162327 0.574320828645288 0.005967238698864037 0.007725700344423103
0 0.4876689360969968 0.5813546752275239 0.007264464502964998 0.010031879551713559
0 0.49311728447422043 0.5845256716375483 0.006399647300231024 0.008071627225516664
0 0.4947171962992782 0.5888497576512178 0.005967238698864108 0.008186936185881137
0 0.5019525034902529 0.5973393049072316 0.005191333352743257 0.008610016292354458
0 0.5054344953731903 0.5955666544940997 0.0040517723728726905 0.006752953954787913
0 0.5425467812308654 0.5554926415507881 0.007504612089839924 0.011149709390619194
0 0.5380797502250083 0.5601621779622441 0.006575469640621492 0.006956656286454716
0 0.5319688518089959 0.564498176058596 0.006361052152340463 0.0076237329166627885
0 0.5394734638988357 0.5735513588971329 0.007075777113277582 0.00895788617707872
0 0.539401991402742 0.5822710034205659 0.006789887128902734 0.007909622901037494
0 0.5537745457344683 0.5726139113438685 0.006697144417971543 0.010185240468998345
0 0.5527281169191602 0.5590800986658845 0.005650715602663539 0.007952858996341163
0 0.5454554366527692 0.5775670077363266 0.0047089296688861285 0.008092382838382334
0 0.542013550581127 0.5690887729811784 0.004946754399638138 0.00761039138405863
0 0.5461041359500585 0.5688985131965769 0.004185715261232304 0.005961473250845728
0 0.5449150122962995 0.565029897576347 0.005612663645743226 0.007356711671256519
0 0.6256167802193496 0.3408051386314827 0.009269062392379724 0.011684636227969563
0 0.621235041633861 0.3497933203453054 0.008932005578111343 0.013931681656425283
0 0.44005069098844835 0.6846847639825633 0.007381822791827517 0.010399549090373342
