0 0.7153077125549316 0.36279611587524413 0.00919170379638672 0.012146441141764323
0 0.6537599802017212 0.6523193359375001 0.00990748405456543 0.01296246846516927
0 0.42672570794846804 0.5741894755689599 0.010578298568725586 0.013643391927083333
0 0.5965166568756104 0.7193118095397949 0.009450531005859375 0.012706820170084636
0 0.4038935661315918 0.12861932516098024 0.010102462768554688 0.012634237607320152
0 0.4355445384979248 0.7849797248840332 0.010406112670898438 0.013551266988118489
0 0.3871590971946716 0.5330963770548504 0.009255528450012207 0.013230387369791667
0 0.5900279760360718 0.6374024709065755 0.008476972579956055 0.011944580078125
0 0.4330108165740967 0.3777578353881836 0.010143280029296875 0.012457466125488282
0 0.3432583212852478 0.5569485664367676 0.010241198539733886 0.014256095886230469
0 0.711428081337043 0.6352296327218092 0.008324813842773438 0.011785252888997394
0 0.6735841274261475 0.35001136461893717 0.009559059143066406 0.011814212799072266
0 0.5873469352722168 0.7676243464152017 0.009480953216552734 0.013025919596354164
0 0.4630976638635569 0.49520999655511083 0.0059114553987263466 0.009195597286907713
0 0.4785331307380091 0.42252098943003097 0.007225112153998907 0.01007136845708942
0 0.4105513936526559 0.331002902146045 0.010509254042180132 0.008319826116726006
0 0.5264816023054563 0.1346112172328023 0.009852425664543958 0.009633482871998495
0 0.6865835193542955 0.16307378026370703 0.012808153363907025 0.01138502521236191
0 0.6011958302615813 0.21934207794788022 0.008867183098089555 0.01445022430799778
0 0.6757458511232971 0.3557434377036776 0.006896697965180749 0.009633482871998495
0 0.675417436934479 0.47638091639620456 0.0062398695875444336 0.008319826116726006
0 0.6698272562596553 0.475016734319714 0.006910976895011914 0.011892393289422216
0 0.674936653707677 0.4719058102473155 0.005552408787445273 0.006930666287875056
0 0.5197507670411039 0.6582679566032488 0.006729339296867564 0.01106602462151571
0 0.3711445242352764 0.621630442653636 0.007850895846345622 0.012561433354152812
0 0.6759442738478743 0.4631901244290761 0.00877461954500248 0.009842430389103428
