0 0.5025398678249783 0.8916301586009838 0.01049677530924479 0.015065171983506945
0 0.4091988881429036 0.20010172526041667 0.009498341878255209 0.015353817409939236
0 0.5688140021430121 0.4279008794713903 0.009186045328776041 0.01259593257197627
0 0.4896174748738607 0.3846031330249928 0.010548104180230035 0.014232296413845486
0 0.6160132514105903 0.4726653628879124 0.009164598253038194 0.012318561695240163
0 0.5434903038872613 0.6173813713921441 0.01026187472873264 0.013497981318721064
0 0.28415749867757156 0.5873331423159 0.011776224772135418 0.014634252477575231
0 0.278945975833469 0.7451813874421296 0.009881909688313801 0.0137481689453125
0 0.3486851480272081 0.3328984154595269 0.010645272996690538 0.014023307517722801
0 0.4233944363064236 0.19746920974166304 0.009748586018880208 0.013021017003942419
0 0.3156365818447537 0.48909115261501734 0.010905223422580294 0.0144287109375
0 0.7250049167209202 0.6055199517144098 0.009266493055555556 0.012845074688946759
0 0.7177147759331598 0.3491323117856626 0.008591206868489583 0.011928869176793982
0 0.395204120212131 0.8518141569914641 0.010325961642795138 0.013385913990162037
0 0.40338444179958766 0.6959493566442418 0.009333716498480903 0.012220029477719907
0 0.5494556215074328 0.2955924563937717 0.009715906778971354 0.01302572179723669
0 0.5346361584133572 0.5076837327745225 0.009136072794596354 0.012874292444299768
0 0.4660557428995768 0.3596566659432871 0.00955611334906684 0.013410215024594907
0 0.36995493570963545 0.3741688057228371 0.010213894314236112 0.013272970694082755
0 0.393262799580892 0.34701981721100983 0.009582731458875868 0.012522210015190972
0 0.33831845389472115 0.6122979623300058 0.009782303704155816 0.013287014431423612
0 0.4388147989908854 0.29736030013472947 0.008786519368489584 0.011787273265697338
0 0.414531241522895 0.6739643238208912 0.009481218126085069 0.013047394929108795
0 0.750962914360894 0.4198228058991609 0.010467359754774306 0.015103092900028935
0 0.4198177337646485 0.23804411711516202 0.009973992241753472 0.013310411241319445
0 0.49464439815945094 0.8652011730052807 0.009746170043945313 0.014038481535734953
0 0.621890131632487 0.35576840153446904 0.010928259955512155 0.0157933270489728
0 0.4346417109171549 0.37190216912163626 0.01045239766438802 0.014264509412977432
0 0.39954333835177946 0.8807446232548467 0.009494357638888888 0.013248754430700232
0 0.5086748970879449 0.3987330542670356 0.010440953572591146 0.014534476951316551
0 0.6547103881835937 0.3643781026204427 0.009173075358072916 0.012390532316984953
0 0.6585695054796007 0.5894896330656829 0.01010810004340278 0.013972416630497687
0 0.3003449440002442 0.7710526077835648 0.010353957282172309 0.012898310908564813
0 0.26258975134955514 0.5317376030815972 0.00775464375813802 0.011112015335648146
0 0.7594125535753038 0.45811658788610393 0.010279337565104164 0.014487005163122107
0 0.748418723212348 0.5438494364420573 0.009720102945963541 0.012292536982783564
0 0.4713797251383464 0.19147641217267072 0.011115858289930556 0.01560445714879919
0 0.640023676554362 0.5829626860441985 0.009517245822482638 0.013509849265769676
0 0.4081347359551324 0.44496948807327835 0.009861712985568576 0.01230819137008102
0 0.48024258083767357 0.433214286521629 0.009783935546875 0.012910800509982638
0 0.7138451258341472 0.3158071447301794 0.009262635972764758 0.012721761067708332
0 0.6774748060438368 0.8360670584219474 0.010772705078125 0.015912260832609954
0 0.5470775180392795 0.3826711018880208 0.009362114800347222 0.011960460521556714
0 0.6474993387858073 0.6683560971860533 0.010447777642144097 0.014244362160011575
0 0.595819812350803 0.7258192839445892 0.007369571261935765 0.00926773636429398
0 0.4502449247572157 0.4475067279956959 0.009607569376627604 0.01177998295536748
0 0.4306070327758789 0.6615081787109375 0.009236102634006076 0.012222855179398149
0 0.26019875208536786 0.4888033266420718 0.009716351826985678 0.012726734302662038
0 0.6022676255967881 0.2811159063268591 0.010423617892795138 0.014867062038845486
0 0.5058331383599176 0.3376465387328863 0.008859761555989583 0.011402949580439813
0 0.6492295582237552 0.3782028872893154 0.008422682020399306 0.007413263191874233
0 0.4006546232435438 0.22458780076768664 0.00844679938422309 0.012108414261429399
0 0.23558245764838326 0.5142085040057147 0.009533564249674479 0.013165678801359954
0 0.5912670265718518 0.6782126850405135 0.007891082763671875 0.010061136881510417
0 0.7861805904340439 0.5656713190376422 0.008943684895833333 0.011807703088831018
0 0.30380523469713 0.5076916164822048 0.008682187398274739 0.011093704788773149
0 0.323213787409352 0.5605475310492152 0.007895758108324706 0.010198687556586136
0 0.32679155280218664 0.5444270249113855 0.006662045903899028 0.010856667398946555
0 0.3433232963414916 0.490143687916653 0.0056750761403584 0.00888272787186537
0 0.24499643364876025 0.6131859184380467 0.0064153034630138 0.00822474802950488
0 0.25017802490734836 0.620588191664601 0.007402273226554428 0.006579798423603904
0 0.36972473751620244 0.3899662569172831 0.0056750761403584 0.009869697635405928
0 0.4472018639541387 0.2805771081248677 0.006168561022128642 0.010198687556586102
0 0.40648936120808943 0.23188659979019854 0.006168561022128713 0.009540707714225717
0 0.4967970945720534 0.20375796152929168 0.0056750761403583285 0.009211717793045544
0 0.5021020570510841 0.18961139491854323 0.0064153034630138 0.011843637162487042
0 0.7371242319941872 0.47369419185764317 0.0056750761403583285 0.008882727871865299
0 0.6357130887903915 0.4980394460249778 0.00715553078566927 0.009540707714225717
0 0.7197288899117844 0.6271679900882049 0.007895758108324743 0.007237778265964252
0 0.7205924884548824 0.6352282431571197 0.005181591258588014 0.008224748029505022
0 0.7671034385617327 0.6842477414129691 0.010363182517176312 0.012172627083667181
0 0.44658500785192584 0.8650277031014874 0.004934848817702999 0.007237778265964323
0 0.4448578107657298 0.7743909798163432 0.005921818581243485 0.00888272787186537
0 0.5080238756323276 0.632102838905908 0.007895758108324743 0.0118436371624869
0 0.5017319433897564 0.6268390001670248 0.0066620459038988855 0.008553737950685161
0 0.5007449736262157 0.6138438982804071 0.005181591258588156 0.008224748029505022
0 0.49889440531957713 0.6383536474083317 0.005428333699473313 0.008553737950685161
0 0.5699562282944997 0.6126924335562763 0.007402273226554428 0.010527677477766418
0 0.5908059645492947 0.6852347111765098 0.005181591258588014 0.008882727871865228
0 0.5843906610862808 0.6796418825164464 0.006662045903899028 0.00888272787186537
