0 0.4976122750176324 0.1839251059072989 0.010002687242296006 0.013072063304759837
0 0.6621398713853623 0.3929515132197628 0.00890914069281684 0.011614481608072914
0 0.7157407972547744 0.5680360864709926 0.008965216742621528 0.013271360044126157
0 0.6646045260959201 0.335290852299443 0.009236229790581597 0.01132696646231192
0 0.40370805528428827 0.3349877251519097 0.008957926432291667 0.011551298918547453
0 0.48651362525092234 0.4325517018636067 0.007539664374457466 0.009658615677445023
0 0.3265230920579698 0.35757501390245233 0.008858299255371094 0.011844126383463542
0 0.5122284147474501 0.17533500812671804 0.009247207641601562 0.013135288379810475
0 0.2659435166252984 0.373854488796658 0.009663624233669704 0.011698517975983796
0 0.3409880426194933 0.4802660341616031 0.009202681647406685 0.012345829716435185
0 0.675221316019694 0.3587096037688079 0.009548738267686633 0.01284038402416088
0 0.4332356346978081 0.4849248532895689 0.008336385091145834 0.01006904884620949
0 0.6055509567260742 0.30736625106246385 0.008219104342990452 0.010629187689887153
0 0.5569882286919489 0.7368682578757957 0.00843751695421007 0.011507557056568286
0 0.4405733956231012 0.3567314995659722 0.007774225870768228 0.009722109194155093
0 0.7005564795600044 0.4121799610279224 0.009203847249348958 0.011941697862413194
0 0.5710607104831272 0.32453993338125725 0.008106782701280383 0.010171876130280673
0 0.5154064602322048 0.31674348336678965 0.007343800862630209 0.010829134340639469
0 0.5231215582953559 0.33418475963451244 0.009003448486328124 0.011935566089771412
0 0.5099888483683268 0.5118386727792246 0.007573318481445312 0.01045193142361111
0 0.7302042219373915 0.3627192038076895 0.009780629475911459 0.012097478795934606
0 0.47045097351074217 0.5372879310890479 0.008020189073350694 0.010623790599681713
0 0.2907540957132975 0.7314374287923177 0.0082805421617296 0.01156814010054977
0 0.3750865936279297 0.43400966503002025 0.007200537787543403 0.00884049027054398
0 0.36754557291666673 0.6304493091724538 0.0073803371853298615 0.009731038411458334
0 0.6861936569213867 0.5275798938892506 0.008734512329101562 0.011386051884403937
0 0.6170450422498915 0.4442994718198423 0.008164299858940972 0.01109209413881655
0 0.5566035800509983 0.2821705147072121 0.009421030680338541 0.012128957112630208
0 0.3489432017008464 0.8147828561288338 0.007089275783962673 0.009426710340711806
0 0.3549312909444173 0.800141934995298 0.007025845845540365 0.009569351761429399
0 0.5294197718302409 0.4449902145950883 0.008282513088650174 0.011328322799117475
0 0.5466160668267144 0.4526120221173322 0.009960174560546875 0.012710175690827547
0 0.6715437995062934 0.5078637299714265 0.007238599989149306 0.009472712764033565
0 0.3914001040988498 0.444612545437283 0.007217322455512153 0.0100860595703125
0 0.5499684651692709 0.3719386913158275 0.00715298122829861 0.009526231553819445
0 0.6793340471055772 0.6090846591525607 0.008232540554470487 0.011227925618489586
0 0.42980891333685983 0.39511813411006214 0.007716751098632813 0.009937625461154514
0 0.35279480616251635 0.24373413368507665 0.008625306023491753 0.011096445719401042
0 0.27340468135919854 0.6098646161795622 0.010729291548688345 0.015365405180837613
0 0.2581055063731059 0.6408603473202175 0.006358098695519026 0.00953714804327852
0 0.2720138472695538 0.6533116239322757 0.00794762336939879 0.010066989601238419
0 0.30479779366832377 0.6951691070111091 0.009934529211748498 0.01006698960123856
0 0.3000292196466845 0.7062957797282675 0.008345004537868697 0.00900730648531848
0 0.4307676240732945 0.6956989485690691 0.005960717527049155 0.009007306485318622
0 0.47070443150452335 0.7206015017931853 0.0071528610324589435 0.009007306485318622
0 0.5013027814767086 0.7200716602352253 0.0071528610324589435 0.011126672717158358
0 0.7542358952078242 0.5823128551656463 0.00913976687480854 0.010066989601238434
0 0.4059313010439233 0.6400655849832776 0.006358098695519061 0.011126672717158215
0 0.3433437670099079 0.6609943265226944 0.006755479863988896 0.011656514275118183
0 0.3616233007595251 0.6469535252367566 0.009139766874808615 0.01324603894899795
0 0.30241350665750405 0.6546362278271755 0.009139766874808615 0.010596831159198388
0 0.3572521079063557 0.5907903200930051 0.009934529211748498 0.011126672717158215
0 0.37513426048750304 0.5751599941331876 0.009139766874808615 0.01271619739103798
0 0.4740821714365178 0.6289389122661193 0.009139766874808615 0.010066989601238419
0 0.3610272290068201 0.520321392884336 0.008742385706338568 0.013246038948997878
0 0.3739421169820932 0.500187413681859 0.007550242200928778 0.009007306485318693
0 0.48024157954780194 0.49144502797552037 0.009537148043278591 0.011656514275118254
0 0.5032896873190584 0.49303455264940005 0.005563336358579249 0.011656514275118183
0 0.49613682628659944 0.49118010719654037 0.005563336358579249 0.012186355833078082
0 0.2610858651366305 0.39395418131089527 0.008345004537868732 0.008477464927358725
0 0.4752743149419277 0.42547975400951044 0.006755479863989038 0.010066989601238419
0 0.4021561799434588 0.38362227093067686 0.011524053885628263 0.012186355833078082
0 0.45023930132832146 0.30282143334178924 0.011524053885628192 0.010596831159198352
0 0.47010835975181847 0.2938141268564706 0.009139766874808686 0.01165651427511822
0 0.5563400733097953 0.4856167708379613 0.01072929154868838 0.011656514275118254
0 0.4897787275910804 0.46521787085650446 0.006358098695519061 0.011126672717158358
0 0.4885865840856705 0.48164295915326194 0.00953714804327852 0.012186355833078153
0 0.4738834808522829 0.4416399215272881 0.007947623369398684 0.00953714804327852
0 0.5664732931057788 0.3417647878518433 0.006358098695519061 0.007947623369398756
0 0.4627568081351246 0.2964633346462703 0.007947623369398827 0.010596831159198423
0 0.43712572276881345 0.30626540346852876 0.00834500453786866 0.010066989601238419
0 0.4083155880547429 0.258844584031116 0.010331910380218332 0.011656514275118183
0 0.5714405577116529 0.23924044638659903 0.009139766874808544 0.014835563622877714
0 0.3699683052973938 0.22519964510066118 0.01072929154868845 0.014305722064917781
0 0.6280673742186194 0.30308635412076923 0.007947623369398827 0.010066989601238419
0 0.6121721274798217 0.565887766868889 0.00953714804327852 0.011126672717158358
0 0.551372808703921 0.526679491579855 0.008742385706338568 0.009007306485318622
0 0.7222467111459949 0.5465485500033519 0.010331910380218546 0.013775880506957989
0 0.7709259042835623 0.6432446343310372 0.009934529211748498 0.013246038948997807
0 0.7127095631027163 0.6212562096757005 0.006358098695519203 0.011656514275118183
0 0.6948274105215692 0.6538414654902356 0.007152861032459015 0.01006698960123856
0 0.7262205228306943 0.6578152771749349 0.007947623369398684 0.014835563622877714
0 0.7446987471645464 0.6980832355798888 0.01152405388562812 0.014835563622877714
0 0.7508581552758303 0.684307355072931 0.009537148043278734 0.018014612970637243
0 0.7222467111459949 0.6904005329894699 0.007947623369398684 0.011126672717158358
0 0.5740235353067075 0.6745052862506724 0.0071528610324589435 0.007947623369398684
0 0.5732287729697676 0.6805984641672115 0.006358098695519061 0.005298415579599265
0 0.5722353200485928 0.6943743446741695 0.006755479863989038 0.009537148043278449
0 0.5815737775076364 0.6972884732429488 0.00635809869551899 0.0068879402534788884
0 0.5801829434179911 0.68907592909457 0.005960717527049808 0.006358098695518879
0 0.6441613115416519 0.7012622849276482 0.007550242200928921 0.008477464927358796
0 0.7441026754118414 0.7478883420281212 0.006358098695519061 0.009537148043278591
0 0.7256244510779893 0.7439145303434216 0.006755479863988825 0.009007306485318764
0 0.7405262448956119 0.75583596539752 0.0055633363585789655 0.007417781811438857
0 0.5660759119373088 0.7150381654346062 0.010331910380218403 0.011656514275118183
0 0.6219079661073351 0.8573006237468443 0.007550242200928992 0.012186355833078153
0 0.37831330983526246 0.866572851011143 0.0075502422009288495 0.012716197391038122
0 0.36341151601763977 0.8565058614099044 0.007947623369398827 0.010596831159198246
0 0.45182882600220126 0.8880314341085196 0.007550242200928778 0.009007306485318622
0 0.4639489516405344 0.8882963548874997 0.009537148043278591 0.011656514275118325
0 0.48580491590638103 0.8165028237839306 0.008742385706338639 0.010066989601238419
0 0.39778498709028953 0.7910704290018546 0.008345004537868732 0.015365405180837542
0 0.33360792838239434 0.7566307277344597 0.008742385706338639 0.011126672717158358
0 0.3528809150531864 0.7354370654160631 0.009934529211748498 0.014305722064917745
0 0.42321738187236535 0.7431197680064817 0.009934529211748424 0.013775880506957904
0 0.4647437139774743 0.7399407186587222 0.005563336358579179 0.012716197391038122
0 0.46911490683064355 0.729078966720544 0.007947623369398756 0.00900730648531848
0 0.511833382441162 0.6864267213047706 0.009934529211748285 0.012716197391038122
0 0.45023930132832146 0.7624589848720188 0.0075502422009288495 0.009007306485318764
0 0.41983964194037116 0.7508024705969006 0.007152861032458872 0.014305722064917745
0 0.3860622426204263 0.7680223212305981 0.007152861032458872 0.009537148043278449
0 0.4609685928770098 0.7955740822445138 0.009934529211748498 0.013775880506957777
