0 0.318941605091095 0.5399315516153972 0.00882890224456787 0.011882273356119792
0 0.6361734628677368 0.2678521633148193 0.00875248908996582 0.010856151580810547
0 0.5396931171417235 0.427999750773112 0.008388137817382813 0.011948013305664062
0 0.5774962663650512 0.7621255238850911 0.009546899795532226 0.013329569498697917
0 0.66408269405365 0.6927858352661133 0.008466672897338868 0.01181933085123698
0 0.5888238430023194 0.6398189544677735 0.007713127136230469 0.009325281778971354
0 0.4561558961868286 0.4350837389628092 0.009214544296264648 0.011520957946777344
0 0.4202165126800537 0.5701122601826986 0.009375572204589844 0.012454541524251302
0 0.6600129842758179 0.35927138328552244 0.008254575729370116 0.012575435638427734
0 0.5421553611755371 0.32149742444356283 0.00892810821533203 0.011365286509195964
0 0.6982505083084106 0.42941180864969886 0.007940340042114257 0.00937191645304362
0 0.2840176463127136 0.6175161997477214 0.007977938652038575 0.010840861002604167
0 0.4317421197891235 0.6622150421142579 0.008768033981323243 0.01133600870768229
0 0.6268324613571167 0.34919563929239905 0.00748133659362793 0.011303075154622396
0 0.2733901262283325 0.5896306355794271 0.008307409286499024 0.010106150309244792
0 0.49269856068997164 0.6884254882035934 0.00784163475036621 0.010912386576334636
0 0.4193127155303955 0.15724527835845947 0.008009719848632812 0.011303408940633137
0 0.42894558906555175 0.4724047501881918 0.00726022720336914 0.009875647226969401
0 0.5141863822937012 0.2601059277852376 0.008059978485107422 0.010615507761637367
0 0.6709654092788696 0.26749999523162843 0.009119939804077149 0.012117369969685871
0 0.31056663990020755 0.2346981604894002 0.008945608139038086 0.01233375867207845
0 0.4028373837471008 0.6628912289937336 0.00821387767791748 0.010791206359863281
0 0.5485729932785034 0.6806086540222168 0.008478689193725585 0.01057783762613932
0 0.3752112865447998 0.6314448356628418 0.007819128036499024 0.010319455464680988
0 0.42758344863697867 0.7922834296848599 0.010068273544311524 0.015361086527506514
0 0.7106608390808106 0.5531209627787272 0.008102130889892579 0.009980201721191406
0 0.6974330186843872 0.23486558596293133 0.008847284317016601 0.011422665913899739
0 0.3118237018585205 0.43436307907104493 0.007989168167114258 0.012450981140136718
0 0.4043086528778076 0.7562600135803222 0.008056926727294921 0.010719235738118489
0 0.6451276063919067 0.20897448062896729 0.008347082138061523 0.010767157872517903
0 0.6777942895889282 0.6648112932840984 0.008327341079711914 0.010732587178548176
0 0.3590549111366272 0.6221577962239584 0.008990740776062012 0.012548192342122394
0 0.5935860395431518 0.1905672073364258 0.010382604598999024 0.013216940561930339
0 0.39402681589126587 0.5206718762715657 0.00824434757232666 0.00985113779703776
0 0.3864319324493408 0.4532711823781331 0.007984018325805664 0.009657764434814453
0 0.6033087730407716 0.22023396492004393 0.008661365509033203 0.010765266418457032
0 0.3844448924064636 0.207215412457784 0.008508896827697754 0.010866975784301758
0 0.6056981801986694 0.7012133916219077 0.007242536544799805 0.009642537434895833
0 0.6220736026763917 0.5786083221435546 0.008426952362060546 0.011344273885091148
0 0.28846721649169926 0.5611013730367024 0.007940578460693359 0.010799853006998698
0 0.46613688468933107 0.5397498448689778 0.008571052551269531 0.01024754842122396
0 0.630645751953125 0.14663163820902503 0.00898571014404297 0.012052281697591144
0 0.33506940603256224 0.39105318387349447 0.009440016746520997 0.01244026819864909
0 0.46746082305908204 0.2601600646972656 0.0073833465576171875 0.009720325469970703
0 0.2736894488334656 0.36262591679890943 0.00808870792388916 0.011396408081054688
0 0.49221723079681395 0.48986118634541825 0.008559942245483398 0.010925134023030601
0 0.41140825748443605 0.24242544174194336 0.008652162551879884 0.011381594340006511
0 0.7057013273239136 0.48387626012166346 0.00865626335144043 0.011455408732096354
0 0.5961960554122925 0.11495232184727987 0.008341073989868164 0.011487603187561035
0 0.633083987236023 0.30470034281412756 0.007213163375854492 0.01026293436686198
0 0.7752647399902344 0.4199679374694824 0.008213329315185546 0.011435890197753906
0 0.4592555046081543 0.28028299013773605 0.010140609741210938 0.014380677541097004
0 0.4766100883483887 0.22964672247568768 0.00808248519897461 0.012193568547566732
0 0.5153228434642131 0.8066727709644484 0.010077381134033203 0.013262303670247395
0 0.7082489728927612 0.3993028163909912 0.00870375633239746 0.011618518829345703
0 0.3879083633422852 0.2725928068161011 0.00968475341796875 0.011916653315226238
0 0.578815245628357 0.09795069694519043 0.007986021041870118 0.011186742782592773
0 0.5592019081115722 0.465198278427124 0.007968807220458984 0.010696887969970703
0 0.30904669761657716 0.5372946262359619 0.008189725875854491 0.013529364267985027
0 0.5444263696670533 0.5428070068359375 0.007735300064086914 0.009825515747070312
0 0.48296031951904295 0.6674779256184895 0.008244132995605469 0.010739390055338542
0 0.337319540977478 0.3248161951700847 0.008505630493164062 0.011037445068359375
0 0.28137598037719724 0.6397615432739259 0.007259654998779297 0.010181045532226563
0 0.22521040439605713 0.421119213104248 0.008909225463867188 0.012290318806966148
0 0.5803131580352783 0.2159496784210205 0.009179019927978515 0.012160491943359376
0 0.5601361274719238 0.076939062277476 0.008800220489501954 0.011075456937154136
0 0.6124492645263672 0.10961336692174277 0.009006786346435546 0.012269854545593262
0 0.6423373699188233 0.6200805346171061 0.007044506072998047 0.010404268900553383
0 0.6479147236685517 0.3983706294733438 0.00854663848876953 0.012470372517903642
0 0.48959147930145264 0.18063609600067138 0.00883030891418457 0.01208043098449707
0 0.5751828670501709 0.5199495951334636 0.00875387191772461 0.010622278849283856
0 0.46150871019874345 0.6193366676624337 0.007282924652099609 0.010062026977539062
0 0.5160393238067627 0.3244046688079834 0.007568931579589844 0.011118857065836589
0 0.30670552823772895 0.4736070005335844 0.009213989015523248 0.008722127099171948
0 0.5219883441925048 0.42194309234619143 0.007526111602783203 0.009742546081542968
0 0.6035385131835939 0.5621195793151856 0.0077723503112792965 0.010598818461100258
0 0.329002840581624 0.6966731505377344 0.008637452125549316 0.013198534647623694
0 0.6376697301864624 0.5955069224039714 0.008790349960327149 0.011040496826171874
0 0.6148336887359619 0.6207178433736165 0.007722091674804687 0.0116336186726888
0 0.44163777828216555 0.7705093065897625 0.00847926139831543 0.011712582906087239
0 0.47420811653137207 0.43588171005249016 0.008731746673583984 0.010516675313313802
0 0.25747913122177124 0.3743308226267497 0.008933329582214355 0.011431852976481117
0 0.6411909818649292 0.3256896654764811 0.007663869857788086 0.012888209025065106
0 0.2697632590632177 0.572415479839578 0.0131512346382085 0.010019988295777936
0 0.23162467861241295 0.5398505178782996 0.00901798946620012 0.010019988295778007
0 0.25937453181048054 0.6212326968167448 0.009316104820454712 0.01016302344049599
0 0.2709490862843788 0.6201034719900229 0.009880717233815553 0.013174289645087356
0 0.2877463055818652 0.6394884981820802 0.009033798613774237 0.011292248267217886
0 0.2828059469649575 0.6615083823031549 0.0087514924070938 0.013174289645087356
0 0.34914790553486186 0.7113824788167 0.008751492407093836 0.009033798613774166
0 0.42438250961520035 0.6728006305703726 0.009598411027135115 0.010163023440496062
0 0.4584004075201939 0.6765647133261118 0.008751492407093765 0.010163023440496062
0 0.49848788886881706 0.6983963933093996 0.008751492407093765 0.01091583999164385
0 0.3669331965557299 0.7401777118981052 0.006493042753650187 0.007904573787052414
0 0.46348191924044196 0.7635150249836886 0.011574554473898218 0.009410206889348132
0 0.4938298364585898 0.74732946913401 0.0056461241336089076 0.008657390338200344
0 0.4969352047320747 0.7443182029294186 0.009033798613774237 0.01166865654279178
0 0.570758277779011 0.7836528677268939 0.007622267580372011 0.00978661516492224
0 0.5858616598364147 0.7924984622028812 0.007904573787052484 0.012421473093939426
0 0.6200207108447485 0.7262506057018702 0.007339961373691537 0.01242147309393971
0 0.5433745757310078 0.701972271927352 0.008751492407093765 0.012045064818365602
0 0.6155038115378614 0.6786349588417684 0.00846918620041322 0.009786615164921955
0 0.5809213012195068 0.6997138222739084 0.009880717233815658 0.009033798613774166
0 0.5754163301892382 0.635536211288554 0.009033798613774166 0.007151757235904697
0 0.6852334445879312 0.7138291326079306 0.007904573787052414 0.009410206889348132
0 0.6961022335451283 0.6865395326288208 0.006493042753650258 0.009786615164922097
0 0.6339948680754305 0.6227383299190404 0.009880717233815516 0.010915839991643922
0 0.5541022115848646 0.5828390527082042 0.007622267580372011 0.014679922747383216
0 0.6397821453123796 0.5790749699524649 0.007904573787052484 0.012421473093939569
0 0.6605316515033922 0.6216091050923186 0.010445329647176465 0.012421473093939569
0 0.6900326501014987 0.584156481672713 0.007904573787052555 0.012045064818365673
0 0.6479690253061124 0.5681591299608212 0.007339961373691466 0.012421473093939497
0 0.7236270886964717 0.5337177727458069 0.007339961373691466 0.012797881369513533
0 0.7281439880033588 0.5256249948209674 0.00677534896033066 0.009410206889348132
0 0.7391539300638962 0.5237429534430978 0.007904573787052414 0.01091583999164385
0 0.7239093949031522 0.48836057553914874 0.009033798613774166 0.013927106196235287
0 0.6832573011411682 0.5066163769044841 0.00677534896033066 0.006022532409182801
0 0.666742388050362 0.3690391521822141 0.012139166887259165 0.012421473093939569
0 0.6447225039292874 0.37129760183565774 0.008751492407093622 0.008657390338200344
0 0.645710575652669 0.37637911355590575 0.009033798613774308 0.007528165511478519
0 0.6488159439261539 0.38089601286279284 0.006210736546969855 0.010539431716069884
0 0.6970903052685099 0.4130789204243635 0.010727635853856866 0.009410206889348132
0 0.7730306748655497 0.39030621975214097 0.008469186200413361 0.009786615164922097
0 0.7597622831515687 0.384848299756319 0.009033798613774166 0.009410206889348132
0 0.720662873526327 0.4031041011216544 0.008751492407093765 0.011292248267217744
0 0.6481101784094528 0.3283870584202301 0.007622267580372011 0.011668656542791637
0 0.6286310501485021 0.3265050170423605 0.00931610482045464 0.011668656542791637
0 0.6387940735889981 0.2930046805162811 0.0070576551670112056 0.008657390338200309
0 0.6005415825837979 0.32462297566449083 0.007339961373691466 0.013174289645087356
0 0.5868497315597963 0.24840029986077083 0.006493042753650258 0.008280982062626343
0 0.5629948570952987 0.1689781537146724 0.008469186200413219 0.00978661516492206
0 0.5268596626402018 0.15505104751843712 0.008469186200413361 0.011292248267217798
0 0.5820505260462288 0.13754806270424955 0.008186879993732958 0.013927106196235267
0 0.5703348184689903 0.16013255923868513 0.00677534896033059 0.008657390338200273
0 0.5639829288186803 0.18158783094639894 0.0064930427536501155 0.009410206889348167
0 0.5661002253687836 0.18478730128877732 0.004516899306887154 0.007528165511478519
0 0.5182493233364482 0.10498874686710494 0.0070576551670112056 0.012045064818365639
0 0.4064560654909921 0.104612338591531 0.008186879993732887 0.011292248267217798
0 0.39897495101396047 0.18045860611967715 0.007904573787052414 0.013927106196235287
0 0.37173240206929753 0.1322783468462146 0.01100994206053727 0.012421473093939569
0 0.3947403579137538 0.20266669437853882 0.011292248267217815 0.01016302344049599
0 0.44188549442938796 0.2137707385079696 0.006210736546969784 0.011292248267217779
0 0.37017971793255505 0.3050497453346467 0.00677534896033066 0.011668656542791709
0 0.2784302007614105 0.2675971219150411 0.008469186200413361 0.011292248267217779
0 0.2613506752572436 0.3116368901571904 0.011574554473898253 0.009786615164922132
0 0.2736309952478429 0.3204824846331777 0.007339961373691608 0.011668656542791745
0 0.27927711938145183 0.32048248463317774 0.006210736546969784 0.01016302344049599
0 0.2614918283605839 0.38127242113836673 0.007339961373691572 0.009786615164922097
0 0.40165685997742456 0.3475838804745004 0.01100994206053734 0.010163023440496062
0 0.4115375772112402 0.3656514777020488 0.007622267580372011 0.01091583999164385
0 0.4139371799680239 0.37299143907574034 0.00846918620041329 0.009786615164922097
0 0.3852830999899588 0.40649177560181976 0.00592843034028931 0.00677534896033066
0 0.28520554972174117 0.4147727576644462 0.007904573787052449 0.009033798613774237
0 0.33093915520397316 0.4510961562573301 0.009598411027135044 0.011668656542791709
0 0.3888119275734644 0.4422505617813428 0.00846918620041329 0.010539431716069955
0 0.41577217031144686 0.4520371769462649 0.008751492407093765 0.009033798613774237
0 0.4224063661684373 0.42531218938051607 0.008469186200413361 0.012797881369513533
0 0.4375097482258411 0.4031041011216544 0.0070576551670111344 0.012045064818365673
0 0.39361113308703194 0.41213789973542875 0.006210736546969784 0.007528165511478519
0 0.26750642304054717 0.4783087119038953 0.005902766139681965 0.008554733535771106
0 0.26378511395248677 0.478993090586757 0.0051328401214626495 0.011292248267217815
0 0.4862107602452373 0.27758030753404234 0.00825202398591479 0.011002698647886326
0 0.45529331710371523 0.4443837020587154 0.007442618176120774 0.013003194974372008
0 0.44913390895796 0.45533376098450234 0.006416050151828259 0.010950058925787048
0 0.4378416606907423 0.47466745877534494 0.005389482127535743 0.008554733535771035
0 0.442332895797022 0.48681518039613986 0.008725828206486454 0.011634437608648511
0 0.39908871777369936 0.5082020142355674 0.007955902188267033 0.013345384315802917
0 0.46260761427679936 0.5265091440021175 0.008725828206486383 0.008896922877201873
0 0.547812760293079 0.5906696455204004 0.0097523962307789 0.010607869584355995
0 0.5592333295633335 0.5610702674866326 0.007955902188267104 0.009581301560063623
0 0.5992266805268949 0.5460855812122835 0.006365197564893066 0.011517976545996688
0 0.6062738635451693 0.5348707093122339 0.0086384824094975 0.013336604421680392
0 0.5535336551503421 0.45151693167673146 0.005001226658130093 0.009093139378418514
0 0.28179512545049445 0.48239756700861247 0.009255309009399184 0.010540768594037998
0 0.389523962433196 0.4170311920569253 0.0051384555750013305 0.00789385928913262
0 0.3895518888221905 0.4119299716672501 0.005641130576903777 0.005287396316305788
0 0.39069687077096804 0.40723833831616174 0.00659062780271924 0.007223625953262811
0 0.49117771751987704 0.42818132614616033 0.005360105706044465 0.009078377231859136
0 0.49393020423379175 0.42267635271833087 0.007967724698174266 0.0081125924199592
0 0.5687845451440211 0.4067435003949877 0.004947330161361379 0.008275534088095497
0 0.570853428666045 0.39864786922185075 0.005487038906237132 0.006716375491787687
0 0.5708534286660449 0.3945101021778029 0.006386553481030291 0.005876828555314191
0 0.5707185014798262 0.38995256166551845 0.00701621368338543 0.007076181321704951
