0 0.35839134852091475 0.5639246905291522 0.009145376417371962 0.012648236310040507
0 0.4235376146104601 0.14395082261827258 0.009529537624782987 0.012719980875651042
0 0.2618581771850586 0.6304146943268953 0.008957756890190972 0.011767747667100694
0 0.44248756832546654 0.7112166510687934 0.009175491333007813 0.012944143789785877
0 0.5495867411295573 0.43194653546368633 0.007775200737847222 0.011267315899884257
0 0.58957273695204 0.6325466579861112 0.00845150417751736 0.01194085015190972
0 0.32726123597886825 0.2994254783347801 0.007677862379286024 0.010067409939236112
0 0.5988341861300998 0.372491271407516 0.00870327419704861 0.011259658248336225
0 0.46950219472249344 0.1370801360518844 0.009607230292426215 0.013626903957790799
0 0.3025005022684733 0.26272294786241324 0.01025172339545356 0.013491482204861112
0 0.29288389417860244 0.517625398989077 0.0084328121609158 0.009982243290653935
0 0.46804404788547094 0.2063945417050962 0.00810593499077691 0.010239876641167534
0 0.5158032099405925 0.5797880384657118 0.008968480428059896 0.011291956018518519
0 0.5310189141167535 0.5523418850368924 0.008050537109375 0.010451705367476851
0 0.43273215823703337 0.4942561679416233 0.00782881842719184 0.010588977955005787
0 0.4851859622531467 0.6513720759639032 0.007911512586805556 0.010167609320746528
0 0.29341792000664607 0.5840090998896845 0.008254729376898872 0.011112071849681713
0 0.6739967981974283 0.3689275529649522 0.00869551764594184 0.01202372798213252
0 0.40876988304985895 0.8309229532877604 0.008002938164605036 0.010880646882233795
0 0.6233108308580186 0.793847147623698 0.008877521091037326 0.012382224754050925
0 0.3567207336425781 0.5199775978370949 0.007620832655164931 0.009696451822916667
0 0.4580050362481011 0.17167532179090714 0.007334094577365452 0.010113920988859954
0 0.5810267554389106 0.368914794921875 0.007790035671657985 0.011095400209780093
0 0.39066571129692923 0.6414275840476708 0.008707555135091145 0.011208032678674769
0 0.5053710089789497 0.4092422626636646 0.006216769748263889 0.00853975084092882
0 0.3006485727098253 0.5465099758572048 0.007002025180392795 0.009888825593171295
0 0.5327546013726129 0.369239906028465 0.00831417507595486 0.009853080466941552
0 0.3318427933586968 0.7662764655219183 0.008883221944173177 0.012318759494357638
0 0.5314846462673611 0.38033725597240303 0.006766849093967015 0.008144435176142939
0 0.5950993220011394 0.1862027132952655 0.007545344034830728 0.011208244606300637
0 0.5758061303032769 0.5935242546929254 0.009215291341145833 0.01184811062282986
0 0.5401838726467556 0.12799946820294417 0.008256488376193576 0.011408487955729164
0 0.44953625996907554 0.7880175272623698 0.007210625542534722 0.00982818603515625
0 0.3374448564317492 0.38424530029296866 0.00869890848795573 0.012561769838686343
0 0.7400049421522352 0.34235691494411896 0.009462738037109375 0.01275728013780382
0 0.3288069725036621 0.3670976003011068 0.00870308346218533 0.011949298999927662
0 0.37229775322808156 0.24215257432725693 0.008737352159288194 0.012063203034577545
0 0.4840310202704536 0.2945930763527199 0.006754684448242188 0.00878928855613426
0 0.7300281948513455 0.5684685035988136 0.008419460720486112 0.010968356662326388
0 0.38687803480360244 0.47155318083586517 0.007487233479817708 0.010061023853443287
0 0.5480675591362847 0.6677632367169416 0.00906219482421875 0.012310847529658563
0 0.4031721750895183 0.14701992317482276 0.008316887749565972 0.010798546119972512
0 0.7247208065456815 0.49171481662326394 0.006946055094401041 0.010157380280671296
0 0.49560934702555337 0.7891248067220051 0.006974411010742187 0.009355728714554399
0 0.44060005611843533 0.6027429086190682 0.009204822116427952 0.012029238100405093
0 0.5310145272148981 0.8069694236472802 0.007818306816948785 0.01094733344184028
0 0.35506857766045463 0.34671356766312206 0.007273122999403212 0.009970488371672455
0 0.478682623969184 0.1754526138305664 0.008056216769748263 0.01039382086859809
0 0.46922117869059243 0.35207073070384837 0.009936311509874132 0.013343415436921297
0 0.7299144321017796 0.6863370259602865 0.008620198567708333 0.012514298050491899
0 0.5779565387301975 0.27853294655128763 0.008662965562608507 0.012532552083333336
0 0.4694800906711154 0.7178901107222946 0.008456336127387153 0.011054314507378472
0 0.6142330593532985 0.36904867666739 0.007188839382595486 0.009602977611400464
0 0.5616878721449111 0.4883775781702112 0.008670086330837674 0.011865177860966435
0 0.25245932473076715 0.5772603070294415 0.0074886957804361975 0.00947723388671875
0 0.6321145375569661 0.3968581023039641 0.007574293348524306 0.009490232114438658
0 0.6325873480902777 0.32229297779224536 0.007333119710286457 0.009669155544704862
0 0.7598139868842231 0.5425710890028212 0.009668223063151042 0.011461441605179399
0 0.6778442594740126 0.5424886632848669 0.007588153415256076 0.010023328993055556
0 0.36701511806911896 0.4889178805881076 0.007296244303385418 0.011997929325810185
0 0.2926187378864068 0.3237860270805211 0.008355373806423611 0.010720994737413194
0 0.5494322882758247 0.41376879656756366 0.008752610948350694 0.011258895308883101
0 0.2603257815043131 0.6645833333333333 0.008853636847601997 0.011518690321180556
0 0.7154268052842881 0.48940260145399306 0.007585822211371528 0.012177304868344906
0 0.4842540529039171 0.7635594685872396 0.006447558932834201 0.008582786277488427
0 0.39733668433295355 0.8321270978009259 0.008082368638780382 0.010104709201388888
0 0.792937511867947 0.5437184934262876 0.007596757676866319 0.010165348759403937
0 0.7129127502441406 0.5355092366536458 0.008772786458333333 0.011352086950231481
0 0.40083298153347435 0.8059161716037326 0.007334264119466146 0.01019038447627315
0 0.4272759543524847 0.2631101678918909 0.00865737067328559 0.011180369059244792
0 0.5748323691852181 0.13454008709309756 0.00722363789876302 0.009228501496491608
0 0.5139653099907768 0.6437296549479167 0.007634141710069444 0.009623774775752315
0 0.6261786990695529 0.691277934886791 0.007020738389756944 0.009435978642216436
0 0.6177287207709418 0.8319381431297019 0.008235083685980903 0.010299513075086806
0 0.5931598875257704 0.690073338261357 0.009449132283528646 0.011687497739438658
0 0.46750320858425565 0.5044258965386286 0.006511137220594618 0.008930347583912037
0 0.3633724212646485 0.41364597744411896 0.008382500542534723 0.011383423981843171
0 0.3578695933024089 0.3732737647162544 0.007596249050564236 0.010443143491391782
0 0.3349853939480252 0.5651398552788628 0.0077665117051866316 0.010129179777922454
0 0.67805052863227 0.3293217129177517 0.006917317708333332 0.009691026475694444
0 0.3917602115207248 0.6936859130859375 0.0067798190646701385 0.008698979130497685
0 0.3396140416463216 0.32589423568160447 0.007475195990668403 0.01139303136754919
0 0.39543965657552077 0.5736998381438078 0.009127383761935764 0.013179750795717593
0 0.6527587466769748 0.7401117960611979 0.0070522732204861115 0.009220490632233796
0 0.49785756005181203 0.7296564172815394 0.007855521308051215 0.010095893012152777
0 0.5439151975843641 0.17156925201416015 0.007581371731228298 0.011074814973054108
0 0.2630000421464523 0.43787757388085785 0.007724889119466147 0.010180522777416087
0 0.5196326288406704 0.7945348338959322 0.008275646633572048 0.011082967122395836
0 0.47399181789822054 0.4594320933024088 0.007966783311631944 0.01022319087275752
0 0.6724525451660156 0.6102188392921731 0.008334943983289931 0.011805046929253472
0 0.4658775117662218 0.18436685491491248 0.0073863135443793405 0.010317018296983506
0 0.4885857476128473 0.691783368145978 0.007691277398003472 0.01049126519097222
0 0.529902203877767 0.7594044438114874 0.007840601603190105 0.010314376265914351
0 0.7023701561821831 0.3552337222629124 0.008445315890842013 0.010005329273365162
0 0.5142090267605252 0.85444581773546 0.0076015896267361115 0.009482659233940972
0 0.4252512212886846 0.22819250297178548 0.008976618448893229 0.011341123227719907
0 0.5543199963039822 0.2788422619854962 0.008726204766167535 0.012158626980251736
0 0.7540082295735678 0.6422483656141493 0.00730438232421875 0.010051586009837963
0 0.43462142944335935 0.21751972481056497 0.008138020833333334 0.01090626186794705
0 0.44921148088243273 0.2846098440664786 0.006514104207356771 0.007966783311631944
0 0.7617314232720268 0.4271001745153356 0.007973480224609374 0.011325807924623843
0 0.5720933702256944 0.6068068045156975 0.007631344265407986 0.009884474012586806
0 0.30096782972163283 0.46666939672751523 0.008364295959472657 0.01177978515625
0 0.733026123046875 0.5422815393518519 0.008081563313802083 0.01007701732494213
0 0.49633664025200736 0.7616548608850549 0.006827587551540799 0.009908209906684028
0 0.43350496726584453 0.4667055849117548 0.008152347140842014 0.013618073640046297
0 0.4591846677992079 0.5437187477394387 0.005493545532226562 0.007819733796296297
0 0.6201469633314345 0.7093419958043983 0.00822647942437066 0.010624977394386574
0 0.5249421013726129 0.2968774583604601 0.007235887315538194 0.010353879575376156
0 0.6163780636257595 0.8185211464210792 0.008015950520833334 0.011266468189380787
0 0.44239217970106337 0.8193512528030961 0.007715521918402778 0.010954454210069443
0 0.5986391491360135 0.8283821105957031 0.007638846503363716 0.010279507107204862
0 0.5633643468221029 0.3860927440502026 0.007319683498806424 0.01081989429615162
0 0.2941167577399794 0.4744033526403223 0.008867183098089591 0.008319826116725935
0 0.3450209570067898 0.47287075309250426 0.007553526342816994 0.009633482871998566
0 0.3496187556502437 0.4746222954328676 0.006896697965180749 0.007881940531635222
0 0.3540523471992884 0.4807526936241394 0.007881940531635151 0.007881940531635222
0 0.4601301301875449 0.5015522589159543 0.007225112153998907 0.014450224307997743
0 0.25638196744477604 0.3808928859441728 0.006502600938598953 0.010115157015598513
0 0.25836887328712577 0.41990849157576693 0.008308878977098715 0.010115157015598513
0 0.2556594562293762 0.42496607008356607 0.009392645800198558 0.009633482871998566
0 0.2966619677033199 0.5663374312301445 0.010476412623298402 0.011078505302798192
0 0.302261429622669 0.5617615268659452 0.007225112153998836 0.009633482871998566
0 0.414250668009652 0.5453846059835477 0.007947623369398756 0.011560179446398209
0 0.44856995074114664 0.5439395835527479 0.009392645800198664 0.008670134584798745
0 0.5034808031115382 0.5010705847723544 0.010115157015598442 0.012523527733598171
0 0.4902949734304902 0.4312278339503651 0.006863856546298877 0.010596831159198388
0 0.4946300407228895 0.4268927666579658 0.008308878977098786 0.009633482871998424
0 0.4881274397842905 0.4182226320731672 0.008308878977098715 0.010596831159198388
0 0.49210125146899003 0.4148509130679676 0.006141345330899099 0.007706786297598924
0 0.5188341664387859 0.4345995529555647 0.006141345330899099 0.0125235277335981
0 0.5184729108310858 0.4213535140065666 0.006863856546298948 0.00915180872839862
0 0.5267817898081847 0.4049765931241691 0.008308878977098786 0.012041853589998083
0 0.5105252874616872 0.37414944793377386 0.008308878977098715 0.010115157015598442
0 0.5161247493810364 0.3640342909181754 0.008670134584798745 0.010115157015598442
0 0.5179310274195359 0.3257411965019812 0.00505757850779915 0.009633482871998495
0 0.5135959601271367 0.3486207183229777 0.006502600938598988 0.012041853589998154
0 0.34218017427351294 0.30767841611698404 0.007586367761698795 0.010115157015598513
0 0.44856995074114664 0.3139401799837831 0.008670134584798674 0.013005201877197977
0 0.5345487853737335 0.327186218932781 0.009392645800198593 0.008670134584798674
0 0.5112477986770871 0.3257411965019813 0.006141345330899028 0.009633482871998495
0 0.5051064533461879 0.3264637077173812 0.007586367761698866 0.010115157015598442
0 0.4957138075459894 0.32839040429178085 0.0075863677616989375 0.010115157015598513
0 0.48794681198044054 0.3262228706455812 0.007947623369398827 0.0077067862975987115
0 0.49029497343049017 0.3346521681585799 0.007586367761698795 0.011078505302798192
0 0.4895724622150903 0.3153852024145829 0.006863856546299019 0.008188460441198728
0 0.6107737185984218 0.386432138595572 0.007947623369398827 0.013486876020797922
0 0.6286558711795691 0.2761287597111889 0.008308878977098644 0.00867013458479864
0 0.6140250190677212 0.2645685802647907 0.005780089723199211 0.00867013458479871
0 0.6102318351868719 0.2720345294905895 0.00614134533089917 0.009151808728398514
0 0.6071611625214224 0.26673611391099034 0.006502600938598988 0.008188460441198728
0 0.6037292342482727 0.26842197341359003 0.006863856546298948 0.009633482871998531
0 0.5872921040979253 0.2638460690493908 0.005780089723199069 0.009151808728398585
0 0.648163673995366 0.262641883690391 0.007586367761698795 0.013486876020797957
0 0.5925303104095745 0.24168905844379418 0.010476412623298473 0.012041853589998154
0 0.4404416995678978 0.216882840048398 0.006141345330899099 0.010596831159198352
0 0.42581084745605013 0.19617085187360112 0.007225112153998907 0.013486876020797957
0 0.44929246195654654 0.1952075035864013 0.008670134584798674 0.010596831159198388
0 0.5909046601749247 0.20387763817119997 0.007225112153998907 0.009633482871998531
0 0.5755512968476771 0.14222334779040943 0.007586367761698795 0.008670134584798674
0 0.7321556027856032 0.2739612260649892 0.005780089723199069 0.01493189845159776
0 0.7265561408662541 0.3242961740711815 0.006141345330899099 0.01445022430799778
0 0.6140250190677213 0.2835947089369876 0.007225112153998907 0.00915180872839862
0 0.6333521940796684 0.4353220641709645 0.006141345330899028 0.010115157015598513
0 0.6286558711795691 0.43508122709916447 0.004696322900099261 0.006743438010399032
0 0.6111349742061217 0.4700026025101592 0.008670134584798603 0.011078505302798263
0 0.7417288763896517 0.4514581479815621 0.009753901407898552 0.011560179446398209
0 0.7733387420633968 0.47361515858715864 0.007225112153999049 0.012523527733598029
0 0.6788704006498614 0.4885470570387564 0.009031390192498634 0.01156017944639835
0 0.6705615216727628 0.48782454582335644 0.009753901407898552 0.011078505302798263
0 0.6443704901145166 0.5451437689117478 0.01083766823099829 0.014931898451597618
0 0.6577369475994146 0.543457909409148 0.009392645800198664 0.01734026916959728
0 0.6696583826535126 0.5526097181375467 0.008670134584798603 0.0125235277335981
0 0.6823023289230108 0.5701908243789439 0.012282690661798056 0.013005201877198048
0 0.680496050884511 0.582714352112542 0.009392645800198664 0.010115157015598371
0 0.6743547055536121 0.5817510038253422 0.006502600938598988 0.0081884604411988
0 0.6756191001805618 0.5738033804559435 0.006141345330898957 0.007706786297598783
0 0.589459637744125 0.6099289412259378 0.007947623369398827 0.00674343801039889
0 0.6120381132253716 0.5981279247077396 0.008308878977098644 0.014931898451597689
0 0.6394935394105674 0.5964420652051399 0.009031390192498705 0.0125235277335981
0 0.6694777548496629 0.47337432151535874 0.008308878977098715 0.011078505302798334
0 0.6443704901145166 0.6169132163081367 0.007225112153998907 0.010115157015598585
0 0.6476217905838161 0.627510047467335 0.006502600938598988 0.008188460441198728
0 0.6470799071722663 0.6390702269137333 0.007586367761698795 0.010115157015598371
0 0.7155378448314057 0.648222035642132 0.008670134584798745 0.012041853589998226
0 0.6608076202648641 0.6821800627659266 0.007586367761698795 0.01059683115919853
0 0.6575563197955645 0.6949444275713248 0.007586367761698795 0.011078505302798192
0 0.7030745263657576 0.7301066400541194 0.008308878977098715 0.010115157015598442
0 0.6665877099880632 0.7219181796129206 0.007586367761698795 0.011078505302798334
0 0.6604463646571642 0.7344417073465186 0.008308878977098573 0.009151808728398549
0 0.6584594588148144 0.7255307356899198 0.010115157015598442 0.010596831159198388
0 0.6398547950182674 0.7009653543663238 0.006863856546299019 0.009633482871998637
0 0.5921690548018747 0.6590597038731302 0.011921435054098239 0.011560179446398137
0 0.6329909384719684 0.8329440697127037 0.009031390192498634 0.010596831159198388
0 0.6636976651264637 0.8192163566201061 0.009031390192498634 0.011078505302798334
0 0.5146797269502364 0.7845358182809111 0.008670134584798674 0.009151808728398691
0 0.49806196899603905 0.7211956683975208 0.008670134584798674 0.012523527733598171
0 0.5193760498503357 0.6356985079085339 0.010837668230998432 0.01589524673879751
0 0.5199179332618857 0.8796664616418965 0.008308878977098786 0.008670134584798603
0 0.4292427757291996 0.8447450862309017 0.01047641262329833 0.013005201877197834
0 0.44351237223334744 0.7814049363475115 0.007947623369398827 0.011560179446398137
0 0.4019679773478538 0.7346825444183187 0.011560179446398137 0.014450224307997956
0 0.37595757359345783 0.6947035904995247 0.010837668230998361 0.01156017944639828
0 0.3976329100554544 0.6819392256941268 0.010115157015598371 0.012041853589998226
0 0.3951041208015549 0.6751957876837277 0.005780089723198998 0.007225112153998907
0 0.39420098178230495 0.6708607203913285 0.006863856546299019 0.0062617638667990146
0 0.2963007120956199 0.6776041584017273 0.00830887897709875 0.012041853589998226
0 0.29630071209562 0.6467770132113322 0.009031390192498599 0.011078505302798192
0 0.34507021913511254 0.5995729471385394 0.010476412623298402 0.014931898451597547
0 0.3795701296704572 0.6029446661437389 0.009392645800198522 0.01396855016439794
0 0.5325618795313838 0.5865677452613414 0.01047641262329833 0.014931898451597618
0 0.263065196187225 0.5986095988513395 0.007586367761698795 0.009151808728398691
0 0.5483476530020233 0.3735722343813956 0.00597116706942046 0.006767322678676635
