0 0.7390999794006348 0.33571829795837405 0.008904647827148438 0.011977863311767579
0 0.3859131336212158 0.33660618464152015 0.009665536880493163 0.011395072937011719
0 0.6409417629241944 0.16296054522196454 0.010274696350097656 0.01398140589396159
0 0.4096136331558228 0.5920660654703775 0.009157419204711914 0.01194127400716146
0 0.659563136100769 0.67700990041097 0.008846426010131836 0.011727142333984374
0 0.6980488777160645 0.5026431560516358 0.00812530517578125 0.011436176300048829
0 0.5864337444305421 0.2809291362762451 0.008472061157226563 0.010856342315673829
0 0.3689204573631287 0.4767120679219563 0.009099268913269043 0.012636184692382812
0 0.38341761827468873 0.10774073203404745 0.008185076713562011 0.01053636074066162
0 0.5451578140258789 0.7141749699910481 0.009319305419921875 0.011223856608072917
0 0.37151858806610105 0.35906157493591306 0.008976411819458009 0.010824171702067058
0 0.34049410820007325 0.29955932299296056 0.008519554138183593 0.011292425791422527
0 0.5509929418563843 0.41936774253845216 0.00845026969909668 0.011300373077392577
0 0.6274363040924072 0.446404488881429 0.007876110076904298 0.012464841206868492
0 0.3289197325706482 0.6830153147379557 0.007795119285583496 0.010586293538411458
0 0.5662135362625123 0.38099373181660967 0.008706426620483399 0.011434650421142578
0 0.343691885471344 0.25684455235799153 0.010110783576965331 0.014712587992350262
0 0.70221647691364 0.40751640176893966 0.00932455062866211 0.012754376729329426
0 0.452273964881897 0.2604194879531861 0.00888981819152832 0.011494112014770509
0 0.3948109865188599 0.42006988525390626 0.007981634140014649 0.010782496134440106
0 0.5666678190231322 0.2662402470906575 0.00824894905090332 0.01119384765625
0 0.46165387630462645 0.17701412041982015 0.009549856185913086 0.013161230087280273
0 0.6065752029418945 0.10659723679224649 0.008584880828857422 0.012208867073059081
0 0.5217934370040893 0.4410632928212484 0.007942914962768555 0.010425917307535807
0 0.33888996839523317 0.6625701586405435 0.008225750923156739 0.011085955301920573
0 0.5763853788375853 0.1794855991999308 0.010387277603149414 0.013122288386027019
0 0.6002420902252197 0.6882979393005373 0.009101295471191406 0.012036069234212238
0 0.31160693168640136 0.4918389956156413 0.008531522750854493 0.010845057169596354
0 0.3386112451553345 0.564505132039388 0.007652139663696289 0.010373433430989586
0 0.5665535926818849 0.6647244453430174 0.008820438385009765 0.01119696299235026
0 0.29166542291641234 0.507064994176229 0.008661341667175294 0.010973707834879559
0 0.6082134246826171 0.5445989926656088 0.006888484954833985 0.009358660380045573
0 0.6433255195617675 0.48399739265441893 0.007781410217285156 0.009929879506429037
0 0.6617044448852539 0.46548055013020834 0.007960033416748048 0.01043701171875
0 0.39213129281997683 0.5622925758361815 0.007911753654479981 0.011974906921386719
0 0.4348141670227051 0.17682044506072997 0.010455513000488281 0.013988129297892253
0 0.5224164485931396 0.4733118851979573 0.007911205291748047 0.010525735219319661
0 0.560817551612854 0.47316657702128095 0.00779271125793457 0.010307216644287109
0 0.27566021680831915 0.23368593056996662 0.009157252311706544 0.013200362523396812
0 0.7108000040054321 0.37296525637308753 0.008059167861938476 0.010865497589111327
0 0.547012686729431 0.17094835440317788 0.009376859664916993 0.011721467971801758
0 0.7053588628768921 0.488295316696167 0.008739042282104491 0.013048521677652995
0 0.4696647644042969 0.2700345516204834 0.007030010223388672 0.008890565236409504
0 0.43922126293182373 0.6762067794799804 0.008162736892700195 0.010780970255533852
0 0.7299097190972222 0.6340603214857062 0.008409261703491211 0.011563301086425781
0 0.4016266465187073 0.26318405469258627 0.00869290828704834 0.01112222671508789
0 0.4520808219909668 0.5536724090576172 0.008290576934814452 0.010547002156575523
0 0.5143376562577232 0.15922575966638028 0.008805370330810547 0.011497068405151366
0 0.5815575838088989 0.34040179252624514 0.008325338363647461 0.011772314707438149
0 0.6650526285171509 0.7104530652364096 0.009203577041625976 0.013118171691894531
0 0.509876799583435 0.2354185740152995 0.00932917594909668 0.011161327362060547
0 0.680300259590149 0.6819794336954752 0.008579683303833009 0.010903040568033852
0 0.34072948694229127 0.544777234395345 0.007503294944763183 0.010256195068359375
0 0.27759974175962177 0.45223200228337695 0.008851408958435059 0.011504681905110677
0 0.28654143810272215 0.6033347765604655 0.010579824447631836 0.012703386942545573
0 0.5727262735366822 0.2232939084370931 0.008648347854614259 0.010494232177734375
0 0.6773513317108154 0.6422138532002767 0.008193683624267579 0.0108730951944987
0 0.40830230712890625 0.723967456817627 0.00892467498779297 0.011151313781738281
0 0.38346426486968993 0.6121206283569337 0.0078582763671875 0.01162096659342448
0 0.5037938356399536 0.4294620990753174 0.007015657424926758 0.008754571278889975
0 0.28511199951171873 0.21736653645833337 0.008664560317993165 0.011738904317220052
0 0.6426126718521118 0.37058229446411134 0.008220529556274414 0.0112087885538737
0 0.5384100565461274 0.20536741175427572 0.007988262176513671 0.011246713002522786
0 0.709864286646544 0.6690301101228087 0.00848698616027832 0.01123046875
0 0.48006340226967614 0.7199341539405709 0.008750152587890626 0.011329905192057293
0 0.5333954811096191 0.423543898264567 0.007332420349121094 0.011172231038411458
0 0.618910050392151 0.6191531817118328 0.008450841903686524 0.010817146301269532
0 0.7213196459106678 0.513155333107364 0.010144281387329101 0.013883145650227864
0 0.47717525959014895 0.6707006772359212 0.008284521102905274 0.010478274027506512
0 0.5859829187393188 0.4528391202290853 0.006546545028686524 0.009576861063639324
0 0.7024268388748169 0.6221827189127604 0.009318876266479491 0.012639999389648438
0 0.41157557964324953 0.1360976735750834 0.00875401496887207 0.01135256290435791
0 0.4716686946674762 0.2582758909154329 0.007094860076904296 0.009545675913492839
0 0.4701186180114746 0.7313687324523925 0.008031463623046875 0.011984697977701823
0 0.7155409079200749 0.21205471858025132 0.00793600082397461 0.010644324620564779
0 0.5298819303512573 0.3225989659627278 0.008852052688598632 0.01206620534261068
0 0.3983399909598718 0.5501034237858069 0.00885913372039795 0.011753018697102864
0 0.25500315374685395 0.44575609038825365 0.007881940531635222 0.010947139627271056
0 0.2968759628211657 0.4385309782342548 0.007553526342817065 0.01138502521236191
0 0.32856793204211543 0.4400635777820727 0.007881940531635151 0.011822910797452693
0 0.3540200316755206 0.3763512251513552 0.008210354720453238 0.011385025212361838
0 0.3686344630779274 0.3231481265628179 0.008538768909271396 0.012698681967634365
0 0.25976515948471685 0.3770080535289915 0.011494496608634606 0.011822910797452764
0 0.2287300186414034 0.3903635638742621 0.0072251121539988715 0.014012338722906961
0 0.2719164844709877 0.4153230422244401 0.0095240114757258 0.01138502521236191
0 0.4217934948754201 0.5392221997885843 0.009852425664543958 0.011385025212361838
0 0.4628893352687312 0.4615199714515239 0.008538768909271468 0.014450224307997743
0 0.4967159967169987 0.4779406808924305 0.008538768909271396 0.012260796382543546
0 0.46814396228982136 0.3514603327626955 0.004597798643453785 0.011385025212361838
0 0.4719615912486088 0.34800938340538534 0.005444569126047725 0.00658413010591822
0 0.4694925424588895 0.34488614220129593 0.005317951239395526 0.005740010861569758
0 0.46841629042234517 0.33956819096190044 0.005697804899352335 0.007259425501397061
0 0.47183497336195657 0.3341658277980701 0.007217219539179638 0.0086100162923546
0 0.5304838664555469 0.4025421578303609 0.007463958836775646 0.01393272316198143
0 0.4724142667054318 0.3842305788174711 0.008359633897188842 0.010748100724957084
0 0.500329472754973 0.33845163128524675 0.008061075543717705 0.00995194511570098
0 0.5315288206926954 0.31496504081219245 0.007762517190246783 0.010748100724957013
0 0.5419783630641813 0.38005076186887665 0.006568283776362591 0.0111461785295851
0 0.5646687979279794 0.4528990001158077 0.007165400483304722 0.010350022920328996
0 0.38628018172903994 0.3513891599356579 0.009255308957601826 0.012738489748097237
0 0.5364550335249674 0.23534947988658472 0.006866842129833657 0.009951945115700944
0 0.5183922531399703 0.20310517771171363 0.007762517190246783 0.013932723161981358
0 0.42822763039171946 0.22599465147782583 0.010748100724957013 0.011146178529585065
0 0.44524545653956815 0.07790970815619559 0.007762517190246712 0.00875771170181686
0 0.47226498752869633 0.07094334657520493 0.008658192250659837 0.009155789506444885
0 0.5115254110101365 0.09562417046214332 0.010150984018015095 0.0115442563342131
0 0.5533235804960805 0.09243954802511901 0.010150984018014952 0.013932723161981339
0 0.5884041870289264 0.2610254982850932 0.008658192250659837 0.01114617852958517
0 0.6751353887122602 0.28311881644194936 0.011942334138841205 0.013932723161981358
0 0.6942431233344061 0.2986438508224428 0.008956750604130832 0.01234041194346922
0 0.7317121966950202 0.3533795489587981 0.007463958836775788 0.012738489748097237
0 0.6118410177764022 0.43339318768903384 0.007165400483304722 0.011942334138841134
0 0.6088554342416918 0.4487191831672132 0.007165400483304722 0.010748100724957013
0 0.6043770589396265 0.46265190632919456 0.007165400483304651 0.010748100724957013
0 0.594375354098347 0.46782691778935914 0.009255308957601826 0.00995194511570091
0 0.6570726083272629 0.4337912654936619 0.008061075543717919 0.010350022920328925
0 0.6560276540901144 0.4447384051209329 0.006568283776362591 0.01234041194346922
0 0.6743889928285828 0.44553456073018893 0.009255308957601897 0.01234041194346922
0 0.7715697368834026 0.3963719518586262 0.007762517190246712 0.009553867311072963
0 0.656774049973792 0.5136058653215834 0.006866842129833657 0.00995194511570098
0 0.6946909608646127 0.4089114027044094 0.007463958836775788 0.013136567552725253
0 0.6581175625644116 0.571725224797277 0.005374050362478471 0.008359633897188771
0 0.6614017044525928 0.5755069639412436 0.005374050362478471 0.007165400483304722
0 0.4353930308750242 0.5769002362574415 0.0071654004833047935 0.01234041194346922
0 0.4561428364412604 0.5836675589361181 0.005672608715949308 0.009155789506444943
0 0.4534558112600214 0.5860560257638864 0.005672608715949537 0.009951945115700838
0 0.4683837289335729 0.591430076126365 0.005075492009007476 0.008757711701816788
0 0.5004787519317084 0.6290484286637146 0.007762517190246712 0.00995194511570098
0 0.43524375169828866 0.6959254998412251 0.009255308957601897 0.008359633897188842
0 0.4895330904448538 0.6983069816424319 0.007217219539179567 0.008441192443485051
0 0.48687411482515613 0.7048911117483502 0.00645751221926595 0.009454135536703205
0 0.3992993283391859 0.6863958513388191 0.0068591061703610024 0.008403949902424301
0 0.39234753154490115 0.688496838814425 0.007044487418208547 0.008651124899554219
0 0.3198634636364919 0.6105131272198705 0.007044487418208547 0.009886999885205156
0 0.3553639725993061 0.5633027027680165 0.009825206135922429 0.012853099850766582
0 0.36991640055534236 0.5652801027450576 0.008898299896684492 0.00790959990816397
0 0.36630146622231424 0.5494609029287295 0.0076006311617513945 0.009886999885204943
0 0.37334595364052275 0.552550590392856 0.008712918648836948 0.01557202481919795
0 0.38205887228935964 0.5374729155679184 0.011679018614398374 0.009145474893814622
