0 0.5791241884231568 0.4024348735809326 0.008903837203979493 0.012318642934163411
0 0.6889273881912231 0.49084019660949707 0.008051824569702149 0.011652088165283203
0 0.6276942968368531 0.6807952245076498 0.007704877853393554 0.01135266621907552
0 0.6735109329223633 0.45471717516581217 0.00870218276977539 0.011916001637776695
0 0.5591365575790406 0.6902139027913411 0.008261823654174804 0.010900115966796875
0 0.3287769556045532 0.23648438453674314 0.008260393142700195 0.011920324961344401
0 0.6546778917312622 0.22023269335428874 0.00835871696472168 0.01114654541015625
0 0.5487697124481201 0.348833417892456 0.009086322784423829 0.012723000844319661
0 0.49298112392425536 0.5650382995605469 0.00852341651916504 0.010961278279622394
0 0.40341447591781615 0.6502456665039062 0.009012436866760254 0.0115631103515625
0 0.7568731546401978 0.43227922121683754 0.009574365615844727 0.01170199712117513
0 0.42148685455322266 0.5152921676635743 0.00786123275756836 0.010845438639322918
0 0.46901750564575195 0.41782890955607094 0.0092559814453125 0.011819076538085938
0 0.35785822868347167 0.1974877675374349 0.008284521102905274 0.011400636037190754
0 0.3016832828521729 0.4081718444824219 0.009548330307006836 0.013527361551920573
0 0.4090672492980957 0.35428972244262696 0.008964920043945312 0.011723645528157552
0 0.43079941272735595 0.5540679613749186 0.008211755752563476 0.010136095682779948
0 0.5022369146347045 0.20696180661519367 0.008043813705444335 0.010764884948730468
0 0.37549318075180055 0.7546607653299968 0.008654427528381348 0.011367988586425782
0 0.44734206199646 0.5667982737223308 0.006670475006103516 0.00872650146484375
0 0.4760340929031372 0.5431806882222493 0.007665395736694336 0.01081676483154297
0 0.7654802322387695 0.46905055046081545 0.007560157775878906 0.010839366912841797
0 0.6829726457595825 0.37148779233296714 0.007090234756469726 0.009830951690673828
0 0.7000484943389893 0.3554326693216959 0.007421970367431641 0.009726460774739583
0 0.45220298767089845 0.16621629397074378 0.008426380157470704 0.011630789438883465
0 0.6373854637145996 0.1726458708445231 0.008737945556640625 0.011511866251627605
0 0.3749787211418152 0.650148900349935 0.008243775367736817 0.011722691853841146
0 0.5022023677825928 0.5167906920115153 0.006704139709472656 0.00969552993774414
0 0.33339719772338866 0.2134217580159505 0.010524892807006836 0.013854408264160156
0 0.423569655418396 0.4300961812337239 0.008469820022583008 0.010546620686848958
0 0.7273883104324341 0.3944565455118815 0.007564973831176758 0.010222371419270833
0 0.6051870107650756 0.7035677591959636 0.007396841049194336 0.010173670450846354
0 0.4507738120170185 0.6876334583426845 0.00824284553527832 0.0110995610555013
0 0.6413807153701783 0.22167607943216958 0.007969331741333009 0.011125532786051433
0 0.46894800662994385 0.39329640070597327 0.007804059982299804 0.009719467163085938
0 0.31954885721206666 0.20187806288401286 0.00785982608795166 0.011805868148803711
0 0.4326955318450928 0.23528618812561036 0.007823371887207031 0.010639667510986328
0 0.3687368154525757 0.23269742329915366 0.0083770751953125 0.012818050384521485
0 0.5105929851531982 0.4589216868082682 0.008937549591064454 0.01273206075032552
0 0.5755795955657959 0.5526655515034993 0.008916473388671875 0.011149660746256512
0 0.4288013458251953 0.4816469669342041 0.009145355224609375 0.010984452565511067
0 0.6070628643035889 0.4698856353759766 0.007506370544433594 0.010233179728190106
0 0.3162981271743775 0.3416901588439941 0.008780670166015626 0.011587715148925782
0 0.5440601587295533 0.6431797981262207 0.007916498184204101 0.0116641362508138
0 0.423896861076355 0.3456377506256103 0.007413244247436524 0.010303719838460285
0 0.7109116315841675 0.49431726137797033 0.007859373092651367 0.011181100209554035
0 0.5419960021972655 0.38014343579610194 0.007546043395996094 0.009187030792236327
0 0.4901828050613403 0.16365079085032141 0.009021329879760741 0.011449321111043293
0 0.613845944404602 0.674212106068929 0.007361650466918945 0.01197401682535807
0 0.6517489194869995 0.4347334543863932 0.007060575485229492 0.009160359700520834
0 0.5265678644180298 0.5899607022603353 0.009589433670043945 0.012515958150227864
0 0.6937453508377075 0.6095876693725586 0.00926661491394043 0.011846415201822917
0 0.5618644952774048 0.6037899017333984 0.007565546035766602 0.010580952962239583
0 0.47500131130218504 0.8008366902669272 0.007923555374145509 0.010166676839192708
0 0.3652169942855835 0.5955329259236654 0.00796818733215332 0.011478932698567708
0 0.4249656915664673 0.39134319623311353 0.009143686294555664 0.01194613774617513
0 0.6137352705001832 0.29572310447692873 0.007805871963500977 0.011123180389404297
0 0.6974372863769531 0.31867494583129885 0.007447147369384765 0.00964959462483724
0 0.40402405261993407 0.33459227879842124 0.006577539443969727 0.009242693583170572
0 0.5401807150357888 0.4925973257389855 0.00898122787475586 0.012642765045166015
0 0.5246055364608765 0.5541750907897949 0.007500696182250977 0.009869829813639323
0 0.47004151344299316 0.10209417740503947 0.009501171112060548 0.01246488094329834
0 0.6211684703826904 0.41104350090026853 0.007718276977539062 0.010396416982014973
0 0.6433412551879882 0.2616049846013387 0.008406448364257812 0.012234862645467122
0 0.4661147356033325 0.5577205022176107 0.007749032974243164 0.010839335123697917
0 0.5710472106933593 0.5207402229309082 0.00762643814086914 0.00953521728515625
0 0.4019986391067505 0.7984442075093586 0.007399511337280273 0.010287793477376302
0 0.6780709028244019 0.25363109111785886 0.008554792404174805 0.012479893366495768
0 0.5651829957962037 0.45854581197102867 0.008658933639526366 0.011946614583333333
0 0.27039400339126585 0.5597867647806802 0.008997893333435059 0.012137921651204427
0 0.7283607721328735 0.6107885042826334 0.009249353408813476 0.01324291229248047
0 0.31927292346954345 0.6275182406107584 0.008194398880004884 0.009801038106282552
0 0.6615943908691406 0.3440101623535156 0.006204128265380859 0.007510058085123697
0 0.609008502960205 0.380225690205892 0.007201290130615235 0.008509508768717448
0 0.4152622938156128 0.22057671546936036 0.007889795303344726 0.008958848317464192
0 0.2937443614006042 0.47874600092569985 0.00724332332611084 0.009657478332519532
0 0.5214186668395996 0.7357754071553547 0.007479953765869141 0.011050732930501302
0 0.30894371271133425 0.20510579744974775 0.007047009468078613 0.01161321004231771
0 0.39867526167132455 0.2117446140686989 0.00860438346862793 0.010861666997273763
0 0.3564656138420105 0.49355004628499344 0.008503603935241699 0.010991605122884114
0 0.7179471969604492 0.28303508758544926 0.008301639556884765 0.010632832845052086
0 0.562919807434082 0.6615935643513998 0.007542228698730469 0.010396703084309894
0 0.5342647314071656 0.31200396219889326 0.00755467414855957 0.010158411661783854
0 0.42185168266296386 0.6909200032552083 0.007820701599121094 0.008849334716796876
0 0.34879966974258425 0.6562677383422851 0.008377861976623536 0.009835179646809895
0 0.6285713911056517 0.6387409210205078 0.008618688583374024 0.009865442911783854
0 0.27068105936050413 0.2817653020222981 0.00785677433013916 0.010032145182291667
0 0.4247628539679949 0.6843730182052454 0.007782959938049315 0.010970815022786457
0 0.42893965244293214 0.5911523501078289 0.007014799118041992 0.008666801452636718
0 0.737117338180542 0.35900777180989585 0.006241130828857422 0.007064119974772135
0 0.6320948839187622 0.33138788541158043 0.00732111930847168 0.009188238779703777
0 0.6459851503372193 0.4574270725250244 0.007045316696166992 0.009894657135009765
0 0.6208611037957175 0.15882554758763984 0.010367059707641601 0.012788184483846029
0 0.3999225378036499 0.17725428740183513 0.009221410751342774 0.011327727635701496
0 0.3961920976638794 0.6951622645060221 0.00889744758605957 0.011715189615885418
0 0.2720289587974548 0.3383634567260742 0.010540175437927245 0.013782246907552082
0 0.3901275277137756 0.15403801600138345 0.009920477867126465 0.014665063222249348
0 0.6797407388687133 0.29912543296813965 0.00789189338684082 0.010828177134195961
0 0.6467477134132735 0.3376370642779755 0.0077503204345703135 0.010787073771158855
0 0.31861904859542844 0.5186287085215251 0.00797598361968994 0.010474300384521485
0 0.4053276777267456 0.7496387481689453 0.008082914352416991 0.010523096720377606
0 0.3477386116981506 0.6121893882751465 0.008064532279968261 0.011815071105957031
0 0.3213220119476318 0.7437419891357422 0.007548856735229492 0.011394755045572918
0 0.6624149560928345 0.6329947153727213 0.008112764358520508 0.010637919108072914
0 0.5557619094848633 0.479576857884725 0.00960540771484375 0.010920492808024089
0 0.7288892507553101 0.4360740979512533 0.007930326461791991 0.010697174072265624
0 0.4052493810653687 0.4653218428293864 0.008032655715942383 0.010700194040934245
0 0.42629594802856446 0.2061026732126872 0.009432315826416016 0.011853249867757161
0 0.36558284759521487 0.7318553288777668 0.007971572875976562 0.010753122965494792
0 0.7431975364685058 0.3257907390594482 0.00826883316040039 0.011014588673909505
0 0.3426811695098877 0.3902007579803467 0.00809335708618164 0.01104586919148763
0 0.630519700050354 0.6567733446756999 0.009067392349243164 0.010759925842285157
0 0.3184872984886169 0.40022292137146 0.008790326118469239 0.012134329477945965
0 0.39371228218078613 0.7566112836201987 0.00752863883972168 0.010410245259602864
0 0.7091940402984619 0.24245475927988688 0.007940387725830078 0.011422999699910482
0 0.25872426882817273 0.4636511885104768 0.008275556564331054 0.011068089803059894
0 0.5901547193527222 0.42246405283610033 0.007745790481567383 0.009500757853190104
0 0.3847196936607361 0.2681950171788533 0.00813124179840088 0.011183754603068035
0 0.71559636592865 0.6213378588358561 0.007895612716674804 0.011382865905761718
0 0.5907371520996094 0.25877892971038813 0.009247779846191406 0.011480919520060221
0 0.27981951236724856 0.5344251314798991 0.008410835266113281 0.011502647399902343
0 0.5135310173034668 0.5222249825795492 0.00717630386352539 0.009473005930582682
0 0.4853886604309083 0.5943761551141421 0.007556343078613281 0.010711860656738282
0 0.4293973445892334 0.826767033525292 0.009139442443847656 0.011651102701822917
0 0.24903668340058782 0.41046882391025713 0.008538768909271396 0.014450224307997814
0 0.2562617955545868 0.39536177122462307 0.008538768909271433 0.012260796382543546
0 0.25544076008254135 0.3863851167302608 0.00755352634281703 0.008319826116726006
0 0.26677104959676695 0.37872211899117114 0.008538768909271433 0.009633482871998495
0 0.2697267772961301 0.3636150663055371 0.008538768909271362 0.010071368457089492
0 0.35100928902861767 0.35441946901862936 0.008210354720453238 0.01007136845708942
0 0.35823440118261657 0.35770361090681063 0.0095240114757258 0.013136567552725324
0 0.3725204183962053 0.42382433425552785 0.009195597286907713 0.009633482871998566
0 0.38155180858870397 0.4398071581113436 0.007553526342816994 0.01007136845708935
0 0.2685773276352667 0.5201591629755131 0.008867183098089591 0.014012338722907032
0 0.2500219259670422 0.5241001332413306 0.010509254042180203 0.010509254042180203
0 0.3140626927865779 0.5354851584536925 0.013793395930361534 0.012260796382543617
0 0.3989577605960649 0.52891687467733 0.01083766823099829 0.018391194573815356
0 0.5143953479656382 0.5063657670451516 0.009195597286907642 0.011822910797452835
0 0.5094691351333662 0.4787789751844285 0.009852425664543887 0.014450224307997814
0 0.4654616338317365 0.3804736613315345 0.008538768909271468 0.012260796382543617
0 0.47498564530746235 0.37631374827317143 0.0059114553987262754 0.008319826116726006
0 0.47958344395091623 0.37237277800735386 0.006568283776362591 0.008319826116726006
0 0.49600415339182274 0.36799392215644544 0.008538768909271396 0.01269868196763447
0 0.5002735378464586 0.34631858569444873 0.009195597286907642 0.010509254042180274
0 0.48434544968877913 0.3419397298435403 0.010180839853362116 0.010509254042180203
0 0.5283529509904088 0.4225106775002553 0.0095240114757258 0.014012338722907032
0 0.5419821398263612 0.41856970723443765 0.00788194053163501 0.008757711701816788
0 0.5743309374249472 0.38441463159735195 0.006239869587544505 0.013136567552725182
0 0.5730172806696746 0.3708401784595359 0.00689669796518082 0.010509254042180203
0 0.5542976719070412 0.368869693326627 0.0095240114757258 0.010947139627271056
0 0.48270337874468844 0.32398642085481577 0.006896697965180607 0.012260796382543617
0 0.4905853192763236 0.32398642085481577 0.010180839853362116 0.012260796382543617
0 0.49501891082536836 0.31435293798281727 0.007881940531635222 0.01138502521236191
0 0.4892716625210511 0.3047194551108187 0.00821035472045331 0.01226079638254351
0 0.34657569747957295 0.29552385782391105 0.009195597286907642 0.012260796382543617
0 0.33951479241998306 0.31391505239772644 0.012151324986270851 0.014012338722906853
0 0.3789244950781589 0.27757054883518656 0.008867183098089555 0.01226079638254351
0 0.5207518941895781 0.490347160763929 0.011524053885628263 0.011656514275118254
0 0.520751894189578 0.49697018023842804 0.007550242200928921 0.009007306485318622
0 0.38749947914756533 0.3189456061918207 0.010509254042180203 0.010071368457089313
0 0.38273747340970243 0.3272654323085467 0.011494496608634606 0.011822910797452693
0 0.38864892880842883 0.24669448465183177 0.00952401147572587 0.014450224307997743
0 0.40736853757106223 0.2083794959563831 0.012808153363907166 0.014012338722906961
0 0.3508812970943436 0.165685651410026 0.010837668230998361 0.010947139627271056
0 0.4719019256738251 0.14948388476166485 0.011166082419816448 0.013574453137816071
0 0.4760071030340518 0.1426966581927568 0.008867183098089483 0.014012338722906978
0 0.4909499486252768 0.14860811359148318 0.01116608241981652 0.01182291079745271
0 0.6293765292121192 0.15320591223493696 0.00821035472045331 0.013136567552725272
0 0.5879963414210345 0.13985040188966633 0.007553526342816923 0.01182291079745271
0 0.521492468185363 0.24778919861455886 0.006568283776362662 0.00875771170181686
0 0.5175514979195455 0.24975968374746763 0.007225112153998907 0.010071368457089313
0 0.6443193748033441 0.19546187119620329 0.006568283776362591 0.010947139627271056
0 0.6610684984330689 0.1996217842545662 0.008538768909271396 0.011385025212361875
0 0.6612327055274779 0.18933147300493147 0.007553526342817065 0.01269868196763447
0 0.6658305041709318 0.18385790319129597 0.0062398695875444336 0.014012338722906924
0 0.6845501129335652 0.2366231161947424 0.008867183098089412 0.0126986819676344
0 0.643662546425708 0.3036196107136412 0.009195597286907642 0.010071368457089313
0 0.6159115474705757 0.3399641142761811 0.00821035472045331 0.009195597286907713
0 0.7272439574799224 0.2979270981074603 0.009524011475725729 0.011822910797452693
0 0.741365767599102 0.37214870478035805 0.009524011475725729 0.013136567552725324
0 0.6715777524752491 0.41725092004471476 0.009852425664544029 0.012260796382543617
0 0.6850427342167926 0.4222866042732595 0.007881940531635222 0.010947139627271056
0 0.6824154207062475 0.4297306592198038 0.01247973917508915 0.01007136845708935
0 0.6633673977547958 0.5124910348019729 0.007225112153998907 0.012698681967634328
0 0.5499002955181314 0.4728623893512517 0.009524011475725942 0.010509254042180203
0 0.6659947112653409 0.5304443437906974 0.009195597286907713 0.01269868196763447
0 0.6783102433460209 0.5503681379123307 0.008210354720453238 0.014012338722906961
0 0.6825796278006564 0.5455513964763314 0.008210354720453238 0.013136567552725253
0 0.7494119152251463 0.593718810836324 0.009852425664543887 0.013136567552725253
0 0.7587717196064631 0.5985355522723234 0.008867183098089555 0.01138502521236198
0 0.6691146460591132 0.5825527284165076 0.008867183098089412 0.01007136845708942
0 0.5141031489369551 0.5737950167146908 0.007553526342817065 0.010947139627271127
0 0.4850384932265504 0.5864936986823253 0.008538768909271396 0.008319826116726148
0 0.551049745178995 0.5864936986823253 0.007881940531635151 0.010947139627271127
0 0.556468579294494 0.580144357698508 0.00821035472045338 0.013136567552725253
0 0.7045833784514716 0.6267791725106826 0.008210354720453238 0.01269868196763447
0 0.6847143200279744 0.6416672824037714 0.00919559728690757 0.01269868196763447
0 0.6592622203945692 0.665969932376313 0.010837668230998503 0.01138502521236191
0 0.5162378411642728 0.6377263121379538 0.008538768909271396 0.0126986819676344
0 0.5193577759580452 0.6572122206744961 0.00952401147572587 0.013136567552725324
0 0.5346290357380883 0.6519575936534062 0.008538768909271539 0.01138502521236191
0 0.5255976455455896 0.6668457035464948 0.0095240114757258 0.012260796382543475
0 0.5369279350598153 0.6734139873228574 0.009195597286907642 0.015763881063270445
0 0.4950551259855034 0.685674783705401 0.007553526342816994 0.01401233872290689
0 0.4848742861321415 0.7115100332257606 0.008867183098089626 0.01138502521236191
0 0.4801122803942785 0.718954088172305 0.007225112153998836 0.014888109893088596
0 0.49390567632464 0.7185162025872142 0.007225112153998907 0.014012338722906748
0 0.5732177029242187 0.7360316259908478 0.012808153363907166 0.014012338722907174
0 0.6195241035475754 0.7268360287039402 0.010837668230998361 0.013136567552725182
0 0.6582769778281148 0.7200488021350321 0.00821035472045338 0.012698681967634542
0 0.6691146460591132 0.728368628251758 0.008867183098089412 0.01007136845708942
0 0.6786386575348391 0.7349369120281207 0.008210354720453238 0.015325995478179522
0 0.6700998886255676 0.7443514521075737 0.009524011475726013 0.013136567552725182
0 0.6625463622827504 0.7563933056975719 0.010180839853361903 0.011822910797452693
0 0.6477677237859345 0.7857316398986584 0.008867183098089555 0.0126986819676344
0 0.5357784853989517 0.7787254705372049 0.007553526342816923 0.010947139627270985
0 0.5346290357380883 0.8113479466264725 0.009852425664543887 0.013136567552725182
0 0.5012949955730479 0.8176972876102897 0.008867183098089555 0.012698681967634542
0 0.4633631567645537 0.778287584952114 0.01116608241981652 0.010947139627270985
0 0.4625421212925084 0.7887968389942941 0.007553526342817065 0.015325995478179522
0 0.4694388192576892 0.7231140012306679 0.0095240114757258 0.010947139627270985
0 0.4710808902017798 0.644075653121771 0.008867183098089555 0.014012338722907174
0 0.46287053548132645 0.6285307148510461 0.009524011475725942 0.011822910797452835
0 0.4272375959945593 0.7789444133297502 0.008538768909271396 0.010509254042180345
0 0.4259239392392867 0.8214193150835619 0.007881940531635222 0.010509254042180203
0 0.381752230843248 0.6771360147961296 0.010180839853362045 0.010947139627270985
0 0.3858574082034747 0.6729761017377666 0.007881940531635151 0.011385025212361767
0 0.3852005798258384 0.6361937125901359 0.008538768909271396 0.013136567552725253
0 0.4270733889001501 0.6333474562870454 0.010180839853362116 0.011822910797452764
0 0.4267449747113321 0.6156130900908663 0.00821035472045331 0.013136567552725324
0 0.4625421212925084 0.6199919459417748 0.008210354720453238 0.01138502521236191
0 0.3544938531713431 0.6051038360486859 0.010837668230998361 0.012260796382543546
0 0.34973184743348024 0.5939377536288696 0.01116608241981652 0.010947139627271056
0 0.2833921812922176 0.6042280648785042 0.007881940531635151 0.010509254042180132
0 0.27912279683758195 0.6068553783890493 0.006568283776362591 0.009633482871998637
0 0.3976803190009274 0.5545280509706937 0.012479739175088938 0.01269868196763447
0 0.28815418703008056 0.5516817946676034 0.008867183098089626 0.012260796382543546
