0 0.6085248708724975 0.49566780726114906 0.006998872756958008 0.00952618916829427
0 0.7083461999893188 0.6535074551900227 0.009159231185913086 0.012274614969889323
0 0.5870415687561036 0.21251777013142906 0.007571029663085938 0.010267575581868492
0 0.6223071098327637 0.3346669832865397 0.006721782684326172 0.010185941060384113
0 0.48551623821258544 0.4044693787892659 0.007933855056762695 0.010075600941975911
0 0.5426076650619507 0.7002820332845051 0.007744836807250977 0.009976450602213542
0 0.36502957344055176 0.7277328173319497 0.008308696746826171 0.010752169291178386
0 0.606348443031311 0.46170099576314283 0.00886673927307129 0.012033939361572266
0 0.346295166015625 0.7041070620218913 0.007709503173828125 0.009891446431477864
0 0.4391061067581177 0.12032684087753295 0.007600069046020508 0.010600543022155762
0 0.4091265916824341 0.14995861848195394 0.008541345596313477 0.012106720606486003
0 0.6886159896850585 0.293739398320516 0.008065128326416015 0.010275109608968097
0 0.44186522960662844 0.20639537175496417 0.009593343734741211 0.012324682871500651
0 0.6608870267868042 0.2684232791264852 0.007490396499633789 0.009107700983683268
0 0.310080099105835 0.4799232482910157 0.009264039993286132 0.01160017649332682
0 0.3828030228614807 0.5544184048970541 0.00793907642364502 0.010231463114420573
0 0.5325438022613526 0.5112205664316813 0.009096813201904298 0.012686061859130859
0 0.6523559808731079 0.5792916297912598 0.006099843978881836 0.009136263529459636
0 0.6422808408737184 0.28693931897481284 0.007998418807983399 0.010196272532145183
0 0.5847427845001221 0.49760492642720533 0.008549976348876952 0.011320718129475911
0 0.41337945461273196 0.12555245955785116 0.007533597946166992 0.009754459063212076
0 0.6532605409622192 0.3855070908864339 0.008060598373413086 0.010698858896891277
0 0.5079664945602417 0.40253028869628904 0.008831167221069336 0.012300491333007812
0 0.4697141647338867 0.4941420237223308 0.007118606567382812 0.008586374918619792
0 0.36104551553726194 0.6083220481872559 0.008962559700012206 0.011549949645996094
0 0.27059760093688967 0.5715246200561522 0.009263277053833008 0.012365086873372394
0 0.330972421169281 0.4722646872202555 0.008832144737243652 0.010975106557210285
0 0.5343264102935791 0.4030431111653646 0.007648849487304687 0.01099046071370443
0 0.4516370534896851 0.6531314531962077 0.007539796829223633 0.008988380432128906
0 0.45069901943206786 0.17300115426381427 0.007660722732543946 0.01030278205871582
0 0.3193251848220825 0.5229323546091716 0.008472728729248046 0.011844221750895183
0 0.4779019594192505 0.6186035792032878 0.007827043533325195 0.009605026245117188
0 0.4782691478729248 0.29454561869303386 0.006998729705810547 0.009283701578776041
0 0.4848689026293034 0.12297753499728813 0.007576847076416015 0.00960370699564616
0 0.39449931383132936 0.43398877779642747 0.006609606742858887 0.008744398752848307
0 0.658609938621521 0.6789299964904784 0.008738183975219726 0.011211458841959636
0 0.51999351978302 0.6813633282979329 0.00804152488708496 0.010082817077636719
0 0.6833121538162231 0.35286706288655595 0.008696508407592774 0.01193707784016927
0 0.31199349164962764 0.30627031326293946 0.007710766792297363 0.011111768086751302
0 0.3998855948448181 0.21265615622202558 0.008675980567932128 0.010899051030476887
0 0.3487247109413147 0.21008987426757814 0.0066119909286499025 0.008430767059326171
0 0.5557647468680852 0.393904946128368 0.007201004028320313 0.0093138058980306
0 0.4225393056869507 0.5175544738769531 0.008253049850463868 0.010575485229492188
0 0.7327240705490112 0.5696175575256348 0.008616018295288085 0.010355822245279948
0 0.638291311264038 0.5590876897176106 0.007951641082763672 0.01060956319173177
0 0.5961498498916626 0.6580526034037273 0.00707697868347168 0.01054553985595703
0 0.5312741433128443 0.6616801420378944 0.006311607360839844 0.007988993326822917
0 0.5985136270523072 0.5564137140909832 0.006415319442749023 0.009085718790690105
0 0.4740058660507202 0.7996858914693196 0.008371686935424805 0.010862032572428383
0 0.658644202697606 0.2171453711001885 0.007377386093139648 0.009719753265380859
0 0.4597541570663452 0.41657821337381995 0.007752847671508789 0.010272820790608726
0 0.433111834526062 0.25953619480133056 0.009045934677124024 0.010854132970174154
0 0.7331385374069214 0.37168941497802727 0.008276605606079101 0.010658772786458333
0 0.3592850923538208 0.2226225773493449 0.008086729049682616 0.011059935887654622
0 0.3963529109954834 0.1443331480026245 0.0095977783203125 0.013852580388387043
0 0.4519216299057007 0.4421332836151123 0.00795445442199707 0.009676520029703777
0 0.6734891176223755 0.7186246236165365 0.007378053665161133 0.010318756103515625
0 0.4955082654953003 0.7628960291544596 0.006473684310913086 0.00863660176595052
0 0.43584718704223635 0.2808041254679362 0.00909891128540039 0.011211903889973958
0 0.5806980133056642 0.19653856754302979 0.007026100158691406 0.009409316380818685
0 0.49711270332336427 0.24537696043650312 0.007742404937744141 0.009602053960164388
0 0.7095078945159912 0.3993300278981527 0.007705307006835938 0.010615698496500651
0 0.554314112663269 0.5301676432291668 0.008656644821166992 0.00959154764811198
0 0.4206259727478027 0.5968042055765787 0.007796955108642578 0.010018094380696613
0 0.3990910053253174 0.7565682411193848 0.009095859527587891 0.011196581522623698
0 0.6242108583450318 0.6815270105997722 0.00755620002746582 0.009564971923828125
0 0.5107544660568236 0.5755112012227376 0.007809972763061524 0.010823758443196614
0 0.6633450269699097 0.5825184822082519 0.006579351425170898 0.009068997701009114
0 0.3096054196357727 0.6906059583028157 0.008519196510314941 0.010547701517740886
0 0.3627682089805603 0.31794719696044926 0.007711482048034668 0.009848340352376302
0 0.5290446519851685 0.5395795822143554 0.00811753273010254 0.010691197713216145
0 0.26510317325592037 0.5538114229838054 0.007623624801635742 0.010190010070800781
0 0.6834446907043457 0.42081807454427084 0.007620620727539063 0.010848426818847656
0 0.5319740056991578 0.6134581247965495 0.008066987991333008 0.010772196451822917
0 0.5658873558044433 0.7299402236938478 0.008654975891113281 0.011660512288411458
0 0.6319879531860352 0.38101232846577965 0.007001399993896484 0.009547138214111328
0 0.34739514589309695 0.1883816401163737 0.008261370658874511 0.010713609059651692
0 0.5300003528594971 0.11160677274068197 0.0077037811279296875 0.010215520858764648
0 0.5381389856338502 0.16933117707570391 0.008463048934936523 0.010694901148478188
0 0.38688269853591917 0.738072427113851 0.007528233528137207 0.00880730946858724
0 0.35606602430343626 0.6570852915445964 0.007978367805480956 0.01032549540201823
0 0.7653658866882325 0.40393098195393873 0.006606197357177735 0.010770543416341144
0 0.7529261350631714 0.3545868078867594 0.007245397567749024 0.010017871856689453
0 0.5499213237012018 0.37621314817950824 0.007458418794457399 0.011169968484470483
0 0.450742769241333 0.5836278597513834 0.007645988464355468 0.010619036356608073
0 0.34801037311553956 0.37257823944091806 0.006914901733398438 0.008982531229654948
0 0.5215993165969849 0.8274959882100422 0.006415319442749023 0.008740806579589843
0 0.5208292245864868 0.3194327672322591 0.007999277114868164 0.00922864278157552
0 0.5677242454988563 0.2524530345969871 0.0075069904327392575 0.010580794016520184
0 0.5048577891739146 0.6879954042855222 0.009359431266784669 0.012125078837076824
0 0.6717294692993164 0.596762243906657 0.006835079193115235 0.010246849060058594
0 0.2538148045539856 0.5090691725413005 0.007696223258972168 0.01052707036336263
0 0.6084308624267578 0.19978543917338054 0.007596778869628906 0.010026200612386066
0 0.5144920825958251 0.7903982798258464 0.0063263893127441405 0.008990987141927084
0 0.6192427635192872 0.759525712331136 0.007060623168945313 0.009595680236816406
0 0.3829609155654907 0.26142473220825196 0.006427621841430664 0.008058484395345051
0 0.6779148578643799 0.6587177912394204 0.007674598693847656 0.00994873046875
0 0.7545706987380981 0.4025773843129476 0.007648038864135742 0.011610698699951173
0 0.4251482725143433 0.46777116457621254 0.00937666893005371 0.012076091766357423
0 0.3553133368492126 0.5008100350697835 0.00811598300933838 0.012321949005126953
0 0.5698933908388409 0.5592156299254146 0.011107635498046876 0.015021800994873047
0 0.3792122364044189 0.534908676147461 0.008067035675048828 0.010488255818684894
0 0.34383186101913454 0.752984078725179 0.008639645576477051 0.00942541758219401
0 0.45144081115722656 0.7203598022460938 0.007537078857421875 0.01071917215983073
0 0.659542626940016 0.7385911817441724 0.010182559863694578 0.009922599792480467
0 0.40963828563690186 0.6208292643229165 0.006796789169311523 0.00862592061360677
0 0.32205651998519896 0.7142537752787272 0.00799262523651123 0.010557492574055992
0 0.4512794494628906 0.3129220167795817 0.0079010009765625 0.010555235544840495
0 0.6183638334274292 0.5114759127298991 0.007146501541137695 0.010035387674967448
0 0.34931168556213377 0.47305569648742674 0.007648181915283203 0.009781551361083985
0 0.632980489730835 0.7491720517476401 0.007807540893554688 0.011281903584798176
0 0.381257688999176 0.4693232695261637 0.007637524604797363 0.007757027943929035
0 0.31980239152908324 0.5826999346415203 0.0068538904190063475 0.008379427591959636
0 0.3484127640724182 0.27469611167907715 0.007192540168762207 0.009900569915771484
0 0.6043721733609995 0.2736313403275225 0.00726628303527832 0.009912363688151042
0 0.6495857000350952 0.7766755739847818 0.008792448043823241 0.010878944396972656
0 0.48488502502441405 0.2821394761403402 0.006668758392333984 0.009073225657145183
0 0.6178115606307983 0.6109603563944499 0.007503080368041992 0.010118039449055989
0 0.33380942344665526 0.4356498241424561 0.009348773956298828 0.011096541086832683
0 0.31024657756772295 0.5293135049488933 0.00886718309808952 0.01007136845708942
0 0.293004832654771 0.531283990081802 0.008538768909271396 0.01138502521236198
0 0.32732411538626577 0.559308667527616 0.008867183098089626 0.015763881063270445
0 0.33323557078499205 0.5610602098679793 0.00821035472045331 0.014012338722906961
0 0.3535972504917163 0.5575571251872525 0.01346498174154334 0.014888109893088596
0 0.41829484568888814 0.557776067979798 0.010180839853362116 0.014450224307997672
0 0.4903817601344681 0.5656580085114332 0.01116608241981652 0.012698681967634328
0 0.49941315032696676 0.5724452350803414 0.010180839853362116 0.014012338722906961
0 0.5243726286771447 0.5630306950008881 0.006896697965180749 0.012698681967634328
0 0.410248698062844 0.5903985440690657 0.008538768909271396 0.012260796382543546
0 0.39136488220580146 0.6350628737483316 0.008867183098089626 0.011385025212361767
0 0.31435175492794953 0.6453531849979665 0.007225112153998907 0.013574453137816037
0 0.412547597384571 0.6394417295992401 0.01116608241981652 0.012260796382543617
0 0.4215789875770695 0.6488562696786931 0.00952401147572587 0.011822910797452693
0 0.42650520040934153 0.6687800638003264 0.010837668230998432 0.013136567552725041
0 0.4872618253406958 0.638347015636513 0.010837668230998361 0.0126986819676344
0 0.4999057716101939 0.6587086953432371 0.009195597286907784 0.012260796382543475
0 0.5191180016560546 0.6265241048390602 0.00821035472045331 0.011822910797452835
0 0.45195730004274665 0.5306271617041658 0.00788194053163508 0.008319826116725864
0 0.4465384659272475 0.5406985301612552 0.009524011475725942 0.012698681967634328
0 0.4787230564314244 0.4815839761739915 0.0095240114757258 0.010947139627270985
0 0.4913670027009225 0.48990380229071745 0.009852425664544029 0.0126986819676344
0 0.2547445796574587 0.48771437436526327 0.00755352634281703 0.013574453137816037
0 0.22600833813587215 0.5133306810930776 0.010509254042180203 0.01663965223345187
0 0.3756010011425311 0.4417363879307249 0.008867183098089555 0.013574453137816108
0 0.37970617850275773 0.4356059897394531 0.007881940531635151 0.010947139627271127
0 0.34046068293899107 0.40145091410236744 0.00952401147572587 0.015325995478179593
0 0.22699358070232661 0.42356413614945493 0.008538768909271433 0.013136567552725253
0 0.4261767862205234 0.4367007037021802 0.011494496608634606 0.01138502521236191
0 0.425355750748478 0.42772404920781787 0.009852425664543958 0.011822910797452693
0 0.42256423014352396 0.41765268075072853 0.00952401147572587 0.011822910797452764
0 0.42223581595470583 0.4075813122936392 0.00952401147572587 0.014450224307997814
0 0.4788872635258335 0.378899806470189 0.009852425664543887 0.014012338722906961
0 0.45294254260920114 0.3764914357521894 0.009195597286907713 0.01269868196763447
0 0.5314335337367345 0.34014693218964953 0.010509254042180132 0.010947139627271056
0 0.36722643932766874 0.3681716096354634 0.008538768909271396 0.010947139627271127
0 0.3595087058904426 0.3635738109920096 0.00821035472045331 0.010509254042180203
0 0.3544182859637616 0.3537213853274656 0.009195597286907713 0.011822910797452835
0 0.4072929703634807 0.3591949551411011 0.009195597286907784 0.011385025212361838
0 0.410248698062844 0.34737204434364843 0.009852425664544029 0.012260796382543689
0 0.3164864471552674 0.3449636736256487 0.008867183098089626 0.015325995478179522
0 0.3471931738097627 0.33773856147164993 0.009195597286907713 0.010509254042180132
0 0.37100320249907726 0.29701520205820153 0.008867183098089626 0.01138502521236191
0 0.3987542014542093 0.30730551330783634 0.009195597286907713 0.010947139627271127
0 0.410412905157253 0.30642974213765467 0.010180839853362045 0.01269868196763447
0 0.44998681490983783 0.2781861218992954 0.007881940531635222 0.013136567552725324
0 0.5348818827193249 0.32328833716365213 0.0095240114757258 0.012260796382543652
0 0.5724853073390009 0.31037071240347225 0.009852425664544029 0.0126986819676344
0 0.5215811080721906 0.2672389822720243 0.010509254042180345 0.01138502521236191
0 0.5227305577330541 0.22191782421512216 0.00821035472045331 0.012698681967634436
0 0.49383010911705844 0.19980460216803464 0.010180839853362187 0.012260796382543617
0 0.4041730355697085 0.20046143054567092 0.011494496608634606 0.010947139627271056
0 0.37412313729284946 0.2024319156785797 0.009195597286907713 0.008757711701816823
0 0.3700179599326228 0.2065918287369427 0.008867183098089555 0.010947139627271056
0 0.2967815958261795 0.23045659312439362 0.010837668230998325 0.010509254042180203
0 0.27871881544118227 0.24381210346966425 0.00886718309808952 0.009195597286907678
0 0.2908701404274531 0.2547592430969354 0.010180839853362045 0.010947139627271056
0 0.3489994518482624 0.29986145836129213 0.008867183098089555 0.013574453137816142
0 0.5539299056707765 0.15273190177076912 0.00821035472045338 0.01182291079745271
0 0.5644391597129568 0.21228434134312366 0.010180839853362187 0.013574453137816108
0 0.5585277043142304 0.2129411697207599 0.007553526342817065 0.010509254042180238
0 0.6100887319586771 0.2418416183367555 0.009524011475725729 0.012260796382543546
0 0.6248673704554929 0.31628216780219864 0.011494496608634535 0.012260796382543546
0 0.6128802525636311 0.3375196186791045 0.008538768909271396 0.01269868196763447
0 0.6366902812529457 0.351313014609466 0.010180839853362187 0.012260796382543617
0 0.7002384267892541 0.3274482502220151 0.01050925404218006 0.01269868196763447
0 0.7458879990349743 0.3283240213921968 0.010509254042180345 0.010947139627271127
0 0.6705169427012132 0.34014693218964953 0.010180839853362045 0.015325995478179451
0 0.5140275817293736 0.38284077673600664 0.007225112153998907 0.013136567552725253
0 0.5089371618026924 0.376272492959644 0.008210354720453238 0.010509254042180203
0 0.5933396083289523 0.3778050925074619 0.008867183098089555 0.011822910797452764
0 0.5916975373848616 0.3845923190763699 0.006896697965180749 0.012260796382543546
0 0.6115665958083586 0.37386412224164434 0.009195597286907784 0.0126986819676344
0 0.6242105420778565 0.38787646096455136 0.01083766823099829 0.011822910797452622
0 0.587756567119044 0.40254562806509453 0.010180839853361974 0.012260796382543546
0 0.7288104612164317 0.40342139923527626 0.010509254042180203 0.01138502521236198
0 0.732423017293431 0.41721479516563775 0.009195597286907713 0.010947139627271056
0 0.7130465801531614 0.42268836497927326 0.008538768909271396 0.014012338722907032
0 0.6414522869908086 0.4493993856698147 0.009195597286907713 0.013136567552725253
0 0.6043414836543597 0.528656676571257 0.009195597286907642 0.012260796382543617
0 0.6095961106754498 0.5214315644172582 0.00919559728690757 0.01007136845708935
0 0.6076256255425411 0.5146443378483501 0.010509254042180203 0.00875771170181686
0 0.6783988832328484 0.4846491752696274 0.008210354720453238 0.01007136845708942
0 0.6792199187048936 0.4909985162534447 0.00788194053163508 0.008757711701816788
0 0.6741294987782127 0.48946591670562667 0.006896697965180749 0.009195597286907713
0 0.6718305994564858 0.4995372851627161 0.008867183098089697 0.012698681967634542
0 0.6623065879807599 0.5122359671303505 0.00821035472045338 0.010947139627270985
0 0.6563951325820335 0.5297513905339842 0.007553526342816923 0.012698681967634328
0 0.6365260741585367 0.5299703333265297 0.009852425664543958 0.011385025212361838
0 0.6366902812529456 0.5371954454805286 0.012151324986270922 0.009195597286907642
0 0.6483489849559894 0.5422311297090731 0.009195597286907855 0.009633482871998495
0 0.6158359802629942 0.5382901594432556 0.011166082419816448 0.012260796382543689
0 0.6135370809412675 0.5498941274481628 0.007881940531635151 0.011822910797452693
0 0.7069709176600258 0.5794514044417948 0.009524011475725729 0.012260796382543617
0 0.7125539588699341 0.5814218895747035 0.007553526342817065 0.011822910797452835
0 0.727496804461159 0.4345112757767261 0.007881940531635222 0.013136567552725253
0 0.7460522061293835 0.45706238340890437 0.008210354720453238 0.0126986819676344
0 0.7409617862027025 0.47917560545599186 0.006568283776362733 0.013136567552725253
0 0.6895649656526649 0.5960910566752468 0.010837668230998361 0.014888109893088667
0 0.6852955811980291 0.6074760818876086 0.008867183098089555 0.013136567552725253
0 0.5953100934618611 0.5982804846007009 0.012151324986270922 0.012260796382543546
0 0.6279873052492653 0.6009077981112461 0.009852425664543958 0.010509254042180274
0 0.6939985572017097 0.6538919539072379 0.00919559728690757 0.014888109893088596
0 0.7391555081642028 0.6344060453706954 0.008867183098089555 0.010947139627270985
0 0.734721916615158 0.6547677250774196 0.009195597286907855 0.012260796382543475
0 0.6767568122887578 0.7035919678150485 0.007553526342816923 0.014450224307997814
0 0.6844745457259839 0.7112549655541381 0.00788194053163508 0.010509254042180203
0 0.6463784998230807 0.6935205993579592 0.009852425664544029 0.011822910797452835
0 0.5368523678522337 0.6468857845457845 0.011494496608634535 0.013136567552725324
0 0.5754410350383642 0.694615313320686 0.009852425664544029 0.012260796382543475
0 0.569857993828456 0.7097223660063201 0.012479739175089079 0.016201766648361086
0 0.6424375295572631 0.7154148786125012 0.012479739175088938 0.017077537818542935
0 0.5289704273205986 0.6976805124163221 0.008867183098089412 0.010509254042180203
0 0.5384944387963243 0.8174422199386675 0.006896697965180678 0.00919559728690757
0 0.5136991675405553 0.8360523573050281 0.011166082419816448 0.01401233872290689
0 0.5048319844424658 0.7797840596208551 0.007225112153998907 0.011822910797452693
0 0.4798725060922879 0.7528540961377682 0.009195597286907713 0.014888109893088596
0 0.4747820861656068 0.7399364713775884 0.008867183098089626 0.011822910797452693
0 0.4931732807394221 0.7338060731863166 0.007553526342817065 0.009195597286907713
0 0.46427283212342657 0.7160717069901374 0.010180839853362116 0.012260796382543617
0 0.4406270105285212 0.7092844804212294 0.011494496608634606 0.010947139627270985
0 0.41648856765038844 0.7493510114570415 0.009852425664543958 0.012260796382543617
0 0.5504815566881861 0.7521972677601321 0.01116608241981652 0.011822910797452693
0 0.6007289275773603 0.757451894781222 0.013136567552725324 0.012698681967634257
0 0.47757360677056093 0.7292082745428626 0.008538768909271396 0.012260796382543475
0 0.47806622805378823 0.7237347047292272 0.00821035472045331 0.009195597286907713
0 0.4798725060922878 0.7184800777081369 0.008538768909271396 0.010947139627270985
0 0.49169541688974067 0.719574791670864 0.008538768909271468 0.010509254042180203
0 0.4063077277970264 0.7344629015639528 0.013136567552725253 0.014888109893088596
0 0.358030842040761 0.7694937483712201 0.010509254042180274 0.015763881063270303
0 0.3534330433973072 0.7714642335041291 0.008538768909271396 0.013574453137816108
