0 0.34832134246826174 0.5416667302449544 0.009160518646240234 0.01157671610514323
0 0.6782986640930175 0.521622864405314 0.008919906616210938 0.011684449513753255
0 0.5383909225463868 0.4230756282806396 0.00894336700439453 0.012006028493245441
0 0.48835978507995603 0.33712137540181475 0.007877826690673828 0.010927232106526692
0 0.409041166305542 0.29519006411234533 0.00867462158203125 0.011301390329996745
0 0.7151135921478271 0.6028096199035644 0.008349418640136719 0.011063957214355468
0 0.514037585258484 0.707412560780843 0.008139944076538086 0.010452715555826823
0 0.4044087648391724 0.7136618296305339 0.0073816776275634766 0.009508641560872395
0 0.3860130548477173 0.24522046248118085 0.007882308959960938 0.01049974759419759
0 0.33394718170166016 0.7191809972127278 0.009205150604248046 0.01153717041015625
0 0.6579808903717632 0.5580651162931369 0.008591222763061523 0.010233434041341145
0 0.37650562524795533 0.7075546582539876 0.007094836235046387 0.010265541076660157
0 0.5612718343734742 0.1971849759419759 0.007719278335571289 0.011062717437744141
0 0.4122361183166504 0.7550665537516277 0.008995628356933594 0.011824417114257812
0 0.41523375511169436 0.46255323092142736 0.00878610610961914 0.011054706573486329
0 0.6059012889862061 0.36101137797037763 0.007816314697265625 0.009743944803873698
0 0.5696501970291138 0.40677024523417155 0.008498430252075195 0.010778268178304039
0 0.4020423889160156 0.5235079447428386 0.00934600830078125 0.012208366394042968
0 0.4602546691894531 0.7528655370076498 0.007323837280273438 0.01046880086263021
0 0.3426613211631775 0.23851142724355065 0.009141230583190918 0.012181742986043293
0 0.5821232795715333 0.7121614774068198 0.009035015106201172 0.01125164031982422
0 0.39088389873504636 0.6383698781331381 0.0076961517333984375 0.010524622599283854
0 0.5689763069152832 0.5948097229003906 0.009092044830322266 0.01089630126953125
0 0.6780205249786377 0.3683842341105143 0.008031368255615234 0.008625348409016928
0 0.682581090927124 0.35479561487833666 0.008487415313720704 0.011570040384928386
0 0.4342122316360474 0.5614784876505534 0.00888981819152832 0.011070760091145833
0 0.467419171333313 0.3375887393951416 0.007947206497192383 0.010888830820719403
0 0.3766032338142395 0.6062033335367838 0.007179760932922363 0.011168797810872398
0 0.3591783165931702 0.22292709350585938 0.008382439613342285 0.011786238352457684
0 0.6420622825622558 0.4106586615244548 0.008419990539550781 0.010562292734781901
0 0.6503373384475708 0.5023928960164388 0.007797098159790039 0.01040509541829427
0 0.5088544130325318 0.3147437890370687 0.00870823860168457 0.011110210418701172
0 0.42994070053100586 0.1131470998128255 0.00968465805053711 0.012578280766805013
0 0.5504180669784546 0.5351588567097982 0.00807490348815918 0.01132049560546875
0 0.41957385540008546 0.8137124061584473 0.008486413955688476 0.010507138570149739
0 0.36783207654953004 0.5012904008229574 0.00749199390411377 0.011454359690348309
0 0.32178969383239747 0.2981663862864176 0.008123397827148438 0.010884062449137371
0 0.4028047800064087 0.27120684782663984 0.007850217819213866 0.009763415654500325
0 0.3246855497360229 0.25697669982910154 0.00958266258239746 0.012972036997477211
0 0.7377954959869385 0.3949388186136881 0.00784893035888672 0.010304768880208336
0 0.757067621493757 0.6093988549688621 0.006418275833129883 0.007857322692871094
0 0.4237163782119751 0.5757792790730794 0.007573175430297852 0.01132825215657552
0 0.7111484182307437 0.31393189265604604 0.00765681266784668 0.010700162251790364
0 0.35854324102401736 0.2752297401428223 0.009810137748718261 0.01229737599690755
0 0.7289646863937378 0.6658602396647136 0.007361364364624023 0.00998992919921875
0 0.5036561727523804 0.3938956419626872 0.00790562629699707 0.010454146067301433
0 0.6414321660995483 0.29020967483520504 0.008085870742797851 0.01063887278238932
0 0.4304635047912598 0.6839330673217774 0.0077954292297363285 0.011227798461914063
0 0.3781427383422852 0.2714394092559814 0.007971096038818359 0.01044486363728841
0 0.4399928331375122 0.35257841746012375 0.008927297592163087 0.012323633829752606
0 0.5891074657440186 0.11775096654891967 0.009381580352783202 0.013737241427103676
0 0.5640624523162842 0.7642122268676758 0.009321117401123047 0.011265182495117187
0 0.5616288900375366 0.44711669286092126 0.007737588882446289 0.010219065348307292
0 0.5862946602800451 0.8258547010595022 0.008951568603515625 0.013638623555501302
0 0.643436861038208 0.761127503712972 0.008086013793945312 0.011194292704264324
0 0.28194719552993774 0.6814589500427246 0.009168267250061035 0.01230920155843099
0 0.3172907590866089 0.3186576684315999 0.008917474746704101 0.011825466156005859
0 0.6956966638565063 0.5289129892985026 0.008754587173461914 0.011247507731119792
0 0.6960646152496338 0.5859894434611003 0.007928180694580077 0.01075579325358073
0 0.3155063033103943 0.4221606731414795 0.009235167503356933 0.011207866668701171
0 0.47748379707336425 0.5154896418253581 0.007000255584716797 0.00964654286702474
0 0.43929137936645435 0.47568461639097026 0.007509183883666992 0.010371907552083332
0 0.5009555578231811 0.3521478335062663 0.00896906852722168 0.012509854634602864
0 0.6233329534530639 0.7443320910135905 0.007036828994750976 0.010466194152832032
0 0.3518264322630351 0.486028811981576 0.006882548332214355 0.010465463002522789
0 0.36828722383837975 0.46449695595196944 0.007819862239846315 0.0075070677502525026
0 0.3687564155727705 0.4701272567646588 0.0068814787710648065 0.007924127069711063
0 0.34795558201477916 0.45010840943065206 0.007819862239846386 0.010426482986461778
0 0.29274735460146384 0.45031693909038134 0.009383834687815664 0.00834118638916948
0 0.2954061077630116 0.45949224411846773 0.007819862239846351 0.011677660944837243
0 0.3670360458800043 0.44802311283335966 0.007194273260658619 0.01042648298646192
0 0.3432636646708713 0.471169905063305 0.005943095302283296 0.007507067750252432
0 0.4486754076640004 0.4986958201475642 0.00719427326065869 0.008341186389169409
0 0.4416375316481386 0.48555845158462224 0.00625588979187711 0.009592364347544872
0 0.4350688473666676 0.4672078415284494 0.0062558897918770385 0.009592364347544872
0 0.4417939288929355 0.4916058117167701 0.007819862239846386 0.011677660944837314
0 0.2686621789027371 0.5351885106001805 0.0075070677502525026 0.010426482986461849
0 0.22893727872431754 0.5107905404118598 0.008758245708627897 0.012511779583754148
0 0.24238744177685326 0.5581267731703965 0.0068814787710648065 0.011260601625378683
0 0.25568120758459206 0.6133871329986441 0.006568684281470993 0.014180016861587959
0 0.27679483563217727 0.655718653923679 0.009383834687815593 0.00792412706971092
0 0.27491806869461416 0.6615574843960976 0.009383834687815593 0.00792412706971092
0 0.32042966693051994 0.5043261209602535 0.004691917343907832 0.008758245708627897
0 0.3235576118264586 0.5030749430018782 0.007194273260658726 0.010426482986461849
0 0.38908805739637103 0.4119474817002019 0.0068814787710648065 0.008341186389169409
0 0.30244398377887327 0.35084829139953555 0.00813265672944027 0.00792412706971092
0 0.5576842872874588 0.4886863964805607 0.007507067750252574 0.011677660944837171
0 0.3163633385657999 0.22760726249955687 0.009071040198221745 0.012511779583754148
0 0.453680119497502 0.20592017788771633 0.008445451219034155 0.01000942366700336
0 0.46040520102376986 0.210090771082301 0.0075070677502525026 0.010009423667003326
0 0.45743365337262837 0.10478329291903668 0.009696629177409478 0.009592364347544872
0 0.6577785239574923 0.17922838144237402 0.009383834687815664 0.01334589822267116
0 0.5151442367026945 0.25596729622273307 0.010635012646191058 0.011677660944837171
0 0.6598116881398522 0.3080997111550421 0.005943095302283156 0.010843542305920266
0 0.7034465194381948 0.3954736385815922 0.01000942366700329 0.011260601625378683
0 0.7423894333926297 0.43405162563150085 0.007819862239846315 0.015014135500504934
0 0.7145507238187764 0.25429905894489907 0.006568684281470922 0.010009423667003397
0 0.619304801737448 0.4747149092787019 0.009383834687815736 0.009592364347544872
0 0.6394800463162517 0.4874352185221854 0.009696629177409549 0.01000942366700329
0 0.6416696077434086 0.4966105235502718 0.0065686842814711354 0.011677660944837314
0 0.7387922967623004 0.49473375661270863 0.006881478771064878 0.014597076181046519
0 0.7725741016384368 0.5120417183702353 0.008758245708627897 0.010843542305920337
0 0.6716978787444187 0.5866953365533019 0.010947807135785012 0.010843542305920337
0 0.7259677226889524 0.6125530143597272 0.00625588979187711 0.011677660944837243
0 0.7220577915690294 0.6192259634710627 0.009071040198221709 0.010843542305920337
0 0.7298776538088755 0.6202686117697089 0.007819862239846315 0.010426482986461778
0 0.602101104809786 0.5929512263451789 0.007507067750252574 0.009175305028086384
0 0.6110157477632109 0.5894062221297819 0.007819862239846457 0.008758245708627967
0 0.6046034607265368 0.5791882688030493 0.00625588979187711 0.009175305028086384
0 0.6094517753152416 0.5695959044555045 0.00719427326065869 0.009175305028086313
0 0.6654419889525416 0.6450836412774882 0.009071040198221851 0.01000942366700329
0 0.7220577915690292 0.6832445690079383 0.008445451219033942 0.011260601625378683
0 0.6810817134322343 0.7222396153773056 0.008445451219034084 0.009175305028086455
0 0.6720106732340124 0.7389219881556444 0.007819862239846315 0.0116776609448371
0 0.6116413367423985 0.7489314118226477 0.008445451219034084 0.011677660944837243
0 0.49262303345193703 0.7189031408216376 0.0068814787710648065 0.008341186389169338
0 0.5287507970000271 0.6436239336593834 0.007194273260658619 0.010426482986461707
0 0.5307839611823872 0.6892919291400862 0.009383834687815664 0.010009423667003432
0 0.5454853021932984 0.7022207680432987 0.007507067750252432 0.01000942366700329
0 0.5442341242349229 0.710353424772739 0.0068814787710648065 0.01209472026429566
0 0.5486132470892369 0.7116046027311144 0.0068814787710648065 0.012928838903212636
0 0.4258414099236491 0.6993013528070895 0.01157339611497271 0.010843542305920266
0 0.35812140292657946 0.7045145943003203 0.006881478771064735 0.009592364347544872
0 0.36390810098406573 0.6982587045084433 0.008445451219034084 0.007924127069710778
0 0.3856473180108387 0.7345428653013305 0.01000942366700336 0.017099432097797376
0 0.39159041331312183 0.7347513949610596 0.01000942366700336 0.01668237277833896
0 0.5193669623122114 0.43238338835366696 0.00719427326065869 0.009175305028086313
