0 0.43246875339084206 0.6257180955674914 0.008486599392361112 0.01161968089916088
0 0.503048833211263 0.5048265527795863 0.00728268093532986 0.009890351472077546
0 0.4403664059109158 0.7685828032316985 0.009111870659722222 0.013193935818142362
0 0.2645985179477268 0.4102240950972945 0.008823882208930121 0.012706615306712963
0 0.5516713248358832 0.36760314658836085 0.00863295661078559 0.011362005163122106
0 0.4510497623019748 0.19977399331552015 0.008900027804904514 0.013120396931966144
0 0.40242701636420347 0.8009741041395398 0.007348759969075521 0.009219303837528935
0 0.3089500533209907 0.6317137541594328 0.007766448126898872 0.010645209418402777
0 0.6324188444349501 0.4558546136926722 0.008480199178059896 0.011383423981843171
0 0.22418547736273872 0.6022270485206886 0.008771048651801215 0.012130285192418981
0 0.49545158810085715 0.8299248306839553 0.008280902438693576 0.011193565086082175
0 0.5301660749647352 0.5198579576280381 0.007995435926649306 0.011144002278645836
0 0.48986750708685983 0.343866687350803 0.009551111857096355 0.011956984908492476
0 0.3204477310180664 0.7189445495605469 0.00861053466796875 0.012177813494646993
0 0.455580817328559 0.7219173007541232 0.009860568576388888 0.013588968912760417
0 0.4276215447319878 0.852441914876302 0.00951444837782118 0.01236278392650463
0 0.6890449311998155 0.7364531340422453 0.008036846584743924 0.010733936451099537
0 0.5965697394476998 0.27490259806315104 0.007653130425347222 0.011169377079716436
0 0.554548094007704 0.34707982098614726 0.009182569715711806 0.011208400019892938
0 0.4144917805989583 0.39508628845214844 0.008287217881944444 0.011223489266854745
0 0.2699783325195313 0.5225980122884114 0.009397930569118924 0.012446481210214123
0 0.7081944783528645 0.46791380423086665 0.007057020399305555 0.008798867684823495
0 0.697669940524631 0.713438641583478 0.008901807996961806 0.012518649631076389
0 0.3869741863674588 0.40384611906828705 0.007099702623155382 0.01003180609809028
0 0.7816683027479384 0.5799974229600694 0.00844514634874132 0.011015941478587962
0 0.5847547107272678 0.5641194096317999 0.009144549899631076 0.012291237160011575
0 0.5714850107828776 0.5507322523328994 0.007871415879991319 0.011556328667534723
0 0.5317415449354385 0.702473364935981 0.008742014567057291 0.011286587185329862
0 0.5169795566134983 0.259353114940502 0.009046257866753473 0.011653278492115162
0 0.5880127376980251 0.9096295957212095 0.00865232679578993 0.011349713360821759
0 0.37839541965060763 0.738768372712312 0.008907996283637153 0.01159820556640625
0 0.372048462761773 0.8747480039243345 0.009210247463650173 0.011760796440972223
0 0.419181145562066 0.8202158044885706 0.009065416124131944 0.012513337311921295
0 0.37740968068440756 0.24739792435257524 0.007947582668728298 0.010439328794126157
0 0.710126707288954 0.7498129102918836 0.008856625027126737 0.011858735261140046
0 0.7682520124647353 0.44955366629141347 0.010617828369140625 0.013681962754991318
0 0.7231444464789496 0.4776940946225767 0.00868988037109375 0.011146460639105902
0 0.6378184848361544 0.28989991082085503 0.008700900607638888 0.0113184893572772
0 0.46118738386366104 0.6670283282244648 0.008398479885525174 0.011170394332320602
0 0.6064541074964734 0.8884187486436633 0.008521058824327257 0.011824205186631943
0 0.3796717961629231 0.21923987070719397 0.008730867173936632 0.01137815404821325
0 0.603959952460395 0.7457790516040943 0.008858574761284722 0.012019687228732638
0 0.40391532050238715 0.7390266701027199 0.006225755479600695 0.008303719979745371
0 0.4571608139941032 0.23263157669091364 0.006598706558030737 0.007779432048820023
0 0.6743654039171006 0.7449813277633102 0.009436459011501737 0.012187703450520832
0 0.329303518931071 0.4449756622314453 0.006989945305718316 0.009494724980107061
0 0.4927431954277886 0.2653900287769459 0.00999590555826823 0.01341990718135127
0 0.28443908507570836 0.42451601127498867 0.007767444186740451 0.01021378128616898
0 0.5838341183132595 0.8778209544994213 0.008774312337239583 0.012706276222511574
0 0.4930166880289713 0.2658987539785879 0.00824678209092882 0.010744561089409722
0 0.4865764405992296 0.766301444724754 0.007538986206054687 0.010161279748987269
0 0.31326267454359263 0.42315083256474245 0.007997873094346788 0.010183998390480325
0 0.46422265370686844 0.33282049673574937 0.00904494391547309 0.01362293384693287
0 0.3791832817925347 0.3266381722909433 0.01039030287000868 0.01370555736400463
0 0.40513735877143003 0.32083536783854166 0.007635031806098091 0.010637297453703702
0 0.6654556274414063 0.3043243408203125 0.008543650309244791 0.011555876555266204
0 0.5884498596191406 0.5223023873788339 0.009694841172960069 0.01411590576171875
0 0.3112036916944716 0.7051475807472513 0.007834815979003906 0.009512894241898148
0 0.6825563599485805 0.7834497476019864 0.009433619181315104 0.013174721046730325
0 0.5527919981214735 0.6533131352177373 0.008281665378146702 0.01141323513454861
0 0.6968725416395399 0.34276716444227434 0.007350243462456597 0.010198126898871528
0 0.2757678773668077 0.4066554175482856 0.009180831909179687 0.011045187490957755
0 0.5544120364718967 0.42220341717755355 0.008685048421223958 0.011742005524811921
0 0.3254198637748786 0.5265489683811304 0.00834500453786866 0.01377588050695806
0 0.4120489585013253 0.483896722965357 0.007550242200928921 0.009007306485318622
0 0.34210987285061606 0.4229649437999663 0.009934529211748427 0.012186355833078153
0 0.3470771374564903 0.41899113211526695 0.00953714804327852 0.011656514275118254
0 0.3746951286651511 0.4015063607025896 0.007550242200928778 0.010596831159198388
0 0.3182670027424197 0.43064764639038516 0.007550242200928956 0.010596831159198388
0 0.4466211201582101 0.6054953605171584 0.008345004537868803 0.016954929854717377
0 0.34687844687225533 0.5890702722204009 0.0075502422009288495 0.011656514275118325
0 0.3729069134070363 0.6086744098649178 0.007947623369398756 0.014835563622877785
0 0.4130424114225002 0.5718504215867035 0.008742385706338708 0.009007306485318693
0 0.4903330486899034 0.5021762567149742 0.007550242200928921 0.013775880506957917
0 0.4998701967331819 0.48124751517555736 0.0075502422009288495 0.009007306485318693
0 0.486756618173674 0.46376274376288007 0.005960717527049084 0.007947623369398827
0 0.47324565844569605 0.42217018146302643 0.00834500453786866 0.013775880506957917
0 0.5006649590701218 0.4134277957566878 0.012318816222568075 0.011126672717158358
0 0.28150924465895033 0.49820244503027483 0.010331910380218474 0.012186355833078082
0 0.23779731612725705 0.44203923988652344 0.008742385706338673 0.010066989601238419
0 0.33316879656004245 0.3278583841461608 0.00953714804327852 0.013775880506957989
0 0.4589399363807782 0.21659165697457788 0.010729291548688309 0.012716197391038015
0 0.4068830033112161 0.26613184264383033 0.010729291548688237 0.012186355833078153
0 0.5463637934441649 0.3673315802141748 0.006755479863988967 0.014305722064917887
0 0.5753726187424704 0.3917042918803311 0.009934529211748498 0.01006698960123849
0 0.6079578745570053 0.36494729320335517 0.009139766874808544 0.010596831159198388
0 0.5940495336605575 0.3215002854506418 0.01072929154868838 0.016954929854717412
0 0.6184884755214588 0.2769935945820087 0.0071528610324589435 0.010596831159198352
0 0.597625964176787 0.22798325047071613 0.009139766874808544 0.011126672717158321
0 0.591267865481268 0.18374148038106292 0.008345004537868803 0.010596831159198352
0 0.6135212109155844 0.22639372579683636 0.009139766874808615 0.011126672717158287
0 0.6083552557254753 0.23275182449235543 0.009934529211748498 0.00794762336939879
0 0.610342161567825 0.24096436864073414 0.006755479863988967 0.00953714804327852
0 0.6010037041087815 0.21102832061599874 0.007152861032458801 0.007947623369398756
0 0.597427273592552 0.2555350114846319 0.011921435054098168 0.013246038948997984
0 0.6854472024086437 0.34057458153719894 0.008345004537868732 0.013775880506957917
0 0.6856458929928786 0.38190222305807253 0.010331910380218403 0.012716197391038051
0 0.7180324582231785 0.3938236581121707 0.008345004537868732 0.012186355833078082
0 0.7790304675833142 0.4240246269158861 0.010331910380218261 0.015365405180837613
0 0.7865807097842432 0.4150173204305675 0.008742385706338639 0.012186355833078153
0 0.5916652466497381 0.40865922173504854 0.012318816222568148 0.011126672717158287
0 0.5960364395029073 0.4023011230395295 0.011524053885628263 0.013246038948997878
0 0.6107395427362949 0.41660684510444723 0.009139766874808615 0.011126672717158358
0 0.5189444928197391 0.42826335937956544 0.009139766874808615 0.01006698960123849
0 0.5113942506188102 0.42164033990506655 0.006755479863988967 0.011656514275118183
0 0.5378200983220612 0.43833034898080386 0.008742385706338639 0.012186355833078224
0 0.5634511836883722 0.5273437307180704 0.012318816222568075 0.014305722064917816
0 0.5274881879418427 0.5442986605727878 0.011921435054098239 0.012186355833078153
0 0.7015411397316761 0.4521062294877617 0.00953714804327852 0.009007306485318693
0 0.669154574501376 0.42349478535792623 0.01390834089644784 0.010066989601238419
0 0.7202180546497633 0.34083950231617893 0.008742385706338639 0.01324603894899802
0 0.6600148076265674 0.3882603217535916 0.009139766874808686 0.011656514275118254
0 0.7816134451783688 0.5358211956454291 0.010729291548688166 0.01324603894899795
0 0.8048602435338603 0.5000568904831345 0.011126672717158215 0.015895246738797653
0 0.7468425929372492 0.5294630969499099 0.011126672717158358 0.01642508829675748
0 0.6862419647455834 0.5048254645047737 0.009139766874808686 0.012716197391038051
0 0.8076419117131499 0.5784734410612026 0.007152861032459015 0.014835563622877714
0 0.7448556870948994 0.6468230020380321 0.011921435054098168 0.009537148043278734
0 0.7522072387115932 0.5962231332528598 0.01072929154868845 0.010066989601238419
0 0.7621417679233419 0.5964880540318397 0.009139766874808686 0.011656514275118183
0 0.6677637404117313 0.6102639345387977 0.009537148043278591 0.011656514275118325
0 0.7108795971907196 0.6253644189406553 0.008345004537868874 0.011126672717158287
0 0.6453117043931798 0.5593991449746454 0.007550242200928636 0.010596831159198246
0 0.5453703405229899 0.6068199644120581 0.011921435054098168 0.012186355833078153
0 0.551728439218509 0.6023163111693989 0.008742385706338639 0.009537148043278449
0 0.577558215169055 0.6025812319483788 0.008742385706338708 0.010066989601238347
0 0.5537153450608587 0.6298680721833146 0.011126672717158358 0.012716197391038122
0 0.5712001164735361 0.6301329929622946 0.00953714804327852 0.012186355833078224
0 0.5481520087022795 0.6547706254074308 0.007152861032458801 0.011656514275118325
0 0.5233156856729084 0.6396701410055731 0.007550242200928921 0.00900730648531855
0 0.5163615152246844 0.6439088734692524 0.009537148043278449 0.01218635583307801
0 0.5181497304827992 0.5869509059885613 0.006755479863988967 0.011656514275118254
0 0.6542527806837533 0.6878857227799258 0.007947623369398827 0.009007306485318622
0 0.6506763501675239 0.6929192175805449 0.007152861032458872 0.009537148043278449
0 0.6502789689990539 0.7138479591199618 0.010331910380218403 0.013246038948997807
0 0.6411392021242454 0.7104039889932224 0.007947623369398756 0.013775880506957917
0 0.6486894443251743 0.6786134955156271 0.010331910380218546 0.011656514275118183
0 0.6929974446095722 0.7742498967273925 0.010729291548688309 0.01430572206491803
0 0.682864224813589 0.79093990580313 0.009537148043278449 0.008477464927358654
0 0.499870196733182 0.8089545187737673 0.009934529211748427 0.013775880506957777
0 0.6310059823282619 0.79093990580313 0.008345004537868732 0.013775880506957917
0 0.5704053541365961 0.7700111642637131 0.009537148043278449 0.009007306485318764
0 0.5400056947486458 0.7684216395898334 0.009139766874808544 0.010066989601238419
0 0.3458849939510805 0.7456384525975569 0.011126672717158215 0.016425088296757623
0 0.3458849939510805 0.7297432058587594 0.011126672717158215 0.01324603894899795
0 0.3228368861798241 0.6950385838123847 0.011126672717158287 0.013775880506957917
0 0.3931733529990032 0.7096092266562825 0.011921435054098097 0.012186355833078153
0 0.42536122764506834 0.7109338305511822 0.011126672717158358 0.012716197391038122
0 0.43907087795728117 0.7024563656238234 0.009934529211748427 0.012716197391038265
0 0.4436407613946854 0.7016616032868837 0.009537148043278513 0.011126672717158339
0 0.4939094792061329 0.6653674565666293 0.009934529211748498 0.010596831159198388
0 0.2725681683683767 0.7231201863842602 0.009934529211748462 0.010596831159198388
0 0.3603894066002333 0.6865611188850259 0.00834500453786866 0.014835563622877714
