0 0.3369722578260634 0.4296593136257595 0.009669706556532117 0.013693152533637152
0 0.3459506034851074 0.5930049472384983 0.009990416632758247 0.013066440158420138
0 0.49384708404541017 0.8641355161313657 0.010285313924153645 0.01356822826244213
0 0.5547369215223523 0.7623044049298322 0.010460069444444444 0.01416919849537037
0 0.5759558995564779 0.31093521118164064 0.009547466701931424 0.014908797652633102
0 0.4322987874348958 0.348830978958695 0.009770965576171875 0.01247230812355324
0 0.5888179779052733 0.48278870759186915 0.01049168904622396 0.014967741789641205
0 0.5703204472859701 0.41582808317961517 0.009574593438042536 0.01287276656539352
0 0.8026912689208985 0.7056774845829716 0.009297095404730903 0.013411175763165507
0 0.4381316290961372 0.6793889928747108 0.009731292724609375 0.012363009982638888
0 0.46724569532606336 0.3103039494267216 0.008926306830512152 0.012148087112991899
0 0.4060813691880968 0.7111919904680962 0.010259289211697048 0.008575228946899952
0 0.5874245961507162 0.30946100023057727 0.009254540337456598 0.01294942785192419
0 0.6411119672987197 0.31897150675455727 0.008650885687934028 0.010928514268663194
0 0.513327301873101 0.7073719448513455 0.009316211276584201 0.011884731716579862
0 0.42066417270236545 0.5717653627748842 0.010068681504991319 0.01286881058304398
0 0.6371312883165148 0.7853709750705294 0.009479098849826388 0.012673102484809028
0 0.4078071382310655 0.370032317550094 0.010555903116861977 0.01287008214879919
0 0.5706055799358565 0.6645524435980603 0.00784336249354295 0.010627538744939736
0 0.6009399625990126 0.4221908993191189 0.010074742635091146 0.013714458324291088
0 0.3282642633424222 0.586377548649486 0.006933258669500049 0.010331914880039221
0 0.37995782430472375 0.5885526886242312 0.00591366180633834 0.011963269861098098
0 0.373738283439437 0.5820272686999958 0.005301903688441172 0.00706920491792161
0 0.3743500415573341 0.5886886348726528 0.004486226197911733 0.009516237389509782
0 0.5714381152065036 0.22190565663125972 0.0075450167873970745 0.011147592370568695
0 0.7367147667250259 0.30456097567157364 0.006117581178970539 0.008972452395823538
0 0.7469107353566438 0.41807609310358357 0.006933258669500049 0.011419484867411782
0 0.674417398385842 0.4173963618614758 0.008768533023191338 0.01114759237056866
0 0.6478059202573201 0.48740867979858377 0.006525419924235365 0.012507054854784271
0 0.7092876111059745 0.5303676942997996 0.00795285553266183 0.010875699873725466
0 0.8603918662265483 0.6947267086414765 0.010399888004249931 0.01114759237056859
0 0.7275383949565701 0.7845871788481336 0.010603807376882485 0.012507054854784342
0 0.7461970175524304 0.8037555998755747 0.0059136618063382685 0.01332273234531371
0 0.4050399071385032 0.7209643345868392 0.008360694277926512 0.009788129886352977
0 0.5552265250822316 0.7182454096184078 0.0073410974147647325 0.010331914880039221
0 0.6009044645518786 0.6996207735846528 0.00693325866950012 0.009516237389509711
0 0.49792518137254016 0.5227547043881917 0.0073410974147647325 0.009788129886353048
