0 0.5290515899658202 0.43472590446472176 0.010185909271240235 0.015032736460367839
0 0.2666879415512085 0.5815062522888185 0.009859800338745117 0.012987581888834636
0 0.572575020559414 0.4012247526465459 0.009551811218261718 0.013284746805826824
0 0.6822776556015014 0.2122575283050537 0.009861993789672851 0.011256090799967448
0 0.3105548143386841 0.29392805099487307 0.008862876892089843 0.011151568094889324
0 0.5498931407928467 0.29934234619140626 0.009856891632080079 0.01289227803548177
0 0.6152065277099609 0.20579033692677817 0.008448314666748048 0.011671241124471028
0 0.39266846179962156 0.21043381690979007 0.009048891067504884 0.012368233998616536
0 0.32870843410491946 0.38633392651875814 0.007905197143554688 0.010642719268798829
0 0.747622299194336 0.4967552820841471 0.008858871459960938 0.010798136393229164
0 0.6960457563400269 0.3843801816304525 0.009230756759643554 0.011988894144694012
0 0.6971552610397339 0.41880666414896645 0.008457612991333009 0.011342271169026691
0 0.6165731906890869 0.4203465620676677 0.009750652313232421 0.01287991205851237
0 0.6482207432054363 0.5254085741811825 0.009990262985229491 0.013658587137858074
0 0.32368814945220953 0.31231161753336584 0.009245824813842774 0.011845334370930988
0 0.6665642261505127 0.7331616083780925 0.011088180541992187 0.014675267537434896
0 0.4895082712173462 0.7872764587402343 0.008397912979125977 0.01009076436360677
0 0.39079545736312865 0.38353964487711584 0.008755373954772949 0.011478360493977864
0 0.6226273775100707 0.6415355046590169 0.008884286880493164 0.011217117309570312
0 0.6249335765838623 0.18398619492848714 0.009350109100341796 0.012006775538126629
0 0.5629754781723022 0.3576193809509278 0.009811735153198243 0.012185923258463542
0 0.2812067270278931 0.5846944808959961 0.008987617492675782 0.011730321248372396
0 0.4733055830001831 0.32437701225280763 0.010169267654418945 0.012940692901611327
0 0.3322093725204468 0.6743006706237794 0.009268665313720703 0.012190183003743492
0 0.4605218172073364 0.24962737560272213 0.008426237106323241 0.010252682367960612
0 0.6077667474746704 0.23308671315511068 0.007350492477416992 0.010225550333658856
0 0.4425684928894043 0.619455591837565 0.00825643539428711 0.011219151814778646
0 0.5164710760116578 0.1477247397104899 0.008567094802856445 0.011998240152994792
0 0.6699095726013183 0.40780696868896493 0.007369327545166016 0.009058825174967448
0 0.6428161144256592 0.2855976740519206 0.00806131362915039 0.010330390930175782
0 0.6469150066375733 0.306678565343221 0.009573078155517578 0.012651983896891277
0 0.71576406955719 0.6056896209716797 0.007848691940307618 0.011071141560872395
0 0.46513245105743406 0.10753963390986124 0.008022928237915039 0.010137391090393067
0 0.43496582508087156 0.5089269479115804 0.01066899299621582 0.012788931528727211
0 0.45714530944824217 0.21678001085917153 0.009631824493408204 0.01280504862467448
0 0.3416680574417114 0.5108575661977133 0.009431982040405273 0.012130069732666015
0 0.5077235962779563 0.6833921643143644 0.007048702239990235 0.009125200907389323
0 0.6652078866958618 0.24704136848449704 0.00834965705871582 0.010843722025553386
0 0.2507819414138794 0.5066627979278564 0.009291696548461913 0.011457665761311847
0 0.6467495679855346 0.3955986022949219 0.008464956283569336 0.010936609903971354
0 0.3746680378913879 0.7642016728719075 0.007917189598083496 0.009597015380859376
0 0.3322790861129761 0.3666670958201091 0.009079694747924805 0.011546484629313151
0 0.47137080539076587 0.5726885880924724 0.0076552867889404285 0.0095184326171875
0 0.35647356510162354 0.6054269790649414 0.009316205978393555 0.012828954060872396
0 0.691132926940918 0.49293502171834314 0.00900440216064453 0.011591593424479164
0 0.6364469051361084 0.5465767224629721 0.0077343940734863285 0.010525449117024738
0 0.5081123828887939 0.4815085887908935 0.008832168579101563 0.010885270436604817
0 0.5218216001196574 0.457777398519303 0.006588411331176758 0.00839837392171224
0 0.3573404550552368 0.5507023175557455 0.009049940109252929 0.012264823913574219
0 0.7461594343185425 0.3993950843811035 0.00939021110534668 0.012954902648925782
0 0.5800191402435303 0.39454307556152346 0.007503795623779297 0.010239028930664062
0 0.35247576236724854 0.5307215054829916 0.009311962127685546 0.013046836853027344
0 0.5208492279052735 0.1928126414616903 0.01039590835571289 0.013383849461873371
0 0.7783446441991599 0.4422146164092372 0.007686805725097656 0.010509618123372396
0 0.5281802892684937 0.6209162712097168 0.010778284072875977 0.013053067525227864
0 0.7028103590011596 0.2578920125961303 0.009158945083618164 0.011725950241088866
0 0.5652434495797701 0.24624565813255278 0.00997610092163086 0.01296647389729818
0 0.6408223628997802 0.5994707425435384 0.00956869125366211 0.012746365865071614
0 0.6988417148590088 0.32937773068745935 0.009078121185302735 0.010981146494547527
0 0.563810658454895 0.2890567143758138 0.009718656539916992 0.012807782491048176
0 0.5047828674316406 0.720305633544922 0.008427143096923828 0.010930760701497394
0 0.5386699438095094 0.5447598775227864 0.009008550643920898 0.011031341552734376
0 0.55466555577559 0.8170061897918143 0.007855653762817383 0.010234324137369792
0 0.5916995952325392 0.7064624288975884 0.007930135726928711 0.010151036580403646
0 0.606538282827386 0.5611799168402908 0.00614134533089917 0.008188460441198728
0 0.6898077004022233 0.5621432651274907 0.009392645800198522 0.012041853589998226
0 0.7103992700411201 0.5758709782200886 0.00650260093859913 0.008670134584798674
0 0.7362290459916662 0.5619024280556907 0.008308878977098715 0.010596831159198388
0 0.7512211537112138 0.63150434180588 0.007947623369398684 0.013005201877197977
0 0.5749284171536408 0.6370435944572792 0.010115157015598371 0.010596831159198317
0 0.5561431255532436 0.5905620395998863 0.00505757850779915 0.009151808728398549
0 0.5592137982186932 0.592247899102486 0.004696322900099403 0.005780089723199069
0 0.5635488655110926 0.5876719947382867 0.006141345330899028 0.010115157015598513
0 0.4743187304092062 0.6115148648464831 0.008308878977098715 0.009633482871998637
0 0.6740930814672756 0.6461954031856777 0.009753901407898412 0.009633482871998495
0 0.6804150546020247 0.6611273016372755 0.00650260093859913 0.009633482871998495
0 0.6730093146441759 0.6565513972730761 0.006863856546299019 0.009151808728398549
0 0.6840276106790242 0.6791900820222727 0.007947623369398827 0.010115157015598442
0 0.697394068163922 0.6799125932376725 0.007947623369398827 0.008670134584798603
0 0.5778184620152405 0.4296828756375109 0.007947623369398756 0.010115157015598442
0 0.5790828566421902 0.4378713360787097 0.009753901407898552 0.008188460441198728
0 0.6544046508476288 0.4022274494523151 0.007947623369398827 0.012041853589998154
0 0.6444701216358802 0.2391807518437401 0.01119892383869825 0.010596831159198352
0 0.5124311970215504 0.11298212622055942 0.010115157015598371 0.009633482871998531
0 0.521643215017899 0.11394547450775928 0.008308878977098786 0.012523527733598083
0 0.39863568059606785 0.24953674593113853 0.007947623369398827 0.013005201877198011
0 0.42681361799666356 0.27843719454713406 0.006502600938598988 0.013968550164397903
0 0.3413766667756266 0.27241626775213496 0.010476412623298402 0.00963348287199846
0 0.3529368462220249 0.2834947730549333 0.006863856546298948 0.008670134584798674
0 0.34462796724492617 0.28782984034733267 0.006141345330899028 0.011560179446398209
0 0.3762378329186713 0.27795552040353416 0.01083766823099829 0.012041853589998154
0 0.4089314654155163 0.22737973532554193 0.009753901407898481 0.010115157015598406
0 0.2983872494593332 0.23942158891554008 0.009753901407898518 0.010115157015598477
0 0.391229940638219 0.3220287045429274 0.008308878977098715 0.007706786297598817
0 0.39195245185361893 0.3393689737125247 0.006141345330899099 0.008670134584798674
0 0.24582455853899127 0.4202902298373124 0.005057578507799221 0.01156017944639828
0 0.24925648681214074 0.4202902298373124 0.008308878977098786 0.007706786297598853
0 0.25828787700463934 0.4183635332629126 0.009753901407898447 0.008670134584798674
0 0.2355287737195429 0.4104159098935139 0.006863856546298983 0.00915180872839862
0 0.24004446881579217 0.4063216796729145 0.006502600938598988 0.009633482871998495
0 0.24130886344274194 0.39138978122131673 0.006863856546298948 0.007706786297598783
0 0.2393219576003923 0.46701262176650515 0.010115157015598477 0.010596831159198317
0 0.24799209218519094 0.46725345883830516 0.011560179446398245 0.012041853589998083
0 0.27815693542813635 0.4727927114897043 0.008308878977098715 0.012523527733598029
0 0.23083245081944356 0.49519055916710086 0.009031390192498599 0.010115157015598513
0 0.23733505175804254 0.5089182722596988 0.009031390192498599 0.01348687602079778
0 0.30470922259408223 0.5204784517060971 0.007947623369398827 0.011560179446398209
0 0.2754475183703867 0.6731691552272737 0.00794762336939879 0.016376920882397315
0 0.404415770319267 0.6488446109754774 0.007947623369398684 0.013005201877197977
0 0.3198819581174799 0.7384360016850635 0.0072251121539988715 0.011078505302798334
0 0.34426671163722616 0.7288025188130652 0.007586367761698795 0.012041853589998083
0 0.44758581543941034 0.7121847608588677 0.009031390192498491 0.010596831159198388
0 0.4260911067812636 0.7145931315768673 0.007225112153998907 0.009633482871998637
0 0.42175603948886425 0.716038154007667 0.005780089723199069 0.010596831159198388
0 0.6217110183507838 0.7668547761574593 0.006863856546298948 0.011078505302798192
0 0.6177372066660843 0.7617971976496603 0.007586367761698795 0.010596831159198388
0 0.6022032155349867 0.7613155235060602 0.007586367761699009 0.009633482871998495
0 0.6063576550235361 0.7627605459368599 0.006502600938598988 0.007706786297598853
0 0.6043707491811864 0.7528862259930613 0.009753901407898412 0.011078505302798334
0 0.6188209734891841 0.7521637147776616 0.006863856546298948 0.010596831159198246
0 0.6497083279475294 0.749514506987862 0.009392645800198664 0.011078505302798334
0 0.6707193127220387 0.6011762167421761 0.007649015667439443 0.01315959684720795
