0 0.32971602545844186 0.4586395263671875 0.010599136352539062 0.015373060438368056
0 0.6316793653700086 0.2880729957863136 0.010026465521918403 0.013553986725983796
0 0.5390468597412109 0.7629385771574797 0.009887271457248263 0.013114024974681712
0 0.4300137837727865 0.3701232062445747 0.009792751736111112 0.01294623480902778
0 0.7659969753689236 0.6564581411856192 0.010853746202256945 0.015137849030671295
0 0.5843715031941732 0.4112824616608797 0.010544374254014756 0.012607602719907407
0 0.6724156697591145 0.6421190049913195 0.010187784830729164 0.013390887225115743
0 0.5017754660712348 0.8045196250632957 0.009704377916124132 0.012367926703559028
0 0.35617670483059355 0.5724553991247107 0.009223365783691406 0.012415681061921296
0 0.42308197021484373 0.298685215137623 0.008687337239583334 0.010724526864510996
0 0.7742463853624132 0.5965963575575087 0.009846157497829862 0.01313052707248264
0 0.4210295995076498 0.7227620725278502 0.009594006008572048 0.013368564181857638
0 0.36365977393256294 0.5570329736780237 0.009402847290039063 0.012411894621672455
0 0.4679983073132594 0.694452312874854 0.004004219958986418 0.006610932746820634
0 0.6321969562106663 0.5468471950954862 0.009372584025065104 0.01239951804832176
0 0.6369113498263889 0.9266134756582755 0.009737226698133681 0.013450566044560186
0 0.43995229932996965 0.30473254168475117 0.008089447021484375 0.010958579734519676
0 0.3640997111495609 0.461111371799349 0.0053019036884412426 0.00706920491792161
0 0.4068895105526373 0.4640585421606416 0.005525144144826513 0.005832096597316863
0 0.427263479586685 0.5236840560568943 0.00529492980545875 0.008748144895975188
0 0.432270641467934 0.5254490326587138 0.0040287509389359145 0.007673811312258963
0 0.43675982108560546 0.5355017254777732 0.005179822635774798 0.005985572823561967
0 0.4392346252338091 0.5404897028307416 0.004604286787355392 0.006139049049807213
0 0.4618085182694011 0.6759832914380657 0.006289579656246716 0.010196742776036273
0 0.4672046917244764 0.676078588099524 0.006218107160152968 0.010387336098952886
0 0.3882920276590842 0.7668284555426622 0.005755358484194621 0.009348097416753859
0 0.39598327945159867 0.7717117900141011 0.006487858654909857 0.008231906680423293
0 0.396925065385376 0.7611079780189796 0.006697144417971472 0.010464288153080474
0 0.40540113878937106 0.8024767971841578 0.006906430181033088 0.010882859679203705
0 0.8141362340486943 0.6756496247688227 0.006697144417971401 0.006139049049807142
0 0.7929460505387064 0.44738861918962725 0.005546072721132731 0.006418096733889342
0 0.8030440886064291 0.4395752840353272 0.005232144076540237 0.007534287470217933
0 0.7954574796954458 0.4357383783791977 0.004499643905824371 0.005162382155519793
0 0.8016837311465285 0.4162050404934475 0.006069287128786413 0.009906192784916215
0 0.4695472251677545 0.3269795435081813 0.005860001365725012 0.008650478206546524
0 0.579541704077582 0.3993010722447808 0.006302962426818155 0.010875699873725466
0 0.6957757464780232 0.3753250975231586 0.009639824888074742 0.01186439986224606
0 0.7493509271059778 0.46257787151009283 0.004449149948342352 0.006426549925383185
0 0.7486094021145877 0.4572636090717952 0.005932199931122995 0.0056850249339929345
0 0.7463848271404165 0.4650496214813941 0.006302962426818084 0.005437849936862733
0 0.4800780489896211 0.3474881342044639 0.006119669994437018 0.008742385706338639
0 0.5572296028480597 0.6718306439096284 0.009179504991655634 0.011656514275118041
