0 0.42270651923285585 0.6753868103027344 0.01048405965169271 0.014214353208188656
0 0.5888216654459635 0.5164289403844763 0.010234663221571181 0.014080867060908563
0 0.46155588361952044 0.5416011951587819 0.009626388549804688 0.012997266981336806
0 0.33037975099351674 0.42075670030381945 0.010468949211968316 0.01296234130859375
0 0.5859828948974609 0.48438234682436343 0.009573279486762152 0.013581452546296295
0 0.6254152086046008 0.7553732130262587 0.010122511121961806 0.014859969527633101
0 0.5614303800794813 0.43145920082374856 0.009763548109266494 0.012129239682798032
0 0.6559169557359483 0.3600551746509693 0.009154722425672742 0.013765010127314814
0 0.6165304183959961 0.838335531729239 0.009533649020724826 0.012697742603443286
0 0.6057110256618923 0.29967135676631224 0.010434722900390625 0.013882022433810764
0 0.4334620581732856 0.5888031288429542 0.00904023912217882 0.012790651674623843
0 0.3259075164794922 0.7412861576786747 0.01041497124565972 0.013733814380787038
0 0.4641214794582791 0.6442901893898292 0.00960892571343316 0.01399383544921875
0 0.7552462683783636 0.6920327928331161 0.009449852837456597 0.012020704481336806
0 0.6379180908203125 0.36255337750470196 0.009960344102647569 0.013430390534577546
0 0.49259978400336374 0.6869151645236545 0.009682718912760417 0.01369487621166088
0 0.7268081665039062 0.6689115736219619 0.008839925130208334 0.012176739728009261
0 0.6279789818657769 0.5002104865180121 0.010133531358506944 0.014162586353443286
0 0.6445635689629448 0.8523082591869213 0.010047361585828994 0.013207668728298611
0 0.4272115919325087 0.8477824175799336 0.011002010769314237 0.015060594346788194
0 0.4002005471123589 0.6642091256600838 0.0091910892062717 0.010522178367332175
0 0.2909497367011177 0.4845071298104745 0.00996305677625868 0.013164378978587963
0 0.48870194753011065 0.4218564633969908 0.008126958211263021 0.00975799560546875
0 0.49893733130560974 0.2349323202062536 0.00965741475423177 0.012969787032515914
0 0.42621286180284285 0.6452420835141782 0.010275692409939237 0.013312219690393519
0 0.32846967909071184 0.28936990808557583 0.010212156507703993 0.013741161205150463
0 0.3932589636908637 0.41506094755949796 0.009195370144314235 0.012381744384765626
0 0.24953863355848527 0.6104947125470197 0.009792539808485243 0.012008101851851851
0 0.4718219545152452 0.7555463720251013 0.00983441670735677 0.012207313820167825
0 0.5660177230834962 0.8504582722981772 0.00977219475640191 0.01300953052662037
0 0.38084091610378684 0.48551076253255204 0.009256108601888021 0.011429511176215278
0 0.7810561216884246 0.6333190057754972 0.007841322157118056 0.011177797670717592
0 0.5728654627312804 0.6425161143515074 0.008833694458007812 0.011246292679398149
0 0.44910761515299474 0.44927585743091725 0.009169175889756945 0.01275719536675347
0 0.6190693061667545 0.23109179589567638 0.006904877408628432 0.010017168798879714
0 0.4774927373419618 0.4173421968287456 0.007875951131184895 0.010407228823061342
0 0.32622968532258867 0.6072643678877997 0.006677436828613281 0.008800591362847223
0 0.488818105061849 0.4092548653918597 0.009083641899956597 0.01210219771773727
0 0.5297914928860135 0.508174557156033 0.009297222561306424 0.011743220576533564
0 0.6602526941612016 0.40444706140613546 0.007963943481445312 0.009466467963324652
0 0.4875012134165213 0.398905780908592 0.007983186509874132 0.01016763757776331
0 0.6815776061241493 0.49783369869566235 0.006747521294487847 0.0084141766583478
0 0.33221894972275107 0.6001072138865184 0.007463958836775717 0.009155789506444805
0 0.3331146247831642 0.6146370537554418 0.005672608715949537 0.008757711701816788
0 0.34401200468485676 0.616826481680896 0.005971167069420602 0.0075634782879326675
0 0.337145162555023 0.617423598387838 0.004179816948594421 0.0063692448740485475
0 0.3129619359238698 0.5684600284185893 0.007165400483304687 0.010350022920328996
0 0.30699076885444915 0.5837860238967688 0.004776933655536482 0.009155789506444946
0 0.6143565937528733 0.23387563362872318 0.007463958836775646 0.010748100724957013
0 0.6852642027022426 0.5069570076035574 0.005374050362478471 0.00756347828793281
0 0.7382583104433502 0.617423598387838 0.006866842129833657 0.008757711701816788
0 0.7325857017274007 0.6245889988711427 0.006866842129833514 0.010350022920329067
0 0.6931759990692248 0.6464832781256848 0.008061075543717777 0.009553867311072963
0 0.6919817656553406 0.6564352232413859 0.008061075543717777 0.010350022920328996
0 0.6910860905949276 0.6655910127478307 0.007463958836775646 0.01114617852958517
0 0.6667535847870388 0.8096951780231805 0.007762517190246569 0.011942334138841063
0 0.5843514792290349 0.7358517452646796 0.007165400483304722 0.009951945115701051
0 0.5276253920695395 0.7239094111258383 0.008359633897188771 0.015525034380493423
0 0.5836050833453573 0.7885970543778946 0.008061075543717848 0.011146178529585028
0 0.44970166181360094 0.835172157519375 0.006568283776362591 0.011942334138841063
0 0.5537492479982543 0.9151857962496106 0.009255308957601968 0.012738489748097237
0 0.36371685601394477 0.7075882211360885 0.007165400483304651 0.010748100724957084
0 0.3650603686045643 0.6978353149227017 0.007463958836775646 0.011146178529585028
0 0.7258681387743025 0.3475268468500281 0.005374050362478471 0.00875771170181693
