0 0.274964427947998 0.4785357298674407 0.008370653788248698 0.01100263242368345
0 0.538445176018609 0.5264174567328559 0.00910080803765191 0.012401269983362268
0 0.34806115892198347 0.7751169557924623 0.009340413411458333 0.012022060818142362
0 0.582285287645128 0.659914454707393 0.008539030287000869 0.010674766257957175
0 0.4101825502183702 0.7543989676016348 0.008071094089084201 0.01147918701171875
0 0.38527013990614145 0.8037901136610244 0.009290059407552084 0.012629530164930555
0 0.6694999694824219 0.5797504566333912 0.009700096978081597 0.012370469835069444
0 0.44583956400553393 0.483213636610243 0.008686913384331597 0.012558548538773149
0 0.3584755685594347 0.5293046174225984 0.00973962148030599 0.012770476164641205
0 0.47057738833957247 0.2224165951764142 0.009284422132703992 0.013356710363317419
0 0.7625993516710069 0.575777096218533 0.00956268310546875 0.012795963993778935
0 0.2886004553900825 0.6456723248517072 0.009273783365885416 0.012565895363136575
0 0.43736985524495436 0.7147811041937934 0.008234363132052952 0.010842386881510417
0 0.252008236779107 0.5398756521719473 0.009776412116156683 0.01275832564742477
0 0.45542151133219405 0.4677289609555845 0.00853928460015191 0.010976551197193287
0 0.5412616093953451 0.6692300302010996 0.007991663614908854 0.01152942798755787
0 0.35077305899726013 0.6028211522985388 0.009294997321234809 0.011065617314091437
0 0.6498368369208442 0.7554305747703269 0.008106104532877604 0.013198456940827547
0 0.5038416544596354 0.8662330344871237 0.009709676106770834 0.013712791160300926
0 0.45065462324354383 0.23679331320303457 0.008509614732530382 0.01188084637677228
0 0.3374310811360677 0.7025534453215423 0.009225209554036459 0.012434048122829862
0 0.7217477586534288 0.39860430117006657 0.01013980441623264 0.013196591977719907
0 0.6421119266086154 0.7693178530092593 0.009060160319010416 0.011793913664641205
0 0.40976585812038846 0.44739690709997104 0.008549711439344618 0.011451156051070601
0 0.418806266784668 0.5421454535590278 0.00945421854654948 0.012676436812789354
0 0.6888253529866537 0.4559003759313513 0.008347405327690972 0.01097954644097222
0 0.4763310114542643 0.8636978149414063 0.008821063571506076 0.01142035590277778
0 0.523680920071072 0.5104370399757667 0.008369191487630209 0.011407527217158564
0 0.605428738064236 0.7164852566189236 0.008473968505859375 0.011977584273726851
0 0.24576140509711372 0.3668917761908637 0.008212788899739584 0.0113347088849103
0 0.4380218929714627 0.3968080873842592 0.007978905571831597 0.012379003454137732
0 0.36417490641276046 0.3491978539360894 0.008644866943359374 0.012058823196976274
0 0.5477913750542536 0.5643939830638744 0.008578745524088542 0.010947729040075231
0 0.5025763617621528 0.3605969605622468 0.007779015435112847 0.012293017352068865
0 0.3878630744086371 0.5308577078360099 0.009599049886067709 0.011730222348813657
0 0.7196328481038412 0.254347582216616 0.008654869927300347 0.011570881031177663
0 0.6171900855170356 0.16772306936758533 0.009552680121527778 0.012321754738136575
0 0.4024450937906901 0.6200109128598813 0.008447011311848959 0.012185725459346064
0 0.7603434244791667 0.37920834576642065 0.008859422471788194 0.011116706000434028
0 0.37908270094129776 0.7810604519314236 0.008419036865234375 0.010704549153645833
0 0.3289210531446669 0.7363200434932002 0.008488273620605469 0.011570796260127313
0 0.45533245934380423 0.724977394386574 0.00871993170844184 0.011187744140625
0 0.26756834454006617 0.6254928871437355 0.010174327426486544 0.013161948875144675
0 0.31724758148193355 0.36163399307816113 0.008147769504123263 0.011378168176721644
0 0.7178277418105765 0.43899522841020333 0.0077907138400607635 0.01092529296875
0 0.7116111119588218 0.3045392354329427 0.009199311998155381 0.012498813205295138
0 0.5478126102023655 0.48726829246238423 0.008576287163628472 0.011555876555266204
0 0.40246043735080295 0.8233110781069155 0.008216688368055556 0.01114569769965278
0 0.7626345316569011 0.34694326895254635 0.008165486653645833 0.010932526765046297
0 0.48884186214870873 0.42066161544234665 0.008098390367296007 0.010343198423032407
0 0.5426721572875978 0.7659539399323642 0.007482020060221354 0.010431077745225694
0 0.22928342819213868 0.4813749807852286 0.009080399407280816 0.011654493543836806
0 0.30722365909152566 0.38069004482693136 0.00950855678982205 0.012264590793185764
0 0.2922625435723199 0.37387402852376306 0.00816086663140191 0.011309955738208912
0 0.30621538162231443 0.24469854566786026 0.009419059753417969 0.013464327211733218
0 0.5344885084364148 0.47004452458134405 0.007565731472439236 0.009636179606119791
0 0.5657421112060547 0.6570890638563368 0.008237372504340278 0.011344174985532408
0 0.4274577246771918 0.6518993236400463 0.0080657958984375 0.010131383825231481
0 0.3780218124389648 0.4866781729239005 0.008214102851019965 0.011142758969907407
0 0.7238015916612413 0.49554225780345773 0.008309258355034722 0.010794010868778936
0 0.6621626747979059 0.7058590924298322 0.008106952243381076 0.011150783962673612
0 0.532648065355089 0.4401221381293403 0.008451885647243924 0.011348752622251157
0 0.41159394582112624 0.15132042213722513 0.008312776353624133 0.010680587203414351
0 0.6702931510077582 0.4404624938964844 0.007262039184570313 0.010250515407986112
0 0.7794963412814669 0.5007737618905527 0.00898929172092014 0.01285564281322338
0 0.3997813330756293 0.6415488066496673 0.008847554524739584 0.013324144151475694
0 0.6417227427164715 0.6342612089934172 0.009149339463975694 0.012436082628038194
0 0.7305756462944879 0.3148863050672743 0.008171929253472222 0.010470072428385414
0 0.7273843977186415 0.6681894090440538 0.008061133490668403 0.010548174822771992
0 0.5792339536878798 0.4953692118326823 0.007717683580186632 0.009762629756221065
0 0.26162891988525877 0.31517283849944777 0.010057894388834636 0.015366730866608795
0 0.509882100423177 0.13727677663167318 0.01026153564453125 0.01380698592574508
0 0.4651278601752387 0.42960863466616034 0.007778845893012153 0.010119402850115741
0 0.7203796810574 0.7281821639449508 0.00830900404188368 0.011319591380931714
0 0.5034957885742187 0.34445622762044276 0.008383009168836806 0.012112200701678242
0 0.5819699817233616 0.6591400146484376 0.010172059800889756 0.013124593098958333
0 0.48870453304714623 0.7324765523274739 0.007432174682617187 0.009446490252459491
0 0.7047695371839735 0.4226711697048611 0.009127171834309895 0.012290276421440972
0 0.49770175966392755 0.7712051268807035 0.0076559702555338525 0.010867648654513888
0 0.3479302522591022 0.7319706546765655 0.009705140855577258 0.012690226236979164
0 0.7791688283284506 0.36650540387188946 0.00945222642686632 0.01291656494140625
0 0.33108109368218314 0.47717923764829284 0.008165995279947916 0.010734388563368056
0 0.6047647052341037 0.20583747581199366 0.008456039428710937 0.012180752224392362
0 0.6614553451538085 0.7581273679380064 0.008812247382269964 0.012197706434461806
0 0.7732780880398221 0.4367074613217954 0.008410390218098958 0.011591960765697337
0 0.449407704671224 0.44338347823531543 0.007811058892144097 0.010426839192708336
0 0.5227836185031467 0.40273084287290223 0.008534495035807292 0.011763961226851851
0 0.5018116845024957 0.38961865460431133 0.008604261610243056 0.012495252821180556
0 0.4610391404893664 0.17736201109709562 0.008725229899088542 0.01245268362539786
0 0.5649294323391384 0.5351273148148148 0.00855055914984809 0.011197125470196759
0 0.4897210015190972 0.5343884785970051 0.0078037685818142365 0.010472785101996528
0 0.5544422785441081 0.8269922327112268 0.009000015258789063 0.011191248010706019
0 0.5903186586168077 0.5395421063458479 0.008324389987521701 0.009937032063802084
0 0.3432511813279217 0.5790569888670072 0.00955611334906684 0.012761038321035877
0 0.5899004194471571 0.8356192694769966 0.007695855034722222 0.01036919487847222
0 0.49478897518581816 0.31081973888255926 0.009555265638563367 0.01334474351671007
0 0.30680983861287436 0.5299088937264902 0.008532990349663629 0.010806556984230324
0 0.6878754297892253 0.6149490356445313 0.008601421780056424 0.01232288501880787
0 0.4270875506930881 0.4353741115993924 0.008260811699761285 0.009954551414207176
0 0.4096403969658745 0.49660254584418406 0.009036551581488715 0.011331967954282407
0 0.6026418897840712 0.6097827204951534 0.00802671644422743 0.010416271068431713
0 0.4841487248738607 0.7104591087058738 0.009246529473198786 0.01289356372974537
0 0.5163930469089084 0.4895785296404803 0.007261869642469618 0.010047630027488425
0 0.2863397068447537 0.6929238496003329 0.009797562493218316 0.012546284993489582
0 0.28389837476942276 0.7243875291612412 0.008433956570095486 0.011529371473524307
0 0.5177750208710123 0.5390973641231824 0.007192399766710068 0.011355364764178241
0 0.538559409249644 0.24029716252678196 0.00916302998860677 0.011557204635054975
0 0.5597097820705838 0.5198507238317419 0.007323667738172743 0.010684656213831018
0 0.5193379508124457 0.36723002681025746 0.008796140882703992 0.01051364474826389
0 0.6711318122016059 0.309991455078125 0.008707682291666666 0.012026186342592593
0 0.6647046195136177 0.41857051142939816 0.010017946031358506 0.012493952998408563
0 0.7502148946126301 0.5119690789116753 0.008782280815972222 0.011410692003038195
0 0.6738445493910048 0.4781911072907624 0.008303875393337674 0.010814327663845486
0 0.4210707558525933 0.6998599299678097 0.007858827379014758 0.011007746943721065
0 0.4588157653808594 0.6945150022153501 0.0077449374728732635 0.010532916033709492
0 0.631081305609809 0.32191673561378764 0.008465491400824653 0.010721842447916664
0 0.25415902667575413 0.44709177370424624 0.00785223642985026 0.010747358534071182
0 0.5416145536634658 0.8634183530454282 0.008216561211480036 0.010667249891493057
0 0.5763061311509875 0.8423632869014034 0.006818262736002604 0.010144438566984954
0 0.3826840920716308 0.4554947617071846 0.007346407572428384 0.010940919099030671
0 0.43029628329806857 0.6327526516384548 0.008384280734592013 0.011073359736689815
0 0.7058920330471462 0.7455981784396701 0.00805464850531684 0.01163680465133102
0 0.2583653825285191 0.4997489347539165 0.007586367761698902 0.011078505302798405
0 0.3199594636413597 0.4918013113845177 0.007947623369398756 0.008670134584798745
0 0.3885980291043492 0.554900624196108 0.010837668230998432 0.013486876020797922
0 0.2946715711023636 0.587654465960903 0.012282690661798022 0.010596831159198317
0 0.34091228888795655 0.5679058260733059 0.007947623369398756 0.011560179446398137
0 0.3356740825763073 0.5710367080067056 0.007586367761698795 0.010115157015598371
0 0.3696321097001021 0.6042722239151004 0.008308878977098715 0.011078505302798334
0 0.389681795927449 0.6052355722023003 0.01083766823099829 0.01589524673879758
0 0.3797472667157005 0.5835602357403036 0.010476412623298402 0.012041853589998154
0 0.46446170672133746 0.5604398768475072 0.010115157015598371 0.013968550164397868
0 0.5457442184538251 0.5989738083355013 0.007225112153998836 0.010115157015598371
0 0.5271395546572779 0.5438221188933097 0.008308878977098786 0.010596831159198388
0 0.5031160567452316 0.48072280608171936 0.008670134584798674 0.010596831159198388
0 0.4754800027561859 0.47975945779451956 0.006863856546298948 0.01156017944639828
0 0.4830663705178847 0.4621783515531223 0.009031390192498634 0.012041853589998154
0 0.47277058569843633 0.44941398674772415 0.010837668230998432 0.013486876020797994
0 0.4530821550787893 0.4142517742649296 0.006141345330899028 0.01156017944639828
0 0.4557915721365389 0.40726749918273064 0.007947623369398827 0.010115157015598442
0 0.481440720283235 0.3942622973055326 0.007225112153999049 0.011078505302798263
0 0.3604200917037535 0.39161308951573304 0.009392645800198593 0.010596831159198388
0 0.3542787463728544 0.39281727487473284 0.00578008972319914 0.011078505302798334
0 0.37631533844255105 0.4549532393991234 0.0065026009385990595 0.00915180872839862
0 0.3981713027083977 0.45832495840432286 0.009753901407898552 0.00915180872839862
0 0.40756394850859634 0.48915210359471817 0.009753901407898481 0.012041853589998154
0 0.4016032309815472 0.5219059453595131 0.010115157015598513 0.013005201877197977
0 0.3609619751153034 0.37066026426913623 0.008308878977098715 0.013005201877197906
0 0.351027445903555 0.35717338824833833 0.01083766823099829 0.011078505302798334
0 0.3418154279072063 0.3576550623919383 0.01119892383869825 0.010115157015598442
0 0.33585471038015724 0.3783670505667351 0.008670134584798603 0.016858595025997403
0 0.402686997804647 0.36030427018173783 0.009392645800198593 0.011560179446398209
0 0.4391738141823414 0.3499482760943394 0.007947623369398827 0.010115157015598513
0 0.5117861913300302 0.3627126408997375 0.008670134584798674 0.014450224307997814
0 0.5372547116728764 0.3865555110079337 0.006863856546299019 0.014931898451597689
0 0.5867467299277689 0.3501891131661394 0.010476412623298473 0.010596831159198388
0 0.5838566850661693 0.3000950022317471 0.007586367761698725 0.013486876020797957
0 0.5681420661312216 0.30322588416514656 0.007947623369398756 0.010115157015598442
0 0.5025741733336817 0.2406082454971562 0.00686385654629909 0.009151808728398585
0 0.48234385930248486 0.24590666107675538 0.007586367761698795 0.010115157015598477
0 0.467713007190637 0.25843018881035346 0.007225112153998836 0.00915180872839862
0 0.47078367985608666 0.26734116046695205 0.008308878977098786 0.00867013458479864
0 0.4451345317093905 0.25361344737435415 0.01047641262329833 0.013005201877197977
0 0.35500125758825435 0.22447216168655865 0.008670134584798745 0.007706786297598817
0 0.3537368629613046 0.2085769149477611 0.009753901407898481 0.008670134584798674
0 0.34109291669180647 0.2131528193119604 0.009031390192498634 0.010115157015598406
0 0.34127354449565644 0.2728804131183512 0.007947623369398756 0.011078505302798263
0 0.2939490598869636 0.3258645689143431 0.007225112153998836 0.013005201877198082
0 0.2952134545139135 0.3171944343295444 0.006863856546298948 0.010115157015598442
0 0.30460610031411206 0.3109326704627454 0.010476412623298402 0.010115157015598442
0 0.34958242347275514 0.28516310378014936 0.008670134584798745 0.010596831159198388
0 0.5903592860047684 0.261320233671953 0.008308878977098786 0.012041853589998154
0 0.5959587479241174 0.25794851466675356 0.008670134584798603 0.013968550164397903
0 0.7220369550113983 0.23916322306635643 0.008670134584798603 0.011078505302798334
0 0.7359452959078461 0.2540951215179541 0.009031390192498634 0.01204185358999819
0 0.735403412496296 0.2928698900777482 0.012282690661798198 0.009633482871998531
0 0.782186013693439 0.4026915948185314 0.008308878977098715 0.01156017944639828
0 0.6804925601259044 0.38944555586953344 0.005057578507799292 0.00818846044119887
0 0.684105116202904 0.3930581119465329 0.008670134584798603 0.009633482871998566
0 0.6304586584594621 0.3656026857613371 0.01119892383869825 0.011560179446398209
0 0.657733456840808 0.44483808238352496 0.010115157015598442 0.012041853589998154
0 0.6582753402523579 0.47735108707652 0.009753901407898552 0.0125235277335981
0 0.6533983895484087 0.4884295923793182 0.009392645800198522 0.01156017944639828
0 0.7133668204265995 0.46386421105572195 0.009392645800198522 0.011560179446398209
0 0.7124636814073497 0.5014347942565162 0.008308878977098715 0.013486876020797851
0 0.703793546822551 0.5004714459693165 0.008308878977098857 0.01156017944639828
0 0.7144505872496992 0.5168483668517139 0.008670134584798888 0.0125235277335981
0 0.5614588373887728 0.5349111472367112 0.006141345330899028 0.00915180872839862
0 0.6154665507399145 0.5459896525395095 0.009392645800198522 0.00915180872839862
0 0.6147440395245146 0.5570681578423077 0.007947623369398684 0.012041853589998154
0 0.6302780306556123 0.5589948544167075 0.007947623369398684 0.009151808728398478
0 0.6629716631524571 0.529131057513512 0.006863856546299019 0.010115157015598513
0 0.703793546822551 0.5633299217091068 0.01047641262329833 0.012041853589998226
0 0.6942202732185023 0.5823560503813039 0.00939264580019838 0.014450224307997814
0 0.6201628736400138 0.5965654376175017 0.009392645800198522 0.012041853589998226
0 0.5753671782852205 0.5457488154677094 0.008670134584798674 0.0125235277335981
0 0.5600138149579731 0.5693508485041058 0.008308878977098715 0.010596831159198388
0 0.5508017969616243 0.6240208638026974 0.008670134584798674 0.012041853589998154
0 0.5312939941458275 0.6690573962292905 0.007225112153998907 0.01156017944639828
0 0.5264170434418781 0.6736333005934898 0.0068638565462988054 0.009151808728398691
0 0.5318358775573773 0.6965128224144863 0.009031390192498491 0.014450224307997956
0 0.4660873569559874 0.679654227388489 0.010476412623298402 0.012523527733598171
0 0.6579140846446581 0.6502721046288934 0.009753901407898552 0.01156017944639828
0 0.6700161475026062 0.6546071719212927 0.007225112153998765 0.009633482871998495
0 0.6286523804209624 0.7220415520252824 0.01119892383869825 0.009633482871998637
0 0.6537596451561086 0.7201148554508827 0.008670134584798603 0.01156017944639828
0 0.586566102123919 0.7336017314716807 0.008670134584798745 0.012523527733598029
0 0.5265976712457281 0.7600938093696766 0.010115157015598442 0.010596831159198246
0 0.527681438068828 0.7796016121854737 0.01083766823099829 0.012041853589998226
0 0.5125087025454302 0.7634655283748762 0.009392645800198522 0.01156017944639828
0 0.5946943532971676 0.823433959253067 0.009031390192498705 0.012041853589998083
0 0.4852339041640843 0.810910431519469 0.009753901407898481 0.010115157015598585
0 0.42616861230514347 0.7706906405288751 0.010115157015598513 0.012523527733598029
0 0.4395350697900415 0.7959785330678711 0.010115157015598513 0.013005201877197977
0 0.32266888069910926 0.7716539888160747 0.009031390192498599 0.012523527733598171
0 0.3273652035992086 0.7709314776006749 0.007586367761698866 0.013968550164397868
0 0.4346581190860922 0.639675273469695 0.0075863677616989375 0.012523527733598029
0 0.4099121099586459 0.685675154183488 0.009392645800198593 0.013968550164397868
