0 0.4002305348714193 0.6026089421025028 0.011609225802951388 0.015505020706741899
0 0.5393389807807074 0.4706501572220414 0.010406494140625 0.01416108873155382
0 0.29878706402248806 0.3736702247902199 0.011683294508192275 0.015314964011863426
0 0.3179735819498698 0.28502033374927666 0.0106453365749783 0.014670195402922455
0 0.2576713138156467 0.45359225802951386 0.009815173678927952 0.013810899522569444
0 0.7336034138997395 0.3680615601716219 0.009746466742621527 0.013652292887369792
0 0.34590331183539497 0.6039819222909433 0.008332994249131944 0.011074490017361112
0 0.5884921179877387 0.8533878750271268 0.00984895494249132 0.014279570402922454
0 0.5140790091620552 0.8744236981427228 0.01106215582953559 0.015132593225549768
0 0.7354038238525391 0.7888008117675781 0.010465579562717013 0.013884763364438658
0 0.4529948552449545 0.4840797989456742 0.010207833184136286 0.014080867060908563
0 0.3657054689195421 0.8732604415328414 0.01044324239095052 0.014698169849537037
0 0.2741297086079916 0.40586742824978295 0.009732288784450954 0.012431109393084491
0 0.24580503039889867 0.4059714564570674 0.00963492923312717 0.01276163171838831
0 0.7302416483561197 0.7066168891059027 0.01023017035590278 0.01433421947337963
0 0.7647911071777344 0.5904563338668257 0.010424465603298612 0.013782472963686343
0 0.5024982240464952 0.6459374886971934 0.00944930182562934 0.012096489800347223
0 0.4198215272691515 0.8357309977213542 0.009914186265733507 0.013246324327256944
0 0.6958956824408637 0.3531954164858218 0.01085662841796875 0.015339208532262732
0 0.2925947189331055 0.5577376471625434 0.009347830878363715 0.012093833640769675
0 0.36674185858832464 0.6113824915002893 0.01098175048828125 0.01387012622974537
0 0.5657665464613173 0.7923653214066116 0.010093137953016494 0.01403961181640625
0 0.5836266199747722 0.9169978106463396 0.011544418334960938 0.015203800907841436
0 0.28102836608886717 0.5449097244827835 0.01019910176595052 0.013313576027199075
0 0.4623913464500818 0.4752786851680087 0.010144127739800345 0.0137786865234375
0 0.28379813300238715 0.5846774913646556 0.010079913669162326 0.01256549976490162
0 0.5948717965020074 0.6410003662109375 0.008386357625325521 0.011303371853298612
0 0.6651294496324327 0.6338938960322626 0.009720399644639758 0.012723004376446759
0 0.6976736916436088 0.2506918306703921 0.008940505981445312 0.011653956660517939
0 0.6581830342610678 0.4372992621527778 0.009233262803819444 0.012272022388599537
0 0.6747052086724175 0.3058349609375 0.009173923068576388 0.012243369773582176
0 0.6858260302814005 0.3007629373530925 0.006961101955837673 0.00894433480721933
0 0.2699872344556845 0.5308485825453946 0.004688106376817842 0.007895758108324814
0 0.3454904213665397 0.5357834313630976 0.006662045903898957 0.007895758108324671
0 0.3747294006114296 0.4640636285458146 0.007402273226554357 0.006579798423603975
0 0.3466007623505229 0.4211304438317989 0.005428333699473242 0.007566768187144532
0 0.34882144431848916 0.41537312021114553 0.006908788344784042 0.007895758108324743
0 0.4800884228693878 0.29594977882273404 0.005921818581243485 0.007895758108324706
0 0.4813221350738135 0.28690255599027864 0.006415303463013871 0.0069087883447841135
0 0.5486828214354589 0.33855397361556955 0.007895758108324885 0.012830606926027742
0 0.7534790473701314 0.3612542781770031 0.005428333699473455 0.006908788344784185
0 0.7516284790634927 0.36454417738880507 0.006168561022128784 0.006250808502423766
0 0.7559464717789828 0.3536875099898586 0.0064153034630138 0.007566768187144461
0 0.5659613294748005 0.47370163361625456 0.005133024719457495 0.008143532888253376
0 0.5617379547056264 0.4755642501811211 0.0055228746981504885 0.008056899559654909
0 0.5640059946729185 0.4654867928352317 0.007705521276359411 0.009639829086474089
0 0.5759447961566599 0.46967250809646394 0.004946754399637996 0.00735671167125659
0 0.5849345709790792 0.47423874292689916 0.004471104938134403 0.007103031958454622
0 0.59026184494792 0.4752534617781069 0.005232144076540237 0.00761039138405863
0 0.5975392817089261 0.47626818062931475 0.005517533753442478 0.007356711671256519
0 0.5877409028019507 0.4623792163534079 0.006849352245652795 0.009512989230073146
0 0.5917363582785814 0.4611108177893982 0.00456623483043515 0.006976192102053674
0 0.5814623299101024 0.4560372235333591 0.0051370141842394905 0.006976192102053674
0 0.5790840826025841 0.4595887395125864 0.004756494615036573 0.006976192102053674
0 0.5771814847565695 0.4540077858309435 0.004756494615036715 0.0062151529636478384
0 0.5735189839029914 0.46028635872279183 0.0056126636457430835 0.006595672532850685
0 0.5806061608793958 0.482419913664762 0.0076103913840585595 0.009512989230073217
0 0.6365871389929453 0.4606029987506953 0.004395001024293847 0.007673811312258963
0 0.6409298185764736 0.46723038124764643 0.0047089296688862 0.0069761921020536025
0 0.6351221386515139 0.4667420478005026 0.005650715602663539 0.006836668260012573
0 0.6373719606044262 0.45069680596577927 0.005336786958071045 0.007394763628176832
0 0.6418192830694855 0.4535570447276212 0.004604286787355392 0.007255239786135803
0 0.6505046422365421 0.4581613315149767 0.005232144076540095 0.0064180967338894135
0 0.647993213079803 0.4754622879280697 0.005232144076540237 0.006697144417971472
0 0.6426041046809665 0.4829268134772671 0.004081072379701425 0.006836668260012502
0 0.6396741039981039 0.4827175277142055 0.005127501195009429 0.006976192102053744
0 0.6657301814992743 0.4643701424858044 0.005336786958070974 0.005720477523683911
0 0.6629048236979426 0.46116109411885975 0.00429035814276304 0.006557620575930372
0 0.6598178586927839 0.4633934755915169 0.004813572550417007 0.006557620575930443
0 0.6590428368871583 0.48284630822040936 0.0047494369283266735 0.005311198285440782
0 0.6528720517205561 0.4653400581482798 0.007850308972440984 0.007259425501397061
0 0.6210241628797323 0.6869738272781164 0.005951040672656871 0.00911648783896351
0 0.6433089109305326 0.6701758543155814 0.005444569126047866 0.009285311687833513
0 0.6387506670110509 0.6627476049653146 0.005951040672656873 0.007259425501396919
0 0.6122242197573994 0.6694161469956675 0.00658413010591822 0.008103544745745523
0 0.6172889352234904 0.6649423150006206 0.006584130105918291 0.00996060708331214
0 0.6229867401228426 0.6641826076807069 0.007090601652527226 0.007428249350266754
0 0.6208975449930801 0.6467093393226933 0.007470455312484105 0.008272368594615357
0 0.6267852767224109 0.6449366889095614 0.006837365879222759 0.009116487838963678
0 0.637960919597529 0.6428891932704696 0.008712918648836948 0.009392649890944824
0 0.709067117390099 0.8010867405355334 0.005064715466090917 0.008441192443484909
0 0.7053836879602146 0.7992450258205912 0.0048345011267232965 0.008748144895975543
0 0.6958873464612941 0.8001658831780623 0.007021537350716898 0.010589859610917643
0 0.7026211158878013 0.7845880462141764 0.007366858859768684 0.011357240742143376
0 0.6957378625353842 0.7889442310079953 0.006235551063964522 0.010561113513741702
0 0.6326901366309918 0.8928231941006379 0.010313834028999196 0.013389889792033927
0 0.29618165910432526 0.755688007693297 0.008579627999558071 0.012052334570807802
0 0.45989167154011357 0.5892151964128685 0.005188903216403631 0.006341992820048646
0 0.4592430586380631 0.5815471505486277 0.0063131655799576695 0.00761039138405863
0 0.46728585862348865 0.5855253096812036 0.005794275258317256 0.008186936185881209
