0 0.5021271599663628 0.6948121812608506 0.00889833238389757 0.011722932038483796
0 0.4283249961005317 0.35544662475585936 0.009063763088650173 0.011667152687355324
0 0.6871561686197916 0.6511750115288628 0.009763929578993056 0.013524203830295138
0 0.2995267656114366 0.7774776600025319 0.009098985460069445 0.011883601435908563
0 0.6644461313883464 0.7494979293258102 0.008591122097439237 0.011918018482349538
0 0.33163460625542535 0.7381534435130931 0.007917404174804688 0.009780601218894677
0 0.6619578255547417 0.7280678643120659 0.008136622111002604 0.010245994285300925
0 0.3121151606241862 0.3167875643129702 0.008910285101996528 0.013072063304759837
0 0.4096778445773655 0.44060807404694735 0.0072265625 0.010719016746238425
0 0.42957240210639097 0.33801458853262445 0.00840560065375434 0.011547342936197918
0 0.2669118775261773 0.6405619868525753 0.008780648973253037 0.010699801974826388
0 0.7762544420030382 0.5426148591218172 0.009349399142795138 0.012300279405381944
0 0.3684541278415256 0.502005739565249 0.0078059302435980905 0.01125420464409722
0 0.6604369481404622 0.7130780255353009 0.008988571166992188 0.011628327546296295
0 0.3668781280517578 0.2966723830611617 0.009497324625651041 0.012273180926287618
0 0.503732494632936 0.5105776771003742 0.007948345608181424 0.010243733723958336
0 0.5396714104546441 0.7730203134042245 0.007667117648654515 0.011294894748263888
0 0.4743817859225803 0.7423836884675202 0.008019214206271701 0.01190100775824653
0 0.47932652367485895 0.3333505701135706 0.008419164021809896 0.01058762161820023
0 0.4616857740614149 0.41895212244104457 0.008398691813151041 0.01016082763671875
0 0.35824096467759875 0.6766930191605179 0.007076115078396268 0.009170701768663194
0 0.37064325544569227 0.6428275214301216 0.009867477416992187 0.012236192491319443
0 0.435146607293023 0.6140204535590277 0.007692676120334202 0.010123923972800925
0 0.7522193060980902 0.6092257746943721 0.009112040201822916 0.012350633409288193
0 0.6521209292941623 0.3479564242892795 0.008511013454861112 0.011563788519965278
0 0.5669527901543511 0.5792055200647425 0.008249198065863715 0.011456355342158563
0 0.6187668906317817 0.6761705186631944 0.008950424194335938 0.01142566822193287
0 0.44889744652642144 0.8364197342484085 0.007497448391384548 0.009660508897569444
0 0.3503529747637611 0.6698693288504957 0.007622337341308594 0.010453965928819444
0 0.4394689983791775 0.320936358416522 0.007245678371853298 0.009877974898726851
0 0.5136013031005859 0.4120849609375 0.007781982421875 0.010928853352864582
0 0.2625702963935005 0.5754531012641059 0.008244535658094618 0.012060264304832176
0 0.6218785603841147 0.8019942107024016 0.008610026041666666 0.012300844545717593
0 0.45324113899694085 0.6550513903181704 0.007213465372721353 0.010770048918547454
0 0.2507812605963813 0.6329282407407408 0.009158092074924046 0.011878458658854167
0 0.5331747690836588 0.36118493256745515 0.008523983425564235 0.011892897994429975
0 0.39345079222047125 0.33801032908571316 0.007550684611002604 0.010343848334418402
0 0.39108378047008785 0.3440675281436636 0.008384153578016492 0.010952843560112845
0 0.35336149106105247 0.7803316142439601 0.009579764472113715 0.013787502712673611
0 0.4955069279614178 0.1920932162609739 0.010354783799913194 0.014147624263057
0 0.2346808221605089 0.5596586439344619 0.007240570916069878 0.01045475712528935
0 0.6405647913614909 0.38009113735622824 0.009010865953233508 0.010984717475043402
0 0.48946168687608504 0.42031114366319444 0.009965260823567709 0.012656713415075231
0 0.40419949425591356 0.7822154292353877 0.008755789862738715 0.012656882957175925
0 0.49637065463595925 0.6617109228063512 0.008044094509548612 0.011691227665653937
0 0.42701379987928606 0.7491832309299046 0.008263778686523438 0.010818877043547453
0 0.31380926117001595 0.5658456217088605 0.006646389431423611 0.0091094970703125
0 0.39235865275065107 0.8270137928150318 0.00760498046875 0.010140482584635417
0 0.6123941633436414 0.3712486408374928 0.008794403076171875 0.010208553738064237
0 0.5687136120266384 0.3916813179298683 0.007230673895941841 0.009531289559823495
0 0.7278691185845269 0.3824802681251808 0.007673899332682293 0.010387646710431136
0 0.5349683973524305 0.801056049488209 0.00739288330078125 0.00856792308666088
0 0.574183972676595 0.88683511239511 0.010041088528103299 0.012721308955439815
0 0.35047664642333987 0.5109428688331886 0.009226904975043403 0.012024603949652778
0 0.33094843477045927 0.6091825015148863 0.007913700586724488 0.008716539776682169
0 0.3343891741559916 0.5940432482185437 0.006537404832511627 0.00963407027949053
0 0.2903477100211769 0.6447368084987211 0.008601848463830955 0.011010366033703818
0 0.39322581764859565 0.6601054444207658 0.007913700586724488 0.01330419229072504
0 0.406644701252172 0.637396564476252 0.0072255527096180576 0.013762957542129613
0 0.5752409311432596 0.6419842169902951 0.0065374048325115555 0.010092835530895102
0 0.5716281547884505 0.6263861984425482 0.007569626648171308 0.01192789653651225
0 0.5752409311432596 0.6256980505654418 0.005849256955405196 0.008716539776682169
0 0.57369259841977 0.618816571794377 0.006193330893958376 0.0077990092738733805
0 0.5788537074980686 0.6201928675485899 0.00825777452527781 0.012386661787916538
0 0.48354522651882115 0.5690405420170083 0.006881478771064735 0.012845427039320966
0 0.4905987422591626 0.5669760983856889 0.006537404832511627 0.011469131285108035
0 0.5093507719103142 0.5958783092241611 0.0096340702794906 0.008716539776682098
0 0.40802099700638494 0.6057417621293539 0.009289996340937563 0.011927896536512392
0 0.41645080850093935 0.5912906567101177 0.007569626648171308 0.009634070279490672
0 0.38514008009259454 0.6153758324088446 0.006193330893958376 0.011010366033703605
0 0.380839155860679 0.6059711447550561 0.007225552709618128 0.009634070279490672
0 0.2867349336663678 0.6367084165991455 0.01101036603370371 0.011469131285108104
0 0.34539954018969526 0.5206408079938525 0.00860184846383099 0.011469131285107964
0 0.5100389197874207 0.5094010593344467 0.006881478771064878 0.010092835530895102
0 0.5263824318686996 0.5032077284404884 0.00791370058672463 0.010551600782299317
0 0.5337800215475943 0.4999963716806581 0.0068814787710648065 0.0096340702794906
0 0.5385970566873395 0.5080247635802337 0.009634070279490672 0.009175305028086384
0 0.5542524208915119 0.46857095195946225 0.006537404832511627 0.008257774525277739
0 0.542037796072872 0.45641367279724776 0.0075696266481712375 0.010551600782299388
0 0.5463387203047874 0.465359595199632 0.006537404832511698 0.008257774525277668
0 0.5699077850956843 0.44310948050652244 0.0068814787710648065 0.008716539776682027
0 0.5705959329727908 0.43622800173545767 0.0055051830168518735 0.008716539776682098
0 0.5809181511293882 0.44746775039486353 0.006881478771064878 0.00825777452527781
0 0.5124474373572933 0.46077194268558874 0.0068814787710648065 0.01009283553089503
0 0.396666557034128 0.45824873380286507 0.005849256955405053 0.008716539776682098
0 0.41627877153166276 0.4165010959250718 0.0072255527096180576 0.008716539776682098
0 0.4183432151629822 0.4261351662045626 0.0072255527096180576 0.007799009273873452
0 0.29189604274466646 0.45710182067435423 0.007569626648171308 0.010092835530895102
0 0.4613524574821372 0.3970035727403883 0.00860184846383099 0.011927896536512321
0 0.4709865277616279 0.3772766669300026 0.005849256955404982 0.014680488044938258
0 0.5043616998012922 0.35319149123127574 0.012042587849363358 0.011469131285107964
0 0.5133076222036763 0.33713470743212454 0.00860184846383106 0.011469131285107964
0 0.5225976185446138 0.38851641558940836 0.009978144218043994 0.010551600782299317
0 0.5905522214088788 0.31442582748761067 0.0061933308939583044 0.01192789653651225
0 0.4013115552045967 0.3396579163148483 0.007569626648171308 0.010092835530895102
0 0.324238992968671 0.27359572011262623 0.008257774525277739 0.011927896536512321
0 0.607239807428711 0.2593739973190923 0.00860184846383106 0.015598018547746903
0 0.6048312898588383 0.19789945363091335 0.010666292095150425 0.011927896536512286
0 0.6318410940352677 0.2196908030726186 0.007569626648171308 0.009634070279490743
0 0.6586788612424204 0.2304717864806201 0.006881478771064735 0.009175305028086384
0 0.6406149794683752 0.24102338726291947 0.009978144218043994 0.013762957542129613
0 0.6820758890640404 0.3697070402818312 0.009634070279490814 0.011469131285107964
0 0.7216443919976632 0.3428692730746785 0.0075696266481712375 0.00825777452527781
0 0.7252571683524722 0.33896976843774185 0.00928999634093742 0.011469131285108035
0 0.47769596956341603 0.3605317352537449 0.00825777452527781 0.010551600782299388
0 0.7591484512999663 0.399526781623112 0.011010366033703747 0.019726905810385772
0 0.7414286434644746 0.428199609835882 0.009978144218044065 0.01009283553089496
0 0.6714095969688901 0.4472383677691613 0.009634070279490743 0.009634070279490672
0 0.6134331383226691 0.4814163789987832 0.005849256955405053 0.008257774525277739
0 0.6216909128479469 0.49907884117784945 0.00791370058672463 0.009634070279490814
0 0.6309809091888843 0.4431094805065225 0.0072255527096179864 0.013304192290725325
0 0.7758360373197984 0.45320231603741745 0.0072255527096180576 0.009634070279490672
0 0.7655138191632014 0.47889317011605953 0.007913700586724559 0.011469131285107964
0 0.7391921628638783 0.4442563936350332 0.0075696266481712375 0.010092835530895102
0 0.735751423478346 0.45962502955707796 0.006881478771064735 0.009634070279490743
0 0.7262893901681318 0.4795813179931659 0.0065374048325115555 0.011010366033703676
0 0.6848284805724666 0.46077194268558885 0.006881478771064593 0.010092835530895102
0 0.6836242217875301 0.4499909592775873 0.005161109078298409 0.009634070279490672
0 0.6084440662136472 0.5619296806202414 0.012386661787916609 0.011469131285107964
0 0.6068957334901577 0.5472491925753031 0.007913700586724488 0.01422172279353397
0 0.6309809091888845 0.5603240022403262 0.009978144218043923 0.009175305028086243
0 0.6932582920670208 0.5786746122964991 0.011354439972256927 0.01192789653651225
0 0.6867208872345094 0.590143743581607 0.009289996340937563 0.010092835530895102
0 0.7584603034228599 0.565829185257178 0.008257774525277881 0.013762957542129755
0 0.612228879537733 0.6238629895598244 0.011010366033703676 0.009634070279490814
0 0.6502490497478658 0.6057417621293538 0.010666292095150283 0.011010366033703747
0 0.739880310740985 0.6812086459853642 0.013074809665023253 0.014221722793534041
0 0.6903336635893179 0.7096520915724313 0.011010366033702994 0.010551600782299301
0 0.7314504992464306 0.7227269012374555 0.007913700586724417 0.011010366033703605
0 0.7281817968301748 0.7128634483322626 0.007569626648171095 0.011469131285107893
0 0.4847494853037575 0.6695101320745543 0.00928999634093742 0.011927896536512321
0 0.5127915112958464 0.6091825015148862 0.0068814787710648065 0.010551600782299388
0 0.629432576465395 0.6137701540289293 0.0068814787710648065 0.009634070279490743
0 0.6335614637280338 0.7344254151482655 0.009634070279490814 0.011469131285108035
0 0.6411310903762051 0.732131588891244 0.007569626648171308 0.0142217227935339
0 0.6168738777082017 0.7433713375506499 0.0072255527096179864 0.011010366033703747
0 0.7102899520254062 0.6623992706777874 0.008257774525277739 0.010551600782299317
0 0.7226766138133229 0.644736808498721 0.007569626648171095 0.01009283553089503
0 0.7651697452246481 0.628909407325272 0.005849256955405053 0.011469131285108104
0 0.7147629132265985 0.6481775478842533 0.006881478771064878 0.013304192290725183
0 0.7126984695952789 0.7702091047578026 0.006193330893958376 0.010551600782299459
0 0.7047847690085546 0.8124155078869998 0.008945922402384099 0.010551600782299459
0 0.5208772488518477 0.7481883726903951 0.0072255527096179864 0.010551600782299459
0 0.5176085464355918 0.7424538070478411 0.0068814787710648065 0.009175305028086313
0 0.5146839179578894 0.7456651638076714 0.0051611090782986225 0.009175305028086313
0 0.47270689745439404 0.7601162692269073 0.0065374048325115555 0.009634070279490743
0 0.4708144907923512 0.8144799515183192 0.0075696266481712375 0.018350610056172768
0 0.4794163392561822 0.8094335337528719 0.0061933308939583044 0.011010366033703747
0 0.5471989051511705 0.7963587240878488 0.0055051830168518735 0.010551600782299317
0 0.5339520585168708 0.8293898221889597 0.009978144218043994 0.010551600782299459
0 0.6619475636586762 0.8376475967142375 0.007225552709618199 0.008716539776682027
0 0.6380344249292258 0.8468229017423238 0.007569626648171308 0.011469131285108035
0 0.4438046866159219 0.9043979407935662 0.007913700586724488 0.012845427039320895
0 0.46909412109958504 0.8940757226369689 0.006881478771064878 0.0096340702794906
0 0.33559343294092786 0.7991113155962748 0.0068814787710648065 0.009634070279490885
0 0.3359375068794811 0.8075984727472543 0.0075696266481712375 0.009175305028086455
0 0.3316365826475656 0.8043871159874243 0.0065374048325115555 0.007340244022469165
0 0.41679488243949253 0.7016236996728565 0.006881478771064735 0.011927896536512463
0 0.42281617636417423 0.7043762911812825 0.009289996340937563 0.011927896536512463
0 0.2827780833730056 0.7481883726903953 0.01273073572646986 0.012386661787916609
0 0.3149489966277335 0.684878767996599 0.011010366033703747 0.013304192290725325
0 0.41025747760698095 0.64886569576136 0.0061933308939583044 0.012845427039321037
