0 0.6193621317545572 0.3704420019079137 0.010812547471788194 0.0150045324254919
0 0.6884301291571724 0.5226707175925925 0.011843660142686632 0.017242544668692128
0 0.4771406597561307 0.3088958175094039 0.010420608520507812 0.014564231589988425
0 0.5142966164482965 0.810824132848669 0.009247377183702258 0.012724925853587962
0 0.5880929099188911 0.24931536074037908 0.009927664862738715 0.014007285789207175
0 0.664580069647895 0.9412053991247106 0.009210798475477431 0.011726322880497686
0 0.5385082880655925 0.8671060915346499 0.009506861368815104 0.012620318377459493
0 0.4320011774698893 0.49751394766348384 0.010329479641384549 0.012333057544849537
0 0.8275524139404297 0.718044196234809 0.007875484890407985 0.01024169921875
0 0.8039129469129775 0.42610270182291665 0.010640123155381945 0.014525067364728007
0 0.7985485076904297 0.806915424488209 0.010112931993272569 0.013141377766927082
0 0.4935605790879991 0.49730408279984084 0.009175618489583334 0.011569383409288194
0 0.5965435240003798 0.8558354978208189 0.00910936991373698 0.012287450719762732
0 0.8117596520317925 0.3586874926531757 0.007082366943359375 0.010004198992693865
0 0.5762636820475261 0.8014009828920718 0.008488888210720486 0.011577125831886574
0 0.4115719565541759 0.5563239377821876 0.008768533023191196 0.01141948486741171
0 0.49038679407658037 0.6287832881908839 0.009380291141088293 0.012235162357941221
0 0.5744015756011099 0.6158683945908348 0.007748936160029345 0.008700559898980274
0 0.7711837701913311 0.8571729855391195 0.006117581178970539 0.007884882408450977
0 0.7704700523871179 0.8454816081748646 0.005913661806338411 0.009516237389509711
0 0.8230812505262649 0.6932218099427075 0.0059136618063382685 0.008972452395823467
0 0.7957600664812681 0.5921479921645857 0.005444569126047725 0.008103544745745523
0 0.801711107153925 0.5934985829555433 0.006710747992570419 0.009791783234442662
0 0.8070923673366467 0.6032059542655509 0.005571187012700136 0.007934720896875974
0 0.8097513429563443 0.6096212605225995 0.006077658559309072 0.007934720896875832
0 0.7767616109739746 0.5269913815480717 0.006117581178970824 0.007612989911607855
0 0.7282288002874745 0.5237286715859539 0.006525419924235223 0.007612989911607855
0 0.7979692257277395 0.3527082910716203 0.007748936160029416 0.012507054854784271
0 0.7396482851548863 0.24626237855753177 0.007341097414764875 0.010060022383196098
0 0.5081997972171651 0.3448234086631693 0.005301903688441172 0.009244344892666661
0 0.618316258438636 0.5388187051607481 0.009788129886352906 0.009516237389509925
0 0.5764635181926842 0.5794403227991123 0.004993946008050756 0.0070165836385512395
0 0.5788530945083642 0.5757172376031461 0.004832850975532778 0.007446170391932085
0 0.5525140566917105 0.5622926515599995 0.006282706268192442 0.0072313770152415205
0 0.722086225601897 0.6416513696812653 0.010935181119969144 0.010436383384672397
0 0.726230083710517 0.6254596278123988 0.008402823386923615 0.01028290715842708
0 0.7228344222048423 0.5276185335810963 0.006446001502297349 0.010743335837162676
0 0.6306598058215808 0.45934734545549327 0.005571187012699994 0.008542486752806723
