0 0.2951446745130751 0.6780400876645689 0.008983612060546875 0.01093902587890625
0 0.48460381825764975 0.6515435960557725 0.008242840237087674 0.010949198404947917
0 0.3567622926500109 0.5627233152036315 0.00919481913248698 0.012780253092447917
0 0.4481253306070963 0.7867685671205875 0.00887485080295139 0.011603065773292825
0 0.580483733283149 0.3679475996229383 0.007819408840603299 0.011396535237630208
0 0.25219333436754016 0.579555172390408 0.008724742465549044 0.011022101508246528
0 0.26167650222778316 0.6304894341362847 0.0084117677476671 0.011404984085648148
0 0.5151128980848525 0.5802554942943432 0.00854305691189236 0.011468110261140045
0 0.3365210956997342 0.383226634837963 0.008996815151638455 0.012722552264178242
0 0.46846656799316405 0.20629013202808522 0.008487531873914931 0.010574015864619502
0 0.43203044467502166 0.4942590219003183 0.007508765326605903 0.010179307725694444
0 0.42263876597086586 0.14443411650481047 0.00836745368109809 0.011484499330873843
0 0.6319471147325304 0.3963179270426432 0.007645501030815972 0.009782211868851273
0 0.46902478535970055 0.13811205404776114 0.009935590955946181 0.014568512528030961
0 0.34443444146050345 0.5993377120406539 0.009370040893554688 0.013305098922164351
0 0.6232123057047526 0.7947381761338975 0.009196811252170138 0.012321020055700231
0 0.5978681564331055 0.3730865054660374 0.00833329094780816 0.010854565655743635
0 0.5753992292616104 0.5907598989981192 0.009256066216362848 0.012313390661168981
0 0.4416857189602322 0.7111104046856915 0.009304173787434896 0.012805345323350694
0 0.7400115966796875 0.34243462174027056 0.009550984700520833 0.012245545563874421
0 0.627453104654948 0.2751369193748192 0.008919609917534722 0.011100401701750579
0 0.43239610460069444 0.46706576877170136 0.008263058132595487 0.010945242422598377
0 0.5311283323499891 0.3800960964626736 0.007053502400716147 0.00904083251953125
0 0.4660681194729275 0.18408131069607203 0.008177566528320312 0.011105855305989586
0 0.29175699022081164 0.32365991097909436 0.0082344479031033 0.01085651538990162
0 0.5478255165947808 0.4335298750135633 0.008589977688259549 0.012457021077473958
0 0.32562368181016715 0.30005616082085507 0.008965386284722222 0.01124807287145544
0 0.3952542199028863 0.5751822860152633 0.008489820692274306 0.012475077311197917
0 0.32890801959567606 0.3664040176956742 0.00883795420328776 0.011853535970052086
0 0.515420299106174 0.43631488658763745 0.008061854044596355 0.010408952501085068
0 0.5536510679456923 0.2793291303846571 0.00792494879828559 0.011281698721426505
0 0.35538297229342986 0.5218414306640624 0.0075242572360568576 0.009999593098958334
0 0.7020966211954751 0.3540001198097512 0.008172056410047743 0.011248157642505786
0 0.4684917873806424 0.35227172286422165 0.010010528564453124 0.013276276765046295
0 0.3018571959601508 0.262897053471318 0.008834690517849393 0.011851473207826969
0 0.7014955308702256 0.729580631962529 0.008867645263671875 0.012816817672164351
0 0.35375276141696504 0.3460363034848813 0.00920310550265842 0.012176796242042825
0 0.29375759600084994 0.47646109853396573 0.008826192220052083 0.011920589870876736
0 0.4002404106987848 0.8058755945276331 0.008637322319878472 0.010882342303240741
0 0.3871542400783962 0.4721828884548611 0.008391020033094618 0.010978416160300925
0 0.4830385642586866 0.7638468759927138 0.008725060356987847 0.012871749312789352
0 0.7273864322238498 0.6865133780020255 0.008914438883463542 0.012111635561342593
0 0.2921585718790691 0.5176514519585503 0.008464092678493924 0.010293183503327545
0 0.2765824635823568 0.6037066141764322 0.008877860175238715 0.010662107114438657
0 0.5299440383911133 0.8068622165256076 0.00846358405219184 0.011126482928240741
0 0.2924165195888943 0.5850561919035734 0.008596695793999565 0.011413404676649306
0 0.6469282574123807 0.26246428313078707 0.008779186672634548 0.012457105848524306
0 0.45809836917453345 0.1724901976408782 0.007815170288085937 0.010394343623408565
0 0.4882849163479275 0.6935736197012442 0.007729551527235244 0.010906643337673612
0 0.3536991700552643 0.48099794824320957 0.007564459906684028 0.010757841887297453
0 0.589355723063151 0.6341960765697339 0.008167860243055556 0.011850653754340277
0 0.2740015771653917 0.5094161139594183 0.007511668735080296 0.009962915491174769
0 0.6138082080417209 0.37013353418420863 0.007894176907009548 0.011135609944661458
0 0.6716766781277127 0.3662474455656828 0.008283403184678819 0.011197634096498843
0 0.5028763188800521 0.33977331985923526 0.0058498382568359375 0.008161643699363426
0 0.5914545483059352 0.690880839029948 0.009042994181315104 0.010684995298032407
0 0.5492426130506727 0.4148084569860388 0.008727603488498263 0.011668169939959491
0 0.46882099575466585 0.7183150397406683 0.007776896158854168 0.011006842719184028
0 0.34030044343736443 0.3259326510959202 0.008505143059624565 0.012716505262586806
0 0.4420938703748915 0.7797849301938657 0.007705518934461805 0.011623015227141204
0 0.5708432091606988 0.6071597063982928 0.0073354085286458336 0.01038558394820602
0 0.6440021091037328 0.6157768814652054 0.0064046223958333336 0.00849456787109375
0 0.37103682623969186 0.24252987614384403 0.009414248996310763 0.012659623887803818
0 0.7295773400200737 0.568159117522063 0.008409033881293403 0.011436914514612269
0 0.6193196190728082 0.7104745370370371 0.007851494683159722 0.010317654079861112
0 0.5299978256225586 0.5526427940086082 0.00764020284016927 0.00934906005859375
0 0.3306929164462619 0.7667429040979455 0.007208230760362413 0.010947107385706019
0 0.5111070421006945 0.7844209741663049 0.00769441392686632 0.010518787525318287
0 0.5772756576538086 0.28093332361291956 0.008880827162000868 0.010839448151765048
0 0.6686057892511116 0.4868680458720217 0.009321679009331597 0.01260282728407118
0 0.36456453535291883 0.42946819729275176 0.007905875311957465 0.009999027958622685
0 0.49333373175726997 0.7632093641493054 0.006699032253689235 0.008808277271412037
0 0.37835966746012367 0.6011285287362558 0.008847003512912326 0.011794478804976851
0 0.35675076378716364 0.37359104862919557 0.008390087551540798 0.010975307888454862
0 0.6246399773491753 0.6925724170826101 0.007269371880425347 0.009325945818865741
0 0.5235472785101996 0.2971065521240234 0.007956610785590278 0.010501635516131364
0 0.299902237786187 0.5463906464753329 0.006827884250217015 0.010571119520399306
0 0.4838283538818359 0.29430293330439816 0.006822119818793403 0.008778042263454862
0 0.6326124138275525 0.4352949394577482 0.008883582221137153 0.012155123110170718
0 0.7628566318088109 0.4283232229727286 0.008358086480034723 0.011097660771122685
0 0.5324136734008789 0.3696044921875 0.008422300550672742 0.010394569679542824
0 0.4475386301676432 0.31342889291268805 0.007535298665364582 0.011134903519241896
0 0.5432599809434678 0.17249731840910737 0.007223595513237847 0.010197222674334492
0 0.4085656483968099 0.8325415434660735 0.008900536431206597 0.012468521683304399
0 0.3669580247667101 0.48845613267686633 0.008275349934895834 0.012679092972366898
0 0.4414612028333876 0.8192467866120515 0.008038542005750868 0.011716885036892362
0 0.5602136188083224 0.48934594613534427 0.008516650729709202 0.011525302463107638
0 0.5021645016140408 0.5004121568467882 0.009401957194010416 0.0126068115234375
0 0.5130919562445747 0.6450971250180844 0.007189517550998264 0.009228967737268518
0 0.532799318101671 0.5872142085322627 0.008895450168185763 0.012306495949074075
0 0.26234090593126086 0.4360882653130425 0.007957373725043402 0.01039216783311632
0 0.44041197035047747 0.6026480215567129 0.008449130588107638 0.010795536747685186
0 0.7152602301703559 0.48905574657298906 0.008234659830729166 0.011117045084635417
0 0.5469054328070746 0.6686063413266783 0.009185367160373263 0.011525019892939813
0 0.6157257292005751 0.8188534489384404 0.008057615492078993 0.011281726978443287
0 0.7541582335749005 0.6433452943100781 0.006946139865451391 0.009179178873697917
0 0.30003842480751525 0.4655269617786785 0.012643946269498052 0.013005201877197977
0 0.3647031785858053 0.41663703620328596 0.009753901407898481 0.0163769208823976
0 0.25596524066812193 0.4202495922802854 0.008308878977098678 0.011078505302798334
0 0.2530751958065224 0.42530717078808467 0.010476412623298402 0.010596831159198317
0 0.3244231783272615 0.4833489050918758 0.007225112153998907 0.010115157015598442
0 0.3240619227195615 0.4768463041532767 0.007225112153998907 0.009633482871998495
0 0.3224362724849118 0.4888881577432749 0.007586367761698831 0.009633482871998495
0 0.3486273040431578 0.47467877050707713 0.007947623369398827 0.009151808728398549
0 0.34501474796615833 0.4732337480762774 0.007225112153998907 0.010115157015598442
0 0.4598940312147407 0.501170848405073 0.008670134584798674 0.013005201877198048
0 0.46495160972253996 0.5064692639846722 0.010115157015598442 0.011078505302798334
0 0.47289923309193876 0.4599877091272793 0.007225112153998907 0.013486876020797851
0 0.4882525964191865 0.43012391222408397 0.008308878977098786 0.011560179446398209
0 0.4945745695539354 0.42819721564968416 0.009392645800198593 0.015413572595197635
0 0.4884332242230364 0.41880456984948566 0.008670134584798674 0.013005201877197977
0 0.5144436279774324 0.36461622869449384 0.007947623369398969 0.011560179446398209
0 0.5101085606850331 0.37665808228449216 0.012282690661798056 0.01156017944639828
0 0.5055928655887838 0.4103752723364869 0.009031390192498634 0.014450224307997743
0 0.5126373499389326 0.34848014488389645 0.007947623369398827 0.013005201877197977
0 0.4891557354384362 0.33427075764769865 0.007947623369398756 0.009633482871998566
0 0.49312954712313567 0.3268048084218998 0.007947623369398684 0.010115157015598513
0 0.5019803095117843 0.3260822972064999 0.007586367761698795 0.01156017944639828
0 0.510108560685033 0.3268048084218998 0.007225112153998907 0.013005201877198048
0 0.5176949284467319 0.32632313427829984 0.007225112153998907 0.014931898451597796
0 0.5341320585970792 0.3289723420680994 0.013366457484897936 0.0125235277335981
0 0.4250328650716961 0.2617787990359098 0.010476412623298402 0.01300520187719794
0 0.4239490982485962 0.22998830555831462 0.010476412623298402 0.011078505302798297
0 0.4335223718526448 0.2177056148965165 0.007225112153998907 0.0125235277335981
0 0.4396637171835438 0.21794645196831644 0.007225112153998836 0.010115157015598477
0 0.4028156451981495 0.14786286407452717 0.010837668230998361 0.01059683115919837
0 0.47831806720743797 0.17796749804952255 0.009392645800198593 0.013005201877197977
0 0.4253941206793961 0.19603027843451984 0.008308878977098715 0.011560179446398245
0 0.4485144795721925 0.19458525600372004 0.007586367761698795 0.013486876020797922
0 0.5400927761241284 0.12787338711513022 0.008670134584798674 0.014931898451597708
0 0.5930167226521703 0.18615595849072128 0.010476412623298473 0.01204185358999812
0 0.5915717002213705 0.2039779018039186 0.008308878977098786 0.014931898451597725
0 0.5926554670444704 0.24106681086111295 0.009753901407898552 0.014931898451597725
0 0.6159564537411168 0.2649096809693093 0.01083766823099829 0.013486876020797922
0 0.6096344806063679 0.2711714448361083 0.008308878977098786 0.012523527733598137
0 0.6042156464908683 0.2702080965489082 0.006863856546298439 0.012523527733597592
0 0.6332967229107141 0.3203022074833008 0.010115157015598371 0.013486876020797994
0 0.5874172607328212 0.2641871697539094 0.01083766823099829 0.01300520187719794
0 0.4889751076345863 0.3164488143345014 0.009753901407898481 0.00867013458479864
0 0.7310163647935493 0.27285730433870803 0.012643946269498087 0.01782194331319726
0 0.72632004189345 0.32632313427829984 0.008308878977098857 0.013005201877198048
0 0.6786343016770573 0.33138071278609904 0.010476412623298473 0.015413572595197706
0 0.6107182474294677 0.38821826173089036 0.009753901407898412 0.013486876020797994
0 0.6099957362140678 0.4698620290710778 0.01192143505409831 0.013005201877197977
0 0.5939198616714202 0.47564211879427687 0.009392645800198593 0.012041853589998154
0 0.517514300642882 0.42097210349568537 0.01119892383869825 0.009633482871998495
0 0.5258231796199807 0.40411350846968785 0.008308878977098644 0.01059683115919846
0 0.5478597716896774 0.37256385206389275 0.007586367761698866 0.009151808728398549
0 0.562851879409225 0.38653240222829055 0.007947623369398684 0.00915180872839862
0 0.5590586955283756 0.3920716548796898 0.007586367761699009 0.011560179446398209
0 0.6686997724653088 0.47082537735827773 0.007947623369398827 0.011078505302798192
0 0.6777311626578074 0.4896106689586748 0.0101151570155983 0.012041853589998154
0 0.7228881136203006 0.4920190396766745 0.007225112153998907 0.008188460441198728
0 0.7427571720437974 0.45252175990148047 0.011560179446398137 0.013968550164397797
0 0.7716576206597929 0.4741970963634772 0.009392645800198522 0.012041853589998154
0 0.6441343911417127 0.5452440325444663 0.010837668230998432 0.013486876020797994
0 0.6569589652150606 0.5437990101136665 0.01047641262329833 0.015413572595197565
0 0.6777311626578074 0.5442806842572665 0.011560179446398422 0.010596831159198317
0 0.7097022839392525 0.5368147350314676 0.009753901407898552 0.013005201877198048
0 0.7324613872243491 0.5435581730418665 0.008308878977098573 0.013005201877198119
0 0.7608199524287947 0.5435581730418665 0.010837668230998361 0.013005201877198119
0 0.7931523293179397 0.5437990101136665 0.010476412623298473 0.012523527733598171
0 0.6699641670922586 0.5527099817702651 0.009753901407898412 0.013968550164397868
0 0.6118020142525675 0.5960606546942586 0.008308878977098715 0.011078505302798405
0 0.6818856021463567 0.5700502509398625 0.01119892383869825 0.00915180872839862
0 0.679898696304007 0.5813695933144608 0.010115157015598442 0.009633482871998566
0 0.6397993238493132 0.5967831659096583 0.010115157015598513 0.01156017944639828
0 0.5910298168098207 0.6109925531458562 0.012282690661798056 0.014931898451597831
0 0.5202237177006315 0.6353170973976525 0.007947623369398827 0.014450224307997743
0 0.5930167226521703 0.6596416416494487 0.008308878977098715 0.013968550164397868
0 0.6193883820142664 0.6329087266796529 0.007586367761698866 0.009633482871998566
0 0.6202915210335163 0.6261652886692539 0.007225112153998907 0.010596831159198388
0 0.6239040771105157 0.6273694740282537 0.005780089723199211 0.0081884604411988
0 0.6271553775798151 0.631704541320653 0.007225112153998907 0.009151808728398762
0 0.647024436003312 0.6264061257410539 0.005780089723199069 0.008188460441198728
0 0.6463019247879122 0.638447979331052 0.008670134584798745 0.010115157015598585
0 0.6730348397577081 0.6105108790022562 0.007947623369398827 0.011078505302798334
0 0.6972389654736044 0.612678412648456 0.00650260093859913 0.008670134584798674
0 0.6939876650043049 0.6432647207670513 0.011560179446398137 0.013005201877197977
0 0.7147598624470518 0.6463956027004508 0.011198923838698107 0.012523527733598171
0 0.6910976201427055 0.6136417609356559 0.010115157015598585 0.01156017944639835
0 0.6611134047036099 0.684207022973045 0.009392645800198522 0.01396855016439801
0 0.6580427320381603 0.6940813429168435 0.009753901407898695 0.016376920882397457
0 0.6674353778383592 0.7244268139636388 0.009031390192498562 0.012523527733598029
0 0.6587652432535603 0.7239451398200388 0.006863856546299019 0.010596831159198246
0 0.6602102656843601 0.7335786226920373 0.006141345330899099 0.008670134584798745
0 0.6528045257265112 0.7400812236306363 0.008670134584798603 0.012041853589998083
0 0.49620021978858525 0.730206903686838 0.007586367761698795 0.012523527733598029
0 0.4980064978270849 0.7222592803174394 0.009753901407898481 0.011078505302798334
0 0.53015824691238 0.7605523747336332 0.009031390192498634 0.010596831159198388
0 0.6620165437228599 0.8183532719656245 0.006863856546299019 0.011560179446398137
0 0.6320323282837644 0.833044333345422 0.01047641262329833 0.011078505302798334
0 0.6166789649565166 0.8330443333454223 0.01156017944639828 0.013005201877197977
0 0.5995193235907693 0.8287092660530229 0.011921435054098239 0.014931898451597475
0 0.5139017445658826 0.8573688775972186 0.008308878977098786 0.011560179446398422
0 0.5198624620929315 0.7957145872164278 0.010115157015598371 0.013486876020797922
0 0.4268391431101958 0.8419553050020209 0.009031390192498562 0.009633482871998637
0 0.3961324164557005 0.8335260074890222 0.009753901407898552 0.01493189845159776
0 0.40137062276734975 0.7328561114766375 0.011560179446398137 0.013005201877198119
0 0.3887266764978517 0.6415788612644516 0.007947623369398898 0.011560179446398137
0 0.2960646131228158 0.6480814622030506 0.009031390192498599 0.013005201877197977
0 0.2994965413959653 0.7422487572768361 0.007947623369398827 0.013486876020798065
0 0.37680524144375355 0.6969713877784431 0.012282690661798127 0.01734026916959735
0 0.39161672135945125 0.6938405058450436 0.009392645800198593 0.012041853589998226
0 0.2603003079605213 0.6663850796598478 0.009753901407898481 0.014931898451597618
0 0.2631903528221209 0.599191536627658 0.009753901407898552 0.01734026916959735
0 0.29660649653436577 0.5659560207192631 0.00867013458479871 0.014450224307997672
0 0.3022059584537149 0.5611392792832639 0.009031390192498528 0.010596831159198317
0 0.3327320573043602 0.5661968577910631 0.009392645800198522 0.013968550164397797
0 0.412750174409898 0.5445215213290665 0.008308878977098644 0.011078505302798263
0 0.44869510737604246 0.5440398471854665 0.007225112153998907 0.01589524673879758
0 0.45790712537239103 0.5450031954726664 0.00975390140789834 0.013005201877198119
