0 0.5670346577962239 0.4289736147280092 0.009984588623046875 0.013867300528067127
0 0.5864051183064778 0.5166878594292534 0.011397340562608507 0.015873548719618054
0 0.4471456739637587 0.47074182298448347 0.010120815700954862 0.0145024334942853
0 0.6510433197021485 0.591127833613643 0.009426540798611112 0.012332096806278937
0 0.43365039825439455 0.3731243839970341 0.010346179538302951 0.013954445167824075
0 0.4009974161783854 0.46636848449707036 0.01052008734809028 0.014250211362485532
0 0.64652468363444 0.37365602563928674 0.010338846842447917 0.014674518726490162
0 0.6213597615559895 0.45425884105541087 0.010852983262803819 0.015226576063368056
0 0.6458320193820529 0.5024782251428674 0.010658688015407987 0.014990516945167825
0 0.4341712315877279 0.8704006618923611 0.010953564114040798 0.015337117513020833
0 0.4739816241794162 0.7384973879213687 0.010170703464084201 0.013930313675491898
0 0.3532492213779026 0.8203288325557003 0.010519260830349392 0.0138092041015625
0 0.3465449545118544 0.7876672250253184 0.010254054599338107 0.015159098307291667
0 0.5476078881157769 0.3497050532588253 0.009146287706163195 0.012613932291666664
0 0.34095289442274307 0.32533234490288626 0.009932496812608507 0.0130681073224103
0 0.5815414640638563 0.25260231583206744 0.010453754001193576 0.013413803665726275
0 0.5291961881849501 0.8563503124095776 0.00961655510796441 0.01278008355034722
0 0.45766406589084196 0.6738586143211082 0.010635799831814237 0.014205197934751158
0 0.3844807228594792 0.8834209863669434 0.008770116170247396 0.011094269929108795
0 0.37811058892144095 0.37082474320023145 0.009198252360026042 0.01225597240306713
0 0.2763800621032715 0.4242469646312573 0.0103718015882704 0.013696543375651042
0 0.5868368784586588 0.8407418992784288 0.009811825222439237 0.013853115505642362
0 0.3061494297451443 0.5114204124168114 0.009432623121473525 0.012608846028645836
0 0.6411586761474609 0.8526611893265336 0.010121832953559028 0.014423172562210646
0 0.4986172146267361 0.667867985478154 0.009158240424262153 0.01261314109519676
0 0.6129768371582032 0.7868245160138165 0.010690901014539931 0.014593788429542825
0 0.3577947086758084 0.607362902605975 0.007681677076551649 0.010162183973524306
0 0.6524152119954426 0.6220032303421585 0.009385002983940972 0.012742445203993057
0 0.5484394921196832 0.8856376082808883 0.009228600396050347 0.012498248064959493
0 0.5070679134792752 0.573142044632523 0.009433915879991319 0.014366432472511575
0 0.3732909944322374 0.4125075022379558 0.00913954840766059 0.012648038510923032
0 0.2799560334947374 0.7522347909432869 0.008750873141818577 0.013071695963541664
0 0.5761034647623697 0.801491603144893 0.00784454345703125 0.011073190194589123
0 0.3966269694472085 0.38118685607376535 0.0065254199242352935 0.008972452395823538
0 0.4813554687759512 0.2508144038374808 0.005505823061073513 0.011963269861098063
0 0.48726913058228943 0.24945494135326512 0.0067293392968676355 0.010875699873725502
0 0.49379455050652477 0.23055841282266706 0.007137178042132319 0.013322732345313747
0 0.540084248094069 0.3500551651852261 0.00795285553266183 0.013050839848470658
0 0.6156363756543559 0.3697673712063536 0.0073410974147647325 0.009516237389509782
0 0.61685989189015 0.3795555010927066 0.0053019036884412426 0.01223516235794115
0 0.5930013252921646 0.6470977179863542 0.01019596863161766 0.012235162357941221
0 0.6025855358058854 0.656613955375864 0.006117581178970539 0.011691377364254976
0 0.7271802724842533 0.6844829363022856 0.006117581178970539 0.011963269861097955
0 0.7228979656589738 0.6759183226517268 0.006525419924235365 0.007884882408450977
0 0.7161686263621061 0.6785013013717367 0.005301903688441172 0.009788129886352977
0 0.7209607316189665 0.6838032050601778 0.0046901455705442175 0.010603807376882345
0 0.7114784807915621 0.6721118276959228 0.005709742433705998 0.0073410974147647325
0 0.7087255692610254 0.6687131714853837 0.004282306825279391 0.006525419924235223
0 0.7042393430631135 0.6689850639822268 0.004690145570544075 0.007612989911607855
0 0.7210626913052827 0.6919599799654719 0.0040783874526471205 0.006797312421078346
0 0.5760760173636794 0.8255951421638741 0.007341097414764661 0.008700559898980487
0 0.5772995335994735 0.8185259372459526 0.007748936160029345 0.009788129886352977
0 0.34472948911227447 0.7478338880667369 0.0067293392968676355 0.008700559898980345
0 0.3420785372680539 0.7592533729341487 0.006729339296867635 0.009244344892666732
0 0.48808480807281895 0.44345023785084403 0.00795285553266183 0.010060022383196098
