0 0.6262562990188599 0.3835736433664958 0.009209680557250976 0.013078848520914711
0 0.5052274465560914 0.17989810307820636 0.010004663467407226 0.013674608866373698
0 0.5860860586166382 0.41904637018839513 0.009950590133666993 0.012882741292317708
0 0.4583261966705322 0.7885794003804524 0.00825347900390625 0.010572242736816406
0 0.32662328481674197 0.22090807755788167 0.00846254825592041 0.012027088801066082
0 0.4327194929122925 0.3793155988057454 0.010387563705444336 0.01301434834798177
0 0.4082472801208496 0.15546985467274987 0.009723091125488281 0.013580814997355145
0 0.5512929916381836 0.2581770579020182 0.008871078491210938 0.01239163080851237
0 0.5310015439987184 0.4074359893798828 0.009819841384887696 0.01202239990234375
0 0.46799192428588865 0.08881665468215942 0.01034374237060547 0.014780020713806153
0 0.6887433528900146 0.48223112424214676 0.009578418731689454 0.012433083852132161
0 0.36539024114608765 0.5229941368103027 0.009079623222351074 0.011891682942708336
0 0.6141280614166263 0.20911601747334893 0.00806879997253418 0.010613854726155598
0 0.503752326965332 0.11360433101654052 0.008616256713867187 0.01245581309000651
0 0.27340160608291625 0.5204635779062907 0.00850536823272705 0.011044724782307941
0 0.4987034797668457 0.46760624249776206 0.009653854370117187 0.012513510386149089
0 0.4751121997833252 0.6764927546183267 0.009061717987060547 0.011800638834635417
0 0.7205710887908936 0.24543135166168217 0.008973312377929688 0.010934050877888997
0 0.475118350982666 0.6420713742574057 0.008606529235839844 0.011649513244628906
0 0.34324384927749635 0.49557975133260096 0.010381484031677246 0.014109102884928386
0 0.7258957624435425 0.461077086130778 0.007978105545043945 0.010797373453776042
0 0.5858557224273682 0.7855303446451822 0.008640575408935546 0.012309519449869792
0 0.47957870960235593 0.778311824798584 0.008330011367797851 0.011521339416503906
0 0.5880446195602417 0.47844629287719725 0.008556509017944336 0.011087099711100258
0 0.5541863441467285 0.5300590515136719 0.009381103515625 0.013010660807291664
0 0.712018895149231 0.4188202222188313 0.009546327590942382 0.012025833129882812
0 0.6793724298477173 0.2648935079574585 0.009213781356811524 0.012980508804321288
0 0.5530190706253052 0.12041039864222208 0.008996820449829102 0.012907147407531738
0 0.33163310289382936 0.3883814811706543 0.01017153263092041 0.014081954956054688
0 0.3445435881614685 0.2371440649032593 0.009415936470031739 0.012080685297648113
0 0.6995730575744821 0.40361477344667174 0.009296846389770509 0.01238800684611003
0 0.3475725293159485 0.3984278361002604 0.00825331211090088 0.010518391927083336
0 0.32617526054382323 0.524396244684855 0.009734916687011718 0.013029321034749347
0 0.7547834634780883 0.49569222132364915 0.007924127578735351 0.009974161783854166
0 0.3275664210319519 0.5039545694986979 0.007931113243103027 0.010675112406412758
0 0.3400065779685974 0.6576483090718588 0.008069348335266114 0.011846097310384114
0 0.38668801784515383 0.2715179681777954 0.008866405487060547 0.010539897282918294
0 0.6987592697143554 0.37368653615315756 0.008864498138427735 0.011433664957682292
0 0.5938636541366578 0.5557032267252604 0.009249353408813476 0.01213544209798177
0 0.5053433895111084 0.34948929150899244 0.008765220642089844 0.011034234364827472
0 0.7468406200408936 0.268999171257019 0.008076000213623046 0.010654878616333009
0 0.495997953414917 0.6816529591878256 0.0073260307312011715 0.0104705810546875
0 0.6473005056381226 0.2850332260131836 0.010074472427368164 0.013213157653808594
0 0.6409058570861816 0.6039598147074381 0.008130931854248047 0.010543123881022137
0 0.6027419328689575 0.6077784220377604 0.009126424789428711 0.01124738057454427
0 0.5124224662780761 0.5450964609781902 0.010760688781738281 0.013351058959960938
0 0.4912073227371207 0.32896988477986044 0.008500051498413087 0.011821428934733069
0 0.703809666633606 0.4555716673533122 0.010111474990844726 0.013428846995035805
0 0.30225223302841187 0.5070170561472574 0.0083327054977417 0.010831864674886067
0 0.4070193919539825 0.6874257860087326 0.010906410217285157 0.015634981791178386
0 0.4211560249328613 0.520803419748942 0.008153438568115234 0.010449918111165364
0 0.7221853494644165 0.34698230425516763 0.010230302810668945 0.012814172108968099
0 0.2790176510810852 0.4879047075907389 0.009174847602844238 0.013267707824707032
0 0.7125480651855469 0.6109182993570963 0.008580970764160156 0.0113555908203125
0 0.5583386898040772 0.7434151331583659 0.008868789672851563 0.012643686930338542
0 0.6067870140075684 0.7621631622314453 0.009208106994628906 0.012458038330078126
0 0.6974252700805664 0.38962478637695314 0.008940505981445312 0.01162109375
0 0.7070471286773682 0.48459013303120935 0.007828426361083985 0.011024379730224609
0 0.521946382522583 0.1768643856048584 0.008858585357666015 0.012425422668457031
0 0.6224148273468016 0.6263679504394531 0.00719747543334961 0.009264755249023437
0 0.6716359376907348 0.536015812555949 0.008883333206176758 0.012065664927164715
0 0.45304982662200927 0.5402830759684245 0.008869600296020509 0.011798985799153646
0 0.44144635200500487 0.5794951121012368 0.009478950500488281 0.01303571065266927
0 0.44906303882598875 0.33643767038981115 0.007842588424682616 0.010804684956868489
0 0.5340451955795288 0.5174711227416992 0.007894086837768554 0.009949874877929688
0 0.41127054691314696 0.7496394157409668 0.00798954963684082 0.011063957214355468
0 0.5088212966918946 0.7106679916381836 0.008781909942626953 0.011027018229166664
0 0.6203182458877563 0.2416947603225708 0.008884859085083009 0.011814641952514648
0 0.6190311193466187 0.3117868105570475 0.008579111099243164 0.010521761576334636
0 0.4740929365158081 0.8095358530680339 0.007766199111938476 0.010711669921875
0 0.43364882469177246 0.5840101877848308 0.008659076690673829 0.013331858317057292
0 0.664722990989685 0.22924327850341797 0.007822084426879882 0.0133056640625
0 0.7141345024108887 0.5036413669586182 0.008637332916259765 0.010561339060465495
0 0.6323412179946899 0.3349946022033692 0.00810990333557129 0.010936991373697918
0 0.4434846878051758 0.6662285804748536 0.009891128540039063 0.012243588765462242
0 0.5825150728225708 0.16592183113098144 0.008353471755981445 0.011430422465006508
0 0.26061824560165403 0.26731375853220624 0.008317303657531739 0.010777616500854492
0 0.3406856656074524 0.22399221261342364 0.008653569221496581 0.010297695795694985
0 0.3329359650611877 0.568157704671224 0.009940123558044434 0.01171277364095052
0 0.5209617376327516 0.49709930419921877 0.007526254653930664 0.009430503845214844
0 0.3839261054992676 0.780449358622233 0.007762765884399414 0.009715906778971354
0 0.5684980404615785 0.4972181395610047 0.01042189598083496 0.01199932098388672
0 0.31380885839462286 0.41326751708984377 0.010778498649597169 0.014158185323079426
0 0.3654197522242025 0.5378615675450839 0.009799058413701331 0.007777030487064565
0 0.4284136991694256 0.5510825193730936 0.010265680242925299 0.011821086340338169
0 0.4267805227671421 0.5585484686406756 0.008399192926029784 0.010576761462407802
0 0.3455883244821877 0.45464734133349266 0.006999327438358094 0.008088111706547139
0 0.4060158513666796 0.4607134251134031 0.0060660837799103 0.009643517803960009
0 0.39843324664179164 0.4683349149907264 0.006299394694522391 0.011198923901373092
0 0.3356726106111803 0.4507588260899604 0.005366151036074669 0.009643517803960009
0 0.284694175768472 0.26815415025368383 0.007932571096805816 0.010265680242925228
0 0.29029363771915856 0.26566550049782317 0.009332436584477506 0.009643517803960116
0 0.36961934868721735 0.274064693423853 0.007465949267582062 0.009021355364994932
0 0.40543257408014965 0.20687115001561487 0.009099125669865558 0.012754329998785927
0 0.41114869148814137 0.2014272286746697 0.006999327438358085 0.013687573657233864
0 0.5147387375758427 0.10608083490325779 0.010265680242925299 0.011510005120855578
0 0.5175384685511858 0.20360479721104774 0.009799058413701473 0.012443248779303353
0 0.6238115901569234 0.21542588355138592 0.010032369328313423 0.012443248779303317
0 0.6716403276523707 0.2350240003787887 0.008632503840641731 0.011821086340338134
0 0.7141029141117434 0.2908630792759124 0.011898856645208867 0.010265680242925228
0 0.7207522751781836 0.2987956503727183 0.007465949267582062 0.010576761462407767
0 0.7289181571896015 0.2781087492771265 0.00886581475525361 0.010887842681890412
0 0.7421002238651758 0.3019064625675441 0.009565747499089526 0.00995459902344269
0 0.7670644917286529 0.3257041758579618 0.007699260182193797 0.010887842681890447
0 0.7588986097172352 0.3168383611027082 0.008632503840641731 0.010576761462407802
0 0.7545823577969145 0.5331953492528451 0.006999327438358165 0.010265680242925299
0 0.6952047300281763 0.5501492757146459 0.009565747499089384 0.01119892390137295
0 0.6434097069843263 0.5378615675450839 0.00769926018219401 0.010887842681890518
0 0.7704474999905263 0.5316399431554322 0.00606608377991023 0.009021355364994932
0 0.7763969283131307 0.5132861512059597 0.005366151036074598 0.00964351780396008
0 0.7644980716679219 0.5865457783941082 0.006766016523746287 0.011821086340338027
0 0.707803519417221 0.6459622913152816 0.008632503840641731 0.010576761462407802
0 0.5909147511966402 0.7088006976507636 0.007699260182193939 0.012443248779303246
0 0.6110961453105729 0.7717946445959868 0.007932571096805887 0.013998654876716188
0 0.5083226874240142 0.8095910127631205 0.008632503840641731 0.01182108634033824
0 0.43016353102901517 0.7876597867895984 0.007699260182193939 0.01275432999878589
0 0.4491783705698881 0.723421514966445 0.007465949267582062 0.011198923901372808
0 0.4524447233744551 0.7120670504553307 0.008399192926029784 0.011510005120855737
0 0.3923671628618813 0.6972906925299079 0.00769926018219401 0.012443248779303388
0 0.5178884349231038 0.6420737760717493 0.007699260182193939 0.010887842681890447
0 0.5192883004107753 0.6364743141210628 0.007232638352970114 0.009021355364994932
0 0.5656005169612449 0.5972780804662574 0.010265680242925157 0.010887842681890518
0 0.5687502143085061 0.6300971491216698 0.006299394694522391 0.010576761462407802
0 0.40996336118423243 0.6242772761042139 0.010163023440496062 0.011668656542791709
0 0.3700170329389495 0.6306762167889706 0.00931610482045464 0.01016302344049599
0 0.3323291543471102 0.6406510360916796 0.007904573787052484 0.012045064818365744
0 0.5163889243504259 0.5031861589051141 0.00632150058698123 0.009306653641944607
0 0.5746963003895565 0.49420628797278865 0.008869671134007575 0.011312044344821217
0 0.5999555812277082 0.5246716801287277 0.007327119632440631 0.012083320095604349
0 0.6038119599816247 0.5187585660393893 0.006170206006266028 0.010026584760182472
0 0.6036910823876938 0.38150319789490383 0.009099125669865558 0.009954599023442654
0 0.6084739561372384 0.377925763870854 0.007932571096805958 0.010887842681890518
0 0.479686331271449 0.3371741241186356 0.013065411218268607 0.012132167559820743
0 0.4526222651764641 0.32177560375424774 0.007465949267581991 0.009954599023442654
0 0.45623858435294923 0.3175760072912329 0.007699260182193868 0.010887842681890483
0 0.47350359203423253 0.3004665402196908 0.01049899115753732 0.009643517803960116
0 0.4693039955712176 0.2930005909521088 0.00769926018219401 0.009021355364994932
