0 0.29804132249620224 0.36691282766836664 0.009280946519639757 0.013337001094111688
0 0.33489996592203775 0.8050211023401331 0.009724934895833334 0.013075651945891205
0 0.3375768873426649 0.6279387014883536 0.008243687947591146 0.010491660789207175
0 0.4191409005059136 0.6890651844165943 0.00990765889485677 0.013528272840711807
0 0.3217313766479492 0.4110669595223886 0.008134418063693576 0.010793417471426505
0 0.43343819512261283 0.2931697421603733 0.008432176378038194 0.011451325593171297
0 0.3562690416971842 0.5523907414189091 0.007785521613226997 0.010052433720341435
0 0.35482490327623156 0.6681108827944157 0.00714867909749349 0.009505095305266205
0 0.4046634885999891 0.3008594089084201 0.008154254489474827 0.01123210765697338
0 0.6090168846978081 0.2928642979374639 0.007768419053819444 0.010604717113353588
0 0.7530353969997831 0.45419009173357927 0.006896124945746528 0.00916488082320602
0 0.577777608235677 0.7366159792299624 0.007358551025390625 0.010131666395399306
0 0.4401544358995226 0.6801511411313658 0.00818667941623264 0.011658279984085649
0 0.7075446446736655 0.6259764494719328 0.00799573262532552 0.010936030635127315
0 0.6170632680257161 0.31712315877278646 0.007930331759982638 0.010954906322337962
0 0.4940366956922743 0.5927733527289497 0.008074018690321181 0.010775700321903937
0 0.6263181686401367 0.23332405796757452 0.007582643296983506 0.011461173163519965
0 0.6394503275553385 0.6588519061053241 0.007902103000217015 0.009821573893229166
0 0.4204392962985569 0.5902538440845632 0.0076139238145616316 0.010027454517505786
0 0.39264161851671003 0.6554966396755642 0.007923550075954862 0.009991172507957176
0 0.4244281768798828 0.19961824770326966 0.009110599093967013 0.012013470685040509
0 0.6263669119940863 0.49714282000506366 0.007673178778754341 0.010075095847800926
0 0.62752685546875 0.4536192010950159 0.008457353379991319 0.011423944543909144
0 0.617622333102756 0.6578735916702836 0.007945590549045138 0.010319462528935185
0 0.5885466893513998 0.3963764049388744 0.006262588500976563 0.008930912724247685
0 0.42920824686686204 0.4809166802300347 0.007097880045572918 0.00927734375
0 0.5127438227335612 0.7127311141402634 0.007120386759440104 0.009893516257957176
0 0.5504731496175129 0.5334665651674624 0.007601843939887153 0.009881083170572917
0 0.34278270933363175 0.6075003164785879 0.007797601487901476 0.01047340675636574
0 0.6673887464735243 0.2974497194643374 0.009241994222005208 0.011417869285300926
0 0.29453714158799915 0.4565595273618344 0.008058759901258681 0.010242207845052082
0 0.717578167385525 0.3822232281720197 0.007508765326605903 0.009719453034577547
0 0.5653133180406358 0.7334647002043547 0.0075198279486762155 0.01062164306640625
0 0.6328261905246311 0.2591104719373915 0.007512410481770832 0.009892131664134838
0 0.6707422892252604 0.7431120978461371 0.008323923746744791 0.011593006275318287
0 0.324921554989285 0.7567782084147135 0.007907931009928386 0.010464986165364586
0 0.41794611612955734 0.8702497694227431 0.01026823255750868 0.01422718189380787
0 0.572661124335395 0.2701162691469546 0.008586459689670138 0.011730250605830439
0 0.43654503292507596 0.3371648435239439 0.007761086357964409 0.01056671142578125
0 0.7345229254828558 0.6611300715693722 0.008717007107204862 0.011226117169415508
0 0.7564654456244575 0.5588112160011574 0.007865651448567709 0.010851937753182873
0 0.6116173201317852 0.8033628188778217 0.009318457709418403 0.014466236255787038
0 0.7164011213514541 0.40303960729528354 0.0066234164767795135 0.010603162977430556
0 0.3498607423570422 0.2715938144259983 0.007745446099175347 0.011206789369936344
0 0.34834759068458127 0.4083014402924415 0.009108649359809028 0.0134038006817853
0 0.45352372063530816 0.3930849428530092 0.007744767930772569 0.010835831253616899
0 0.6648480309380425 0.6632517779314959 0.00759463840060764 0.011026848687065972
0 0.38226121266682944 0.5035304034197773 0.006617016262478298 0.009131933141637731
0 0.4210557513766819 0.2829077544035735 0.006051678127712673 0.007498281973379629
0 0.5297753228081598 0.8153426276312934 0.007609049479166668 0.012259984899450231
0 0.5929730309380424 0.6584970827455874 0.009388139512803819 0.011171976725260414
0 0.5909141131343181 0.44883172469025806 0.006216473049587673 0.008189646402994792
0 0.2997213787502713 0.7654943960684318 0.00659603542751736 0.009112322771990741
0 0.3155199973058 0.6588414876713677 0.00841409895155165 0.011452964500144675
0 0.4145550621880425 0.7798917417173031 0.007675933837890625 0.01124007613570602
0 0.4207824283175998 0.8096878334327982 0.0078887939453125 0.011756444860387731
0 0.7024593939543954 0.5636883980347436 0.005918714735243056 0.007542193377459491
0 0.44462125566270616 0.5967284873679831 0.00985857645670573 0.01142742015697338
0 0.35868777169121635 0.47031484533239293 0.006647300720214844 0.008945097746672454
0 0.24712118572658967 0.6248058742947048 0.008209080166286893 0.012486210575810185
0 0.6351347605387371 0.21256452489782263 0.008709801567925347 0.013338442201967593
0 0.4819679896036784 0.23413480829309535 0.009498299492730036 0.01120618184407552
0 0.25515246921115453 0.6759876957646124 0.008968522813585069 0.011314900716145833
0 0.24828337951030136 0.5685613276654553 0.008345004537868697 0.01642508829675748
0 0.2709341061130879 0.5139876471955834 0.008345004537868732 0.00900730648531855
0 0.315928492052116 0.6155486403736279 0.007586367761698795 0.011078505302798334
0 0.3637948600723587 0.5892973995474319 0.007225112153998907 0.009633482871998566
0 0.37517441171490695 0.5746063381676341 0.006141345330899099 0.011078505302798334
0 0.381135129241956 0.5782188942446337 0.007947623369398827 0.008670134584798745
0 0.38998589163060465 0.5794230796036334 0.006863856546299019 0.0081884604411988
0 0.39287593649220426 0.5729204786650344 0.006863856546299019 0.009633482871998354
0 0.5196766547948848 0.6020617643528299 0.007586367761699009 0.012041853589998154
0 0.5016138744098876 0.562323647505836 0.006141345330899099 0.009633482871998495
0 0.5034201524483872 0.5582294172852367 0.003973811684699342 0.0081884604411988
0 0.4700040087361424 0.5572660689980369 0.005057578507799292 0.010115157015598513
0 0.466572080462993 0.5531718387774375 0.006141345330899099 0.009633482871998495
0 0.4707265199515423 0.5317373393872407 0.00939264580019845 0.011078505302798263
0 0.46928149752074255 0.5413708222592392 0.010115157015598442 0.013005201877197906
0 0.4616951297590437 0.5334231988898405 0.006502600938598988 0.009633482871998424
0 0.4768678652824414 0.49898349762244565 0.00505757850779915 0.010115157015598513
0 0.4187057124427503 0.5252347384486417 0.009392645800198522 0.010596831159198388
0 0.4105774612695015 0.529569805741041 0.005418834115499252 0.012523527733597889
0 0.39106965845370456 0.5078944692790444 0.009031390192498705 0.016376920882397526
0 0.5296111840066333 0.4503344091188532 0.008670134584798603 0.014931898451597689
0 0.5182316323640851 0.46936053779105025 0.007586367761698795 0.011560179446398209
0 0.5052264304868871 0.47586313872964925 0.006863856546298948 0.011078505302798263
0 0.4521218561549951 0.41974810100025794 0.0075863677616989375 0.008670134584798674
0 0.4320721699276483 0.42841823558505654 0.007947623369398756 0.009633482871998566
0 0.42701459141984904 0.41372717420525873 0.006502600938598988 0.00915180872839862
0 0.4271952192236989 0.43467999945185554 0.009031390192498705 0.006743438010399032
0 0.3423001514142119 0.41396801127705873 0.009753901407898481 0.013486876020797851
0 0.39486284233455393 0.45394696519585254 0.012282690661798127 0.011560179446398209
0 0.3926953086883542 0.46213542563705134 0.009392645800198522 0.009633482871998566
0 0.36180795423000894 0.4809207172374485 0.006863856546298877 0.008670134584798745
0 0.3652398825031585 0.48043904309384855 0.007225112153998907 0.008670134584798674
0 0.3569310035260597 0.4917583854684468 0.005057578507799292 0.008188460441198657
0 0.35548598109526 0.5050044244174449 0.00578008972319914 0.010596831159198317
0 0.36451737128775863 0.5206588340844424 0.010115157015598371 0.012041853589998226
0 0.3768000619495567 0.5900199107628318 0.005057578507799221 0.011078505302798405
0 0.3786063399880564 0.608323528219629 0.012282690661798127 0.019748639887597008
0 0.31628974765981593 0.39446020846126173 0.008308878977098715 0.011078505302798263
0 0.3394101065526124 0.36989482713766547 0.004696322900099332 0.008188460441198728
0 0.3457320796873614 0.37254403492746513 0.0065026009385990595 0.008670134584798745
0 0.3408551289834122 0.37904663586606413 0.006141345330899028 0.0062617638667990146
0 0.34320329043346187 0.3845858885174633 0.010115157015598442 0.006743438010398961
0 0.40010104864620316 0.37471156857366483 0.005418834115499252 0.00915180872839862
0 0.39504347013840385 0.3788057987942642 0.006863856546298948 0.008670134584798603
0 0.39829477060770346 0.3845858885174633 0.005418834115499109 0.006743438010398961
0 0.3739100170879571 0.31402062648007406 0.007947623369398827 0.013005201877198082
0 0.34609333529506137 0.25308884731468345 0.006502600938598988 0.01156017944639828
0 0.3540409586644601 0.24562289808888457 0.005057578507799221 0.010115157015598442
0 0.36054355960305917 0.24610457223248453 0.007225112153998907 0.011078505302798297
0 0.42213764071589976 0.26657572333548135 0.006141345330899028 0.009633482871998495
0 0.41473190075805083 0.25549721803268305 0.009392645800198522 0.010596831159198388
0 0.3945015867268539 0.2709107906278807 0.007225112153998978 0.009633482871998566
0 0.3899858916306047 0.26585321212008145 0.004696322900099332 0.010115157015598406
0 0.38492831312280545 0.27909925106907946 0.011921435054098097 0.009633482871998495
0 0.38890212480750486 0.29065943051547766 0.008308878977098715 0.010596831159198388
0 0.40082355986160295 0.23454439278608624 0.006863856546298948 0.0081884604411988
0 0.3935984477076041 0.2193716572626886 0.008308878977098715 0.00867013458479871
0 0.3831220350843057 0.23165434792448672 0.007586367761698795 0.011078505302798334
0 0.38167701265350595 0.22539258405768764 0.006863856546299019 0.010115157015598406
0 0.4703652643438423 0.3173923454852736 0.006502600938598917 0.013005201877198011
0 0.49601441249053835 0.3566487881886675 0.006502600938598917 0.014450224307997743
0 0.5409907356491815 0.3405127043780701 0.006863856546298948 0.00915180872839862
0 0.577116296419176 0.3691723159222656 0.008308878977098786 0.01156017944639828
0 0.557066610191829 0.4139680112770588 0.010115157015598513 0.010596831159198388
0 0.5659173725804777 0.3048688177516755 0.005418834115499109 0.007225112153998907
0 0.5704330676767271 0.31233476697747437 0.008670134584798745 0.00867013458479871
0 0.5456870585492808 0.30992639625947477 0.006863856546298948 0.00867013458479864
0 0.5458676863531308 0.30053375045927616 0.005057578507799292 0.008188460441198692
0 0.5525509150955799 0.3022196099618759 0.004696322900099403 0.006743438010398997
0 0.5532734263109796 0.29619868316687686 0.005418834115499252 0.007225112153998943
0 0.5558022155648793 0.30173793581827596 0.00469632290009919 0.00867013458479871
0 0.5113677758177861 0.32678499128547217 0.0054188341154991805 0.01059683115919846
0 0.46368203560139337 0.3190782049878733 0.006141345330899028 0.00867013458479871
0 0.5642917223458279 0.2138324046112894 0.007947623369398756 0.009151808728398585
0 0.5931921709618234 0.28560185200767846 0.008670134584798603 0.013968550164397797
0 0.6087261620929211 0.27524585792028006 0.007225112153998836 0.010596831159198352
0 0.6117968347583705 0.24803126880688417 0.008308878977098715 0.011078505302798334
0 0.6173962966777198 0.23647108936048597 0.007947623369398684 0.020711988174796865
0 0.6170350410700197 0.21551826411388916 0.006502600938598988 0.009633482871998531
0 0.6188413191085195 0.20588478124189066 0.008670134584798603 0.011560179446398245
0 0.6009591665273724 0.223465887483288 0.007586367761698725 0.014931898451597725
0 0.6033073279774218 0.2200941684780885 0.007225112153998907 0.015895246738797546
0 0.6004172831158224 0.203476410523891 0.007225112153998907 0.011560179446398245
0 0.7257729789877032 0.3378634965882705 0.007947623369398827 0.011560179446398209
0 0.6262470590663684 0.25477470681728315 0.00614134533089917 0.009151808728398585
0 0.6190219469123696 0.25646056631988295 0.005418834115499252 0.007706786297598853
0 0.6188413191085195 0.262481493114882 0.004335067292399373 0.0072251121539988715
0 0.6168544132661699 0.2651307009046816 0.005418834115499252 0.006743438010398961
0 0.5610404218765285 0.23671192643228595 0.007947623369398827 0.009633482871998531
0 0.6919955796677583 0.3718215237120652 0.0054188341154991805 0.007225112153998907
0 0.6818804226521599 0.3653189227734663 0.006141345330898957 0.0125235277335981
0 0.6730296602635113 0.3715806866402653 0.005780089723199211 0.008670134584798674
0 0.6537024852515642 0.360020507193867 0.007586367761698795 0.007706786297598783
0 0.6394328887474164 0.4077062474102597 0.007947623369398756 0.008670134584798674
0 0.5897602426886739 0.41565387077965854 0.006141345330899028 0.009151808728398549
0 0.5848832919847247 0.4315491175184561 0.005780089723199211 0.009151808728398549
0 0.588857103669424 0.43082660630305625 0.006502600938598988 0.008670134584798816
0 0.5915665207271736 0.43708837016985524 0.0046963229000991195 0.006743438010398961
0 0.5951790768041731 0.45948621784725174 0.006141345330899099 0.010115157015598513
0 0.5689880452459272 0.4288999097286565 0.005780089723199069 0.010596831159198388
0 0.5558022155648792 0.465025470498651 0.008308878977098644 0.011560179446398209
0 0.5458676863531307 0.46117207734985155 0.005057578507799079 0.009633482871998495
0 0.7317336965147523 0.43130828044665614 0.006863856546299019 0.010596831159198388
0 0.7348043691802018 0.4207114492874578 0.005780089723199069 0.007706786297598783
0 0.7290242794570025 0.3968685791792614 0.005780089723199211 0.011078505302798334
0 0.7568409612498983 0.3949418826048617 0.007947623369398684 0.0081884604411988
0 0.7806838313580947 0.45635533591385224 0.009392645800198806 0.01059683115919846
0 0.5679042784228274 0.45515115055485245 0.006502600938598988 0.011078505302798334
0 0.5601372828572785 0.43443916238005564 0.006141345330899028 0.011078505302798334
0 0.6844092119060595 0.5288472945256412 0.009753901407898412 0.009151808728398762
0 0.7481708266650997 0.5047635873456449 0.005057578507799292 0.008188460441198728
0 0.7680398850885966 0.5078944692790442 0.00650260093859913 0.009633482871998495
0 0.5825351305346751 0.569307922588035 0.009753901407898481 0.011078505302798334
0 0.6271501980856182 0.5611194621468362 0.007225112153998907 0.010115157015598371
0 0.6383491219243165 0.5673812260136352 0.006502600938598988 0.009151808728398549
0 0.621911991773969 0.5252347384486417 0.00686385654629909 0.011560179446398209
0 0.6078230230736712 0.5254755755204417 0.008308878977098644 0.010115157015598371
0 0.6083649064852211 0.5329415247462406 0.007947623369398756 0.007706786297598853
0 0.6054748616236216 0.5365540808232399 0.00578008972319914 0.011078505302798263
0 0.6015010499389222 0.543056681761839 0.006502600938598988 0.009633482871998495
0 0.6011397943312222 0.5177687892228429 0.010115157015598513 0.012041853589998083
0 0.6060167450351714 0.5059677727046447 0.006141345330899028 0.008670134584798603
0 0.5856058032001247 0.48212490259644836 0.009392645800198593 0.012041853589998154
0 0.7404038310995509 0.6131402696556283 0.006863856546298877 0.012041853589998154
0 0.6941631133139581 0.5575069060698368 0.007586367761698795 0.011560179446398209
0 0.6134224849930203 0.6049518092144295 0.008670134584798745 0.011078505302798263
0 0.5586922604264788 0.5572660689980369 0.009031390192498562 0.012041853589998083
0 0.6437679560398157 0.634093094902225 0.010115157015598513 0.013486876020797851
0 0.6732102880673613 0.6377056509792244 0.006863856546299019 0.008188460441198728
0 0.6802547724175102 0.6326480724714253 0.007947623369398684 0.008670134584798816
0 0.6688752207749619 0.6422815553434239 0.006863856546298877 0.009633482871998495
0 0.5615823052880784 0.5931507926962314 0.006863856546299019 0.008670134584798745
0 0.5409907356491814 0.5866481917576323 0.007586367761698866 0.007225112153998765
0 0.5415326190607314 0.5924282814808315 0.007947623369398827 0.009151808728398478
0 0.5382813185914319 0.6051926462862295 0.007225112153998765 0.010596831159198388
0 0.5203991660102847 0.6365014656202246 0.008308878977098786 0.008670134584798674
0 0.7584666114845482 0.634333931974025 0.009753901407898695 0.013005201877197977
0 0.7528671495651991 0.6379464880510245 0.005780089723199069 0.010596831159198388
0 0.5480352199993305 0.6545642460052218 0.007947623369398684 0.009151808728398549
0 0.6470192565091153 0.6877997619136168 0.007947623369398827 0.013968550164397868
0 0.7021107366833568 0.7268153675452109 0.009753901407898412 0.01493189845159776
0 0.7230635619299537 0.6868364136264169 0.008308878977098715 0.013968550164397868
0 0.734081857964802 0.7024908232934146 0.007225112153998907 0.010596831159198388
0 0.6293177317318179 0.7029724974370146 0.007947623369398756 0.012523527733598029
0 0.6219119917739692 0.7164593734578125 0.009753901407898412 0.01059683115919853
0 0.6388910053358665 0.7181452329604121 0.0075863677616989375 0.011078505302798192
0 0.6267889424779183 0.744637310858408 0.007225112153998907 0.011078505302798334
0 0.6018623055466221 0.7441556367148081 0.006502600938598988 0.011078505302798334
0 0.6134224849930204 0.7566791644484064 0.005780089723199211 0.010115157015598442
0 0.6242601532240187 0.7737785965462038 0.007947623369398969 0.009633482871998495
0 0.6600244583863133 0.7930455622902008 0.008670134584798603 0.01156017944639828
0 0.6889249070023088 0.7586058610228059 0.010837668230998361 0.013005201877197977
0 0.6345559380434672 0.7961764442236003 0.009031390192498562 0.011078505302798192
0 0.55074463705708 0.7894330062132013 0.007586367761698795 0.012041853589998226
0 0.5527315428994298 0.7985848149415999 0.010115157015598513 0.0081884604411988
0 0.694885624529358 0.822668522121596 0.010476412623298473 0.01493189845159776
0 0.6300402429472178 0.8544590155991912 0.00939264580019845 0.009151808728398833
0 0.6188413191085195 0.8554223638863911 0.008670134584798674 0.011078505302798334
0 0.5796450856730755 0.856385712173591 0.007586367761698795 0.011078505302798192
0 0.504865174879187 0.6943023628522158 0.006863856546298948 0.012523527733598171
0 0.5131740538562857 0.6844280429084173 0.006863856546299019 0.01589524673879751
0 0.49745943492133804 0.7496948893662073 0.0065026009385990595 0.008670134584798603
0 0.5026976412329873 0.7559566532330063 0.009753901407898481 0.01156017944639828
0 0.4844542330441401 0.7564383273766063 0.007225112153998907 0.010596831159198246
0 0.48752490570958956 0.7614959058844054 0.006863856546298948 0.007225112153998907
0 0.47939665453634084 0.7624592541716052 0.009392645800198522 0.010115157015598442
0 0.4942081344520386 0.7952130959364002 0.007225112153998907 0.013968550164397868
0 0.5045039192714869 0.816165921182997 0.0068638565462988054 0.010596831159198388
0 0.5203991660102845 0.8192968031163965 0.008308878977098715 0.010115157015598442
0 0.46368203560139326 0.8219460109061961 0.009031390192498634 0.008670134584798603
0 0.48896992814038936 0.8289302859883952 0.006863856546299019 0.009151808728398549
0 0.4812029325748405 0.7928047252184007 0.0065026009385990595 0.009151808728398691
0 0.48481548865183993 0.790637191572201 0.007225112153998907 0.009633482871998495
0 0.47488095944009145 0.7961764442236001 0.006141345330899028 0.011078505302798192
0 0.4582632014858941 0.7819670569874023 0.006863856546299019 0.01059683115919853
0 0.4555537844281444 0.764385950746005 0.00939264580019845 0.012041853589998083
0 0.38962463602290465 0.869872588194389 0.01119892383869825 0.013005201877198119
0 0.3430226626296118 0.7903963545004011 0.009753901407898552 0.01493189845159776
0 0.35060903039131064 0.7935272364338007 0.009031390192498634 0.012523527733598171
0 0.33814571192566256 0.7468048445046078 0.008670134584798745 0.013486876020797922
0 0.3749937839110569 0.7036950086524143 0.007225112153998978 0.010115157015598585
0 0.3760775507341567 0.6983965930728152 0.006502600938598988 0.011078505302798334
0 0.2991301062940685 0.6853913911956172 0.007947623369398756 0.012041853589998083
0 0.308884007701967 0.6468574597076231 0.008670134584798674 0.013005201877197977
0 0.3043683126057177 0.6562501055078216 0.00830887897709875 0.012523527733598029
0 0.3083421242904171 0.6750353971082188 0.007586367761698831 0.010596831159198388
0 0.3112321691520166 0.6704594927440195 0.007586367761698866 0.013005201877197977
0 0.3712006000302074 0.6432449036306238 0.009753901407898481 0.0125235277335981
0 0.380593245830406 0.6468574597076231 0.007586367761698795 0.014931898451597831
0 0.48445423304414015 0.6487841562820229 0.013005201877197977 0.012041853589998083
0 0.26770086842417334 0.7082709130166137 0.01083766823099829 0.013486876020797922
