0 0.3782900916205512 0.29185487252694586 0.010556793212890625 0.01479997988100405
0 0.5693870544433594 0.6154653195981625 0.008547888861762153 0.01107635498046875
0 0.5864968829684787 0.3058230364764178 0.009648089938693576 0.013065479419849537
0 0.359011533525255 0.7384099889684608 0.009040684170193143 0.012522944697627315
0 0.48666511111789285 0.41915020412868925 0.009160063001844618 0.01173485649956597
0 0.45763452317979597 0.5959621288158276 0.009869215223524306 0.012733742042824075
0 0.7150015301174588 0.6268994084110967 0.009048758612738714 0.012289937337239583
0 0.3196424378289117 0.66493815669307 0.00883172353108724 0.011739264594184028
0 0.6192844178941516 0.2509163750542535 0.009701750013563368 0.012678923430266205
0 0.5478032218085395 0.29292923256202974 0.010234959920247396 0.014955506501374423
0 0.4342471652560764 0.3164978309913918 0.009593539767795138 0.013156467013888888
0 0.3426197793748644 0.7310607062445748 0.00950722164577908 0.011948592574508102
0 0.4842843585544162 0.8383711355703848 0.008325915866427952 0.010948633264612269
0 0.4096659130520291 0.6170284977665655 0.009654871622721354 0.012122429741753472
0 0.42014764149983724 0.6961269802517361 0.009586970011393229 0.012834110966435185
0 0.4896655400594076 0.21096993905526618 0.009879345364040799 0.012785650182653357
0 0.5147458394368489 0.8164510656286168 0.007842169867621528 0.010574905960648149
0 0.5786712646484375 0.6964298107005932 0.008467356363932291 0.01201946117259838
0 0.5855174170600044 0.770427958170573 0.008232964409722222 0.011336602105034722
0 0.7040638181898329 0.4598250918918185 0.00964215596516927 0.011600833468967014
0 0.6513023164537217 0.7401810257523148 0.00651139153374566 0.009676332826967593
0 0.5540085262722438 0.5561972158926505 0.008620961507161459 0.011870772750289351
0 0.5405126995510525 0.40292262324580436 0.007120217217339409 0.010088320131655093
0 0.3266618117120851 0.2924435043344651 0.005789272183590768 0.007433139593746141
0 0.32380291186833654 0.29959075394383633 0.004502767253903955 0.008767292854162072
0 0.31997913332732286 0.3039267520401882 0.0047171847421850184 0.006575469640621599
0 0.3831913431236972 0.22974581413302225 0.0073410974147647325 0.010060022383196098
0 0.5107833854300208 0.18772839848833806 0.006302574655536546 0.012388565989576853
0 0.5056178732123389 0.1879016651455349 0.005977699673292278 0.011175699389198712
0 0.6530765467427346 0.4007352799542811 0.006399647300231095 0.008071627225516593
0 0.6538981230853319 0.4107095050258124 0.005794275258317327 0.006803228661506821
0 0.7449633745332139 0.4496839336290212 0.007177982782691572 0.009340025789526364
0 0.7706112843972349 0.5015521441044204 0.005232144076540237 0.007394763628176762
0 0.7776223574597988 0.4932504755029765 0.005860001365724941 0.009487621258792983
0 0.7644896758276828 0.4872509502952104 0.005964644247255819 0.007534287470217933
0 0.7407357417201902 0.5055983355236114 0.007011073062563895 0.009069049732669612
0 0.7484269935127043 0.4878090456633747 0.004604286787355392 0.008092382838382263
0 0.7618736037894126 0.47106618461844596 0.007011073062563895 0.007813335154300063
0 0.7709252130418274 0.45474189509964047 0.004395001024293776 0.005860001365725082
0 0.7662686048137065 0.45648594312515384 0.00680178729950228 0.007394763628176832
0 0.7580541386135384 0.4606018964653655 0.005232144076540237 0.006697144417971543
0 0.7748493210992325 0.47574023332682186 0.004499643905824655 0.006278572891848242
0 0.7675243193920761 0.46764785048843976 0.004081072379701282 0.007394763628176903
0 0.7719716418571355 0.46353189714822807 0.004604286787355392 0.0069761921020536025
0 0.7536068161484792 0.4699499938821174 0.005336786958071116 0.008929525890628724
0 0.7492118151241854 0.5115280988103571 0.005755358484194204 0.007255239786135732
0 0.7582111029358346 0.5004359533680919 0.0049182154319478855 0.011859526573491194
0 0.7423381081660502 0.4993390684676531 0.005191333352743186 0.007765897048006138
0 0.7435409780892468 0.48760581097120903 0.007597073199136446 0.007597073199136375
0 0.7639043433932696 0.4619397938780648 0.0050979843158089014 0.0073410974147647325
0 0.7822570869301814 0.47199981626126086 0.004690145570543933 0.006797312421078488
0 0.7826649256754462 0.4849147098613099 0.0059136618063382685 0.006525419924235223
0 0.7678807711596005 0.4790690211791825 0.005709742433705855 0.006797312421078417
0 0.6859051833613944 0.6326882818955554 0.005301903688441314 0.012235162357941221
0 0.6811659347988703 0.650886291622024 0.005525144144826442 0.006599477728542667
0 0.6941730449731495 0.6660036999071743 0.005294929805458679 0.0070599064072781915
0 0.7017125645874438 0.672756653861962 0.004258965278303748 0.006139049049807142
0 0.7008492608148148 0.6676152002827487 0.005525144144826442 0.006599477728542667
0 0.6968205098758787 0.6712218915995103 0.004374072447987629 0.006752953954787842
0 0.6923313302582074 0.6855719187534348 0.004604286787355392 0.006906430181032874
0 0.6891083295070586 0.681965227436673 0.0050647154660907745 0.008594668669730084
0 0.6924464374278911 0.6798165602692405 0.004143858108619725 0.007059906407278334
0 0.688705454413165 0.6942433255362874 0.005179822635774798 0.006139049049807284
0 0.6787486842355086 0.6897157768620547 0.0052949298054588215 0.006906430181033159
0 0.6696552178304819 0.6573322931243216 0.005985572823561967 0.007213382633523509
0 0.6620581446313455 0.663624818400374 0.004834501126723154 0.006906430181033159
0 0.6679286102852237 0.6645456757578452 0.004834501126723154 0.005985572823561967
0 0.665568913306704 0.6779748455542983 0.007021537350716898 0.009515526027201276
0 0.6839285068712836 0.6647758900972128 0.0048345011267232965 0.006752953954787984
0 0.6782882555567731 0.6802769889479763 0.006676215841665396 0.008594668669730226
0 0.6370023273774411 0.8187142773533372 0.006584130105918149 0.008778840141224152
0 0.6353562948509616 0.8248763478370813 0.005571187012699994 0.008272368594615075
0 0.542165530274888 0.7974424723957552 0.0063308943326136815 0.007765897048005997
0 0.49753272522996156 0.9064182668411456 0.005697804899352335 0.0086100162923546
0 0.3773142601186049 0.8059724534679334 0.005821890428271601 0.008783904856690583
0 0.2658920070860821 0.508319985376065 0.005525144144826442 0.006752953954787913
0 0.259963987847362 0.5067852231136133 0.005410036975142667 0.006446001502297563
0 0.26192080973198806 0.511159295561601 0.004719393957039309 0.0056786203710715456
0 0.2582373803021038 0.5330296578015392 0.0056402513145103585 0.006446001502297563
0 0.3761452526210013 0.3802757225864315 0.0046613647227358255 0.0076103913840585595
0 0.3802358379899327 0.3892813523909007 0.005802923430344649 0.006341992820048717
0 0.5787406497241865 0.40028298000166757 0.008402823386923544 0.011050288289652955
0 0.5709133621856823 0.3907674539744663 0.0063308943326136815 0.007673811312258963
0 0.566136414643801 0.39744366981613166 0.0062157871629298 0.007520335086013859
0 0.5566976267297225 0.3946810977437184 0.004834501126723225 0.005064715466090988
0 0.5573307161629839 0.39928538453107393 0.005870465653878014 0.005678620371071688
0 0.564179592759175 0.386700333978969 0.007597073199136517 0.009362049800955887
0 0.5688414331313723 0.37396180720061906 0.005410036975142632 0.00874814489597533
0 0.56521555728633 0.37142944946757367 0.004143858108619938 0.005218191692336163
0 0.56314362823202 0.3758035219155613 0.004604286787355463 0.007827287538504138
0 0.5594026452172938 0.37741502229113566 0.005179822635774869 0.007980763764749313
0 0.5528415365453124 0.3913046207663244 0.005870465653878085 0.007520335086013859
0 0.5440358380644951 0.3704318539969799 0.003683429429884342 0.004143858108619796
0 0.5466833029672246 0.3737315928612513 0.004374072447987629 0.005832096597316863
0 0.5392588905226138 0.3805612849291618 0.005179822635774798 0.007827287538504209
0 0.5367840863744103 0.3834773332278202 0.005294929805458679 0.006292525276052388
0 0.5267122090270704 0.36958773475263146 0.005410036975142632 0.007059906407278263
