0 0.3218498229980469 0.2692027966181438 0.008892202377319336 0.012276538213094075
0 0.45659375190734863 0.21825632254282634 0.010037708282470702 0.012693007787068687
0 0.5500324964523315 0.2698438326517741 0.009285402297973634 0.011192258199055989
0 0.41853156089782717 0.7912964820861816 0.009500694274902344 0.012740898132324218
0 0.43357346057891843 0.4731293201446533 0.009824132919311524 0.012666861216227211
0 0.467655873298645 0.7534190495808919 0.008951139450073243 0.01155560811360677
0 0.5409311771392822 0.32060918807983396 0.008625602722167969 0.010906600952148437
0 0.4090824365615845 0.38073852856953944 0.00876917839050293 0.012822628021240234
0 0.540970253944397 0.4440300941467285 0.010419225692749024 0.013930320739746094
0 0.6821475267410279 0.4459340572357177 0.010753774642944336 0.013096650441487633
0 0.41989846229553224 0.7193665822347006 0.00762176513671875 0.00970306396484375
0 0.3470742225646973 0.22170596917470298 0.008482599258422851 0.010880549748738609
0 0.3098948359489441 0.2606344779332479 0.008867764472961425 0.011543639500935872
0 0.728105902671814 0.44338526725769045 0.010211801528930664 0.013261572519938153
0 0.3204182744026184 0.2963643868764242 0.00839827060699463 0.012844308217366535
0 0.43981878757476806 0.33519636789957685 0.007877779006958009 0.010225931803385414
0 0.2893528699874878 0.6742973963419597 0.009192132949829101 0.01186078389485677
0 0.45241293907165525 0.40712704658508303 0.008902168273925782 0.011606566111246745
0 0.5230834571538673 0.7771719343583322 0.009083080291748046 0.010991223653157552
0 0.5053056955337524 0.745129140218099 0.008525800704956055 0.011471811930338542
0 0.3625944256782532 0.3160003821055094 0.008498644828796387 0.011773204803466797
0 0.7450942754745483 0.5699566841125489 0.009716463088989259 0.011507225036621094
0 0.28394274711608886 0.4561151504516602 0.008334970474243164 0.011329396565755207
0 0.3856237115343253 0.3728741864985837 0.007831716537475586 0.009550348917643229
0 0.41194021701812744 0.7517661412556965 0.008042573928833008 0.009702173868815105
0 0.43664963245391847 0.7537101109822593 0.008818674087524413 0.011068089803059894
0 0.5104235172271728 0.5128062089284261 0.008399391174316406 0.011194324493408203
0 0.74548819065094 0.3061515172322591 0.008062028884887695 0.01164073944091797
0 0.5457532167434693 0.5637489636739095 0.009124135971069336 0.012228584289550782
0 0.5943140029907227 0.433477783203125 0.008715343475341798 0.012065188090006512
0 0.7204447688539664 0.47342417586682695 0.007943868637084961 0.010790220896402995
0 0.29580642104016236 0.3749413344941778 0.009273195266723632 0.012973435719807943
0 0.6463925838470459 0.43035407066345216 0.008543777465820312 0.010994434356689453
0 0.6382032871246338 0.5973102887471516 0.010216331481933594 0.013049125671386719
0 0.7124759435653687 0.279876184463501 0.010256719589233399 0.012600866953531902
0 0.30607900619506834 0.3089900811513265 0.009418201446533204 0.014047082265218098
0 0.5746434450149536 0.24460954666137696 0.009966611862182617 0.012206427256266276
0 0.5016788721084595 0.498997433980306 0.00872960090637207 0.01197662353515625
0 0.5539982080459595 0.38450773557027185 0.009563493728637695 0.012109533945719403
0 0.7292464017868042 0.5951559702555338 0.00787978172302246 0.012219492594401042
0 0.3209003806114197 0.37361294428507485 0.00796196460723877 0.01074371337890625
0 0.6345074892044068 0.753945827484131 0.008185911178588866 0.010847409566243492
0 0.5115067958831787 0.414194917678833 0.009846019744873046 0.013100783030192055
0 0.5380040645599365 0.4862874666849772 0.010120391845703125 0.013100624084472656
0 0.5441958665847779 0.191423765818278 0.009324407577514649 0.012650203704833985
0 0.7159826993942261 0.30057002703348795 0.00857529640197754 0.011232916514078777
0 0.5094710185656984 0.5432637587799336 0.010005664825439454 0.013643836975097657
0 0.517319281282269 0.32770581603386234 0.009695100784301757 0.011984761555989583
0 0.4035424828529358 0.5945960362752278 0.008472323417663574 0.011482493082682293
0 0.43459688618838876 0.3998143867216591 0.00853872299194336 0.01076857248942057
0 0.7084544181823731 0.6059157689412435 0.008918190002441406 0.01132074991861979
0 0.5450943231582641 0.5116642475128174 0.009186220169067384 0.011531670888264976
0 0.29948821067810055 0.5844676335652669 0.008269405364990235 0.010709126790364586
0 0.4886858701705933 0.6842794418334961 0.007758665084838867 0.011040623982747395
0 0.7338006019592285 0.6565094947814941 0.009186363220214844 0.012843386332194012
0 0.4730240821838379 0.26160806814829507 0.00923013687133789 0.010759592056274414
0 0.30211058855056766 0.5367887020111085 0.00933244228363037 0.012234465281168621
0 0.24745752811431884 0.5558673858642578 0.0075476646423339845 0.01051953633626302
0 0.32438971561739904 0.46379971223580635 0.008124160766601562 0.010096327463785809
0 0.5322986125946045 0.6081098556518555 0.008830451965332031 0.010695648193359376
0 0.48713572025299073 0.7989288965861003 0.00754094123840332 0.009693654378255208
0 0.2788350354301574 0.5554279820591075 0.009524011475725836 0.00919559728690757
0 0.2638921898389325 0.5878315153558298 0.007225112153998907 0.010947139627271127
0 0.2707888878041132 0.5867368013931027 0.006568283776362591 0.010509254042180274
0 0.2816265560351116 0.3734865214538625 0.008538768909271468 0.013136567552725253
0 0.34911567183723763 0.3966944574636772 0.00821035472045331 0.01138502521236191
0 0.3512503640645555 0.38684203179913323 0.009852425664543958 0.01007136845708942
0 0.37916557011409663 0.37392440703895347 0.007881940531635222 0.01138502521236191
0 0.31545321748337907 0.33757990347641353 0.008538768909271468 0.012260796382543617
0 0.4507598632764493 0.31787505214732564 0.0059114553987263466 0.00875771170181686
0 0.4463262717274046 0.31196359674859925 0.007553526342817065 0.007444054946544334
0 0.42251624303808993 0.2504406720433359 0.007225112153998836 0.008757711701816788
0 0.4190678940554996 0.2460618161924275 0.006239869587544505 0.00875771170181686
0 0.41381326703440946 0.24387238826697336 0.0062398695875444336 0.009633482871998531
0 0.4246509352654078 0.26948869499478756 0.006239869587544505 0.01445022430799778
0 0.4978872993718512 0.28809883236114836 0.00821035472045338 0.015763881063270303
0 0.5172637365121209 0.23861776124588321 0.006896697965180607 0.010509254042180203
0 0.5836034026533835 0.3277274778118695 0.006896697965180749 0.011822910797452764
0 0.46340380954594734 0.1499459302649877 0.004926212832271943 0.008319826116726058
0 0.4555218690143122 0.12783270821790016 0.00558304120990826 0.012260796382543581
0 0.42054575790518123 0.13177367848371777 0.005911455398726418 0.014012338722906944
0 0.41660478763936354 0.12870847938808186 0.0059114553987263466 0.01138502521236191
0 0.41102174642945544 0.1341820492017174 0.009195597286907642 0.010071368457089384
0 0.4903337730290341 0.17687589374807447 0.007553526342817065 0.013136567552725253
0 0.4934537078228064 0.1668045252909851 0.007881940531635151 0.01313656755272529
0 0.5440294929007986 0.10550054337826723 0.006568283776362662 0.009633482871998549
0 0.6903380140192762 0.25328692834642647 0.008867183098089412 0.011822910797452728
0 0.7090576227819096 0.3075847408976909 0.00952401147572587 0.013574453137816071
0 0.7599618220487201 0.33429576158823227 0.007553526342817065 0.011822910797452622
0 0.5931274141291093 0.36407198137440944 0.008210354720453238 0.01007136845708935
0 0.5929632070347003 0.4877746591625723 0.007881940531635151 0.011385025212361838
0 0.6008451475663353 0.5501733550380173 0.009852425664543887 0.01007136845708935
0 0.7079081731210463 0.5930861423769199 0.007225112153998907 0.013574453137816108
0 0.7415706274749048 0.5913346000365566 0.00952401147572587 0.01007136845708942
0 0.5905001006185643 0.6215487054078247 0.007553526342817136 0.009195597286907784
0 0.7379580713979053 0.6703729481454537 0.008210354720453238 0.012260796382543617
0 0.707087137649001 0.6931429985701772 0.009524011475725729 0.013136567552725182
0 0.6928011204354121 0.7310201016805351 0.013136567552725324 0.012698681967634257
0 0.6034724610768804 0.7592637219188946 0.006568283776362662 0.010509254042180203
0 0.524981469949347 0.7110963075589019 0.0059114553987263466 0.009633482871998495
0 0.5315497537257096 0.7086879368409024 0.007881940531635294 0.006568283776362591
0 0.5354907239915272 0.7040901381974485 0.006568283776362662 0.007881940531635222
0 0.5129943520574852 0.6977407972136312 0.006239869587544646 0.008319826116726006
0 0.4513509929948944 0.6620226306737378 0.004499643905824584 0.007673811312259034
0 0.4549088509669417 0.666347869777011 0.005336786958071045 0.007115715944094631
0 0.4542286722369916 0.6704638231172225 0.005232144076540237 0.005022858313478622
0 0.4548565295261764 0.6753471575886602 0.0054414298396017104 0.0069761921020536025
0 0.4652684962384914 0.6781376344294816 0.004918215431947814 0.007534287470217862
0 0.4618152811479749 0.680788587428262 0.004918215431947814 0.006697144417971401
0 0.4592515305504702 0.6842766834792888 0.0056507156026634675 0.007813335154300206
0 0.44235170518324524 0.6769516817721325 0.005755358484194275 0.005720477523683911
0 0.4394740259411482 0.6800909682180566 0.005232144076540308 0.008092382838382121
0 0.4352359892391505 0.6960664481317597 0.005336786958071116 0.008510954364505352
0 0.45119402867259817 0.705623831311573 0.005860001365725082 0.009766668942875043
0 0.4474792063782546 0.7087631177574971 0.007848216114810356 0.009069049732669754
0 0.4108541978424729 0.6808583493492827 0.0063832157733791205 0.007673811312259034
0 0.4158770561559516 0.6831604927429603 0.006592501536440665 0.007813335154300063
0 0.4114297336908924 0.6879043033723568 0.006278572891848313 0.008371430522464465
0 0.40138401706393523 0.686090493425823 0.006069287128786627 0.008092382838382121
0 0.4040000891022052 0.6791143013237693 0.005860001365725012 0.009208573574710641
0 0.4043663391875631 0.665440964803744 0.006383215773379049 0.0058600013657252245
0 0.3922800863707552 0.6871369222411309 0.007325001707156318 0.008231906680423293
0 0.3975645518880608 0.6954385908425748 0.006383215773379049 0.007813335154300206
0 0.3809263337246629 0.6916714471074659 0.009731787982364893 0.013115241151860886
0 0.38495508466359885 0.7246688357501796 0.008162144759402707 0.009906192784916215
0 0.33233267442263636 0.7217614480221153 0.00962295519452077 0.012172627083667464
0 0.33776100812210963 0.7283412464457192 0.00715553078566927 0.008224748029504809
0 0.3507149862685799 0.7222549329038855 0.008389242990094985 0.00921171779304558
0 0.5714260996403443 0.7875594322581547 0.009129470312750456 0.016120506137829692
