0 0.7530533684624565 0.5280898200141059 0.009198676215277778 0.012504125524450231
0 0.3098719067043728 0.5768299809208624 0.007647111680772569 0.011126482928240741
0 0.6798643536037869 0.3040699428982205 0.008044221666124132 0.011878684714988425
0 0.4183442009819878 0.5818354006166812 0.008673265245225695 0.011999455204716436
0 0.5394077724880642 0.4545744719328703 0.009083387586805556 0.012512941713686342
0 0.37563902537027993 0.2802225324842665 0.007949193318684896 0.010194368715639468
0 0.26703607771131727 0.4534050129078053 0.008981238471137153 0.012533767135054975
0 0.4197074466281467 0.22582955537018953 0.008860694037543403 0.012378551341869213
0 0.557465320163303 0.5175523546006944 0.008508894178602431 0.011766899956597222
0 0.46449739668104384 0.737842051188151 0.009152009752061633 0.01226055003978588
0 0.661677360534668 0.7365856877079716 0.008719846937391492 0.01158905029296875
0 0.7155643039279513 0.5158894856770834 0.00719028049045139 0.009559348777488427
0 0.5614089330037435 0.27390436243127897 0.007384109497070313 0.010839674207899306
0 0.49373736911349825 0.4333373458297164 0.00792176988389757 0.010570384837962963
0 0.42480572594536675 0.8493866814507379 0.009495332505967883 0.012708480269820601
0 0.5481423695882162 0.43200747172037757 0.00815641615125868 0.01127096105504919
0 0.4514847649468316 0.504817623562283 0.00765567355685764 0.010289340549045138
0 0.31967316733466256 0.39785652160644525 0.008901235792371962 0.012539531566478588
0 0.45151307847764754 0.7187512715657551 0.008488549126519097 0.011183392560040507
0 0.7349324968126085 0.7619777820728444 0.008047909206814237 0.010968300148292824
0 0.7753814697265625 0.5259170532226562 0.008832126193576388 0.012604890046296295
0 0.5481895234849719 0.8748381438078704 0.009326807657877604 0.012323676215277777
0 0.25417501661512587 0.588070876510055 0.008322101169162327 0.011942941171151623
0 0.5712900161743164 0.7264239275896989 0.007745318942599827 0.010886976453993056
0 0.6591534508599176 0.6402237221046729 0.009259117974175347 0.011173107005931713
0 0.38422726525200734 0.24248023562961155 0.007795418633355034 0.010950738412362557
0 0.3970516204833985 0.30718122411657267 0.008800760904947916 0.009950228090639468
0 0.6688872231377496 0.2748356430618851 0.008139419555664062 0.011265027081524886
0 0.5397409227159288 0.7408032452618634 0.007834964328342013 0.010334721317997685
0 0.5070363998413087 0.5017050001356337 0.008114835951063368 0.011000287091290507
0 0.4030043072170681 0.4311441209581164 0.006674151950412327 0.008199338559751157
0 0.3297384579976399 0.5181364271375868 0.007952647738986546 0.009909283673321759
0 0.706452383700651 0.4603827505028566 0.006747182210286458 0.00844562671802662
0 0.46184728410508896 0.4440736982557509 0.008960935804578993 0.010910797119140624
0 0.40410094790988493 0.762381716127749 0.007093005710177952 0.01010730884693287
0 0.5895535998874241 0.6643356323242188 0.006897269354926215 0.009659491644965278
0 0.39262381659613715 0.3909863931161386 0.008035447862413194 0.011469890453197337
0 0.7365722656250001 0.6178176032172309 0.007459004720052082 0.00917827464916088
0 0.2708886252509223 0.4335095158329716 0.0074414147271050345 0.010327374493634259
0 0.41598023308647997 0.26723563582808885 0.007144080268012153 0.009816854971426505
0 0.6220476786295573 0.5636116310402199 0.008688863118489583 0.011218035662615741
0 0.4416222042507595 0.2050355416757089 0.00824737548828125 0.011638782642505787
0 0.6227976269192166 0.7919442918565538 0.007635625203450521 0.009710071705005787
0 0.6212287267049154 0.4918362652813947 0.008661609225802952 0.010294596354166664
0 0.4270653406778971 0.19644911024305556 0.009501605563693576 0.01261817084418403
0 0.5620721605088975 0.6821236504448784 0.007877943250868056 0.010388974790219907
0 0.6572825537787544 0.36359699390552663 0.008128441704644097 0.010670414677372685
0 0.7518589443630641 0.4857380902325666 0.0077106051974826385 0.010659394440827545
0 0.4939004898071289 0.5663304929380064 0.00654250250922309 0.008514008698640047
0 0.6801604208199197 0.8223750817171793 0.007425944010416668 0.009658248336226851
0 0.761684078640408 0.44957259849265774 0.00765228271484375 0.011519057662398725
0 0.5352511723836263 0.7548032689977576 0.007997173733181423 0.01144493950737847
0 0.39331236945258247 0.3554670969645182 0.007387118869357639 0.009128570556640625
0 0.3946294680134861 0.2615645228478201 0.007412804497612848 0.010658292417173032
0 0.3138551923963758 0.4151003095838759 0.008624606662326388 0.011556074354383682
0 0.6979868570963542 0.54546794184932 0.006773885091145833 0.008957191749855323
0 0.7356889512803818 0.6693135014286749 0.008527967664930556 0.010905513057002315
0 0.29537773707177706 0.497491092971854 0.006358098695519026 0.012186355833078153
0 0.3524019347472134 0.5470312786411063 0.008345004537868732 0.013775880506957917
0 0.35319669708415324 0.5353747643659882 0.006755479863988967 0.011656514275118112
0 0.3881662399095079 0.5088826864679923 0.008345004537868732 0.011656514275118112
0 0.4054523207379502 0.4614618670305795 0.010331910380218403 0.011126672717158215
0 0.4153868499496987 0.4720586981897778 0.007152861032458872 0.00688794025347903
0 0.42353316390333245 0.4855696579177558 0.007550242200928921 0.010596831159198317
0 0.43227554960967113 0.4882188657075554 0.006755479863988967 0.008477464927358796
0 0.45154853628046326 0.425962482647265 0.011126672717158287 0.011126672717158287
0 0.4457865093376491 0.5213339630800503 0.006755479863989038 0.014305722064917887
0 0.36988670615989067 0.5801463760136013 0.007550242200928778 0.009007306485318693
0 0.3442556207935796 0.5409381007245674 0.007152861032458872 0.012186355833078295
0 0.4821468862526485 0.5586877929162246 0.008742385706338639 0.013775880506957989
0 0.49625391773333133 0.5576281098003047 0.005960717527049084 0.010596831159198388
0 0.530826079390216 0.52345332931189 0.006755479863988896 0.012186355833078153
0 0.5608283576096964 0.5533893773366255 0.006358098695519062 0.010596831159198317
0 0.5224810748523473 0.5589527136952046 0.0075502422009288495 0.011126672717158287
0 0.40187589022172077 0.38278039567353156 0.007152861032458872 0.011656514275118183
0 0.40406148664830543 0.3748327723041328 0.011524053885628263 0.010596831159198388
0 0.2675610552788813 0.44901059041852137 0.00794762336939879 0.00953714804327852
0 0.2689518893685261 0.43920852159626295 0.006755479863988932 0.011126672717158287
0 0.3802186165401091 0.2961513009470848 0.009139766874808615 0.010066989601238419
0 0.40306803372713057 0.28475970745094653 0.006358098695519061 0.008477464927358654
0 0.4054523207379502 0.2741628762917482 0.006358098695519061 0.010596831159198388
0 0.40724053599606497 0.2701890646070488 0.005165955190109202 0.010066989601238453
0 0.583479084212483 0.21429078024227732 0.007947623369398756 0.008477464927358725
0 0.5826843218755431 0.20475363219899878 0.00635809869551899 0.009537148043278591
0 0.5862607523917726 0.1870039400073415 0.008742385706338568 0.010066989601238453
0 0.6124879095107885 0.22541745295943563 0.009537148043278449 0.012716197391038015
0 0.5610270481939313 0.25084984774151176 0.007550242200928921 0.010596831159198352
0 0.5308260793902161 0.2784016087554275 0.007550242200928921 0.010596831159198423
0 0.5147321420671834 0.27760684641848765 0.006358098695519061 0.009007306485318693
0 0.5012211823392057 0.2778717671974676 0.007947623369398898 0.010596831159198423
0 0.4555223479651625 0.32688211130876005 0.008742385706338639 0.009007306485318622
0 0.5367867969172652 0.3295313190985597 0.005960717527049226 0.010066989601238419
0 0.6639487708276457 0.24025301658231335 0.011524053885628405 0.012716197391038051
0 0.6556037662897768 0.2837000243350267 0.009139766874808544 0.011656514275118183
0 0.6587828156375365 0.3125763892438423 0.006755479863988967 0.010066989601238419
0 0.6492456675942581 0.3191994087183413 0.008345004537868732 0.01165651427511822
0 0.6925602149574811 0.3372140216889785 0.007550242200928921 0.012716197391038051
0 0.7227611837611966 0.3316506853303994 0.007550242200928921 0.011126672717158215
0 0.6995143854057051 0.34012815025775806 0.007152861032458872 0.007947623369398756
0 0.7124292733809782 0.2847597074509466 0.006755479863988967 0.01165651427511822
0 0.7609097759343106 0.3947018307276297 0.009934529211748356 0.01324603894899795
0 0.7774010944258132 0.45828281768282 0.007947623369398827 0.015365405180837613
0 0.7096476052016886 0.46702520338915854 0.005960717527049013 0.008477464927358654
0 0.7126279639652131 0.478151876106317 0.007947623369398969 0.00953714804327852
0 0.6565972192109517 0.4871591825916356 0.006358098695519061 0.00953714804327852
0 0.6697107977704596 0.44371217483892217 0.007947623369398827 0.009537148043278591
0 0.6756715152975087 0.4529844021032208 0.00874238570633878 0.009007306485318622
0 0.6520273357735473 0.47073409429487806 0.007550242200928778 0.009537148043278591
0 0.6464639994149682 0.4853047371387758 0.009139766874808686 0.012186355833078153
0 0.6174551741166625 0.45483884755608045 0.005960717527049084 0.010596831159198317
0 0.6397085195509793 0.5110020526998319 0.005960717527049226 0.010596831159198388
0 0.530627388805981 0.5963065435313788 0.006358098695518919 0.008477464927358512
0 0.5340051287379756 0.601869879889958 0.007550242200928921 0.007947623369398756
0 0.5451318014551338 0.6047840084587375 0.005960717527049084 0.007417781811438786
0 0.5586427611831117 0.6002803552160784 0.007550242200928778 0.00900730648531855
0 0.5818895595386031 0.6016049591109781 0.0071528610324589435 0.010596831159198317
0 0.635933398450515 0.5568333474633649 0.005563336358579179 0.007947623369398756
0 0.63573470786628 0.5663704955066434 0.008345004537868803 0.011126672717158358
0 0.6389137572140395 0.5449119124092667 0.008345004537868732 0.007417781811438928
0 0.6661343672542303 0.5351098435870082 0.006358098695519061 0.011126672717158287
0 0.7764076415046384 0.6421378382949118 0.008345004537868732 0.01218635583307801
0 0.6569946003794217 0.6906183408482444 0.006358098695518919 0.009537148043278591
0 0.6299726809234658 0.7001554888915229 0.008742385706338639 0.008477464927358796
0 0.6250054163175917 0.7033345382392824 0.009934529211748427 0.010596831159198388
0 0.6307674432604057 0.7094277161558216 0.005563336358579249 0.012186355833078153
0 0.6140774341846683 0.7165805771882805 0.007947623369398684 0.008477464927358796
0 0.7136214168863881 0.7454569420970961 0.009139766874808544 0.011126672717158215
0 0.7225624931769618 0.7436024966442364 0.007152861032458872 0.01059683115919853
0 0.7287219012882457 0.7483710706658755 0.006755479863988967 0.010596831159198388
0 0.7597176324289009 0.7136664486195009 0.008345004537868732 0.011126672717158215
0 0.7611084665185459 0.7020099343443826 0.007947623369398827 0.012186355833078295
0 0.7628966817766605 0.6932675486380441 0.008345004537868732 0.011656514275118325
0 0.7086541522805138 0.758967901825074 0.006358098695519061 0.008477464927358796
0 0.6673265107596401 0.7955269693243083 0.007947623369398827 0.011656514275118183
0 0.5787105101908437 0.7971164939981881 0.006358098695519061 0.009537148043278591
0 0.5685772903948602 0.8005604641249274 0.00834500453786866 0.009007306485318764
0 0.6168591023639578 0.8530147783629596 0.008742385706338708 0.009007306485318622
0 0.6210316046328922 0.8818911432717752 0.006755479863988825 0.007417781811438999
0 0.6452718559095585 0.8625519264062382 0.006755479863988967 0.007947623369398684
0 0.648848286425788 0.8622870056272582 0.007550242200928778 0.007417781811438715
0 0.4201554239713379 0.8079782459363665 0.009537148043278591 0.010066989601238419
0 0.4300899531830864 0.8151311069688254 0.007947623369398827 0.009537148043278734
0 0.4304873343515564 0.7944672862083884 0.008742385706338708 0.014835563622877714
0 0.40505493956948024 0.7330056654850378 0.008742385706338639 0.008477464927358796
0 0.39313350451538204 0.765590921299573 0.007947623369398827 0.007947623369398827
0 0.3645220603855465 0.7587029810460939 0.007947623369398756 0.011126672717158215
0 0.35895872402696727 0.7663856836365127 0.008742385706338708 0.011656514275118325
0 0.3468385983886341 0.6967115187647834 0.006755479863989038 0.01006698960123856
0 0.34067919027735 0.7118120031666413 0.007947623369398756 0.010596831159198388
0 0.3114716743948096 0.6847900837106853 0.007550242200928885 0.011656514275118183
0 0.29398690298213226 0.6394886305051122 0.009934529211748462 0.01324603894899802
0 0.34087788086158505 0.6744581733304671 0.009139766874808544 0.01218635583307801
0 0.34445431137781457 0.6832005590368055 0.006755479863988896 0.009537148043278307
0 0.3498189571521587 0.6736634109935271 0.0071528610324589435 0.010596831159198246
0 0.34644121722016424 0.6628016590553487 0.009934529211748498 0.01006698960123856
0 0.4316794778569662 0.6651859460661683 0.004768574021639296 0.010596831159198388
0 0.42591745091415206 0.6447870460847115 0.006755479863989038 0.011126672717158287
0 0.44578650933764896 0.628626878566934 0.005960717527049155 0.00953714804327852
0 0.49784344240721107 0.6906183408482446 0.006755479863988967 0.013775880506957917
0 0.5024133258446155 0.6845251629317053 0.0071528610324589435 0.011126672717158215
0 0.5018172540919105 0.6688948369718878 0.005960717527049084 0.013775880506957777
0 0.5648021692943958 0.5838552669193208 0.005563336358579037 0.010066989601238419
0 0.361343011037787 0.6143211565020161 0.008742385706338708 0.013775880506957848
0 0.3557796746792078 0.6063735331326172 0.008742385706338639 0.011656514275118325
0 0.2721309387162856 0.6180300474077355 0.009139766874808579 0.011656514275118254
0 0.27372046339016537 0.6251829084401943 0.009139766874808615 0.00900730648531855
