0 0.3837082333034939 0.8862087673611111 0.009200795491536459 0.012065407081886574
0 0.3488321198357477 0.6692139237015335 0.009832657708062065 0.012559904875578702
0 0.48927989535861544 0.40459346064814816 0.009061177571614584 0.012079139992042824
0 0.5976293775770399 0.5417521723994502 0.009741634792751737 0.013087745949074074
0 0.4008057064480252 0.330975016841182 0.009531487358940972 0.013486650254991319
0 0.6416092978583443 0.6325116475423177 0.009401660495334202 0.012602459942853007
0 0.7271578894721138 0.5824489734790943 0.010400814480251737 0.013752294469762732
0 0.32274880939059786 0.8051035845721211 0.010419061448838975 0.012979747630931713
0 0.4677211337619358 0.42798843383789065 0.008766259087456598 0.012123842592592592
0 0.5305302725897895 0.463807452166522 0.009841367933485242 0.013131205240885417
0 0.362975099351671 0.8638319227430555 0.009709591335720486 0.013071695963541664
0 0.5611671659681532 0.4720336207637081 0.009602398342556424 0.012337380868417245
0 0.6191677093505858 0.3711059711597584 0.01000128851996528 0.013277039704499423
0 0.7163752237955728 0.7143850255895543 0.009600321451822916 0.012644788953993055
0 0.6465024948120118 0.4979161580403646 0.009985902574327257 0.012879887333622685
0 0.6796344969007704 0.4369633851227937 0.009504403008355035 0.012650299072265624
0 0.3590053028530545 0.8121629503038195 0.008851644727918837 0.011312188042534723
0 0.5235143449571398 0.7309949521665219 0.008900875515407986 0.011960969147858798
0 0.6219680574205186 0.7125055383752894 0.00987993876139323 0.012359393084490739
0 0.5168744405110677 0.8810002362286603 0.00890926784939236 0.012135427969473377
0 0.6613318549262153 0.7583867390950522 0.010206180148654513 0.013450905128761575
0 0.43562399546305336 0.7489561292860243 0.010393312242296006 0.014011524341724537
0 0.23633602990044486 0.5718489187735099 0.00857132805718316 0.011072059913917824
0 0.5921541213989258 0.5841737817834924 0.010157224867078993 0.013102043999565972
0 0.41634922027587884 0.31482118677209925 0.009018834431966145 0.01146921228479456
0 0.6813971625434028 0.5619697853370949 0.011600918240017362 0.01397456416377315
0 0.31778603225117835 0.5877193156514174 0.00992067125108507 0.014058826587818287
0 0.5582815594143338 0.5499514261881511 0.01042611863878038 0.013783038104021992
0 0.4993764570529269 0.7019596153998872 0.008215840657552083 0.011016280562789351
0 0.33572471685174693 0.5977887956384844 0.010195968631617732 0.010628524876595406
0 0.340266557424013 0.5912386582145361 0.007786012409598939 0.011864399862246132
0 0.4816197589078034 0.6336291702223525 0.0076006311617513945 0.009145474893814693
0 0.48959115256525004 0.6637845198722279 0.005005293691884987 0.008651124899554361
0 0.5369560613903103 0.6552569824712385 0.00852753740098919 0.009392649890944824
0 0.4917230369154973 0.6420331201247769 0.004819912444037513 0.006673724922513244
0 0.48829348383031684 0.6396849576520406 0.004634531196189826 0.00790959990816404
0 0.4942256837614398 0.6974003194819249 0.004634531196189968 0.008651124899554361
0 0.5374195145099292 0.8458289052585652 0.008712918648836806 0.010875699873725608
0 0.5204571303318744 0.8333465679034938 0.005561437435427834 0.007168074916773577
0 0.5117003048522526 0.8031359281704081 0.005898053322645396 0.009132469660870158
0 0.5113197852830497 0.8193080098615326 0.006468832676449736 0.009766668942875185
0 0.5176459231210484 0.820005629071738 0.0059931832149461425 0.00862511023526622
0 0.5219743332207316 0.8259036823943834 0.008942209876268663 0.008751950091667168
0 0.5747714234476377 0.7866467468382814 0.004946754399638138 0.007610391384058488
0 0.5821439901009444 0.7934960990839341 0.005422403861141661 0.007356711671256448
0 0.5725834359247208 0.7933058392993325 0.008561690307065889 0.007737231240459579
0 0.6016931829687446 0.8392852872446862 0.006468832676449736 0.007356711671256448
0 0.6110634773603668 0.8463883192031407 0.006754222353351978 0.010908227650483866
0 0.6179603945521698 0.8503837746797714 0.004946754399637996 0.00900562980446935
0 0.6292332867898065 0.8520326928129842 0.004090585368931556 0.007229871814855642
0 0.6318969237742269 0.8486714366183584 0.005041884291938743 0.008117750809662426
0 0.6360350740893088 0.840300006095894 0.00665909246105123 0.007103031958454409
0 0.7223654513522226 0.8169614725181146 0.00542240386114159 0.008625110235266362
0 0.7477651325965179 0.79038852260211 0.00580292343034472 0.007737231240459579
0 0.7499531201194347 0.7822707717924476 0.00599318321494593 0.007990910953261477
0 0.7457674048582025 0.7747238003365896 0.006373702784148918 0.009893508799275991
0 0.7761138405021358 0.6846675022918971 0.006183442999547708 0.009386149373672197
0 0.7514276334500961 0.37904686829374695 0.008561690307065817 0.009259309517271249
0 0.697726809246333 0.28753191190044314 0.00637370278414906 0.009639829086474165
0 0.3225345140122479 0.3604014094028035 0.008847079983968059 0.009005629804469279
0 0.32044165638163186 0.373719594324906 0.007895781060960694 0.008498270378865413
0 0.500325687881059 0.4618671345662523 0.008768533023191196 0.011963269861098098
0 0.5420740300794323 0.41920185553220546 0.004502767253903955 0.0061942829947884805
0 0.545862072372399 0.419392448855122 0.0030733173320295036 0.006384876317705021
0 0.5485422909759133 0.4207742504462671 0.0035736248046855934 0.005908393010413633
0 0.5529735857337235 0.4208695471077253 0.004145404773435359 0.0049554263958307134
0 0.5624079552180936 0.3970453817431545 0.003859514789060512 0.006098986333330174
0 0.5593703741341107 0.39518709684471803 0.004073932277341683 0.006575469640621563
0 0.5555108593450504 0.39837953500357043 0.005074547222653578 0.00571779968749702
0 0.5526162232532549 0.3833226624931617 0.007433139593746034 0.006098986333330174
0 0.5390007127474027 0.36416803354004673 0.00550338219921585 0.0049554263958307134
0 0.5435749524974003 0.3576878605608835 0.003930987285154188 0.006670766302079869
0 0.5237770710794418 0.3937099985921146 0.006789887128902734 0.007433139593746176
0 0.6016488919601795 0.3456243001948775 0.00796679742816096 0.0081710742852934
