0 0.37282449316812255 0.46703192806022303 0.009742331504821778 0.012226359049479168
0 0.4784603834152222 0.11915307839711506 0.011179018020629882 0.015038665135701497
0 0.31190627813339233 0.6822953224182129 0.010532164573669433 0.012411562601725261
0 0.3275349497795105 0.7165318489074707 0.008723855018615723 0.010604794820149739
0 0.7453018426895142 0.3091785271962484 0.011225652694702149 0.014557552337646485
0 0.7646001100540161 0.4560290654500326 0.009747552871704101 0.011851565043131512
0 0.6771629333496094 0.3434417565663656 0.009610366821289063 0.012367788950602214
0 0.2813985109329224 0.3213673114776611 0.011501455307006836 0.01420437494913737
0 0.6251857042312622 0.21160266399383545 0.009048891067504884 0.01215825080871582
0 0.4925935983657837 0.566754404703776 0.010482358932495116 0.014019648234049477
0 0.3580689549446106 0.13996899922688802 0.010187363624572754 0.01313467025756836
0 0.6825848817825317 0.3622001806894938 0.008272123336791993 0.012830003102620441
0 0.43677308559417727 0.41963411966959635 0.010073518753051758 0.013205846150716148
0 0.4205034255981445 0.7820451418558757 0.008620929718017579 0.011859703063964843
0 0.6159223556518555 0.7053875605265298 0.009863567352294923 0.012377421061197914
0 0.43637468814849856 0.30506561597188314 0.009669160842895508 0.012118307749430339
0 0.6090987682342529 0.2416149139404297 0.009240055084228515 0.013091754913330079
0 0.42735791206359863 0.08445619344711304 0.009769439697265625 0.013032889366149903
0 0.6128322362899781 0.28493432998657225 0.009332704544067382 0.011219469706217448
0 0.3497870683670044 0.41981026331583654 0.007961559295654296 0.010224151611328124
0 0.40467984676361085 0.5577358881632487 0.00908207893371582 0.01217498779296875
0 0.41600005626678466 0.7507404327392578 0.009891939163208009 0.012517674763997394
0 0.6501879930496216 0.30265037218729657 0.010204744338989259 0.013502025604248047
0 0.38132554292678833 0.3443610191345215 0.0102677583694458 0.014517784118652344
0 0.732836103439331 0.3884579658508301 0.009369468688964844 0.012639999389648438
0 0.5045956134796142 0.3042732079823811 0.009731292724609375 0.013133017222086589
0 0.4561966896057129 0.1667640368143717 0.009689903259277344 0.013242022196451824
0 0.4481083869934082 0.37483366330464674 0.009297847747802734 0.012036927541097005
0 0.3660720419171399 0.4638831486596193 0.007242543116510021 0.009842430389103428
0 0.3912120233119489 0.5046456669692079 0.008217500843732637 0.0122566114279401
0 0.3976188883765539 0.5045528138523296 0.006546144739922468 0.010956667791643398
0 0.33351320326483647 0.339667220199524 0.008564613650558854 0.008156774905294172
0 0.40804573396196164 0.26435299857397476 0.0071371780421323906 0.010875699873725502
0 0.37962044704146536 0.24407554199744402 0.0081567749052941 0.01169137736425494
0 0.60329853325744 0.20453664926848447 0.0073410974147647325 0.00978812988635294
0 0.6169611312238077 0.1999144768221511 0.008156774905294172 0.011419484867411782
0 0.6172670102827563 0.19352500314633736 0.006321500551602952 0.008972452395823538
0 0.6108435500448373 0.3747413522922888 0.008972452395823538 0.013594624842156833
0 0.6599881188492343 0.41226251685664184 0.006933258669500049 0.011963269861098027
0 0.7385990369990065 0.44665691770729876 0.01203124298530895 0.01114759237056866
0 0.6546862151607931 0.7235794257420348 0.008564613650558783 0.010331914880039221
0 0.5291738413055797 0.7175977908114858 0.005913661806338197 0.010331914880039221
0 0.49358991078123393 0.7708887201927408 0.0073410974147647325 0.010331914880039364
0 0.4827821840317192 0.7711606126895839 0.007341097414764661 0.010331914880039364
0 0.4207906947514838 0.7356786418515544 0.01019596863161766 0.013322732345313852
0 0.4279278727936162 0.5249619567981226 0.008972452395823538 0.011691377364254976
0 0.6058879207633505 0.5169722369517241 0.009774647613782293 0.01123522714227846
0 0.5485908517783915 0.19305323964840748 0.007225112153998907 0.012041853589998154
