0 0.6990452527999877 0.25683847268422444 0.008769845962524414 0.011249303817749023
0 0.7271670579910279 0.30698803265889485 0.009053564071655274 0.012029107411702473
0 0.7452852964401245 0.45496114095052087 0.008737325668334961 0.011278597513834636
0 0.2823872685432434 0.409525982538859 0.007783818244934082 0.009819507598876953
0 0.413002610206604 0.28882632255554197 0.009501886367797852 0.012552229563395183
0 0.3458694815635681 0.4936786969502767 0.007763314247131348 0.010523096720377606
0 0.48360886573791506 0.5399498303731282 0.007129096984863281 0.010792477925618488
0 0.7558552503585816 0.383286174138387 0.009599065780639649 0.011753495534261067
0 0.5420432567596436 0.5300931453704834 0.008826255798339844 0.010794544219970703
0 0.507852578163147 0.24241266250610352 0.008766508102416993 0.011305777231852214
0 0.31769843101501466 0.6920498530069987 0.008628273010253906 0.01090532938639323
0 0.3656975030899048 0.7615457852681478 0.008492851257324218 0.0108120600382487
0 0.447684121131897 0.31136600176493323 0.007772016525268555 0.010737768809000651
0 0.49523177146911623 0.6288613955179849 0.008145809173583984 0.010077985127766927
0 0.6173705339431763 0.17677753766377768 0.009550714492797851 0.011838086446126302
0 0.6147836446762085 0.6536218961079915 0.009022188186645509 0.01095167795817057
0 0.5151036739349366 0.40817928314208984 0.00802145004272461 0.01088714599609375
0 0.43000521659851076 0.6927448590596518 0.00726165771484375 0.010269482930501304
0 0.396613347530365 0.26921368439992266 0.008385968208312989 0.010798883438110352
0 0.4532790660858154 0.6122030893961589 0.008502674102783204 0.011364364624023437
0 0.7447152137756348 0.4336721579233806 0.009722518920898437 0.011431852976481117
0 0.7087137222290039 0.3915337880452474 0.008030223846435546 0.01029345194498698
0 0.7098762273788453 0.3253119309743245 0.008703470230102539 0.012802537282307942
0 0.4940002679824829 0.4392539024353027 0.008271455764770508 0.011498832702636718
0 0.6689072132110596 0.4938995838165283 0.007538127899169922 0.010873190561930339
0 0.477908992767334 0.3837888717651367 0.007449531555175781 0.01048450469970703
0 0.7641372442245483 0.5523807525634765 0.008849382400512695 0.012349828084309894
0 0.3933194398880005 0.7049303372701009 0.007647037506103516 0.010128211975097657
0 0.41853225231170654 0.7813474019368489 0.009141016006469726 0.012064615885416664
0 0.3441966652870178 0.6263895670572918 0.008475136756896973 0.01119092305501302
0 0.6809693574905396 0.19879244168599444 0.007547426223754883 0.008896541595458985
0 0.6378442049026489 0.6087535222371421 0.009052705764770509 0.01128679911295573
0 0.4702592134475708 0.6189905802408854 0.007642126083374024 0.010560989379882812
0 0.7162684679031373 0.3807529449462891 0.007986021041870118 0.010411771138509114
0 0.4038514018058777 0.6298725446065266 0.008435273170471191 0.010841433207194011
0 0.3657665133476257 0.4818368593851725 0.008389163017272949 0.011371739705403646
0 0.5294463634490967 0.7084904352823892 0.008138370513916016 0.01154925028483073
0 0.5968212604522705 0.2862759749094645 0.007737064361572265 0.009642632802327473
0 0.3433266282081604 0.2864060878753662 0.008741450309753419 0.011560980478922527
0 0.37328267097473145 0.6253990491231283 0.008130264282226563 0.011089388529459636
0 0.2943819880485535 0.617607307434082 0.008101916313171387 0.010733922322591148
0 0.36304985284805297 0.1710469245910644 0.008608698844909668 0.010957781473795574
0 0.5772750854492188 0.743690299987793 0.008137035369873046 0.01155865987141927
0 0.29051512479782104 0.6030991872151693 0.008072400093078613 0.010267257690429688
0 0.5525751352310181 0.3711543401082357 0.007560205459594726 0.011316744486490886
0 0.3462877869606018 0.5919996579488118 0.008789134025573731 0.011078961690266927
0 0.5578146934509277 0.4835994243621826 0.008711624145507812 0.010903263092041015
0 0.4478470802307129 0.5156923929850261 0.007022857666015625 0.00916601816813151
0 0.4247257709503174 0.5536245346069336 0.009150314331054687 0.010188802083333332
0 0.6460576772689819 0.575988483428955 0.007999277114868164 0.011342938741048176
0 0.3558150291442871 0.40389647483825686 0.008389091491699219 0.010500113169352211
0 0.38966753482818606 0.6506213823954263 0.009122562408447266 0.011285845438639324
0 0.5958000898361205 0.14783887068430582 0.008028936386108399 0.011048205693562825
0 0.6353008031845093 0.6457700093587239 0.007831335067749023 0.010583750406901042
0 0.2659651756286621 0.373553212483724 0.007968330383300781 0.011165428161621093
0 0.5230743885040283 0.37398622830708816 0.007938671112060546 0.010291322072347004
0 0.6597787141799927 0.37221978505452474 0.006662988662719726 0.008409690856933594
0 0.6720668315887451 0.23692740599314369 0.007888507843017579 0.010419861475626629
0 0.7623540163040161 0.4526439507802328 0.007604360580444336 0.010394064585367839
0 0.7329622030258178 0.6465087572733562 0.009066438674926758 0.011611366271972656
0 0.5617874145507813 0.6815406799316406 0.007048130035400391 0.009259796142578125
0 0.6691640138626098 0.40300029118855796 0.008061742782592774 0.012061691284179688
0 0.5208129895027871 0.7346108808173226 0.009691619873046875 0.0114898681640625
0 0.5291398763656616 0.22179323037465412 0.008149671554565429 0.00983287493387858
0 0.6511065006256104 0.33587937355041503 0.007730293273925781 0.009477774302164713
0 0.36616669390590995 0.5277648648804653 0.007865691184997558 0.011728159586588542
0 0.28176788091659544 0.39362947146097815 0.007398915290832519 0.00977919896443685
0 0.3437618613243103 0.19021690686543782 0.009007906913757325 0.011635684967041015
0 0.6030839920043946 0.13314235210418698 0.00953054428100586 0.013133668899536132
0 0.359262490272522 0.6037968635559082 0.007711982727050782 0.009306526184082032
0 0.38414138555526733 0.6096423467000326 0.007911038398742676 0.011149978637695313
0 0.4553517818450928 0.765113353729248 0.008797931671142577 0.011053657531738282
0 0.6235141515731811 0.23163524468739827 0.006743383407592773 0.0085662047068278
0 0.44187068939208984 0.4200068155924479 0.007872867584228515 0.010304196675618488
0 0.3001894354820252 0.2488330682118734 0.008688759803771973 0.011859989166259766
0 0.561816668510437 0.15802539189656575 0.00806288719177246 0.010684585571289063
0 0.41501502990722655 0.5936566670735677 0.008443450927734375 0.010326639811197918
0 0.3030266523361206 0.38149199485778806 0.007368850708007813 0.009479300181070963
0 0.4833911657333374 0.5962931315104166 0.00806879997253418 0.010150146484375
0 0.5234822750091552 0.6342531204223634 0.009219837188720704 0.011836496988932292
0 0.6529235601425171 0.2831724484761556 0.007632780075073242 0.009567451477050782
0 0.3367274165153503 0.5063635667165121 0.006978344917297363 0.009209918975830077
0 0.6329962968826294 0.37195444107055664 0.007597208023071289 0.009119860331217448
0 0.4009953342893293 0.3672051565547225 0.010350465774536133 0.014202340443929035
0 0.39779508113861084 0.4532348155975342 0.009915399551391601 0.011699708302815755
0 0.6778001308441162 0.4716454823811849 0.007687759399414062 0.008457247416178386
0 0.4644035577774048 0.7065773328145345 0.008794641494750977 0.010379981994628907
0 0.4737643480300903 0.43823919296264646 0.007598161697387695 0.010320027669270836
0 0.5018802161543153 0.2983554282901701 0.00668630599975586 0.008859920501708984
0 0.4339786767959595 0.5953361829121908 0.008913850784301758 0.010162289937337239
0 0.26077287197113036 0.5390791893005371 0.007979011535644532 0.010825920104980468
0 0.652341103553772 0.16052354176839195 0.008213186264038086 0.010557015736897789
0 0.36551475524902344 0.3377832094828288 0.008487272262573241 0.011634508768717446
0 0.6812359094619751 0.6154414812723795 0.008442354202270509 0.010277112325032554
0 0.5978766441345216 0.704146416982015 0.006885623931884766 0.00922222137451172
0 0.4692260503768921 0.5839096069335937 0.007681417465209961 0.010184224446614583
0 0.3091704726219177 0.5269745190938313 0.006849837303161621 0.010202662150065106
0 0.36540154218673704 0.252197265625 0.009075093269348144 0.012329578399658203
0 0.5892350196838378 0.2138550599416097 0.007645225524902344 0.010198338826497394
0 0.625132155418396 0.7614647547403972 0.007448816299438476 0.011028671264648437
0 0.6066199084651089 0.41235693542073515 0.007896804809570312 0.010601647694905599
0 0.6725763320922852 0.5422674496968587 0.007251167297363281 0.009628613789876303
0 0.39243905544281005 0.3667757352193196 0.006479835510253907 0.00987866719563802
0 0.6596765756607056 0.6760127703348795 0.007888269424438477 0.010002199808756511
0 0.3742241978645325 0.5290047009785971 0.00735318660736084 0.009351412455240885
0 0.44248261451721194 0.2602956295013428 0.00789813995361328 0.009567737579345703
0 0.477828049659729 0.6781252861022949 0.008399438858032227 0.011385281880696617
0 0.5958407402038575 0.1281424045562744 0.008447647094726562 0.013789780934651693
0 0.49494550228118894 0.5459994951883952 0.006163263320922851 0.008284823099772135
0 0.7623752355575562 0.4865665594736735 0.008658647537231445 0.011782677968343098
0 0.5572102308273316 0.2019414027531942 0.007819700241088866 0.01090410550435384
0 0.4611047437798028 0.6276645179392975 0.007760930061340331 0.010316848754882812
0 0.43957130908966063 0.7362969080607097 0.008424711227416993 0.011678441365559894
0 0.5509802818298339 0.23830554485321045 0.007362842559814453 0.010006093978881836
0 0.2489525198020177 0.5894736269821688 0.009255308957601897 0.012340411943469291
0 0.27731556338176544 0.5852938100335743 0.010449542371485982 0.01353464535735327
0 0.2768677258515589 0.570963009066965 0.008359633897188842 0.012738489748097237
0 0.2973189730643243 0.5663851143137424 0.009255308957601897 0.01074810072495687
0 0.3043350943708935 0.550063924323993 0.012539450845783227 0.013932723161981358
0 0.32941399606245997 0.5251840615347405 0.009553867311072963 0.0111461785295851
0 0.3592698314095628 0.5172225054421797 0.008359633897188771 0.009553867311072892
0 0.36061334400018247 0.5110522994704451 0.009852425664543887 0.00995194511570098
0 0.40375502607674607 0.5948476773446473 0.007762517190246783 0.014330800966609374
0 0.3998737674816227 0.5964399885631594 0.006568283776362591 0.010350022920328996
0 0.4271918568242218 0.6547583869411671 0.009852425664543958 0.00995194511570091
0 0.45525634205049853 0.6475929864578623 0.008061075543717848 0.008359633897188842
0 0.4621231841803322 0.6430150917046399 0.008061075543717777 0.010350022920329067
0 0.5130273834471426 0.6089794394089425 0.009553867311072892 0.011544256334213045
0 0.48406722316045275 0.5572293248072976 0.008359633897188771 0.009951945115701051
0 0.5089968456752837 0.5438937183522582 0.008658192250659908 0.012738489748097237
0 0.40912907643922464 0.6842161444836418 0.008956750604130832 0.012340411943469149
0 0.40315790936980406 0.6935709728924008 0.0083596338971887 0.010350022920328996
0 0.3961417880632348 0.6979498287433091 0.007463958836775717 0.008757711701816788
0 0.29925960236188603 0.68759980582298 0.008359633897188879 0.01114617852958517
0 0.35374650187034873 0.76980287247867 0.010449542371486018 0.013136567552725182
0 0.4092783556159601 0.7968721631933765 0.008658192250659908 0.010748100724956942
0 0.4358500490748817 0.7045181125196717 0.009255308957601826 0.011544256334212974
0 0.4680943512497528 0.7785605841804869 0.007463958836775717 0.010748100724957084
0 0.47854389362123884 0.778958661985115 0.010449542371485947 0.013932723161981216
0 0.5251189967627193 0.727407586285784 0.006866842129833728 0.011942334138841063
0 0.4918297403506996 0.7741817283295785 0.008956750604130903 0.009155789506445017
0 0.4886948776392538 0.7773663507666027 0.007463958836775717 0.0083596338971887
0 0.5239247633488353 0.7600499662652831 0.01044954237148609 0.01114617852958517
0 0.5213870173443313 0.7871192569799896 0.0083596338971887 0.014330800966609445
0 0.5140723376842913 0.7918961906355261 0.009255308957601897 0.012738489748097095
0 0.428386090238106 0.6712786158332306 0.01104665907842815 0.01353464535735327
0 0.5366134933713539 0.5972361441724154 0.008359633897188771 0.011942334138841134
0 0.3215021996954776 0.5018965099640004 0.011046659078428079 0.009155789506444805
0 0.3940518795889376 0.47343394693309565 0.008658192250659837 0.0111461785295851
0 0.29045213093449074 0.47482721924929366 0.010449542371485982 0.012340411943469149
0 0.2952290645900271 0.46945316888681515 0.011046659078428113 0.00875771170181686
0 0.29537834376676264 0.4133241984342617 0.011345217431899144 0.012738489748097237
0 0.22402289728718677 0.426062688182359 0.010748100724957048 0.011146178529585028
0 0.44420968297207053 0.5034888211825124 0.008061075543717705 0.011544256334213117
0 0.4470459873300453 0.49413399277375347 0.008956750604130903 0.008757711701816788
0 0.4043521427836882 0.4228780657453346 0.007762517190246783 0.0111461785295851
0 0.3222485955791552 0.3900366468635215 0.009553867311072892 0.010748100724957013
0 0.3288168793555179 0.3806818184547626 0.009553867311072963 0.009553867311072892
0 0.33732579242944216 0.3790895072362504 0.008658192250659766 0.0111461785295851
0 0.34389407620580487 0.3707298733390616 0.011643775785370068 0.012738489748097237
0 0.32075580381180013 0.3615740838326168 0.011345217431899179 0.012738489748097237
0 0.3134411241517599 0.3462480883544373 0.008658192250659837 0.009155789506444877
0 0.3092613072031655 0.33967980457807473 0.008658192250659837 0.009553867311072892
0 0.3058278861382487 0.3466461661590653 0.007165400483304722 0.009155789506444877
0 0.4068898887881919 0.3500298274984037 0.009255308957601897 0.011942334138841134
0 0.3936040420587311 0.3337086375086541 0.010150984018014952 0.012738489748097308
0 0.40047088418856475 0.32932978165774573 0.008956750604130903 0.012738489748097166
0 0.37121216554840397 0.32753843153691947 0.008359633897188842 0.013136567552725324
0 0.3634496483581572 0.3261451592207213 0.010150984018014952 0.0111461785295851
0 0.24835540309507564 0.3205720699559289 0.010449542371486018 0.013534645357353341
0 0.4158466393923227 0.2678267608427138 0.009852425664543958 0.012340411943469257
0 0.46301885924074526 0.3024595298453531 0.008061075543717777 0.010748100724957048
0 0.4983980241270622 0.3651567840742691 0.008956750604130903 0.010350022920328853
0 0.32851832100204686 0.18960447223330426 0.010748100724957013 0.011146178529585028
0 0.3592698314095628 0.2152804906318127 0.009553867311072892 0.012340411943469186
0 0.45003157086475554 0.20274103978602953 0.009553867311072892 0.011942334138841168
0 0.4903369485833444 0.23757284769098289 0.008359633897188771 0.007563478287932739
0 0.4451053580324836 0.2730017723028783 0.007463958836775788 0.00915578950644484
0 0.3882299916962526 0.14780630274736023 0.009553867311072892 0.011942334138841168
0 0.37494414496679185 0.15596689774223502 0.009255308957601968 0.011544256334213063
0 0.4498822916880201 0.11655719508405923 0.012240892492312128 0.013932723161981339
0 0.42450483164298264 0.11775142849794334 0.008061075543717848 0.009155789506444911
0 0.5269103468835454 0.17985156601991734 0.009255308957601897 0.013136567552725253
0 0.5195956672235053 0.18622081089396594 0.007762517190246783 0.013932723161981322
0 0.5025778410756566 0.17806021589909116 0.0083596338971887 0.010350022920328961
0 0.558109694821268 0.1776621380944631 0.010150984018014952 0.010350022920328996
0 0.5604981616490362 0.16571980395562197 0.010748100724957013 0.010350022920328996
0 0.5852785049871315 0.17726406028983505 0.009553867311072963 0.011146178529585065
0 0.614985061157499 0.15019476957512848 0.009255308957601968 0.012738489748097184
0 0.49138190282049315 0.2148824128271847 0.009255308957601897 0.013136567552725253
0 0.4976516282433846 0.20930932356239215 0.009255308957601897 0.00995194511570098
0 0.505563424610367 0.197566028325865 0.008956750604130903 0.0111461785295851
0 0.609760289971756 0.20831412905082203 0.011345217431898931 0.014330800966609339
0 0.6224490199942747 0.2055275844184258 0.008658192250659837 0.010350022920328996
0 0.6128951526832017 0.2411555479326352 0.01044954237148609 0.011544256334213153
0 0.6655907020708384 0.28633737875791754 0.008956750604130974 0.010350022920328961
0 0.683802761632571 0.2817594840046951 0.008956750604130832 0.008359633897188842
0 0.6648443061871607 0.29768259618981663 0.009852425664543887 0.010748100724957013
0 0.6475279216858411 0.31579513630039235 0.008061075543717777 0.011942334138841134
0 0.5809494088618017 0.27976909498155494 0.007463958836775788 0.010748100724957048
0 0.563931582713953 0.28434698973477734 0.009255308957601968 0.0111461785295851
0 0.5449731272685427 0.3619721616372448 0.008956750604130832 0.01353464535735327
0 0.5713955415507287 0.3536125277400559 0.008061075543717705 0.010350022920328925
0 0.7214211141699206 0.3285336260484895 0.009553867311072963 0.013534645357353341
0 0.6173735279852671 0.3715260289483178 0.009255308957601755 0.010350022920328996
0 0.6199112739897709 0.3826722074779028 0.009553867311072892 0.011942334138841063
0 0.5908018345263456 0.42526653257310293 0.008658192250659766 0.009553867311072963
0 0.6006542601908895 0.4340242442749198 0.008658192250659908 0.010350022920329067
0 0.5957280473586175 0.43880117793045625 0.0083596338971887 0.011942334138841134
0 0.5375091684317669 0.43103866074020947 0.008956750604130832 0.013932723161981358
0 0.6179706446922091 0.40018763088153647 0.008658192250659908 0.011942334138841134
0 0.61095452338564 0.4003866697838505 0.008359633897188842 0.009951945115701051
0 0.6203591115199774 0.41830017099211225 0.007463958836775717 0.00995194511570091
0 0.6276737911800176 0.42208191013607865 0.008359633897188771 0.0063692448740485475
0 0.6323014456588186 0.4179020931874842 0.008658192250659766 0.010748100724957013
0 0.6845491575162486 0.39441550271442993 0.008658192250659908 0.013136567552725253
0 0.6805186197443897 0.3866529855241832 0.0083596338971887 0.010350022920328925
0 0.6842505991627774 0.3814779740640188 0.008658192250659766 0.009553867311072892
0 0.6591716974712111 0.3914299191797197 0.009255308957601897 0.012738489748097308
0 0.6511106219274932 0.3615740838326168 0.01104665907842815 0.011942334138841134
0 0.6191648781060934 0.4819926197325984 0.011046659078428079 0.014728878771237462
0 0.7126136427425253 0.5323494620180452 0.008061075543717777 0.010350022920328925
0 0.730825702304258 0.582706304303492 0.00925530895760204 0.013136567552725324
0 0.7309749814809936 0.592459210516879 0.010150984018014952 0.011942334138841205
0 0.7330648899552906 0.6014159611210098 0.010748100724957084 0.01472887877123732
0 0.6845491575162487 0.6097755950181987 0.009255308957601897 0.009155789506444805
0 0.699775633543271 0.6103727117251408 0.010449542371486018 0.010350022920328925
0 0.6597688141781533 0.5285677228740789 0.008061075543717777 0.01234041194346922
0 0.653946926285468 0.5108532605681312 0.010748100724957084 0.012738489748097166
0 0.6385711710817101 0.5275725283625087 0.008658192250659766 0.009553867311073034
0 0.6461844090952215 0.530757150799533 0.007762517190246712 0.008757711701816788
0 0.7169427388678551 0.48239069753722646 0.008359633897188842 0.011544256334213045
0 0.7175398555747973 0.5218004001954022 0.008359633897188842 0.010748100724957013
0 0.6845491575162487 0.645602597434722 0.008658192250659766 0.011544256334213117
0 0.6526034136948485 0.6503795310902585 0.01044954237148616 0.013136567552725182
0 0.6842505991627774 0.7136739020261166 0.008658192250659766 0.010748100724956942
0 0.6242403701151009 0.697750789840995 0.008658192250659766 0.013136567552725182
0 0.568857795546225 0.695760400817855 0.011345217431899073 0.010748100724957084
0 0.5364642141946184 0.6848132611905839 0.007463958836775717 0.016719267794377542
0 0.6148357819807635 0.7029258013011597 0.008359633897188771 0.012340411943469291
0 0.6606644892385666 0.7369614535968568 0.012838009199254118 0.012738489748097237
0 0.688728974464843 0.7345729867690887 0.009255308957601755 0.015126956575865477
0 0.6373769376678261 0.7385537648153689 0.011046659078428007 0.012738489748097237
0 0.6300622580077859 0.7367624146945428 0.010150984018014952 0.015525034380493566
0 0.4533157127529368 0.842053994018659 0.010150984018014952 0.01353464535735327
0 0.4733191224354958 0.811202964159986 0.012539450845783335 0.011544256334213117
0 0.5613938367094494 0.6593362816943895 0.009553867311072892 0.012738489748097237
0 0.4161451977457938 0.15656401444917709 0.009255308957601897 0.009553867311072892
