0 0.30001416736178926 0.663667071307147 0.008115704854329426 0.011446691442418982
0 0.5995405409071181 0.5042317143192998 0.007938808865017362 0.010577618634259258
0 0.44658050537109373 0.6561988265426072 0.008669874403211805 0.012536903663917824
0 0.7010897530449762 0.6307783621328847 0.009709972805447048 0.013199587221498842
0 0.7158717261420355 0.30757189150209785 0.007512156168619792 0.009913465711805555
0 0.5139290491739908 0.6760772139937791 0.007924185858832465 0.010130366572627315
0 0.4861301210191515 0.30516286779333046 0.008248350355360243 0.010780730070891203
0 0.3913961834377713 0.3599599908899378 0.007552549574110243 0.010502370198567708
0 0.560445827907986 0.32067455715603294 0.008223470052083333 0.011109076605902778
0 0.3653580983479818 0.7008023579915366 0.007893032497829862 0.010035366482204862
0 0.28334431118435327 0.6445372687445746 0.006450271606445313 0.00876606128833912
0 0.41553397708468964 0.8533989800347221 0.010461044311523438 0.013142112449363426
0 0.34660373263888894 0.7548703228985822 0.007509867350260418 0.009346290870949073
0 0.6129287719726563 0.4669712914360894 0.008892483181423612 0.011593091046368636
0 0.5335007773505317 0.42162029125072337 0.008397123548719618 0.011561810528790508
0 0.3839200125800239 0.4318577095314308 0.006865734524197049 0.00964262220594618
0 0.4864268196953667 0.6295776932327836 0.008265728420681424 0.011020236545138888
0 0.374742677476671 0.5299592759874132 0.007718827989366319 0.01082695855034722
0 0.7303293016221788 0.3321476547806351 0.009562174479166666 0.013171528003833912
0 0.5329185485839844 0.6638492442943432 0.008700137668185764 0.011051488805700232
0 0.3089486440022786 0.3120240953233507 0.008669832017686632 0.012007536711516205
0 0.42431229485405814 0.7191340693721066 0.008413526746961806 0.011345079210069444
0 0.47066961924235023 0.5897583855523003 0.008726882934570312 0.011592893247251157
0 0.4024336920844184 0.8186084606029368 0.007924652099609375 0.011129704228153936
0 0.5444016986423069 0.7297038890697337 0.00854081047905816 0.01210643627025463
0 0.3907374064127604 0.30733936451099536 0.007250722249348958 0.009315208152488427
0 0.3636679331461588 0.6095250730161315 0.008274417453342014 0.011445278591579861
0 0.606548711988661 0.517891749629268 0.006868871053059896 0.009100737395109955
0 0.7732961866590712 0.5955215171531395 0.007831149631076388 0.010136752658420138
0 0.2352946705288357 0.49438680013020836 0.008349588182237412 0.010775530779803241
0 0.707876820034451 0.49640045166015623 0.00809737311469184 0.010333591037326388
0 0.7744420793321397 0.42830511022497114 0.007353803846571181 0.010312680844907407
0 0.4886171976725261 0.8079227871365018 0.009894053141276041 0.013707083242910877
0 0.5580506642659505 0.8734565452293114 0.00858247545030382 0.010300247757523149
0 0.5906833860609266 0.6309504473650897 0.007980897691514758 0.01002700240523727
0 0.5600787692599827 0.23011882923267507 0.008217705620659722 0.011524624294704862
0 0.40437768300374344 0.44057283754701965 0.008241568671332465 0.010935069896556713
0 0.3655547883775499 0.7200490315755208 0.007716412014431424 0.010678213614004627
0 0.4334015528361003 0.7049825032552084 0.007981152004665799 0.011544347692418981
0 0.4159498214721679 0.19477880972403067 0.009501775105794271 0.012482452392578124
0 0.7019894705878363 0.43014166090223527 0.007699203491210937 0.010410082781756364
0 0.2901163636728143 0.2666148243163202 0.008577685885959202 0.011612108018663194
0 0.34382281833224826 0.48900770964445894 0.009033203125 0.012197254322193287
0 0.614573351542155 0.7622346948694299 0.006778589884440103 0.009206079553674768
0 0.7485943264431423 0.5718428717719184 0.009245639377170139 0.011742655436197917
0 0.552866236368815 0.3554807733606409 0.0063130696614583336 0.00886651498300058
0 0.40455216301812064 0.3103741963704427 0.007103559705946181 0.008339549877025463
0 0.4551097657945421 0.874255879720052 0.009393607245551215 0.012919108072916664
0 0.4452504475911458 0.797642234519676 0.00887391832139757 0.011843080873842593
0 0.644120873345269 0.6365444889775029 0.009124332004123263 0.012609693739149306
0 0.27250779469807945 0.6343889024522569 0.0073680877685546875 0.011484103732638888
0 0.30285363727145725 0.49174799036096645 0.008831808302137588 0.012809583875868056
0 0.43937221103244356 0.532729904739945 0.007776811387803819 0.010708674678096063
0 0.4486109203762478 0.44249312789351847 0.006858952840169272 0.008732548466435185
0 0.6208803176879882 0.665296851264106 0.009689627753363714 0.01147263138382523
0 0.6964081446329752 0.3423682460078487 0.007750913831922743 0.01010038587782118
0 0.6413941296717838 0.6857661686632031 0.009011332194010417 0.012307908799913194
0 0.7632890065511068 0.3600019525598597 0.006846533881293403 0.008753939028139467
0 0.5065318425496419 0.6647703947844329 0.008280139499240452 0.010407624421296295
0 0.5232413806943708 0.4357736663760526 0.006285349527994793 0.008578462953920717
0 0.3569143295288086 0.7956463566532841 0.009553570217556423 0.012758212619357638
0 0.677249526977539 0.6488438076443143 0.009173075358072916 0.0134481359411169
0 0.671061176723904 0.5818960684317129 0.007962248060438368 0.010148225007233795
0 0.46918660277246466 0.5341164412486387 0.008890999688042535 0.011509422019675926
0 0.2942568673027886 0.4917248196072048 0.007897143893771701 0.011571022316261574
0 0.5840945561726888 0.7933748598451967 0.009186002943250868 0.011598149052372685
0 0.7107050365871853 0.6200713263617622 0.007522286309136285 0.010570554380063657
0 0.42160095638699 0.24644498471860532 0.0073307885064019095 0.00968735306351273
0 0.6722615347968208 0.24537455240885414 0.008132637871636286 0.009884982638888888
0 0.43929102155897354 0.711377235695168 0.007082748413085938 0.010543258101851851
0 0.6778168572319878 0.20627129166214556 0.008091990152994792 0.010532944290726274
0 0.2923263867696126 0.28789308336046004 0.00740714603000217 0.011246010109230325
0 0.4892391254731201 0.3333368229761959 0.008709801567925347 0.011416117350260414
0 0.6484112352045418 0.680801339386182 0.0087738037109375 0.012598786530671296
0 0.6551965501573352 0.5612301014087818 0.00775544908311632 0.01023090503833912
0 0.56227232615153 0.8650321960449219 0.00898450215657552 0.012343399612991898
0 0.3937724707883742 0.26153159331002657 0.009204440646701388 0.01134420324254919
0 0.6924958123101128 0.6554508350513599 0.007913123236762153 0.010477701822916664
0 0.6069695790608723 0.3491980376066985 0.0073699951171875 0.010415592900028935
0 0.6492928187052408 0.4960461086697049 0.008724933200412326 0.010062097620081019
0 0.2810555458068848 0.5966877690067998 0.007226880391438802 0.010661372432002315
0 0.4363550186157227 0.6315546671549478 0.008009889390733507 0.01106013545283565
0 0.5754888702747784 0.7505791715675236 0.008054224650065105 0.010724385579427086
0 0.30119922426011825 0.6331886008933738 0.007136175367567274 0.00957291214554398
0 0.3908053504096138 0.6123784100567853 0.007897271050347222 0.011520555284288194
0 0.611715359157986 0.2740028663917824 0.009206136067708334 0.011292634186921295
0 0.512633811102973 0.6469407540780527 0.007548099093967014 0.011712816026475694
0 0.33574138217502175 0.6091059649432147 0.00698441399468316 0.010204004358362268
0 0.5425887213812933 0.8571652730305991 0.008733113606770834 0.012800033004195601
0 0.40425908357854906 0.4039968102243232 0.008061075543717848 0.009155789506444946
0 0.3658943351575219 0.44579497971026727 0.007165400483304722 0.00995194511570098
0 0.35499695525582936 0.4447997851986972 0.008061075543717777 0.009553867311072892
0 0.3211105821368676 0.5305855520960394 0.007762517190246747 0.008359633897188913
0 0.3558926303162424 0.537153835872402 0.006269725422891597 0.009553867311072892
0 0.4629258000356063 0.5351634468492618 0.006568283776362662 0.01353464535735327
0 0.4129172758292089 0.5662135156102488 0.010449542371485876 0.009553867311073034
0 0.3327543579222377 0.5803452776745442 0.006568283776362591 0.008359633897188771
0 0.24751594800625898 0.3952390985225064 0.005672608715949537 0.0075634782879326675
0 0.4044083627552845 0.38906889255077176 0.0047769336555364104 0.009553867311072892
0 0.3292875157361093 0.37680311554709506 0.0060670226568304035 0.007864658999594881
0 0.4080745460713367 0.3836566041038849 0.005898494249696142 0.009437590799513913
0 0.4301517674059139 0.3874765813322596 0.004887323806891147 0.011684636227969492
0 0.4252644435990227 0.37511783147575334 0.005898494249696213 0.009437590799513913
0 0.41220349204612405 0.3739943087615255 0.006067022656830332 0.007639954456749294
0 0.41203496363898995 0.36860139973323186 0.005729965842562024 0.006741136285367162
0 0.36122364888803576 0.3193911048500524 0.007920835135306276 0.008538772628131568
0 0.3512804728671193 0.22074581054084788 0.006572607878232901 0.009437590799513878
0 0.3579373449489192 0.1890624699996227 0.0060670226568304035 0.008988181713822705
0 0.4330167503271948 0.22209403779792125 0.005898494249696142 0.007190545371058192
0 0.517112425487149 0.2197346400980428 0.007583778321037968 0.011909340770815114
0 0.6029776489220118 0.20928587885572383 0.008089363542440537 0.015279908913498659
0 0.5164383118586122 0.12940341387412427 0.006909664692501209 0.008763477170977172
0 0.5359876070861767 0.11749407310330916 0.009269062392379724 0.008763477170977172
0 0.6756976566004088 0.24310391255398187 0.007920835135306276 0.011010522599432838
0 0.7403283007363655 0.2775960598807767 0.00674113628536702 0.010785818056587324
0 0.757181141449783 0.31051527540765245 0.007415249913903779 0.010111704428050565
0 0.6636478754903152 0.38657776316087733 0.010448761242318767 0.010785818056587217
0 0.8004086778796995 0.4555620578144669 0.005898494249696142 0.00898818171382274
0 0.6269929469386318 0.4782572166418692 0.008257891949574585 0.009437590799513913
0 0.6815118866465378 0.4999412050264665 0.009774647613782293 0.011909340770815006
0 0.7873477263268006 0.5176928639112666 0.00943759079951377 0.011459931685124047
0 0.7370419967972489 0.5494885567239144 0.008594948763842893 0.009886999885204943
0 0.6860621536391607 0.56061143159477 0.00943759079951377 0.012358749856506321
0 0.750524269367983 0.6184728513775039 0.008932005578111414 0.010336408970896044
0 0.6387056712344571 0.6953218050306882 0.008089363542440609 0.00898818171382274
0 0.676793091246781 0.743296224928217 0.007078193099635399 0.00786465899959481
0 0.6097187852073788 0.7425097590282576 0.008763477170977155 0.014381090742116385
0 0.6048314614004877 0.7430715203853714 0.007078193099635399 0.01235874985650625
0 0.5605084903241994 0.7704854746125309 0.004044681771220198 0.011459931685123905
0 0.5569693937743816 0.7695866564411485 0.005392909028293574 0.009212886256668327
0 0.6110670124644523 0.8040788037679434 0.006067022656830332 0.00898818171382274
0 0.6150274300321052 0.8585696554079938 0.006909664692501209 0.008314068085286124
0 0.3946765377041697 0.7513855884706576 0.007415249913903779 0.012358749856506392
0 0.356673381895413 0.7002653049732908 0.006909664692501209 0.009886999885205085
0 0.33527027418937266 0.7126240548297972 0.007246721506769589 0.00943759079951377
0 0.3380509929070865 0.7048717481016249 0.007415249913903779 0.0096622953423595
0 0.40782175346063554 0.6932994641450789 0.008763477170977339 0.008988181713821963
0 0.3143727517047348 0.6784689643172706 0.007246721506769554 0.0098869998852048
0 0.32330475728284613 0.6574590895612098 0.007583778321037897 0.008763477170977155
0 0.3158895073689424 0.6598184872610885 0.007583778321037897 0.01123522714227846
0 0.535144309475002 0.6480429611914016 0.008956750604130903 0.009155789506444877
0 0.5738076162495003 0.6078371029239696 0.0068668421298335855 0.012340411943469078
0 0.4857329019755467 0.5988803523198389 0.006269725422891597 0.007165400483304651
0 0.5658958198825178 0.600671702440665 0.007762517190246712 0.011544256334212974
0 0.5920196758112329 0.45975215960233945 0.006866842129833657 0.009155789506444877
0 0.5906761632206132 0.4472127087565563 0.007165400483304722 0.008757711701816788
0 0.5375327763027701 0.43785788034779743 0.005971167069420531 0.00995194511570098
0 0.519469995917773 0.39247701062020096 0.008061075543717777 0.010748100724957013
0 0.4946896525796775 0.33813939028847384 0.007463958836775717 0.007961556092560685
0 0.535741426181944 0.31485183871773365 0.0047769336555364104 0.009155789506444877
0 0.4691629133579046 0.2917633260493073 0.006568283776362591 0.00995194511570091
0 0.4817023642036878 0.27962195300815224 0.008956750604130903 0.012738489748097166
