0 0.32202519178390504 0.6188820521036784 0.00964658260345459 0.013412094116210938
0 0.6223780393600464 0.7271162350972494 0.00808262825012207 0.010621579488118489
0 0.5031232118606568 0.679337469736735 0.00777888298034668 0.010207430521647137
0 0.4469017505645752 0.3238452275594075 0.009251213073730469 0.013047409057617188
0 0.4467702150344849 0.2928607940673828 0.009981775283813476 0.012947654724121094
0 0.4978551626205444 0.7140529950459797 0.010201215744018555 0.013149706522623698
0 0.5765564680099488 0.4061832269032796 0.010953474044799804 0.014025465647379559
0 0.6257184267044067 0.16959985891977947 0.007108354568481445 0.010201915105183918
0 0.41463658809661863 0.5049286842346191 0.00838484764099121 0.010579236348470052
0 0.6055490016937256 0.42763752937316896 0.009530258178710938 0.012040869394938153
0 0.4555963516235352 0.581630833943685 0.00901622772216797 0.010998407999674477
0 0.6425769805908204 0.15178380012512208 0.008348846435546875 0.011252307891845703
0 0.5212880849838257 0.4188706556955973 0.007997655868530273 0.010863335927327473
0 0.39228799343109133 0.41183622678120924 0.008820295333862305 0.011471398671468099
0 0.39498229026794435 0.17520840962727863 0.00910186767578125 0.012671756744384765
0 0.6700882911682129 0.183426562945048 0.00797891616821289 0.009560155868530273
0 0.47714402675628664 0.13778735399246217 0.008917760848999024 0.011394286155700683
0 0.4749629497528076 0.5944120407104492 0.008124446868896485 0.010489654541015626
0 0.4867287874221802 0.3296302000681559 0.00917801856994629 0.012463601430257161
0 0.5571556806564331 0.15717508792877197 0.00908970832824707 0.011294190088907878
0 0.60779287815094 0.33510115941365565 0.008535623550415039 0.012799835205078125
0 0.4316421031951904 0.1603735129038493 0.009093379974365235 0.012442811330159504
0 0.6139952182769776 0.16106483936309815 0.007059764862060547 0.011127106348673503
0 0.6286669731140136 0.2053970495859782 0.00924234390258789 0.01282914479573568
0 0.602157998085022 0.45402064323425295 0.010380792617797851 0.013090928395589195
0 0.39276899099349977 0.5435227711995443 0.00892174243927002 0.012180455525716146
0 0.6062694787979126 0.2869821707407633 0.008257818222045899 0.010883108774820965
0 0.24735622406005858 0.33093576431274413 0.0073945045471191405 0.009986432393391927
0 0.38498185873031615 0.6284432729085286 0.006872868537902832 0.009124755859375
0 0.5014068365097046 0.301714833577474 0.009492063522338867 0.013139851888020833
0 0.6943049216939012 0.6009673146181064 0.007226419448852539 0.009230232238769532
0 0.5999253511428834 0.3490225156148275 0.008971738815307616 0.01177978515625
0 0.5706738948822021 0.16985248724619548 0.008207988739013673 0.011762094497680665
0 0.6216149330139161 0.6767427126566568 0.009226226806640625 0.011996142069498698
0 0.2935247182846069 0.6195009231567383 0.00892481803894043 0.010544204711914062
0 0.40423548221588135 0.4432332992553711 0.009247827529907226 0.012570889790852864
0 0.40035033226013184 0.5052233060201009 0.008336257934570313 0.011292648315429688
0 0.3938795566558838 0.2138815005620321 0.009090280532836914 0.011695845921834308
0 0.349877393245697 0.6877714474995931 0.00790250301361084 0.011341540018717448
0 0.5106928825378418 0.3585399945576986 0.008927440643310547 0.012072817484537762
0 0.40206061601638793 0.38951749801635743 0.009298968315124511 0.012792142232259114
0 0.37650461196899415 0.6173052469889323 0.006861305236816407 0.0096282958984375
0 0.7668090343475342 0.45175277392069496 0.009105110168457031 0.012797896067301433
0 0.3970081448554993 0.14111189047495523 0.008629107475280761 0.011112451553344727
0 0.252098286151886 0.38389714558919263 0.00897824764251709 0.01266339619954427
0 0.7009368896484375 0.18447659810384112 0.008973312377929688 0.0129635492960612
0 0.3259184718132019 0.6872275034586589 0.0078072786331176754 0.010567474365234374
0 0.39773921966552733 0.730712858835856 0.009403228759765625 0.01189772288004557
0 0.4415609359741211 0.49170034726460776 0.008388805389404296 0.011390972137451171
0 0.342997407913208 0.6138451258341471 0.00859375 0.011283111572265626
0 0.2691854119300842 0.28887548446655276 0.008490443229675293 0.011618550618489583
0 0.7094169616699219 0.2819845676422119 0.007988262176513671 0.01064449946085612
0 0.6358854293823243 0.2920115788777669 0.008007335662841796 0.011513264973958333
0 0.5062337160110474 0.3348094622294109 0.008347558975219726 0.010977808634440105
0 0.7086147546768189 0.679828675587972 0.009967374801635741 0.011978975931803386
0 0.7266387939453125 0.2217479705810547 0.00813465118408203 0.01191584269205729
0 0.5397537081672834 0.7470515791246697 0.008862876892089843 0.013043212890625
0 0.45302524566650393 0.3823115825653076 0.009587764739990234 0.011800416310628255
0 0.6733176469802856 0.22460089524586993 0.008574342727661133 0.012330738703409831
0 0.6625146789603512 0.46760480032401247 0.009221839904785156 0.012480354309082032
0 0.5749393341338939 0.6158771800572622 0.007159757614135742 0.009379323323567708
0 0.7450472354888916 0.603012212117513 0.009688758850097656 0.011870829264322917
0 0.7706991195678711 0.5290146827697754 0.010250091552734375 0.013033103942871094
0 0.32411172389984133 0.4383269786834717 0.009196233749389649 0.011795393625895182
0 0.7143720626831055 0.31526207923889155 0.007988834381103515 0.010660902659098309
0 0.41690623701455076 0.6235733809242396 0.006844902038574218 0.008594449361165364
0 0.2528123989548459 0.40088855353353464 0.010930896322666826 0.012752712376444535
0 0.32095970571647187 0.3530658821218674 0.008539762752083497 0.013663620403333496
0 0.32915787795847196 0.31344138295220014 0.007173400711750091 0.010930896322666826
0 0.36195056692647243 0.3343922675706449 0.0064902196915834764 0.010930896322666826
0 0.30268461342701325 0.3034213946564222 0.006831810201666784 0.012752712376444677
0 0.30575892801776333 0.3000054895555888 0.0061486291815000624 0.013208166389889016
0 0.454521595159057 0.2446678269220881 0.007856581731916777 0.009109080268889009
0 0.46049942908551544 0.24125192182125474 0.006148629181500027 0.01411907441677794
0 0.4196793631305566 0.17862699497264273 0.008539762752083391 0.015485436457111312
0 0.4495685327628486 0.1863697132011984 0.009564534282333526 0.012752712376444642
0 0.380738044981056 0.15494338627353127 0.009906124792416832 0.01366362040333355
0 0.5093468720274328 0.1326261396147532 0.010247715302500212 0.011841804349555734
0 0.5689544160369753 0.12966568852736426 0.007173400711750162 0.01138635033611127
0 0.5838136032256006 0.134447955668531 0.010930896322666826 0.011841804349555698
0 0.5831304222054338 0.12123978927864193 0.01024771530250014 0.009109080268889028
0 0.6244628739255177 0.15608202130714244 0.008198172242000083 0.012297258363000196
0 0.6131903870927675 0.1902410723154762 0.008881353262166627 0.009564534282333526
0 0.5824472411852674 0.1540324782466424 0.006148629181499956 0.010019988295777936
0 0.5819348554201421 0.16359701252897588 0.009222943772250075 0.010019988295777936
0 0.5653677156811002 0.1934292504095874 0.01161407734283351 0.01047544230922238
0 0.6468370523359763 0.2303210254985879 0.009906124792416761 0.011386350336111305
0 0.6729687263573518 0.23054875250531012 0.008198172242000083 0.00819817224200012
0 0.7592203301533946 0.32300591723453365 0.007856581731916777 0.010930896322666861
0 0.5872295083264337 0.34555089090003394 0.012297258363000196 0.013208166389889087
0 0.7400912615887277 0.3407686237588672 0.007173400711750162 0.009109080268888974
0 0.7414576236290611 0.3783435798680344 0.008539762752083534 0.015940890470555757
0 0.6786049697737269 0.40726490972175705 0.008539762752083391 0.010930896322666826
0 0.6745058836527271 0.42434443522592397 0.010589305812583518 0.012297258363000128
0 0.7320638846017693 0.5646242713668148 0.009564534282333597 0.013208166389889016
0 0.7324054751118527 0.6402296375985935 0.008198172242000083 0.013208166389888944
0 0.5662216919563086 0.529554312331592 0.00580703867141672 0.009564534282333526
0 0.5703207780773087 0.5297820393383142 0.00580703867141672 0.011841804349555857
0 0.6579387439136849 0.7149240958034835 0.008198172242000083 0.012297258363000054
0 0.6388096753490179 0.742706790623595 0.006148629181500027 0.017762706524333396
0 0.5756154309836004 0.7795985657125957 0.012980439383166953 0.011386350336111234
0 0.5043938096312243 0.6324869193700379 0.007856581731916706 0.008653626255444493
0 0.4835567885161408 0.571911535581926 0.009906124792416761 0.012297258363000125
0 0.48236122173084905 0.5632579093264813 0.008198172242000154 0.014119074416777977
0 0.4683560108174323 0.5464061108290368 0.008881353262166698 0.009564534282333526
0 0.4246324255267649 0.48788027010142476 0.00888135326216684 0.012752712376444606
0 0.43351377878893177 0.4979002583972027 0.008198172242000012 0.011841804349555644
0 0.42412003976163987 0.5625747283063147 0.007856581731916777 0.010930896322666755
0 0.4333429835338901 0.5630301823197592 0.007856581731916777 0.010930896322666826
0 0.41079800986838977 0.5703174465348704 0.00717340071175002 0.009109080268888974
0 0.41523868649947315 0.644556450726316 0.005123857651250106 0.010019988295777865
0 0.4195085678755149 0.645695085759927 0.005465448161333342 0.011386350336111234
0 0.44102877001076524 0.6520714419481493 0.006831810201666784 0.010475442309222417
0 0.4470066039372236 0.6568537090893161 0.009222943772250147 0.010019988295777865
0 0.37100271544368085 0.6666459703783718 0.006831810201666784 0.008653626255444635
0 0.37698054937013936 0.6639132462977051 0.007856581731916848 0.008653626255444493
0 0.3783469114104727 0.678943228741372 0.007173400711750091 0.013208166389889158
0 0.5013194950404745 0.7921235510823179 0.007856581731916706 0.012752712376444606
0 0.3264251538778052 0.7210727249849836 0.007856581731916706 0.009109080268888903
0 0.2774069156808462 0.6529823499750381 0.008198172242000049 0.010475442309222274
0 0.36604965304747245 0.6190510259734266 0.00717340071175002 0.0072872642151111935
0 0.3293286732135136 0.5354752145063699 0.007514991221833327 0.010475442309222488
0 0.49824518044972427 0.46100848330820227 0.008539762752083391 0.011841804349555715
0 0.4936337085635993 0.426393978286424 0.009564534282333455 0.010019988295777936
0 0.49192575601318256 0.37743267184114543 0.006831810201666784 0.009564534282333384
0 0.5951828616250854 0.695604254087923 0.009017989466200192 0.010019988295778007
