0 0.3454911126030816 0.6283020584671586 0.00994627210828993 0.013282606336805556
0 0.3961054907904731 0.6080446313928675 0.009785546196831597 0.014212318702980325
0 0.5588304943508572 0.39262463604962383 0.009203720092773437 0.011802390769675925
0 0.43351949055989586 0.3948291495994286 0.009180450439453125 0.013064716480396412
0 0.4783076392279731 0.6765866597493491 0.009382035997178819 0.013064631709346065
0 0.6308322906494142 0.28046534502947773 0.009106530083550347 0.012558746337890624
0 0.2915338940090603 0.45296654877839265 0.008537250094943577 0.01183553625036169
0 0.5412998623318142 0.5816151936848959 0.009953647189670138 0.013228691948784722
0 0.7491799248589409 0.6113827458134404 0.009701368543836806 0.012078009711371528
0 0.7363711886935763 0.3903070944326895 0.01081169976128472 0.014809135154441551
0 0.7433409796820746 0.7187529952437789 0.009389411078559028 0.012022230360243056
0 0.6119436687893337 0.6377119841399016 0.00977948506673177 0.013562237774884259
0 0.6157669915093316 0.4597391905608001 0.009130944146050347 0.011527252197265626
0 0.40404650370279943 0.5553683245623553 0.009540981716579862 0.012312373408564815
0 0.6504002041286893 0.7673561661331741 0.009761810302734375 0.012209687409577546
0 0.7363734351264105 0.4710980591950593 0.009569210476345485 0.011997561984592014
0 0.5864573796590169 0.31604525248209636 0.010685941908094618 0.013998610885054975
0 0.6725316577487521 0.5007090533221209 0.011181004842122396 0.014160890932436342
0 0.4421980751885308 0.7061884279604311 0.008843612670898438 0.013243668167679398
0 0.44800374772813584 0.24528713932743781 0.009858322143554688 0.013441382514105902
0 0.4288579771886908 0.4568212349700673 0.005231390710092576 0.007444810342868482
0 0.34714166136494823 0.7128371154283707 0.007463930939441612 0.009904660887830263
0 0.4206179752555007 0.43242259148175216 0.0073952696869836665 0.008724504442802634
0 0.6484372033013238 0.706611661557798 0.010014004177517362 0.01359394214771412
0 0.5219687567816841 0.6905061509874132 0.009164852566189235 0.01274696632667824
0 0.4108447180853949 0.4464319299768518 0.0072871738009982635 0.010562868471498843
0 0.6303258683946398 0.3872489646629051 0.010409037272135414 0.01256561279296875
0 0.6317327711317274 0.6677089832447193 0.00817930433485243 0.011244766800491898
0 0.45700158013237846 0.26207826402452256 0.009267171223958334 0.012785056785300926
0 0.4597446653578017 0.42511304219563806 0.0096077389187283 0.012842446786385995
0 0.5920729743109808 0.46605553803620514 0.009887271457248263 0.012818145751953124
0 0.3737727900776311 0.39733957963288974 0.007521102467145085 0.0074282493502666825
0 0.4262115878346702 0.2990081288587339 0.011003094350082634 0.010585255324130073
0 0.6394487707457643 0.3030936660013806 0.009888856947542664 0.012442317661696798
0 0.5920936811378139 0.3616839827516094 0.005710466688017561 0.005942599480213389
0 0.5921633209754726 0.3558342363882744 0.00501406831143008 0.004642655843916614
0 0.5922329608131315 0.3484059870380076 0.005989026038652625 0.006871130648996697
0 0.5926507998390841 0.3871257367762729 0.0076603821424627225 0.006685424415240036
0 0.7322090345072201 0.4590869023569819 0.00877461954500248 0.009842430389103428
0 0.6757361118371474 0.5903842877956431 0.004842976335309998 0.004842976335309928
0 0.675087498935097 0.5858872383414266 0.004756494615036644 0.005996065938955084
0 0.6792818623683564 0.597648752298608 0.004670012894763289 0.005765448018226138
0 0.6635854301387357 0.5992630777437113 0.006140202139410888 0.006918537621871437
0 0.6666122903483046 0.5909608325974657 0.0061402021394110304 0.006226683859684314
0 0.6654880279847504 0.6072770504890457 0.005794275258317185 0.006803228661506821
0 0.6525157699437415 0.5797758634421071 0.005275384936676914 0.0066879197011422776
0 0.6578343957405552 0.5674954591632854 0.005707793538043972 0.006341992820048717
0 0.6411001828676538 0.6685637629227899 0.005621311817770476 0.006918537621871366
0 0.6439973204968124 0.6606074446576374 0.005015939775856708 0.007149155542600312
0 0.6492727054334893 0.6694285801255236 0.005707793538043831 0.008186936185881137
0 0.6708931355018373 0.7197032868444557 0.006745574181324514 0.010493115393171593
0 0.7355497854823875 0.6982419883879681 0.006128305713969979 0.009601012285219781
0 0.5983222502421787 0.695726241619474 0.008360694277926512 0.011691377364254834
0 0.6707203346487809 0.7494818932536319 0.006446001502297634 0.012892003004595125
0 0.6640441188071157 0.7428056774119665 0.008057501877871829 0.010282907158427008
0 0.3556396489686972 0.8452723004780762 0.0058244227860046035 0.008103544745745523
0 0.3594381855682654 0.8399543492386808 0.00658413010591822 0.008610016292354743
0 0.37489514160377596 0.8390862009928841 0.006242583754394246 0.014113667618630501
0 0.375399026341516 0.6291107771574163 0.005232144076540237 0.00761039138405863
0 0.37639789021067366 0.6175683502249275 0.006278572891848313 0.009132469660870229
0 0.3646969134576837 0.6267642398139981 0.004946754399638067 0.006722512389251705
0 0.3616527569040603 0.6124947559688885 0.007039612030254148 0.006341992820048787
0 0.45497518125107805 0.5932785177241408 0.007039612030254148 0.011542426932488753
0 0.47133752272680385 0.5745062189767963 0.00818117073786297 0.011288747219686712
