0 0.46524767875671386 0.2191430489222209 0.009059906005859375 0.011223681767781575
0 0.3360091209411621 0.26914818286895753 0.008445453643798829 0.011179749170939128
0 0.4381218194961548 0.5997143109639486 0.008933782577514648 0.012735048929850258
0 0.44701850414276123 0.21929978529612223 0.008679723739624024 0.011223586400349934
0 0.28350371122360224 0.2932378927866618 0.008667874336242675 0.012128289540608723
0 0.7526796579360961 0.4565467198689778 0.009407472610473634 0.011830075581868488
0 0.3550587296485901 0.16047213077545167 0.008356881141662598 0.011207342147827148
0 0.3959349155426025 0.7009364763895671 0.00884714126586914 0.0120456059773763
0 0.6347541809082031 0.7629858652750652 0.009510326385498046 0.01206067403157552
0 0.4481254816055298 0.6754507382710776 0.008814191818237305 0.01210320790608724
0 0.3071399569511414 0.28526318868001305 0.009933400154113769 0.01319122314453125
0 0.6052808284759521 0.18301843007405602 0.0075701713562011715 0.009702428181966146
0 0.5965782403945923 0.7284070014953613 0.009641695022583007 0.012607510884602864
0 0.40220271348953246 0.5919782956441244 0.008053183555603027 0.010469881693522136
0 0.2490607261657715 0.5214728832244873 0.009717082977294922 0.011640580495198567
0 0.5406442403793336 0.7126991271972655 0.009023714065551757 0.01140886942545573
0 0.5601418733596801 0.37441493670145676 0.00941452980041504 0.011606375376383461
0 0.37432059049606325 0.7037935574849447 0.009150958061218262 0.011978340148925782
0 0.47674920558929446 0.7542703946431477 0.008652830123901367 0.011519050598144532
0 0.5957587957382203 0.7772548039754232 0.007967615127563476 0.01132672627766927
0 0.3757811188697815 0.41044324239095054 0.008853554725646973 0.011458969116210938
0 0.3400876045227051 0.41974380811055506 0.007942914962768555 0.011613623301188153
0 0.585153245440954 0.6701066342445573 0.008394289016723632 0.010244115193684894
0 0.7008442163467408 0.4277135531107584 0.009923315048217774 0.011658096313476562
0 0.3461215734481812 0.46621486345926927 0.008349943161010741 0.011048666636149089
0 0.5447998762130737 0.5440184911092122 0.009351873397827148 0.01152661641438802
0 0.3920048475265503 0.5830824534098307 0.007747220993041992 0.010314051310221355
0 0.25421335697174074 0.4591214179992676 0.00948333740234375 0.013409169514973958
0 0.4614449977874756 0.17205104033152263 0.008220100402832031 0.010335048039754234
0 0.463405966758728 0.6565182367960611 0.010008478164672851 0.012737909952799477
0 0.32301719188690187 0.635145346323649 0.008479642868041991 0.010765902201334636
0 0.5952132628286146 0.7152430106115425 0.007918739318847656 0.010047403971354167
0 0.5663387324828163 0.08512317481905039 0.008369874954223634 0.011417428652445473
0 0.33560616151459965 0.461594073071428 0.007101702690124512 0.008565076192220052
0 0.5439075231552124 0.5338072458902995 0.008797407150268555 0.010174051920572918
0 0.3249940872192383 0.5944496154785157 0.009142351150512696 0.011867014567057292
0 0.2506071702087756 0.2849473168339644 0.010782432556152344 0.014476044972737629
0 0.5576214075088501 0.09775077104568482 0.00760045051574707 0.009611694018046062
0 0.40824408531188966 0.7310368855794271 0.0092987060546875 0.01346295674641927
0 0.6104359626770021 0.5761779467264811 0.00965728759765625 0.011586570739746093
0 0.742659044265747 0.2916427771250407 0.008686065673828125 0.011908817291259765
0 0.2811275745526234 0.5127606960666443 0.007387948036193847 0.00878594716389974
0 0.727424168586731 0.4567035516103109 0.00869297981262207 0.011368083953857421
0 0.32680051815910205 0.45306712056930676 0.006568283776362662 0.00995194511570091
0 0.332323847698316 0.6047347641325893 0.006866842129833657 0.008359633897188771
0 0.3327716852285226 0.6140895925413483 0.005971167069420602 0.007165400483304722
0 0.36680733752421985 0.622250187536223 0.008956750604130903 0.011544256334213188
0 0.4354757588225564 0.48670469506037606 0.007762517190246712 0.010350022920328996
0 0.44532818448710043 0.4701844661683124 0.007165400483304651 0.009155789506444946
0 0.4517471890867275 0.4994431848084732 0.009255308957601897 0.011942334138841205
0 0.4917540084518454 0.6162790204668025 0.010449542371485947 0.01074810072495687
0 0.3239642138011273 0.4267939854638563 0.0068668421298335855 0.0083596338971887
0 0.3269497973358375 0.41485165132501506 0.009255308957601897 0.011544256334213045
0 0.33530943123302637 0.4263959076592282 0.007463958836775717 0.009155789506444805
0 0.33859357312120764 0.4389353585050115 0.008658192250659837 0.00875771170181693
0 0.38442228037901044 0.4050987451116282 0.007165400483304651 0.010350022920328996
0 0.4523443057936696 0.4023122004792319 0.009852425664543887 0.0111461785295851
0 0.36979292105893014 0.37544194866683933 0.007165400483304722 0.008359633897188842
0 0.32605412227542446 0.2663686301987569 0.008061075543717705 0.00995194511570098
0 0.43935701741767985 0.3131427722425514 0.007762517190246783 0.012738489748097272
0 0.49026121668449024 0.25442629605991574 0.011046659078428079 0.013932723161981358
0 0.48727563314978 0.2440762731395867 0.00925530895760204 0.012340411943469186
0 0.5265360566312203 0.3019965937129663 0.008956750604130974 0.010350022920329032
0 0.49638166293064645 0.31354085004717946 0.00895675060413076 0.011146178529585065
0 0.36173184551521237 0.3169245113865177 0.006568283776362591 0.009155789506444946
0 0.5350449697051445 0.2635820855663606 0.0068668421298335855 0.010748100724957048
0 0.5401204617141521 0.2639801633709886 0.006269725422891667 0.00995194511570098
0 0.35680563268294035 0.14754240551728742 0.009255308957601897 0.010350022920328996
0 0.3968124520480582 0.15391165039133603 0.009852425664543958 0.014330800966609391
0 0.4415962050687125 0.16883956806488748 0.009255308957601968 0.009951945115700944
0 0.4381627840037957 0.16386359550703702 0.007762517190246783 0.00875771170181686
0 0.566542875996338 0.1296289043090257 0.009553867311073034 0.010350022920329015
0 0.39666317287132274 0.1988944423143044 0.008359633897188842 0.008757711701816823
0 0.5523613542064642 0.0902192016508499 0.009852425664543816 0.010350022920328996
0 0.5325072237006409 0.17003380147877156 0.007165400483304651 0.009155789506444877
0 0.5299694776961371 0.15590203941447622 0.0068668421298335855 0.008757711701816806
0 0.6359576931783523 0.1515231835635678 0.007463958836775788 0.009553867311072946
0 0.5474351413741921 0.2629849688594185 0.005971167069420602 0.01353464535735327
0 0.6598423614560345 0.22974547217297733 0.008061075543717777 0.011544256334213117
0 0.582217189553567 0.39076794414501875 0.009255308957601826 0.010350022920328996
0 0.5925174527483176 0.4102737565717927 0.009553867311072963 0.011146178529585028
0 0.6089381621892243 0.3768352209830374 0.008956750604130903 0.011146178529585028
0 0.5971451072271183 0.41942954607823757 0.010449542371485947 0.007961556092560756
0 0.5956523154597633 0.4331632303379049 0.006269725422891738 0.009155789506444877
0 0.602519157589597 0.4395324752119535 0.007463958836775575 0.00995194511570098
0 0.566542875996338 0.46859215494980033 0.0059711670694206735 0.009155789506444805
0 0.571767647182081 0.4675969604382303 0.006866842129833728 0.007165400483304651
0 0.5719169263588165 0.4875008506696321 0.006568283776362662 0.009553867311072892
0 0.6144614917284381 0.5231288141838415 0.005672608715949537 0.009155789506444877
0 0.6822342379663615 0.475757555433105 0.009255308957601897 0.010748100724957084
0 0.6761137917202055 0.496656640176077 0.007762517190246712 0.011942334138841205
0 0.7053725103603664 0.5370615373458228 0.009553867311072963 0.02109812364528615
0 0.7150756568481748 0.5738837342739164 0.008658192250659766 0.008757711701816788
0 0.5069804844788678 0.5328817203972285 0.006866842129833799 0.011942334138841134
0 0.5160865142597342 0.5651260225720997 0.005374050362478471 0.007165400483304722
0 0.5214605646222126 0.568509683911438 0.007165400483304722 0.007563478287932739
0 0.5208634479152705 0.5563683108702827 0.008359633897188842 0.010350022920329067
0 0.5292230818124594 0.5639317891582155 0.006568283776362662 0.011942334138841205
0 0.6128194207843475 0.5454211712430116 0.0077625171902466405 0.010748100724957084
0 0.6938780137517319 0.6156819037598605 0.008061075543717919 0.009553867311072892
0 0.7603072473990358 0.580252979147965 0.007762517190246712 0.011942334138841205
0 0.6190891462072391 0.7110215379682755 0.007165400483304722 0.012340411943469007
0 0.6211790546815363 0.6980840093178642 0.008359633897188842 0.013534645357353412
0 0.5853520522650127 0.768543780737027 0.008956750604130903 0.01353464535735327
0 0.4816030244338303 0.7157984716238122 0.01104665907842822 0.00995194511570091
0 0.5608702672803885 0.5416394320990453 0.009553867311072892 0.011146178529585028
0 0.5416132534815071 0.46043155995492546 0.009255308957601826 0.009553867311072963
