0 0.3924363666110569 0.21950386895073784 0.009487787882486979 0.01284380312319155
0 0.5592347251044378 0.5041110003436053 0.007074864705403646 0.009071406611689814
0 0.5127956814236111 0.20555872034143516 0.008294169108072917 0.011896062780309606
0 0.336206669277615 0.4049347065113209 0.006767993503146701 0.009100370053891782
0 0.280982780456543 0.5887563069661458 0.007548819647894965 0.010407059280960649
0 0.5438325458102756 0.6661625614872686 0.00793596903483073 0.01024429886429398
0 0.43854310777452254 0.5779670432761863 0.006711747911241319 0.009238914207175927
0 0.5403639899359809 0.8034360532407407 0.00861968994140625 0.01267688892505787
0 0.6075861612955729 0.8752639770507813 0.008184899224175347 0.01012335883246528
0 0.5937815984090169 0.651299681486907 0.008769861857096354 0.011850258156105324
0 0.29111750920613605 0.5584038345902055 0.008621364169650607 0.012317968297887732
0 0.3404708332485623 0.665857837818287 0.007915348476833768 0.01074896918402778
0 0.3526372803582085 0.5919798956976997 0.008827018737792968 0.01132060863353588
0 0.7169121212429471 0.5542621188693577 0.008382415771484375 0.011278844762731482
0 0.4473646587795681 0.8999167265715422 0.008670934041341146 0.012405565049913194
0 0.7237429724799262 0.3461775037977431 0.007858022054036459 0.010058876320167824
0 0.42156283060709643 0.8026886551468461 0.007309807671440972 0.00978065773292824
0 0.6022854275173611 0.49097496315285016 0.007665846082899306 0.00990447998046875
0 0.32096247143215606 0.486195006193938 0.00840858883327908 0.011428776493778936
0 0.7510111490885416 0.5701618901005499 0.009279886881510416 0.01227654351128472
0 0.5878006405300564 0.39811224760832614 0.006670888264973958 0.009741521764684607
0 0.32921414905124236 0.4736533129656757 0.00817525651719835 0.011447736952039931
0 0.5164566463894315 0.8666356969762731 0.009655422634548612 0.011664835611979167
0 0.720343526204427 0.49369566175672736 0.00928497314453125 0.011224647804542824
0 0.38059586418999564 0.3058968438042535 0.008685048421223958 0.010858719437210649
0 0.5064613766140408 0.758207024468316 0.00747341579861111 0.010261818214699075
0 0.5238487243652344 0.7329906039767795 0.00905515882703993 0.011678342466001157
0 0.6549223158094618 0.6493096810800058 0.00835418701171875 0.012067780671296298
0 0.5869928148057726 0.417028992264359 0.006621381971571181 0.008479167796947337
0 0.7442793528238932 0.7025030348036024 0.008277638753255209 0.010753885904947918
0 0.49522605472140846 0.849830401385272 0.007414796617296006 0.00974098488136574
0 0.37827129364013673 0.5715203744393809 0.00810254414876302 0.01129998101128472
0 0.4360244115193685 0.3363851759168836 0.008253182305230035 0.01054297553168403
0 0.47693301306830516 0.21863333384195965 0.008076265123155383 0.010711768821433739
0 0.7606366475423179 0.6436621489348235 0.008083767361111112 0.010724272551359954
0 0.4556052525838216 0.660263513635706 0.007704120212131077 0.010270634403935185
0 0.7386852688259548 0.36697979679814097 0.007746378580729168 0.01083269472475405
0 0.5134600745307074 0.855088635465554 0.008155737982855902 0.011814823857060185
0 0.47878174251980254 0.3948363975242332 0.007529491848415799 0.009793882016782407
0 0.49813774500323127 0.4714909155348009 0.009175915188259548 0.01280964038990162
0 0.48628932105170364 0.8156008967646846 0.006902016533745659 0.009047501175491898
0 0.37207696702745224 0.33048016583478007 0.007324896918402778 0.009747088396990742
0 0.2726496484544542 0.43656617623788335 0.009023475646972656 0.011870574951171876
0 0.4142406675550673 0.3775727731210214 0.007680384318033854 0.01162120677806713
0 0.64594054751926 0.4021448488588686 0.008706707424587673 0.012810149016203703
0 0.5051989873250325 0.823330236364294 0.00738173590766059 0.010911729600694444
0 0.35379525392356975 0.3508339040890514 0.008237902323404949 0.013417985704210069
0 0.5719558715820312 0.46611925760904943 0.007486300998263889 0.010307961923104745
0 0.6181408564249674 0.28850953843858507 0.008784272935655382 0.011752093279803241
0 0.5083891974555121 0.25644638626663774 0.009070926242404513 0.01086177119502315
0 0.7871899204236272 0.48454737409816245 0.00901230706108941 0.010766036422164352
0 0.3010613335503472 0.5228339866355614 0.00783445570203993 0.010513870804398149
0 0.38633321126302084 0.4659039391411675 0.007098219129774306 0.009537506103515624
0 0.4840370390150282 0.6541664123535156 0.007962841457790798 0.011438609935619213
0 0.63009762234158 0.3857983059353298 0.009804619683159722 0.011537509494357638
0 0.3802245669894748 0.7320769133391204 0.008016798231336806 0.01049239547164352
0 0.24196402603119274 0.5168170671567354 0.00832658931298841 0.011102119083984618
0 0.24726276468491265 0.5609732226044013 0.007569626648171308 0.009588193754350272
0 0.3337457491402695 0.5988213558452578 0.01021899597503122 0.011606760860529235
0 0.3409368944560323 0.5301900742351714 0.007948107980579877 0.010597477307439788
0 0.4421806508753231 0.5619825061574908 0.006055701318537032 0.007569626648171308
0 0.470945232138374 0.5700567745822068 0.008326589312988375 0.009588193754350272
0 0.47359460146523397 0.5518896706265957 0.009840514642622651 0.008578910201260897
0 0.5087933653792304 0.5569360883920431 0.009840514642622722 0.012616044413618752
0 0.513902863366746 0.5857006696550942 0.009462033310214082 0.01766246217906634
0 0.514470585365359 0.6250627282255847 0.009083551977805512 0.014634611519798
0 0.5131459007019289 0.6356602055330245 0.008705070645397016 0.010597477307439717
0 0.4525888875165586 0.4918372992177703 0.006434182650945601 0.010597477307439717
0 0.45277812818276286 0.498397642312852 0.00681266398335417 0.009588193754350272
0 0.4041432769682624 0.43834527090402653 0.010975958639848358 0.011606760860529306
0 0.3744324923741902 0.4350650993564857 0.011354439972256927 0.014129969743253028
0 0.36023944240886907 0.3813207501544696 0.010975958639848286 0.011606760860529306
0 0.30706281520546574 0.3851055634785551 0.009083551977805512 0.014129969743253028
0 0.2979792632276602 0.42724315182004197 0.00984051464262258 0.011606760860529306
0 0.3106583878633471 0.36239668353404136 0.009462033310214082 0.01009283553089503
0 0.5080364027144132 0.39646000345081206 0.008326589312988446 0.01059747730743986
0 0.3089552218675085 0.3520515271148739 0.00681266398335417 0.008578910201260755
0 0.3799204716941143 0.35230384800314624 0.009462033310214082 0.011102119083984547
0 0.3155786451846584 0.28114935751033626 0.008705070645396945 0.010092835530895102
0 0.3929780776622097 0.2627299326664528 0.011354439972256998 0.01261604441361886
0 0.42704139757898046 0.30335359567830533 0.009840514642622722 0.013120686190163582
0 0.43555722755817317 0.35482705688587 0.009462033310214153 0.008074268424716067
0 0.46488953081983697 0.3119325058795661 0.00984051464262258 0.01009283553089503
0 0.44577622353320445 0.30310127479003296 0.008705070645396945 0.01362532796670834
0 0.43385406156233475 0.31521267742710696 0.009083551977805584 0.010597477307439753
0 0.4597800328323213 0.3697139892939403 0.007948107980579877 0.014634611519797787
0 0.5407750379677541 0.38964733946745794 0.010218995975031292 0.010092835530895102
0 0.5801370965382447 0.3669384595229441 0.007948107980579806 0.012111402637073993
0 0.5901668518470717 0.3734988026180258 0.009083551977805584 0.008074268424716067
0 0.6034136984813714 0.37627433238902197 0.010597477307439717 0.010597477307439646
0 0.6560226036861618 0.3787975412717458 0.008326589312988518 0.012616044413618965
0 0.6666200809936015 0.3833393172606485 0.0068126639833541 0.010597477307439788
0 0.5718105072252563 0.35583634043895956 0.007191145315762739 0.011102119083984476
0 0.5723782292238693 0.34271565424879596 0.009083551977805584 0.013120686190163511
0 0.5744598765521163 0.2665147459905384 0.00719114531576281 0.01614853684943206
0 0.5835434285299218 0.23901176916884942 0.008705070645396945 0.011606760860529306
0 0.5865712791891903 0.2468337167052931 0.007191145315762739 0.00807426842471603
0 0.5895991298484589 0.24986156736456158 0.007191145315762597 0.007064984871626514
0 0.5931947025063401 0.2538987015769196 0.0068126639833540285 0.008074268424716067
0 0.5958440718332 0.2216016278780555 0.006812663983354241 0.01009283553089503
0 0.5899776111808673 0.21605056833606323 0.007191145315762739 0.012111402637074064
0 0.5468307392862911 0.21907841899533176 0.0064341826509456725 0.009083551977805584
0 0.4927079087518663 0.20721933724653005 0.007948107980579735 0.011606760860529306
0 0.4851382821036952 0.20822862079961957 0.008705070645396945 0.01160676086052927
0 0.6811916122913314 0.26474849977263176 0.010975958639848358 0.012616044413618788
0 0.6933030149284053 0.34750975112597116 0.007948107980579806 0.0095881937543502
0 0.6374770183981423 0.32808104272899813 0.011354439972256785 0.014129969743253028
0 0.6707833756500957 0.39217054835018167 0.009083551977805512 0.009083551977805512
0 0.6109833251295427 0.41563639095951266 0.007569626648171308 0.011606760860529306
0 0.6225270057680039 0.4196735251718707 0.00719114531576281 0.010597477307439788
0 0.656779566350979 0.4201781669484154 0.006055701318537245 0.011606760860529306
0 0.6456143670449263 0.43582206202130275 0.009462033310214082 0.01362532796670834
0 0.6825162969547613 0.46862377749671164 0.009840514642622651 0.009588193754350272
0 0.6938707369270182 0.4814921427986028 0.01059747730743993 0.013120686190163582
0 0.7756227047272679 0.4542414868651861 0.006055701318537103 0.01009283553089503
0 0.7744872607300423 0.48023053835724083 0.0068126639833541 0.009588193754350343
0 0.7722163727355911 0.48527695612268845 0.008326589312988375 0.008578910201260826
0 0.5808940592030619 0.44869042732319386 0.007948107980579735 0.010092835530895102
0 0.574270635885912 0.4504566735411005 0.00756962664817145 0.0095881937543502
0 0.5733244325548906 0.4610541508485403 0.008705070645396945 0.008578910201260826
0 0.5897883705146632 0.4744271579269763 0.008326589312988518 0.009083551977805512
0 0.5540218846020538 0.4804828592455133 0.00643418265094553 0.009083551977805512
0 0.5477769426173125 0.5016778138603928 0.007569626648171308 0.01009283553089496
0 0.5409642786339584 0.5498711035204167 0.007569626648171379 0.009588193754350272
0 0.564240880577085 0.5276668653524476 0.00643418265094553 0.0095881937543502
0 0.6028459764827585 0.5180786715980973 0.007191145315762739 0.008578910201260897
0 0.5969795158304259 0.5216111640339106 0.006055701318536961 0.010597477307439788
0 0.6032244578151671 0.5324609622296227 0.007948107980579877 0.009083551977805441
0 0.4461547048656131 0.6523133841590013 0.006434182650945601 0.015643895072887375
0 0.4442622982035702 0.6606399734719898 0.009462033310214153 0.014129969743253099
0 0.4788933401189538 0.6586214063658108 0.0068126639833541 0.009083551977805655
0 0.6412618317222278 0.6644247867960753 0.0068126639833540285 0.01059747730743993
0 0.6565903256847747 0.6187547060187754 0.0064341826509456725 0.012111402637074135
0 0.6919783302649753 0.5942795798563548 0.006055701318536961 0.010597477307439788
0 0.757455600771657 0.6230441611194056 0.0075696266481712375 0.011606760860529378
0 0.6690802096542572 0.4784642921393343 0.008705070645396945 0.011102119083984547
0 0.640694109723615 0.4973883587597625 0.007191145315762739 0.012616044413618823
0 0.6000073664896943 0.47417483703870394 0.008326589312988446 0.011606760860529306
0 0.574270635885912 0.5692998119173897 0.00681266398335417 0.010092835530895102
0 0.4130375882798636 0.6487808917231882 0.008326589312988446 0.016653178625976893
0 0.5131459007019288 0.6704804881146126 0.0056772199861284635 0.008578910201260755
0 0.5080364027144132 0.6697235254497954 0.009840514642622651 0.011102119083984405
0 0.5203370460176916 0.6581167645892663 0.008705070645397085 0.014129969743253099
0 0.6511023463648504 0.6808256445337798 0.008326589312988375 0.011102119083984547
0 0.6772175583010415 0.6719944134442468 0.009840514642622793 0.012616044413618823
0 0.7020080855738022 0.6979834649363016 0.007191145315762526 0.009083551977805512
0 0.7124163222150379 0.7032822035900215 0.007569626648171379 0.008578910201260613
0 0.7158226542067149 0.7105995093499203 0.011354439972256927 0.010092835530894888
0 0.7286910195086063 0.7388594488364265 0.007569626648171379 0.01009283553089503
0 0.7154441728743063 0.7401210532777884 0.006055701318537103 0.01059747730743993
0 0.6968985875862868 0.7845295296137266 0.010597477307439788 0.014634611519797858
0 0.7031435295710281 0.8004257455748862 0.007948107980579948 0.01009283553089503
0 0.6582934916806131 0.8435726174694625 0.007569626648171379 0.011606760860529306
0 0.6319890390782179 0.8433202965811901 0.007191145315762739 0.008074268424715854
0 0.6181744704453054 0.8410494085867387 0.010597477307439788 0.01261604441361868
0 0.5702965818956219 0.8188451704187696 0.008705070645396945 0.008578910201260755
0 0.5765415238803634 0.8241439090724896 0.007569626648171166 0.007064984871626336
0 0.5591313825895694 0.798911820245252 0.009083551977805655 0.011102119083984405
0 0.5695396192308049 0.7605590452278509 0.007191145315762739 0.009083551977805512
0 0.4707559914721696 0.7913421935970807 0.007948107980579806 0.011102119083984405
0 0.45826610750268704 0.8710755942911516 0.00719114531576281 0.009083551977805512
0 0.4035755549696495 0.8034535962341548 0.00681266398335417 0.01009283553089503
0 0.3954382063228654 0.8175835659774077 0.012489883969482633 0.011102119083984405
0 0.46924206614253544 0.6505471379410949 0.009462033310214082 0.007064984871626478
0 0.37007995705149166 0.7746890149711038 0.00643418265094553 0.010092835530895173
0 0.37310780771076024 0.7746890149711038 0.0056772199861284635 0.010092835530895173
0 0.375000214372803 0.6465100037287367 0.010975958639848358 0.013120686190163653
