0 0.7251095090551409 0.5005350086806708 0.007997989654541016 0.01131146748860677
0 0.5527225971221924 0.4904937585194905 0.00798206329345703 0.010509713490804035
0 0.627240399058768 0.20628776894170564 0.00856332778930664 0.011471796035766601
0 0.6192847594176891 0.23583777653397878 0.00893244743347168 0.010705359776814779
0 0.37249729633331297 0.692241096496582 0.009485673904418946 0.012003199259440106
0 0.5117660522460937 0.3827442010243734 0.008546543121337891 0.011010074615478515
0 0.40456466674804686 0.42113518714904785 0.009211349487304687 0.012861474355061847
0 0.5870048999786376 0.1689658323923747 0.008933162689208985 0.012232716878255208
0 0.3387148380279541 0.4330869515736898 0.008879756927490235 0.011958471934000651
0 0.7321884632110596 0.3708165009816487 0.009382343292236328 0.013327248891194661
0 0.6127852678298951 0.5404264767964682 0.00841679573059082 0.010691515604654948
0 0.6444012641906738 0.5090805212656657 0.00872945785522461 0.012016773223876953
0 0.5532850980758667 0.5661040306091308 0.008435869216918945 0.012097613016764324
0 0.7201313495635986 0.444903055826823 0.00844573974609375 0.011857859293619792
0 0.5959742307662964 0.7894921938578287 0.007882833480834961 0.011224428812662758
0 0.6969494819641113 0.24951877593994143 0.00787200927734375 0.009442456563313802
0 0.6354084730148315 0.677163855234782 0.00774073600769043 0.009717750549316406
0 0.6150741577148438 0.35648336410522463 0.007547187805175781 0.00946203867594401
0 0.47693376541137694 0.31231996218363445 0.007708358764648438 0.010380268096923828
0 0.6069582939147949 0.3824313163757324 0.00781869888305664 0.010421943664550782
0 0.40298008918762207 0.15192986329396566 0.008098888397216796 0.011287895838419597
0 0.5571609973907471 0.38160018920898436 0.008629989624023438 0.01077683766682943
0 0.5011191368103027 0.811318270365397 0.008995246887207032 0.01297747294108073
0 0.6800209283828735 0.29212668736775715 0.007566976547241211 0.010057512919108074
0 0.5313877105712891 0.679461161295573 0.007519721984863281 0.009711201985677083
0 0.45932660102844236 0.15045994122823078 0.008612728118896485 0.012433179219563802
0 0.5729299306869506 0.3189697742462158 0.008547258377075196 0.009646066029866536
0 0.5505724191665649 0.3008098602294922 0.007557058334350586 0.010673205057779946
0 0.32605346441268923 0.564258893330892 0.010452485084533692 0.013874181111653646
0 0.5590812206268311 0.7268040339152019 0.007837009429931641 0.010018157958984374
0 0.39698500633239747 0.3610194524129231 0.008794498443603516 0.012570381164550781
0 0.7322923183441162 0.31998273531595867 0.009902095794677735 0.013575140635172527
0 0.782247519493103 0.46630444526672366 0.007692956924438476 0.01009041468302409
0 0.5094783067703247 0.43701848983764646 0.008054399490356445 0.010276222229003906
0 0.36923718452453613 0.16166960398356117 0.00995182991027832 0.012756729125976562
0 0.7721310494720598 0.4643571931025426 0.010101032257080079 0.013142903645833336
0 0.5984935045242309 0.15100344816843667 0.008967351913452149 0.012283881505330406
0 0.5326370477676392 0.13833801349004107 0.008922433853149414 0.012885435422261554
0 0.4471299409866333 0.29302606582641605 0.007875299453735352 0.009828503926595051
0 0.5538520097732543 0.17221181392669677 0.008532476425170899 0.011816803614298503
0 0.7382056474685669 0.5041182518005372 0.006861066818237305 0.008489163716634114
0 0.357732880115509 0.43051910400390625 0.008732056617736817 0.010893440246582032
0 0.4874364137649536 0.19666132132212322 0.00755763053894043 0.009431854883829752
0 0.272571587562561 0.44168852170308426 0.007381296157836914 0.009809525807698567
0 0.5514193058013915 0.7512227694193523 0.008880329132080079 0.011445935567220051
0 0.252517306804657 0.5308358351389567 0.008484292030334472 0.011876074473063152
0 0.7189020156860352 0.5530599594116211 0.007022857666015625 0.00902697245279948
0 0.6707376480102539 0.6386775970458984 0.007779121398925781 0.010327529907226563
0 0.4833542803099772 0.3787497415938698 0.006206083297729502 0.013295424607011665
0 0.4484498739242554 0.5451164245605468 0.007035970687866211 0.008973821004231771
0 0.6341325044631958 0.34944774309794113 0.007473993301391602 0.010087935129801433
0 0.4680767059326172 0.7004869143168131 0.008111858367919922 0.010656038920084633
0 0.49350700378417967 0.42893198331197097 0.007239246368408203 0.009916146596272787
0 0.412766695022583 0.3615565299987793 0.008636474609375 0.010583941141764324
0 0.6063346862792969 0.738028621673584 0.007803153991699219 0.010415712992350258
0 0.6074472427368164 0.578223959604899 0.00826730728149414 0.010950152079264324
0 0.27298109334468773 0.26411056313980485 0.007279157638549805 0.008789539337158203
0 0.29437639713287356 0.3609466393788655 0.009372711181640625 0.012390422821044921
0 0.615907311439514 0.49758731524149574 0.007979249954223633 0.010245418548583985
0 0.753435468673706 0.42166231473286947 0.007000541687011719 0.009573841094970703
0 0.395694363117218 0.6825920740763347 0.008039116859436035 0.01072552998860677
0 0.3173278570175171 0.5285444895426432 0.009441375732421875 0.011603673299153648
0 0.6441299200057984 0.3249511241912842 0.008089685440063476 0.011137294769287109
0 0.6542185306549072 0.7641556739807129 0.00789642333984375 0.00993506113688151
0 0.410489559173584 0.5769574165344238 0.00699615478515625 0.010517056783040364
0 0.688240385055542 0.34543237686157224 0.007767868041992187 0.00939490000406901
0 0.5822147846221923 0.6483789126078289 0.00947866439819336 0.013376681009928386
0 0.5402554988861085 0.667055320739746 0.007135200500488281 0.0113861083984375
0 0.4699627161026001 0.5584693590799967 0.007892084121704102 0.01157792409261068
0 0.39568701982498167 0.1962235927581787 0.007619929313659668 0.009539000193277995
0 0.5043404579162598 0.3372004350026448 0.00778656005859375 0.01069148381551107
0 0.4003540396690369 0.5620097160339356 0.007834553718566895 0.010517819722493488
0 0.3419260740280151 0.23962948322296143 0.008703041076660156 0.011026112238566081
0 0.4109138250350952 0.7131302197774251 0.007157373428344727 0.009226671854654948
0 0.5611571073532104 0.2703827619552613 0.007147836685180664 0.009514792760213216
0 0.3831423997879028 0.7498934110005696 0.00777435302734375 0.009725252787272135
0 0.4354137182235718 0.36492273012797044 0.008497190475463868 0.011705748240152995
0 0.7278271436691284 0.5959845542907715 0.007024431228637695 0.009599622090657551
0 0.4099949598312378 0.1946883996327718 0.00734868049621582 0.009839375813802084
0 0.6275477886199952 0.6666535695393879 0.008145904541015625 0.01133588155110677
0 0.6235012531280517 0.22146252791086835 0.00732126235961914 0.009545119603474934
0 0.5966652819910844 0.22239653174566018 0.007985591888427734 0.011756245295206707
0 0.6403692722320555 0.6083756446838379 0.008804607391357421 0.011135164896647136
0 0.24480960369110108 0.39274681409200035 0.008138179779052734 0.010743300120035805
0 0.4729593753814697 0.6507083257039388 0.009211921691894531 0.011868158976236977
0 0.35351498126983644 0.6523798942565919 0.008343029022216796 0.009968884785970052
0 0.5580081939697266 0.10611140330632528 0.009119796752929687 0.011957097053527831
0 0.7500975791424443 0.503059523731096 0.00842270851135254 0.011132876078287758
0 0.6819689512252808 0.7161031405131021 0.008472299575805664 0.01159839630126953
0 0.7306557893753052 0.2552640120188395 0.009524297714233399 0.012227471669514973
0 0.25352073907852174 0.38055389722188315 0.008091044425964356 0.010582256317138671
0 0.711516547203064 0.5872922261555991 0.007427358627319336 0.009793726603190105
0 0.760047197341919 0.4803647994995117 0.009015083312988281 0.010788790384928386
0 0.6436576128005982 0.3662342230478922 0.007738447189331055 0.010762246449788411
0 0.6983335971832275 0.21456085046132403 0.008631229400634766 0.012308136622111004
0 0.5672137498855591 0.2887635866800944 0.00839247703552246 0.010430208841959636
0 0.5322058439254761 0.3181192398071289 0.00717473030090332 0.009340349833170574
0 0.6717267990112304 0.4731446107228596 0.0077667236328125 0.009869988759358723
0 0.4981308698654175 0.2541096051534017 0.008519506454467774 0.012415758768717448
0 0.5517405033111572 0.22272830009460448 0.006887912750244141 0.008046944936116537
0 0.544319224357605 0.4525789260864258 0.007519769668579102 0.010786946614583333
0 0.7075463771820069 0.5816733996073405 0.007713603973388672 0.011880556742350258
0 0.46439173221588137 0.44623715082804366 0.008443307876586915 0.01110248565673828
0 0.6876891613006592 0.390939998626709 0.007721233367919922 0.010971450805664062
0 0.5263487577438355 0.6407551765441895 0.008741521835327148 0.01037425994873047
0 0.7184763193130493 0.2885327974955241 0.007865667343139648 0.010703722635904946
0 0.6764777898788452 0.49816087086995436 0.009174203872680664 0.011456616719563802
0 0.6783426523208618 0.5650415102640788 0.007760381698608399 0.00979785919189453
0 0.7404679775238037 0.42255415916442873 0.009779739379882812 0.011723550160725911
0 0.5628495216369629 0.37116980552673345 0.007652473449707031 0.010204474131266274
0 0.6741284847259521 0.4058959801991781 0.008290481567382813 0.010574626922607421
0 0.7422240982920856 0.6494880117874383 0.00887126922607422 0.012676111857096354
0 0.26123267197190553 0.49555419279080254 0.009553867311072963 0.012738489748097166
0 0.292730578263099 0.46928105768535205 0.006269725422891667 0.007961556092560827
0 0.2966118368582224 0.47266471902469037 0.006866842129833692 0.008359633897188771
0 0.3010902121602878 0.4662954741506418 0.005672608715949608 0.00995194511570098
0 0.308106333466857 0.46330989061593153 0.007762517190246783 0.011146178529585028
0 0.31362966300607104 0.45554737342568474 0.0074639588367756814 0.01234041194346922
0 0.31452533806648414 0.447784856235438 0.009255308957601826 0.00875771170181686
0 0.29302913661657004 0.42907519941792016 0.009852425664543923 0.010350022920328996
0 0.29302913661657004 0.4197203710091613 0.006866842129833692 0.011544256334213117
0 0.2913870656724794 0.4141472817443688 0.010748100724957013 0.009951945115701051
0 0.2807882441242579 0.4149434373536248 0.008061075543717813 0.011544256334213117
0 0.28481878189611676 0.42549249917626786 0.008359633897188808 0.011942334138841063
0 0.25839636761393076 0.44977524525857815 0.009255308957601897 0.00875771170181686
0 0.2530223172514522 0.4541541011094866 0.006866842129833657 0.01353464535735327
0 0.24376700829385034 0.45514929562105677 0.009852425664543958 0.010748100724957013
0 0.3369172145768113 0.4139482428420548 0.010449542371485947 0.009553867311072963
0 0.3745355671141609 0.48898590901443995 0.011643775785370139 0.011544256334213188
0 0.3915533932620095 0.4907772591352662 0.007463958836775646 0.009553867311072892
0 0.3706543085190376 0.3629942838496658 0.008658192250659837 0.011146178529585028
0 0.4603710937370817 0.4149434373536248 0.008956750604130974 0.012340411943469149
0 0.2778026605895476 0.3442846270321481 0.008061075543717777 0.010350022920328996
0 0.2878043654308271 0.32318650338686206 0.008359633897188771 0.011942334138841168
0 0.2907899489655374 0.30308357425314614 0.010150984018014987 0.013136567552725253
0 0.31497317559669064 0.3068653133971124 0.008956750604130868 0.015126956575865443
0 0.3909562765550675 0.3385124988650416 0.010449542371485947 0.011544256334213117
0 0.39065771820159656 0.3263711258238864 0.008658192250659837 0.010350022920329067
0 0.38394015524849834 0.3170162974151275 0.007762517190246783 0.00995194511570098
0 0.42723111650179746 0.3279634370423985 0.008359633897188842 0.015126956575865477
0 0.43126165427365637 0.3112441692480209 0.006866842129833728 0.011146178529585065
0 0.42529048720423573 0.3052730021786003 0.008061075543717848 0.011942334138841205
0 0.40797410270291606 0.2981076016952956 0.008658192250659837 0.010350022920328996
0 0.40797410270291606 0.3052730021786003 0.007463958836775788 0.008757711701816823
0 0.4811208993033182 0.3349297986233891 0.011643775785370068 0.013932723161981287
0 0.35363648237118883 0.20654970663084682 0.008658192250659837 0.0111461785295851
0 0.412900315535188 0.1699265486050673 0.008956750604130832 0.012738489748097201
0 0.4372328213430768 0.10683121657152325 0.009255308957601826 0.00995194511570098
0 0.6209954879044953 0.1360899352116841 0.008359633897188771 0.011146178529585047
0 0.6236825130857343 0.19560256700357578 0.0065682837763625206 0.009951945115700944
0 0.6286087259180063 0.19381121688274963 0.0068668421298335855 0.011942334138841134
0 0.604425499286853 0.187441972008701 0.005075492009007476 0.012738489748097166
0 0.6078589203517697 0.18684485530175898 0.0047769336555364104 0.011544256334213082
0 0.5605374213266118 0.23063341381084312 0.007463958836775788 0.011544256334213082
0 0.553073462489836 0.2344151529548095 0.01104665907842822 0.00875771170181686
0 0.5578503961453726 0.25252769306538525 0.007463958836775646 0.01313656755272529
0 0.5741218264095436 0.25849886013480583 0.006568283776362662 0.014728878771237425
0 0.5777045266511958 0.2760142835384395 0.007165400483304651 0.011544256334213153
0 0.583824972897352 0.2445661369728245 0.006269725422891526 0.009951945115700944
0 0.58322785619041 0.2352113085640656 0.01044954237148609 0.0111461785295851
0 0.5932295610316893 0.30368069096008815 0.008956750604130832 0.011942334138841097
0 0.5929310026782183 0.3164191807081854 0.008359633897188842 0.01035002292032889
0 0.5854670438414427 0.3319442150886789 0.008956750604130832 0.011942334138841205
0 0.5665085883960324 0.3379153821580995 0.008658192250659766 0.009553867311072892
0 0.5980064946872258 0.2855681508495125 0.007165400483304722 0.010748100724957084
0 0.6904103050865092 0.3182105308290116 0.009852425664544029 0.011544256334213117
0 0.6848869755472953 0.3313470983817368 0.011942334138841205 0.011544256334213117
0 0.681602833659114 0.3482654050784284 0.008359633897188842 0.011146178529585028
0 0.682498508719527 0.37573277359776314 0.009553867311072821 0.009553867311072821
0 0.723102444791587 0.3655817895797482 0.011942334138841205 0.013136567552725253
0 0.7587801680313748 0.38230105737412573 0.007463958836775646 0.015525034380493423
0 0.583824972897352 0.3763298903047051 0.008061075543717848 0.01472887877123739
0 0.6574196070279607 0.3548336888547911 0.007762517190246712 0.013136567552725253
0 0.7423594585904684 0.47445606914551663 0.006866842129833657 0.012738489748097166
0 0.7354926164606346 0.47783973048485495 0.011643775785369997 0.013136567552725253
0 0.7077266895878289 0.47863588609411095 0.01343512590619639 0.013932723161981358
0 0.7560931428501355 0.44818293404006604 0.010449542371486018 0.014330800966609302
0 0.6790650876546102 0.4487800507470081 0.008658192250659908 0.013136567552725253
0 0.646522227126268 0.4430079225799015 0.010449542371486018 0.011146178529585028
0 0.5745696639397501 0.44639158391923983 0.008061075543717848 0.011544256334213045
0 0.5735247097026016 0.4625137350066754 0.007762517190246783 0.012738489748097237
0 0.5630751673311155 0.47624741926634273 0.0077625171902466405 0.012340411943469149
0 0.5748682222932211 0.48381089755427553 0.011046659078428007 0.00995194511570098
0 0.5911396525573922 0.46330989061593153 0.0077625171902466405 0.01353464535735327
0 0.5505357164853323 0.5333715842304663 0.0083596338971887 0.01592311218512158
0 0.5618809339172313 0.5954717217524401 0.007762517190246783 0.0111461785295851
0 0.5914382109108633 0.6719026602410235 0.010150984018014952 0.012738489748097237
0 0.6527919525491597 0.6295073740481375 0.008061075543717777 0.00995194511570091
0 0.6521948358422176 0.6370708523360702 0.008658192250659766 0.00995194511570091
0 0.7392245958790223 0.5439206460531092 0.008956750604130832 0.011544256334213045
0 0.746091438008856 0.5240167558217074 0.008956750604130832 0.011544256334212974
0 0.6462236687727969 0.5383475567883167 0.008061075543717634 0.01234041194346922
0 0.6074110828215632 0.6247304403926011 0.008061075543717777 0.012340411943469007
0 0.506946196878562 0.5731793646932701 0.009553867311073034 0.011942334138841134
0 0.49694449203728264 0.5867140100506234 0.007463958836775788 0.009553867311072963
0 0.5326222152770705 0.6042294334542571 0.007762517190246712 0.009553867311072892
0 0.526949606561121 0.6151765730815282 0.008956750604130832 0.013932723161981358
0 0.5066476385250911 0.6165698453977262 0.009553867311072963 0.016719267794377615
0 0.5394890574069042 0.6058217446727692 0.006568283776362662 0.007961556092560827
0 0.5453109452995892 0.613982339667644 0.011046659078428007 0.013136567552725253
0 0.5521777874294229 0.7013604177834983 0.008658192250659908 0.012738489748097237
0 0.553073462489836 0.6916075115701115 0.008658192250659766 0.013136567552725182
0 0.7096673188853905 0.7117104407038275 0.009553867311073105 0.013534645357353412
0 0.626220259090238 0.7230556581357266 0.009852425664544029 0.010748100724956942
0 0.5029156591067033 0.7381826147115919 0.011046659078428079 0.012340411943469291
0 0.5178435767802546 0.7560961159198536 0.010449542371486018 0.00995194511570091
0 0.5172464600733125 0.7724173059096031 0.011643775785370139 0.013932723161981499
0 0.600096403161523 0.781573095416048 0.009553867311072892 0.012340411943469149
0 0.6365205222849886 0.7851557956577004 0.008956750604130832 0.012340411943469291
0 0.5487443663645062 0.8331241711153791 0.007762517190246712 0.014330800966609445
0 0.495600979446663 0.7935154295548894 0.007165400483304651 0.010748100724956942
0 0.4323066085108049 0.7777913562720817 0.007165400483304722 0.011146178529585028
0 0.4415619174684068 0.7365903034930799 0.010748100724957013 0.010748100724956942
0 0.44484605935658805 0.7121085185084552 0.008956750604130903 0.01353464535735327
0 0.443950384296175 0.7051421569274646 0.008359633897188771 0.009951945115700767
0 0.4539520891374545 0.6764805549942459 0.010449542371486018 0.013136567552725182
0 0.4475330845378274 0.676281516091932 0.010150984018014952 0.011942334138841063
0 0.4305152583899787 0.6452314473309448 0.010748100724957013 0.012738489748097237
0 0.43977056734758063 0.644833369526317 0.008956750604130903 0.012738489748097237
0 0.4464881303006788 0.6332891131921038 0.009255308957601755 0.012738489748097166
0 0.4494737138353891 0.6424449026985486 0.007463958836775717 0.014330800966609516
0 0.42857462909241706 0.6197544678347505 0.008061075543717848 0.015126956575865548
0 0.40483923999147037 0.6330900742897898 0.010748100724957013 0.013136567552725324
0 0.4115568029445684 0.6340852688013598 0.008061075543717705 0.013534645357353199
0 0.4440996634729105 0.6096034838167356 0.009255308957601897 0.011544256334213045
0 0.4321573293340694 0.6916075115701114 0.006866842129833728 0.009155789506445017
0 0.39155339326200944 0.5998505776033487 0.008061075543717777 0.013534645357353341
0 0.3533379240177178 0.5431244904438531 0.009852425664543887 0.012340411943469078
0 0.2346609785129839 0.5449158405646792 0.008359633897188771 0.017515423403633646
0 0.4218570661393189 0.5743735981071542 0.011942334138841205 0.009553867311072892
0 0.46066965209055266 0.5397408291045149 0.006568283776362662 0.010350022920328996
0 0.4649987482158825 0.5369542844721186 0.007463958836775717 0.011146178529584959
0 0.5038113341671163 0.5258081059425335 0.007463958836775717 0.007961556092560898
0 0.5048562884042649 0.5321773508165822 0.0071654004833047935 0.0111461785295851
0 0.5029156591067032 0.49913689303245495 0.007463958836775788 0.012738489748097237
0 0.5133652014781893 0.498738815227827 0.009852425664543958 0.01592311218512158
0 0.4914211624980686 0.40996746479577434 0.006568283776362662 0.012738489748097237
0 0.5096332220598013 0.4254924991762678 0.010748100724957155 0.009553867311072963
0 0.5336671695142192 0.41255497052585655 0.008061075543717777 0.00995194511570098
0 0.4858978329588545 0.4195213321068472 0.008061075543717705 0.007961556092560685
0 0.35268656304640744 0.7121763161841068 0.007431027850387792 0.01282216570263003
0 0.2656998252683377 0.6635103690854883 0.008305266421021713 0.01107368856136219
0 0.2877743491768428 0.606976274851165 0.010490862847606443 0.013404991416385953
