0 0.6225412692099771 0.47969880353123523 0.009717305501302084 0.013260255036530671
0 0.6331485960218641 0.5178420455367476 0.007550430297851562 0.010212651005497685
0 0.5867975446912977 0.5778609381781684 0.007112291124131944 0.009251629864728009
0 0.5118942896525065 0.13503050627531826 0.007431581285264757 0.010758943910951968
0 0.752877468532986 0.4167502933078342 0.008054945203993056 0.010610877143012152
0 0.27185242970784507 0.6185095327871817 0.007807244194878472 0.009918212890625
0 0.590004285176595 0.7175177680121527 0.00845959981282552 0.012104740849247685
0 0.42242654164632154 0.28428803903085215 0.008350160386827257 0.010967367666739005
0 0.7506353166368273 0.3847948003698278 0.009311167399088542 0.012248484293619792
0 0.3039787292480469 0.368482420179579 0.009282430013020834 0.012036782723885996
0 0.38363465203179253 0.4189955393473307 0.008008829752604167 0.0105067217791522
0 0.6430088678995769 0.5779288963035301 0.007235760158962674 0.009202180085358795
0 0.6618315802680123 0.25605090105975115 0.007464684380425347 0.009964384856047453
0 0.495399538675944 0.667854083025897 0.007462268405490451 0.009831181278935185
0 0.5956139458550347 0.17528839817753547 0.0070264180501302086 0.009201233475296586
0 0.34746182759602867 0.7620120013201678 0.008259794447157118 0.010780051902488425
0 0.3295838250054253 0.6431762130172164 0.008816697862413195 0.012630886501736112
0 0.3940964592827691 0.7986642908166957 0.00843293931749132 0.01084334762008102
0 0.6100014156765408 0.7602728384512443 0.009168836805555556 0.013149798357928242
0 0.5578630659315321 0.8527645252369068 0.007520887586805556 0.012166736744068287
0 0.635796330932242 0.6733044322730821 0.009085761176215278 0.011551694516782406
0 0.6984114117092557 0.23274220360649955 0.007206090291341147 0.009466651633933738
0 0.39606170654296874 0.5665982564290364 0.0073803371853298615 0.009487858525028935
0 0.5846611022949219 0.7977179633246527 0.00892698499891493 0.01231632939091435
0 0.4398001141018338 0.260214756153248 0.007720226711697049 0.010697739212601275
0 0.43010690477159286 0.6042725174515337 0.007578955756293403 0.01043113425925926
0 0.4544811460706923 0.19117870330810546 0.008727815416124132 0.011441308480721935
0 0.7604397667778862 0.6992399145055701 0.010185665554470487 0.014267363371672453
0 0.5578629175821941 0.29504058272750294 0.00792833964029948 0.009614223904079861
0 0.45102882385253906 0.6631862216525607 0.007346683078342015 0.01084170871310764
0 0.6042721218532986 0.3582666043882017 0.006788041856553819 0.009804139313874421
0 0.6315408918592664 0.4073629308629919 0.007722218831380207 0.009907305682146992
0 0.6260076310899522 0.4317621019151476 0.008132086859809028 0.010746143482349537
0 0.42100340525309243 0.8045134085196035 0.007144376966688368 0.009350077311197916
0 0.2533263402107809 0.6558945430309525 0.008372624715169271 0.012033363624855324
0 0.7502234564887154 0.3853749169243707 0.011379665798611112 0.014707975034360532
0 0.3378301408555772 0.24149398803710936 0.008728324042426214 0.012439021357783565
0 0.4033666822645399 0.7670557940447773 0.007864634195963541 0.009851356788917824
0 0.6867315080430773 0.39676212734646266 0.008703867594401041 0.01167062830041956
0 0.6713674757215712 0.7928790339717158 0.007824367947048612 0.010606949417679399
0 0.616768413119846 0.3996004457826968 0.008339479234483508 0.011489472565827547
0 0.699134381612142 0.6213448418511284 0.008556493123372396 0.01122199164496528
0 0.4744281556871202 0.3439815945095486 0.006846915351019965 0.00912334300853588
0 0.30342468685574003 0.3880926767985027 0.010091781616210938 0.013332027859157986
0 0.4909506056043837 0.860119996247468 0.00850677490234375 0.011217640064380786
0 0.5603057861328125 0.35559518602159285 0.006963009304470486 0.00853669908311632
0 0.41795171101888023 0.24071516107629848 0.007830556233723958 0.010748700742368344
0 0.3477372699313694 0.5330327069317853 0.00715298122829861 0.009807162814670138
0 0.7265905168321397 0.7150239732530383 0.007089826795789931 0.009181269892939815
0 0.48671254052056206 0.6320057339138455 0.007291709052191841 0.009847965946903936
0 0.6289652718438042 0.621663185402199 0.009868494669596354 0.01268966109664352
0 0.7079139921400283 0.6789181179470486 0.007786517673068576 0.00966457790798611
0 0.7205796135796442 0.4099734977439598 0.008632744683159723 0.011471133761935764
0 0.5654596116807725 0.26203192251699936 0.008721076117621528 0.011580121075665507
0 0.430945905049642 0.16910316326000072 0.008062447441948785 0.010926917747214987
0 0.4342655605740018 0.43511376557526765 0.008536020914713541 0.0107945477520978
0 0.7924555036756727 0.44800875628436054 0.008636728922526041 0.01146613226996528
0 0.4573960410224067 0.8123695938675494 0.007069185045030382 0.008957078721788194
0 0.4413614484998915 0.31149032027633106 0.0080963134765625 0.012129041883680556
0 0.6162380430433485 0.5994089479799624 0.00919965108235677 0.01273345947265625
0 0.695162582397461 0.36277698940700953 0.007345835367838543 0.009833922209563079
0 0.6535662757025825 0.5691161826804833 0.006440904405381944 0.008380183467158565
0 0.6101975335015191 0.7072536044650607 0.009742991129557291 0.011958765100549768
0 0.25747089385986327 0.3734046088324653 0.008882310655381944 0.011634035463686344
0 0.284265571170383 0.5147777416087963 0.007274987962510851 0.010078147605613425
0 0.7238889142625092 0.3438700915974514 0.008452648586697049 0.011781819661458333
0 0.3947993172539605 0.8354865745261862 0.006643634372287327 0.010004679361979164
0 0.5132794486151802 0.7934780827275029 0.0076084136962890625 0.011240245677806713
0 0.2980880207485623 0.6298265527795863 0.00866154564751519 0.012799919976128473
0 0.4145278718736437 0.664102229365596 0.007346810234917535 0.009585345232928241
0 0.38569446139865454 0.6144100895634405 0.007223002115885416 0.010107930501302083
0 0.4553553263346354 0.7900395993833189 0.007814195421006944 0.010267865216290507
0 0.5374650444411998 0.8520604187043529 0.007728576660156249 0.012154134114583333
0 0.571148321363661 0.6451343677662037 0.007197443644205729 0.010155910915798611
0 0.2993710094028049 0.31673829820421007 0.007059415181477863 0.010547214084201388
0 0.3971219837155368 0.7317224290635851 0.007767698499891494 0.010256449381510414
0 0.3662120183308919 0.3280032970287182 0.008851920233832465 0.012005106608072918
0 0.5529579374525282 0.44473099885163486 0.008468924628363714 0.011710668493200231
0 0.49134394327799474 0.8017336527506511 0.009543524848090278 0.013776256419994214
0 0.5195332845052083 0.20987488075538915 0.008681064181857639 0.010586773907696759
0 0.44679137335883246 0.8139166937934028 0.007081349690755207 0.010451705367476851
0 0.40354557037353517 0.1643124050564236 0.008663558959960937 0.010961885805483218
0 0.5621133592393663 0.521086996572989 0.007573954264322916 0.010894944932725694
0 0.6987605412801107 0.5083718193901909 0.006726879543728298 0.008339210792824073
0 0.3249202744573235 0.7333408496997974 0.007911618550618489 0.011124561451099538
0 0.4047237396240234 0.6410897996690538 0.006494310167100694 0.009011897334346064
0 0.5652018441094292 0.7106794004087094 0.007465489705403647 0.009843162254050925
0 0.7479102240668403 0.4633799235026042 0.007805548773871528 0.010060063114872685
0 0.6924453099568686 0.6071927953649451 0.007496007283528647 0.009887299714265047
0 0.7373689439561634 0.2615856735794633 0.006521775987413194 0.008264188413266782
0 0.5742096803114847 0.5058863633491163 0.00613742404513889 0.007824198404947916
0 0.45570682949490016 0.5897807085955584 0.007018619113498265 0.009104015209056713
0 0.23877599504258895 0.5195602416992187 0.008372836642795138 0.010811473705150463
0 0.4246069802178278 0.7678332010904947 0.008453411526150173 0.010613957157841435
0 0.48004684448242185 0.7924754390010128 0.007895575629340278 0.00992759422019676
0 0.5550107532077366 0.24514798764829282 0.009430567423502604 0.01132965087890625
0 0.6078528934054904 0.4687003382930049 0.009265475802951388 0.010845579924406828
0 0.3024568769666884 0.755123986138238 0.007006030612521702 0.009013592755353008
0 0.42192147572835287 0.6527815924750435 0.006156200832790799 0.008301063820167823
0 0.24392272628118414 0.5278735871952915 0.008210354720453275 0.010071368457089279
0 0.24047437729859375 0.5366312988971085 0.009195597286907607 0.005692512606180955
0 0.2882586417716319 0.5329092714238363 0.006896697965180856 0.011385025212361698
0 0.2951553397368126 0.49437533993584215 0.004269384454635698 0.01138502521236191
0 0.261000264099727 0.40504668057731036 0.006896697965180749 0.012260796382543617
0 0.3623160413501206 0.4350418431560331 0.01116608241981652 0.01007136845708935
0 0.44458379564906253 0.5213053034189289 0.00952401147572587 0.008319826116726006
0 0.4265210152640653 0.5059793079407495 0.00821035472045331 0.007444054946544298
0 0.44951000848133454 0.417307476959854 0.004926212832271943 0.00875771170181686
0 0.48070935641905693 0.37505151799858766 0.006896697965180678 0.010947139627271056
0 0.48218722026873856 0.36651274908931625 0.004597798643453785 0.009633482871998566
0 0.4849787408736927 0.35534666666949977 0.0055830412099081884 0.010947139627271056
0 0.5316135556858674 0.40198148148167445 0.006896697965180678 0.010509254042180132
0 0.5260305144759592 0.4092065936356734 0.00558304120990826 0.009195597286907642
0 0.3115760491777192 0.31878322031441453 0.00755352634281703 0.012260796382543546
0 0.3171590903876274 0.31637484959641493 0.00755352634281703 0.013574453137816108
0 0.32487682382485356 0.3058655955542347 0.007225112153998907 0.01007136845708942
0 0.38054302882952684 0.263390693800423 0.007553526342817065 0.006568283776362626
0 0.3779157153189817 0.2771840897307845 0.008210354720453238 0.008757711701816823
0 0.4301335713410647 0.26251492263024134 0.007553526342816994 0.00831982611672597
0 0.4316114351907463 0.29907836898532664 0.0052546270210901014 0.007881940531635151
0 0.4467184878763804 0.3122149365380519 0.006568283776362662 0.012260796382543581
0 0.46281078312846874 0.31133916536787026 0.009195597286907642 0.014012338722906924
0 0.48760605438423776 0.3043329960064167 0.006896697965180891 0.011385025212361838
0 0.49203964593328237 0.30630348113932554 0.0052546270210901014 0.010071368457089384
0 0.5342408691964124 0.3255704468833226 0.00821035472045331 0.010947139627270985
0 0.5414659813504112 0.33104401669695815 0.007553526342817065 0.009633482871998495
0 0.5495121289764555 0.35753609459495406 0.007225112153998907 0.01007136845708935
0 0.563305524906817 0.36629380629677094 0.009852425664543958 0.009195597286907713
0 0.5398239104063207 0.3616960076533171 0.008867183098089697 0.009633482871998495
0 0.5378534252734118 0.25550875326878786 0.006896697965180749 0.011822910797452764
0 0.49401013106619124 0.17143472093134618 0.007881940531635222 0.008319826116726006
0 0.44491220983788066 0.12545673449680778 0.008867183098089626 0.013574453137816108
0 0.5165065030002333 0.14647524258116817 0.0062398695875444336 0.009195597286907695
0 0.5416301884448204 0.16048758130407514 0.007225112153998907 0.010071368457089384
0 0.5539457205255003 0.1591739245488026 0.007553526342816923 0.010947139627271056
0 0.46426053627774466 0.1268981046773586 0.008538768909271396 0.012260796382543529
0 0.5404526280835512 0.1277738758475403 0.008538768909271325 0.01138502521236191
0 0.6245266604209929 0.1991492262173476 0.007225112153998907 0.009633482871998566
0 0.7071228289087531 0.2523523248058849 0.006896697965180607 0.0126986819676344
0 0.6409473698618995 0.2932946270118786 0.011166082419816448 0.012260796382543546
0 0.6245266604209929 0.30730696573478555 0.007881940531635294 0.007881940531635188
0 0.63208018676381 0.30446070943169506 0.00919559728690757 0.009195597286907642
0 0.6595027715301239 0.32679287427132797 0.008867183098089412 0.0126986819676344
0 0.6381558492569454 0.3368642427284174 0.010180839853362045 0.01007136845708942
0 0.7219014674055688 0.35832063639786865 0.012151324986270851 0.01269868196763447
0 0.7306044434092495 0.3749602886313207 0.007225112153998907 0.011822910797452693
0 0.6087627793577225 0.33730212831350825 0.0059114553987263466 0.008319826116726006
0 0.624855074609811 0.3145320778887845 0.006568283776362591 0.008319826116726006
0 0.5985819395043604 0.41634047642240524 0.009852425664543958 0.01138502521236191
0 0.6122111283403129 0.4693246322183971 0.006239869587544646 0.007881940531635151
0 0.6442315117500808 0.47720657275003225 0.01116608241981652 0.010509254042180203
0 0.6200930688719481 0.4491818953042184 0.008867183098089555 0.012260796382543546
0 0.7274845086154771 0.45115238043712724 0.007553526342817065 0.009195597286907784
0 0.7304402363148403 0.4842127421114858 0.006239869587544575 0.008757711701816788
0 0.7787171220711057 0.45531229349549013 0.005583041209908402 0.00788194053163508
0 0.6519492451873069 0.5115805911796634 0.008867183098089412 0.010947139627271127
0 0.6143458205676308 0.5282202434131154 0.0059114553987262754 0.012698681967634328
0 0.6171373411725849 0.5593101199545651 0.008210354720453238 0.013574453137816108
0 0.6138531992844035 0.5656594609383824 0.006896697965180749 0.009633482871998637
0 0.7309328575980675 0.5074206781213004 0.008538768909271539 0.010509254042180203
0 0.7363516917135666 0.505669135780937 0.0062398695875444336 0.010509254042180345
0 0.7417705258290659 0.50457442181821 0.006568283776362591 0.01007136845708935
0 0.777239258221424 0.5179299321634806 0.00788194053163508 0.00875771170181693
0 0.791853689623831 0.5428894105136586 0.010180839853362045 0.010509254042180274
0 0.7925105180014671 0.5485819231198394 0.00952401147572587 0.009633482871998495
0 0.7862706484139227 0.5542744357260204 0.007553526342816923 0.010509254042180274
0 0.7885695477356495 0.5720088019221996 0.006239869587544575 0.01269868196763447
0 0.617465755361403 0.6506092644460056 0.006239869587544505 0.009633482871998637
0 0.6218993469104478 0.6512660928236419 0.006568283776362804 0.0126986819676344
0 0.734381206580658 0.6742550860409112 0.00558304120990826 0.010509254042180203
0 0.6483366891103074 0.7346832967834473 0.008867183098089555 0.01138502521236191
0 0.6875821846740742 0.7335885828207204 0.007225112153998907 0.008319826116726006
0 0.6769087235374849 0.7331506972356294 0.007553526342817065 0.01007136845708942
0 0.6797002441424391 0.7134458459065417 0.007225112153998907 0.012698681967634542
0 0.6008808388260874 0.7086291044705423 0.009852425664544029 0.010947139627270985
0 0.6493219316767619 0.7800044548403495 0.007553526342817065 0.01007136845708942
0 0.6588459431524876 0.7690573152130784 0.006896697965180891 0.008319826116725864
0 0.6601595999077601 0.7502282350541725 0.007553526342817065 0.009195597286907713
0 0.5716519760212737 0.8391190088276133 0.009195597286907713 0.0126986819676344
0 0.5059691382576473 0.770370971968351 0.007225112153998907 0.011822910797452835
0 0.5003860970477392 0.7430031229001733 0.006568283776362662 0.00875771170181693
0 0.5177920490551001 0.7353401251610836 0.009195597286907642 0.010947139627271127
0 0.4921757423272859 0.6893621387265452 0.0059114553987262754 0.010071368457089563
0 0.5394673855170968 0.6843264544980007 0.007881940531635151 0.010509254042180203
0 0.5547386452971401 0.6887053103489089 0.006239869587544505 0.00875771170181693
0 0.5608143077902754 0.6908947382743632 0.007881940531635222 0.009633482871998637
0 0.5516187105033677 0.6939599373699992 0.004597798643453714 0.00788194053163508
0 0.4266571116580687 0.8329886106363414 0.008867183098089626 0.010071368457089279
0 0.4317475315847497 0.8257634984823425 0.005911455398726418 0.007881940531635222
0 0.407444881612208 0.7738740566490777 0.006568283776362662 0.01007136845708942
0 0.5008787183309664 0.7992714205843466 0.006239869587544575 0.010071368457089279
0 0.46836571363797136 0.6462304085950973 0.010180839853362116 0.01138502521236191
0 0.517135220677464 0.6105427334101937 0.009195597286907642 0.012698681967634328
0 0.5557238878635944 0.6030986784636494 0.00558304120990826 0.010071368457089279
0 0.5601574794126392 0.583174884342016 0.006568283776362733 0.009633482871998495
0 0.547020911859914 0.5573396348216564 0.009852425664543887 0.014012338722906961
0 0.5484987757095956 0.602879735671104 0.006239869587544505 0.00875771170181693
0 0.5819970229690449 0.6136079325058296 0.00689669796518082 0.008319826116725935
0 0.31959408610335777 0.7344643539909018 0.0062398695875444336 0.009195597286907713
0 0.32337084927476634 0.7462872647883546 0.008538768909271433 0.009195597286907855
0 0.30120289152954244 0.6830127977427278 0.01083766823099829 0.01138502521236191
0 0.30415861922890564 0.6725035437005478 0.006896697965180749 0.010509254042180203
0 0.3099058675332229 0.6598048617329133 0.007881940531635151 0.010509254042180345
0 0.3094132462499957 0.6479819509354607 0.00886718309808952 0.007881940531635365
0 0.36113848098885143 0.6293718135690998 0.008538768909271396 0.01269868196763447
0 0.28954418782649877 0.6372537541007349 0.009852425664543923 0.010071368457089492
0 0.2806770047284092 0.5612806050874739 0.007881940531635117 0.011385025212361838
0 0.32731181954058386 0.5619374334651102 0.009852425664543887 0.010947139627271056
0 0.25292600577327706 0.5759497721880171 0.008210354720453275 0.008319826116726077
0 0.2695109223085927 0.5663162893160185 0.006568283776362662 0.010947139627271056
0 0.40711646742338986 0.5466114379869307 0.006568283776362591 0.01007136845708942
0 0.4266571116580687 0.544203067268931 0.0055830412099081884 0.008757711701816788
0 0.41138585187802557 0.537853726285114 0.006568283776362591 0.009195597286907642
0 0.4199246207872969 0.5301907285460242 0.007225112153998907 0.009633482871998495
0 0.4966093338763307 0.5253739871100248 0.010180839853362187 0.00875771170181686
0 0.5102385227122832 0.5573396348216564 0.006568283776362662 0.009633482871998495
0 0.584788543573999 0.554055492933475 0.005911455398726418 0.008319826116726006
0 0.5895505493118618 0.5608427195023831 0.0062398695875444336 0.009633482871998495
0 0.6475481834249281 0.25705858824925376 0.004654446150054667 0.013963338450164144
