0 0.35765978495279943 0.4068993745026765 0.0106475830078125 0.014015762894241899
0 0.5448152542114257 0.7143825672290943 0.010108651055230036 0.013653394911024306
0 0.3297537273830838 0.41482419614438654 0.010711669921875 0.013941842538339123
0 0.6604577170477972 0.7738555625632957 0.010254626803927951 0.013887928150318286
0 0.34727938969930017 0.6792198181152344 0.008567237854003906 0.011213005913628473
0 0.6280292722913954 0.6516372115523726 0.009926986694335938 0.014615094220196759
0 0.45625 0.6157180220992476 0.01101837158203125 0.01453314887152778
0 0.3009130901760525 0.4062913258870442 0.00935164557562934 0.012478383382161458
0 0.3653200573391384 0.4548396075213397 0.009324942694769965 0.01324660689742477
0 0.4307454850938585 0.8969302424678096 0.009593539767795138 0.014060295952690972
0 0.39429607391357424 0.8669158087836373 0.009745576646592882 0.013959361888744214
0 0.2619763374328613 0.6705583925600405 0.009626070658365885 0.012959459092881945
0 0.5583472145928278 0.42389304549605755 0.009072664048936632 0.012564849853515626
0 0.6425935745239257 0.49193095454463254 0.009697511461046008 0.01295928955078125
0 0.5424413681030272 0.4456453535291884 0.009483634101019964 0.013575433801721644
0 0.6156744427151151 0.7768339651602285 0.009154129028320312 0.012145600495515047
0 0.344636783254359 0.31165647153501164 0.00788680182562934 0.01051528365523727
0 0.5841937171088324 0.24843139648437504 0.010455661349826388 0.014769377531828705
0 0.6186148749457465 0.6847056636103878 0.009607696533203125 0.013173421223958336
0 0.4439001931084527 0.29292978357385707 0.01103774176703559 0.01543511284722222
0 0.5141990661621094 0.7424057006835938 0.010527886284722222 0.01426109031394676
0 0.6616753260294597 0.4332564883761936 0.008250215318467882 0.010383125587745949
0 0.4043260362413194 0.5392940662525318 0.00787353515625 0.011273136845341435
0 0.510681766933865 0.8117733708134404 0.009951570298936632 0.013345958568431713
0 0.6950543297661675 0.3472776201036242 0.009991539849175347 0.013914800573278357
0 0.30996786753336586 0.7701108579282407 0.009113311767578125 0.01216374150028935
0 0.5864099926418728 0.5820153412995515 0.007553821139865451 0.010094367133246528
0 0.67692019144694 0.29094146445945457 0.00917875501844618 0.012911337393301504
0 0.40463049146864144 0.8288089893482349 0.010007222493489586 0.014008133499710649
0 0.34562586678398977 0.6667047006112559 0.00964010026719835 0.012608733000578704
0 0.7033575269911024 0.7794863665545428 0.01086510552300347 0.01433761031539352
0 0.6263273451063367 0.3692510958071108 0.008441755506727431 0.01113996152524595
0 0.5935982386271159 0.3538955405906395 0.009314939710828992 0.012618962040653936
0 0.6281383302476671 0.31694498415346495 0.008718151516384548 0.011588569923683449
0 0.5405858993530274 0.4116672374584057 0.0080466800265842 0.010785703305844907
0 0.467462518480089 0.2954446863245081 0.009363428751627604 0.011870320638020833
0 0.42209171719021266 0.7585350884331596 0.009663306342230903 0.012998453776041667
0 0.5322501288519965 0.24971767001681858 0.008409966362847222 0.0122410809552228
0 0.6119650099012588 0.22940260569254559 0.009882015652126735 0.013296720716688368
0 0.6883519066704644 0.45135797571252895 0.011138916015625 0.01423786304615162
0 0.2500392383999295 0.6826572559497975 0.009750641716851128 0.012761320891203704
0 0.5854344685872396 0.5244422912597656 0.009836917453342014 0.013292270236545138
0 0.5056730694240994 0.2538540027759693 0.01020952860514323 0.013847633644386575
0 0.29221057891845703 0.48905792236328127 0.008914777967664931 0.013151945891203705
0 0.6735081566704645 0.5136852123119212 0.009603288438585069 0.013500072337962963
0 0.63318419986301 0.4195271103470414 0.007292302449544271 0.009205203586154514
0 0.6210069868299697 0.7030831513581453 0.010090298122829862 0.013174494990596065
0 0.7289275699191623 0.6729996857819733 0.010515424940321181 0.013995135271990741
0 0.3008097116047205 0.48849106583911206 0.008774619545002587 0.011699492726670115
0 0.3416940679720608 0.33472479056805726 0.008978359235343092 0.011050288289653026
0 0.3561400177673883 0.31860978681231333 0.0067913230113492064 0.009208573574710855
0 0.7148139585023745 0.3224466924684428 0.006561108671981515 0.008594668669730118
0 0.7308138550884347 0.3524512946993756 0.008402823386923615 0.01335243168333065
0 0.7478497162016496 0.38046070598912096 0.006330894332613753 0.009822478479691484
0 0.7385413862622491 0.3813824161075226 0.006446001502297634 0.010896812063407708
0 0.694579610555578 0.5076622481566775 0.007649015667439443 0.010527677477766275
0 0.6828535460023792 0.511831074035623 0.004604286787355392 0.008901621122220362
0 0.687054957695841 0.518200337424798 0.005179822635774798 0.005678620371071617
0 0.7534717946034428 0.5107567404519067 0.00633089433261361 0.011971145647124004
0 0.7636012255356248 0.5035433578183831 0.005640251314510181 0.007059906407278263
0 0.7682630659078221 0.5122915027143585 0.005064715466091059 0.007673811312258963
0 0.7760903534463263 0.5089917638500872 0.006676215841665396 0.009362049800955959
0 0.7876970755495896 0.6462721043682923 0.010280232835184649 0.013931681656425212
0 0.6056863958446791 0.783341875504089 0.007246721506769518 0.008089363542440395
0 0.6651376097556667 0.839720719824629 0.00565071560266361 0.008092382838382263
0 0.4259465891451684 0.7726914953239599 0.006140202139410817 0.008302245146245753
0 0.29343455373003324 0.7595020157942488 0.008633037726291377 0.009669002253446309
0 0.2953913756146592 0.7503701803326607 0.0077121803688203275 0.011050288289652883
0 0.28299662116207636 0.6091978338600392 0.004311977037058732 0.006536878430609434
0 0.29297914334376013 0.6137657730043206 0.005375204251675925 0.0066943935735157825
0 0.39473136475250287 0.6765832275922614 0.005794275258317256 0.007841009304787577
0 0.39883924646548896 0.684827818258325 0.0058807569785906825 0.007033846582235838
0 0.5213326252892845 0.6383127220626799 0.006906430181033159 0.008134239990994488
0 0.4958520108437976 0.374202659200607 0.006446819147652931 0.012474332984889359
0 0.49357203821840817 0.34343613204880014 0.005817861182028139 0.010482632760411193
0 0.5035174360498483 0.3417589108071344 0.007311636350386834 0.008386106208328954
0 0.5138747958562804 0.3930595085746041 0.006587928642517795 0.006945413142499461
0 0.5304212212839996 0.388054725574862 0.0044430216426283664 0.00837535114242577
0 0.6366590303907794 0.411616954687242 0.006053720419137392 0.010482632760411193
