0 0.45692571004231775 0.2687890370686849 0.009872860378689237 0.0138514483416522
0 0.5494007958306206 0.30696916933412904 0.010347578260633681 0.013762071397569443
0 0.3772167417738173 0.7253432662398727 0.009300782945421008 0.013538840964988426
0 0.511810302734375 0.7878317656340422 0.009524875217013888 0.012126385724103008
0 0.6194259855482314 0.45657337330005787 0.009698104858398438 0.012088238751446758
0 0.49033654530843096 0.6679470203540943 0.011035452948676215 0.014061200177228011
0 0.752623791164822 0.3595674161557798 0.009555647108289931 0.013761364972149885
0 0.6622382058037651 0.2918002234564887 0.008248350355360243 0.011531829833984375
0 0.7629573822021485 0.6646704779730903 0.010720401340060763 0.014116640444155093
0 0.5101733949449327 0.4108662358036748 0.010032102796766494 0.01358879937065972
0 0.3614982604980469 0.36123490510163486 0.010211096869574655 0.012755386917679398
0 0.6800844828287761 0.4902604279694733 0.008313751220703125 0.011302806712962963
0 0.7108474731445312 0.659162789803964 0.010470072428385414 0.012760868778935185
0 0.38693440755208336 0.3489971302173756 0.008444044325086806 0.011240641276041664
0 0.2973310470581055 0.5417254412615741 0.009412426418728298 0.01235340259693287
0 0.3189811494615343 0.7569608900282119 0.008510377671983507 0.010957505967881944
0 0.6694013595581054 0.724451587818287 0.008378897772894965 0.011429963288483795
0 0.6762221018473308 0.5301049126519097 0.010763125949435763 0.013321827076099538
0 0.480242919921875 0.7009260106969764 0.00884823269314236 0.011127217610677082
0 0.729366683959961 0.5216466833043981 0.008119286431206598 0.010908790870949075
0 0.4717235353257921 0.36987057438603155 0.010308795505099826 0.013276926676432292
0 0.6905730777316624 0.2598623911539713 0.007634480794270832 0.01063444349500868
0 0.40732071735417336 0.47632129551070856 0.006100679993245919 0.008287716217239734
0 0.40795380678743487 0.48299751135237384 0.005525144144826442 0.007520335086013788
0 0.40847178905101234 0.49496865699949794 0.0058704656538781565 0.007827287538504209
0 0.4155508799865712 0.49189913247459427 0.005525144144826442 0.007213382633523438
0 0.41675950526825206 0.5009542298230599 0.005410036975142489 0.007520335086013859
0 0.4021984483032406 0.47916060569624436 0.005985572823562109 0.006599477728542738
0 0.3983402953695728 0.3738936705710506 0.005428333699473313 0.007895758108324743
0 0.583273754812991 0.37323569072869034 0.008142500549209827 0.010527677477766275
0 0.7467406218994013 0.3395142238077202 0.007402273226554428 0.010198687556586136
0 0.6775293672311175 0.45433170629960884 0.008635985430980214 0.0128306069260276
0 0.6389141752325918 0.4987453456589354 0.0069087883447841135 0.008224748029504951
0 0.6439723952707374 0.503022214634278 0.006168561022128642 0.00822474802950488
0 0.6378038342486085 0.5076280735308007 0.005181591258588014 0.009540707714225646
0 0.6432805743237597 0.5080533325037143 0.00478865723827866 0.006575469640621563
0 0.64270879435501 0.5118175506313165 0.00478865723827866 0.006098986333330174
0 0.6235625921533147 0.6075001987854884 0.005209059856874489 0.00878390485669037
0 0.6905557515615288 0.7072279971994492 0.0073410974147647325 0.010875699873725466
0 0.7506100068017569 0.7291153431953217 0.010807726749514756 0.012778947351627466
0 0.6433710459377134 0.84554559153052 0.0076265845364500255 0.00927153414235093
0 0.4352101503546071 0.8350777304020593 0.007177961916658902 0.014056842086790198
0 0.45360367776604527 0.7736164314906679 0.008523829776032414 0.010766942874988104
0 0.5065745920032204 0.7087493460090684 0.00645751221926595 0.010298254781051525
0 0.5037256895535442 0.7015743324321062 0.007597073199136446 0.010467078629921361
0 0.5341772912934161 0.6580177794237241 0.006204276445961483 0.008778840141224152
0 0.5294291205439557 0.6532907116553724 0.006584130105918291 0.010129430932181976
0 0.5404448766827036 0.6516868850911104 0.006584130105918149 0.009622959385572756
0 0.5365830311398092 0.6471286411716285 0.00645751221926595 0.0086100162923546
0 0.5251241123977785 0.6449339311363225 0.008863252065659211 0.009622959385572756
0 0.5191730717251217 0.6342136167330966 0.007850308972440984 0.008778840141224223
0 0.5380391368363103 0.6633357306631195 0.005571187012700136 0.010298254781051668
0 0.49198419777528285 0.4510880626984556 0.007078193099635399 0.008538772628131568
0 0.3915305931670781 0.22757272418183638 0.007952855532661758 0.01060380737688238
0 0.3876561250870633 0.23545760659028736 0.0055058230610735845 0.009516237389509819
