0 0.6265932506985135 0.5640934696903934 0.009186765882703993 0.01312877513744213
0 0.43372141520182295 0.8750771981698494 0.010559505886501737 0.013523808232060185
0 0.5353747261895074 0.41536136203342017 0.010538864135742187 0.014443461100260417
0 0.5148520363701714 0.20693705523455586 0.010896682739257812 0.015872248896846065
0 0.6055955251057942 0.7390713727032697 0.009313540988498265 0.01261302806712963
0 0.6638345082600913 0.7071311668113425 0.010843065049913194 0.013581226490162038
0 0.29988466898600263 0.7659453497992621 0.00938521491156684 0.01264507152416088
0 0.5150845845540365 0.31732150890209054 0.010736253526475694 0.014625012433087383
0 0.39411902957492406 0.31939736825448495 0.010480541653103298 0.014142297815393518
0 0.29041668574015295 0.4212401496039497 0.010592714945475262 0.013695045753761575
0 0.5862460454305013 0.5338039822048611 0.009200498792860242 0.012254955150462963
0 0.4846485137939453 0.6202087967484086 0.009927961561414931 0.013475206163194444
0 0.42191829681396487 0.4682948218451605 0.010563532511393227 0.013484163637514469
0 0.5768395105997722 0.4593005568892867 0.010172737969292533 0.013557349310980902
0 0.4389228820800781 0.29538311428493924 0.010091993543836806 0.012984833893952547
0 0.5672645780775283 0.2049328980622468 0.0107674068874783 0.014347076416015625
0 0.3333423614501953 0.41873006467466006 0.011751810709635414 0.01571974577727141
0 0.40462731255425355 0.6191593594021267 0.01062740749782986 0.013997678403501157
0 0.47770801120334205 0.5275743272569445 0.01028535630967882 0.01441333912037037
0 0.37788454691569007 0.5520834181043838 0.009839375813802084 0.012940413863570602
0 0.6349974526299371 0.7412383185492623 0.009893078274197048 0.013285601580584491
0 0.5851775699191623 0.5680581269440828 0.009138064914279515 0.011346718117042824
0 0.625819714864095 0.7056279782895689 0.009537887573242188 0.013521152072482638
0 0.4433391571044921 0.6131572582103588 0.009739600287543403 0.012494687680844907
0 0.6183797624376085 0.45547536214192713 0.008582221137152778 0.012507968478732638
0 0.5883749855889214 0.36629835058141635 0.009286795722113715 0.012440688521773727
0 0.5270390404595269 0.6452900639286747 0.009966108534071181 0.012640380859375
0 0.30856646431816953 0.7280569853606047 0.00908349355061849 0.01248943187572338
0 0.6010373221503363 0.7597524007161458 0.009616724650065104 0.012539333767361112
0 0.4710913552178277 0.8686247931586373 0.010058212280273437 0.013331264919704862
0 0.3282503022087945 0.2615510022198712 0.008338779873318143 0.010709833215784144
0 0.5015544679429795 0.41473627443666805 0.010672802395290799 0.014149333812572338
0 0.4565464655558268 0.7921782599555123 0.009391572740342882 0.011972328468605324
0 0.514359622531467 0.5966282879864728 0.008928426106770833 0.012048283329716435
0 0.7032140519883897 0.531577385796441 0.01070463392469618 0.01396800853587963
0 0.42984328799777566 0.1918560451931424 0.012139002482096352 0.015244180184823495
0 0.7456664191351997 0.5384400826913339 0.009128316243489584 0.012678753888165507
0 0.5732478883531358 0.6301302309389468 0.010231314765082464 0.012937418619791667
0 0.2798331472608778 0.5796398586697049 0.009789933098687066 0.012783474392361112
0 0.4757206594549168 0.37485373448596 0.008670171101888021 0.011780237268518519
0 0.6957955254448785 0.27284920303909865 0.009237755669487847 0.012884436713324652
0 0.3495535532633463 0.6567021970395689 0.00839996337890625 0.012146391691984953
0 0.30650211970011393 0.7014049671314381 0.010329627990722656 0.014230064109519675
0 0.5429304970635309 0.7581859447337963 0.01072281731499566 0.013015068901909722
0 0.6940212351571634 0.5587687715840477 0.009016503228081597 0.01139984130859375
0 0.6094372855292426 0.5386176215277777 0.008304468790690104 0.012043818721064813
0 0.32475252888042955 0.5754658736086781 0.004811479692786378 0.006752953954787913
0 0.32912084596993296 0.5909976677046903 0.00417839025952496 0.006415306257048456
0 0.3377941712056138 0.5882120741983403 0.004811479692786449 0.006921777803657676
0 0.3399466752787024 0.576647640550766 0.004558243919481839 0.008103544745745523
0 0.36064869974634917 0.5736088112711113 0.005191333352743186 0.007428249350266754
0 0.3840729279217116 0.48924409823045495 0.0042823068252794624 0.005981634930549049
0 0.3822376535680205 0.4824467858093766 0.0050979843158089014 0.005981634930549049
0 0.313924663736182 0.3164564164866408 0.0067293392968676355 0.008972452395823538
0 0.30821492130247613 0.32801184760247426 0.005913661806338233 0.007612989911607855
0 0.3614378775595204 0.2265959462799838 0.0067293392968676355 0.008156774905294172
0 0.7546963876810139 0.6092846355867003 0.006117581178970539 0.011147592370568518
0 0.6512073060700946 0.6604004249932103 0.007545016787397003 0.009516237389509853
0 0.3158618977761894 0.7562425301304162 0.007748936160029451 0.00924434489266659
