0 0.5029479556613498 0.3798674830683956 0.009912618001302083 0.014380193639684607
0 0.5767154905531141 0.18378276118525755 0.009988700018988715 0.013934750027126736
0 0.331545278761122 0.6143118116590712 0.00939835442437066 0.01335285328052662
0 0.2716525819566515 0.6270280343514901 0.010025829739040799 0.013740313494646989
0 0.5781147215101453 0.8015505755389178 0.009697681003146701 0.012637668185763888
0 0.3398256831698948 0.5514594749168114 0.010001436869303387 0.013731779875578705
0 0.7459035661485461 0.5404441550925927 0.009325917561848958 0.012990654839409723
0 0.47761391533745656 0.7126294171368635 0.009798685709635416 0.013918615270543982
0 0.47923925187852645 0.8234382629394531 0.009609858194986979 0.013507249620225694
0 0.2375631544325087 0.4539551628960503 0.010194990370008681 0.013420387550636575
0 0.5237243652343749 0.6803463406032987 0.009874131944444444 0.013890245225694445
0 0.7571778191460503 0.6453947561758535 0.01032257080078125 0.013000092683015047
0 0.44732791052924264 0.6924134996202258 0.008746973673502604 0.011039790400752314
0 0.45112135145399307 0.866001609519676 0.0088592529296875 0.01354042335792824
0 0.7625166151258681 0.4446354477493852 0.008955213758680556 0.011746244077329281
0 0.7808189392089845 0.6176043475115741 0.009553697374131944 0.012955390082465278
0 0.40798441569010424 0.4646022231490523 0.009880913628472222 0.012879915590639468
0 0.5566193050808377 0.452913905956127 0.009019639756944444 0.012074590612340856
0 0.5659860399034289 0.8404578314887152 0.00922334459092882 0.011726322880497686
0 0.5754444572560401 0.4998700833156276 0.00790545145670573 0.00994556568287037
0 0.5805109235975477 0.42196516814055274 0.008182525634765625 0.011397750289351851
0 0.39857849544949 0.34658826192220055 0.010500717163085937 0.013611207184968171
0 0.647139761182997 0.6159560592086226 0.009693018595377604 0.012685139973958336
0 0.36083543565538195 0.2874923140914352 0.009053548177083334 0.011518577293113426
0 0.664369625515408 0.8267475269458913 0.008036549886067708 0.010756089952256943
0 0.528668318854438 0.614975427698206 0.008651775783962673 0.01189620406539352
0 0.4346023771497938 0.528051870840567 0.009655549791124133 0.011494954427083336
0 0.5654597388373481 0.657902244285301 0.008480495876736112 0.011241771556712963
0 0.5290442360772027 0.5141408284505209 0.00951372782389323 0.012632016782407407
0 0.3652851104736328 0.36693924797905814 0.007210371229383681 0.009057588930483218
0 0.4342856089274088 0.7752333747016058 0.009713914659288194 0.011992447464554398
0 0.30983943939208985 0.6583927013255932 0.008134841918945312 0.011136824996383101
0 0.3622967747264152 0.350341233153391 0.008644252353244357 0.01163355509440104
0 0.6215964211357964 0.821416727701823 0.009706412421332465 0.013899626555266205
0 0.5789139429728191 0.4369671574345342 0.008835050794813368 0.01157520435474537
0 0.5926550583882274 0.8357910980128013 0.010416920979817708 0.013972529658564815
0 0.5369595209757487 0.3251560776321976 0.01066915724012587 0.013588432029441551
0 0.31205905988249355 0.3315851999311715 0.006662045903898992 0.009540707714225717
0 0.31625368137754106 0.3426063622907081 0.006168561022128713 0.008553737950685161
0 0.3224222423996698 0.3743538896845972 0.006662045903898992 0.009540707714225717
0 0.319461333109048 0.3764923241722684 0.006168561022128713 0.007895758108324743
0 0.3680695939634221 0.40050858841842285 0.0056750761403584 0.009211717793045509
0 0.34351872109534987 0.275492418369948 0.007402273226554428 0.006579798423603975
0 0.5356077113244373 0.1680772091046137 0.006662045903898957 0.008882727871865299
0 0.7014186315992567 0.30756893568501714 0.007155530785669129 0.010856667398946484
0 0.6913021915229655 0.29852171285256174 0.005181591258588156 0.007237778265964323
0 0.6945098432544725 0.30839141048796764 0.005675076140358471 0.007895758108324777
0 0.5378283932924037 0.34935065567490214 0.00715553078566927 0.01283060692602767
0 0.7696429165039999 0.39573823456130985 0.00740227322655457 0.009540707714225646
0 0.7475594680447792 0.6209318356091547 0.0056750761403583285 0.009211717793045509
0 0.7515073470989415 0.6202738557667943 0.004194621495047528 0.007895758108324743
0 0.7068469652987298 0.7706222497461442 0.007649015667439585 0.010527677477766418
0 0.5671907437577363 0.7091011344854473 0.0066620459038988855 0.009869697635405857
0 0.5578145310041007 0.7109105790519386 0.006662045903898957 0.010198687556586207
0 0.5135242628652166 0.7732541691155858 0.006415303463013871 0.010527677477766418
0 0.41680122603823877 0.7434805812487781 0.008882727871865299 0.011514647241306903
0 0.32846743220135594 0.8214511925684846 0.008882727871865299 0.008224748029505093
0 0.36449182857058743 0.8480993761840804 0.007402273226554428 0.0075667681871446745
0 0.34623288794508655 0.785591291159843 0.005921818581243628 0.0069087883447841135
0 0.34684974404729935 0.7900326550957757 0.004194621495047528 0.005921818581243628
0 0.3515378504241173 0.7936515442287579 0.006168561022128713 0.007895758108324743
0 0.5373349084106334 0.5967510764024101 0.006662045903899099 0.010198687556586136
0 0.6942631008135872 0.5686224381415034 0.008635985430980214 0.011185657320126694
0 0.5421463860078938 0.6382038064711151 0.005428333699473171 0.005592828660063347
0 0.5521394548637423 0.6204383507273843 0.006662045903899099 0.008224748029505022
0 0.5650934330102125 0.6207673406485645 0.004934848817702999 0.006250808502423766
