0 0.7078145133124458 0.44196571067527485 0.007850350273980036 0.01113043891059028
0 0.6523899078369141 0.6007485001175491 0.009184943305121528 0.012499039261429399
0 0.716769790649414 0.8107131958007813 0.008942413330078124 0.011826691804108795
0 0.35644381841023765 0.724509769015842 0.008326148986816407 0.011058835630063657
0 0.432268566555447 0.5685174164948639 0.007965087890625 0.012165945547598377
0 0.5782274670071071 0.40603014628092443 0.007747099134657118 0.010104228832103587
0 0.4749812867906359 0.639554935031467 0.008413738674587674 0.010480244954427086
0 0.5029924816555448 0.885376117847584 0.00802201165093316 0.01101837158203125
0 0.31167534722222223 0.687813624629268 0.008911556667751737 0.012613536693431713
0 0.31844179365370007 0.7183903446903934 0.007973564995659722 0.011042503074363426
0 0.39656361473931206 0.35765609741210935 0.00853436787923177 0.012047605161313656
0 0.5796420839097765 0.8312848409016926 0.008385255601671008 0.011454999005353008
0 0.5296623441908095 0.5787211100260417 0.008704927232530382 0.011990808557581018
0 0.46956725650363496 0.5332373725043403 0.007892735799153646 0.011377970377604164
0 0.5036939409044053 0.2597907172309028 0.00807647705078125 0.011394246419270832
0 0.7252781762017144 0.629613862214265 0.008418358696831597 0.011525472005208336
0 0.6150840123494467 0.48390129937065973 0.007069185045030382 0.009351942274305556
0 0.3965616438123915 0.20929349263509117 0.009665340847439237 0.012633994773582175
0 0.4698899375067817 0.5763780381944444 0.00808092753092448 0.011768143265335646
0 0.5244778315226237 0.5059608176902488 0.007331720987955728 0.01006514937789352
0 0.5484613842434353 0.7525789048936632 0.00750380622016059 0.008965386284722222
0 0.33249306148952906 0.8132997300889757 0.009141837226019965 0.01138904712818287
0 0.3160379727681478 0.5904237535264757 0.008941502041286893 0.011248779296875
0 0.552696885002984 0.6936731974283853 0.007817882961697048 0.010925858109085649
0 0.6263324313693577 0.5902605409975406 0.008228980170355903 0.010099057798032407
0 0.6055601331922744 0.5769926283094617 0.0074618021647135414 0.009736576786747685
0 0.32122243245442705 0.35703294542100694 0.008335452609592014 0.01124267578125
0 0.30766595204671227 0.36479579784252025 0.007558483547634548 0.01038982250072338
0 0.6464048597547744 0.43280677795410155 0.008283403184678819 0.011494474057798031
0 0.7898727416992187 0.5901687056929977 0.008431498209635417 0.01282359935619213
0 0.6685673395792644 0.7679794311523438 0.009021886189778646 0.01102645308883102
0 0.6965319103664822 0.812873614275897 0.008192825317382812 0.0111724853515625
0 0.34585545857747396 0.593316141764323 0.007813135782877604 0.010624299225983796
0 0.35445217556423614 0.2668088135895906 0.009888882107204861 0.01380940190067998
0 0.4323164410061306 0.7183524802879052 0.00841170416937934 0.012881243670428241
0 0.708830557929145 0.468653247974537 0.006762610541449653 0.008101117169415509
0 0.7554990556504991 0.5591079994484229 0.00853788587782118 0.011169829191984953
0 0.3351914299858941 0.6275433858235677 0.007194095187717015 0.00897674560546875
0 0.5015768686930339 0.5044941654911748 0.008250935872395834 0.010471033166956018
0 0.7156541612413194 0.3900624734384042 0.008819580078125 0.012918458161530673
0 0.6372157626681857 0.36693496704101564 0.00890163845486111 0.010834927029079861
0 0.6729084014892578 0.6530561941641347 0.007865227593315972 0.011312018500434028
0 0.7648969014485677 0.4726805792914497 0.008930630154079862 0.012097563566984954
0 0.3730858484903971 0.3875446319580078 0.007521014743381077 0.01133962560583044
0 0.6999535454644098 0.7025191695601852 0.00869691636827257 0.010423448350694444
0 0.3848686006334093 0.27550666243941696 0.008864381578233507 0.011334652370876736
0 0.45772681766086154 0.8186179832175925 0.007324600219726562 0.010086624710648149
0 0.4895287195841471 0.8573849148220485 0.008022520277235243 0.010712800202546295
0 0.4549626668294271 0.5627668027524595 0.007971530490451389 0.011577464916087963
0 0.6415304819742839 0.22341235125506365 0.007982042100694444 0.01154327392578125
0 0.3849154366387261 0.6684817843967014 0.007311375935872396 0.009642989547164351
0 0.49132671356201174 0.38112507572880494 0.009492535061306423 0.012484684696903937
0 0.7552829742431639 0.3670452965630425 0.009767405192057292 0.013283990930627893
0 0.6619755638970269 0.4210222314905237 0.0079345703125 0.01056586371527778
0 0.6516093995836045 0.6542778297706887 0.008242585923936632 0.010463347258391204
0 0.3671619203355577 0.7400810806839553 0.007659784952799478 0.009728495279947917
0 0.3592349052429199 0.6895128038194445 0.008575375874837239 0.013660685221354168
0 0.3051712459988064 0.7087605229130497 0.008327060275607638 0.010901444046585648
0 0.6155283610026041 0.604568933557581 0.0075681050618489586 0.009804958767361111
0 0.34860828187730575 0.8068851047092015 0.008070479498969184 0.011613633897569444
0 0.41418965657552087 0.26259107236508966 0.007703993055555556 0.00984355785228588
0 0.41478091345893014 0.3363485406946253 0.007853910658094617 0.009877438015407986
0 0.5346894794040256 0.742888613100405 0.007360797458224827 0.009579128689236112
0 0.29234365887112085 0.4965399848090278 0.009457757737901475 0.011444543909143519
0 0.6628649393717447 0.45911000569661453 0.007073042127821181 0.008892878779658565
0 0.7174014256425427 0.5617108404293185 0.008275604248046875 0.011080084906684027
0 0.4607555631923465 0.49610452476174105 0.008782958984375 0.010926875361689814
0 0.5627898322211372 0.7595229537398727 0.008079952663845487 0.010696185076678239
0 0.4420596652560764 0.6128449334038629 0.008061726888020834 0.010838091814959492
0 0.6041173299153645 0.7329653139467592 0.00794160630967882 0.0110504150390625
0 0.4189765930175781 0.8284031903302228 0.008526017930772569 0.012735267921730324
0 0.40998290162631357 0.43806155373395295 0.008465237087673612 0.011409816035517939
0 0.6722026824951172 0.8011624936704282 0.006519911024305556 0.008443196614583334
0 0.693642912970649 0.5681011906376591 0.009486177232530382 0.011461441605179399
0 0.5577793969048394 0.5839832729763454 0.007504865858289931 0.010037853099681714
0 0.704090796576606 0.7370637681749131 0.009500545925564235 0.011729148582175926
0 0.33910079532199433 0.4338976259584781 0.006994035508897569 0.00969696044921875
0 0.49957497863586975 0.7723021180495353 0.007541232638888891 0.010074361165364582
0 0.2317699480893357 0.49702166368960393 0.006755479863988932 0.01006698960123849
0 0.23991626204296945 0.5041745247220628 0.00953714804327852 0.012716197391038051
0 0.2321673292578057 0.5129169104284016 0.006755479863989003 0.01006698960123849
0 0.25998401105070135 0.5404686714423172 0.007550242200928814 0.01006698960123849
0 0.29574831621299597 0.5915983817854495 0.009139766874808615 0.011656514275118112
0 0.3541633479780772 0.5645764623294934 0.009139766874808615 0.00953714804327852
0 0.35257382330419723 0.5900088571115698 0.008345004537868732 0.010596831159198246
0 0.3811852674340328 0.6006056882707681 0.008345004537868803 0.011656514275118112
0 0.3656874018637052 0.5648413831084735 0.0075502422009288495 0.007947623369398684
0 0.3732376440646341 0.5616623337607141 0.00834500453786866 0.012186355833078153
0 0.3714494288065194 0.5711994818039926 0.007947623369398827 0.009007306485318693
0 0.42589064888690104 0.5508005818225358 0.010331910380218403 0.013775880506957848
0 0.29554962562876097 0.4919881688889847 0.008742385706338673 0.011656514275118183
0 0.445958397894633 0.48165625850876637 0.009934529211748568 0.011126672717158287
0 0.47635805728258335 0.4917232481100048 0.008742385706338708 0.01006698960123849
0 0.4441701826365182 0.4623170416432293 0.007947623369398827 0.010596831159198388
0 0.4731790079348238 0.45225005204199076 0.007947623369398756 0.00953714804327852
0 0.28521771524854256 0.3881392235288406 0.00953714804327852 0.009537148043278449
0 0.30687498893015425 0.42734749881787465 0.00993452921174839 0.010596831159198317
0 0.3585345408312463 0.3878743027498606 0.007550242200928778 0.01324603894899802
0 0.3793970521759181 0.3955570053402795 0.007152861032458872 0.009537148043278591
0 0.3293270249487058 0.39317271832945977 0.008742385706338708 0.01324603894899802
0 0.41595611967515256 0.42708257803889466 0.012716197391038122 0.012186355833078153
0 0.37641669341239364 0.4564887845056701 0.00834500453786866 0.008477464927358725
0 0.33071785903835055 0.4877494364253054 0.007550242200928921 0.010596831159198388
0 0.3507856080460825 0.4819211792877462 0.007947623369398827 0.01059683115919846
0 0.3629057336844157 0.4959619805736841 0.009139766874808615 0.010066989601238419
0 0.35515680089925183 0.5054991286169627 0.007947623369398756 0.012186355833078082
0 0.4670195998235397 0.3865496988549609 0.006755479863988896 0.008477464927358654
0 0.4618536446334305 0.3841654118441412 0.0075502422009288495 0.009007306485318622
0 0.35515680089925183 0.35158015602960624 0.011126672717158287 0.01271619739103798
0 0.3841656261975574 0.35078539369266637 0.00635809869551899 0.012186355833078082
0 0.4088032586426935 0.2874693275164561 0.008742385706338708 0.012716197391038015
0 0.43582517809864946 0.2540893093649812 0.007947623369398827 0.010596831159198388
0 0.4761593666983483 0.26468614052417955 0.012318816222568217 0.012716197391038015
0 0.504572120243949 0.19183292630469068 0.009537148043278591 0.012186355833078118
0 0.4896703264263262 0.20905277693838806 0.006755479863989038 0.009537148043278557
0 0.5196726046458067 0.2114370639492077 0.0071528610324589435 0.009007306485318587
0 0.5153014117926372 0.20560880681164861 0.007152861032458801 0.010066989601238453
0 0.5206660575669815 0.2061386483696085 0.00834500453786866 0.010066989601238453
0 0.5220568916566264 0.1997805496740895 0.009537148043278591 0.010066989601238453
0 0.5153014117926373 0.19925070811612955 0.008742385706338708 0.010066989601238453
0 0.5121223624448779 0.21223182628614762 0.007947623369398756 0.010596831159198388
0 0.5212621293196865 0.26442121974519955 0.00953714804327852 0.01324603894899795
0 0.5294084432733202 0.2617720119554 0.010729291548688309 0.012186355833078153
0 0.5856378786118166 0.25885788338662047 0.010331910380218403 0.013775880506957954
0 0.5208647481512165 0.36535603653656423 0.010331910380218403 0.011656514275118254
0 0.569742631873019 0.3886690650868006 0.008742385706338708 0.010596831159198317
0 0.5687491789518441 0.39661668845619935 0.006755479863988967 0.01271619739103798
0 0.6531926772517062 0.36482619497860425 0.011921435054098026 0.011656514275118254
0 0.6164349191682369 0.3174053755411915 0.01152405388562812 0.015365405180837684
0 0.6188192061790565 0.314226326193432 0.006755479863988825 0.014305722064917781
0 0.6068977711249584 0.22892183536188504 0.009934529211748568 0.014305722064917816
0 0.517685698803457 0.411452252079077 0.010331910380218546 0.011656514275118183
0 0.6176270626736468 0.41224701441601685 0.007550242200928921 0.012186355833078153
0 0.5923933584758057 0.44509719100953193 0.00953714804327852 0.014305722064917816
0 0.5862339503645215 0.46523117021200877 0.009934529211748498 0.01006698960123849
0 0.6200113496844664 0.4530448143789307 0.012318816222568217 0.011126672717158215
0 0.609480748720013 0.4668206948858885 0.00953714804327852 0.011126672717158287
0 0.7042561574000934 0.40774336117335763 0.009139766874808544 0.012716197391037909
0 0.7499549917741365 0.4204595585643957 0.013908340896447982 0.014835563622877714
0 0.7753873865562124 0.4583432299585299 0.008345004537868732 0.010066989601238419
0 0.6748499509333179 0.46814529878078837 0.007550242200928778 0.008477464927358654
0 0.6672997087323891 0.46178720008526936 0.009139766874808402 0.008477464927358796
0 0.680214596707662 0.4996708714794035 0.011126672717158358 0.01324603894899802
0 0.686970076571651 0.4872195948673454 0.008742385706338639 0.013775880506957917
0 0.7203500947231259 0.5131818312073814 0.009537148043278449 0.013775880506957777
0 0.6714722110013234 0.5041745247220628 0.009537148043278591 0.011656514275118325
0 0.7430008213259126 0.5462969285798764 0.007947623369398827 0.011126672717158144
0 0.746577251842142 0.5462969285798764 0.007152861032458872 0.010066989601238419
0 0.5053668825808889 0.5616623337607138 0.010331910380218474 0.011126672717158287
0 0.556827743897746 0.6056391830713873 0.0075502422009288495 0.00900730648531841
0 0.5685504883676091 0.6114674402089464 0.007947623369398756 0.010066989601238419
0 0.6367013587602038 0.6233888752630447 0.011524053885628192 0.012716197391038193
0 0.7046535385685634 0.6119972817669063 0.009139766874808686 0.012186355833078224
0 0.681208049628837 0.6114674402089464 0.012318816222568217 0.011126672717158358
0 0.5365613043057792 0.46920498189670823 0.00834500453786866 0.010596831159198317
0 0.6122624168993025 0.535965018199658 0.007947623369398827 0.010596831159198388
0 0.6055069370353136 0.5388791467684375 0.009537148043278378 0.011126672717158144
0 0.6023278876875541 0.5322561272939386 0.009537148043278662 0.01059683115919846
0 0.5178843893876919 0.4649662494330288 0.009139766874808615 0.011656514275118254
0 0.5530526227972815 0.6127920441038464 0.006358098695519061 0.009537148043278449
0 0.56258977084056 0.6186203012414054 0.007947623369398684 0.008477464927358654
0 0.5937841925654503 0.6599479427622791 0.01152405388562812 0.014835563622877856
0 0.5627884614247951 0.6689552492475976 0.011524053885628192 0.011656514275118325
0 0.5723256094680735 0.6726641401533172 0.01072929154868838 0.01589524673879751
0 0.6833936460554216 0.6467019038132811 0.009537148043278591 0.011656514275118183
0 0.7173697359596014 0.6755782687220967 0.006755479863988967 0.018544454528597213
0 0.7225356911497106 0.6766379518380166 0.00834500453786859 0.013246038948997807
0 0.7050509197370333 0.7182305141378703 0.009139766874808686 0.01271619739103798
0 0.7211448570600658 0.7651214920173232 0.011126672717158215 0.015365405180837542
0 0.7352518885407485 0.7924083322522588 0.007550242200928921 0.013775880506957917
0 0.7253173593290002 0.7921434114732797 0.00913976687480854 0.01324603894899857
0 0.6975006775361043 0.8374448646788519 0.009934529211748498 0.01589524673879751
0 0.6200113496844663 0.8435380425953909 0.007550242200928921 0.010066989601238419
0 0.6468345785561871 0.8318815283202728 0.007947623369398827 0.011126672717158215
0 0.6482254126458319 0.8525453490807096 0.006755479863988967 0.00900730648531848
0 0.6523979149147664 0.8522804283017297 0.007152861032459015 0.009537148043278307
0 0.6597494665314602 0.8612877347870483 0.006755479863988967 0.008477464927358796
0 0.5826575198482921 0.8122773906757559 0.008345004537868732 0.01006698960123856
0 0.6295484977277448 0.7600879972167038 0.009934529211748498 0.014835563622877856
0 0.5931881208127453 0.7359802063295275 0.008742385706338568 0.01006698960123856
0 0.5659675107725546 0.7404838595721867 0.006755479863988967 0.011656514275118041
0 0.5546421474711614 0.738894334898307 0.010331910380218546 0.011656514275118183
0 0.4640392410600151 0.6959771687035535 0.010331910380218474 0.014835563622877714
0 0.46384055047578016 0.7349205232136078 0.009934529211748498 0.017484771412677416
0 0.4795371066303427 0.7428681465830064 0.007152861032458801 0.012186355833078153
0 0.5002009273907797 0.7582335517638441 0.007947623369398827 0.01324603894899795
0 0.47913972546187283 0.7741287985026416 0.007152861032458801 0.01006698960123856
0 0.49781664037995993 0.7810167387561205 0.007947623369398756 0.007947623369398827
0 0.49741925921149005 0.7653864127963029 0.008742385706338639 0.010596831159198246
0 0.5087446225128833 0.8342658153310925 0.0075502422009288495 0.010596831159198388
0 0.504174739075479 0.8366501023419122 0.007947623369398827 0.010066989601238276
0 0.5095393848498231 0.856784081544389 0.012318816222568148 0.01006698960123856
0 0.6398804081079633 0.8732091698411463 0.007550242200928921 0.009007306485318622
0 0.6372974305129085 0.8679107542615472 0.00635809869551899 0.01006698960123856
0 0.6080899146303682 0.8695002789354269 0.009139766874808615 0.011126672717158215
0 0.6009370535979093 0.8737390113991063 0.013113578559507885 0.010066989601238419
0 0.6198126591002314 0.8652615464717477 0.007947623369398756 0.010066989601238419
0 0.6460398162192473 0.8668510711456274 0.010331910380218403 0.01006698960123856
0 0.31303439704143826 0.8196951724871946 0.008742385706338745 0.01324603894899795
0 0.3768140745808635 0.7788973725242808 0.009934529211748498 0.013246038948998092
0 0.37999312392862306 0.6935928816927338 0.01072929154868838 0.017484771412677277
0 0.38515907911873226 0.726178137507269 0.009934529211748427 0.013775880506957917
0 0.41814171610173717 0.7415435426881065 0.007550242200928778 0.013775880506957777
0 0.3637004960213555 0.6580934973094194 0.01072929154868845 0.01324603894899795
0 0.3678729982902896 0.761942442669563 0.007947623369398409 0.012186355833077998
0 0.3686677606272298 0.7555843439740444 0.006358098695519061 0.011126672717158498
0 0.3549581103150169 0.7465770374887256 0.012318816222568075 0.009007306485318764
0 0.24567828898578362 0.6567688934145195 0.008345004537868697 0.01589524673879751
0 0.24150578671684925 0.6504107947190004 0.008742385706338639 0.018014612970637243
