0 0.5031300862630208 0.5904319480613427 0.007372029622395834 0.010917041919849537
0 0.3274216651916504 0.3930735411467375 0.007301902770996094 0.009274150707103588
0 0.25251726574367944 0.5564919930917245 0.00965336693657769 0.012746175130208336
0 0.6506853103637695 0.5753388581452545 0.008919906616210938 0.01273261176215278
0 0.43748105367024737 0.1692638255931713 0.00845489501953125 0.01142035590277778
0 0.47557165357801645 0.5433376736111112 0.008614857991536459 0.011637821903935187
0 0.4558744006686741 0.4833763970269097 0.007524151272243923 0.010002418800636575
0 0.5038550270928277 0.27245734885886863 0.008274798923068576 0.01207744457103588
0 0.4384202533298069 0.41869607148347077 0.007820680406358508 0.010269532380280671
0 0.6157332314385309 0.8165123550980181 0.008145946926540798 0.011871733488859953
0 0.48417972988552516 0.5659970036259404 0.00766143798828125 0.009725669578269676
0 0.4331101735432943 0.6750116984049478 0.008113352457682292 0.011582212094907406
0 0.6591544469197591 0.7875870598687065 0.009279166327582465 0.011901459870515047
0 0.33632793426513674 0.48082230179398144 0.008361392550998263 0.011850992838541664
0 0.2725628323025173 0.45493908634892216 0.007230334811740452 0.009164400453920718
0 0.4010977003309462 0.5026823255750869 0.008733961317274306 0.012852421513310185
0 0.6372013515896267 0.21982503113923252 0.00871124267578125 0.011743234705041955
0 0.5592631657918293 0.4178420455367477 0.00746871100531684 0.009898037380642362
0 0.5421688079833984 0.21827781818531178 0.007944234212239583 0.010364631370261864
0 0.3007316801283095 0.5717569704408999 0.00839339362250434 0.011602161548755787
0 0.7389624277750652 0.3177332842791522 0.008576202392578124 0.012038054289641205
0 0.35751757091946074 0.4663198682996962 0.008213318718804253 0.010348002115885414
0 0.6698233710394965 0.578516133626302 0.006903754340277778 0.008628562644675927
0 0.48358787960476346 0.8261168303313078 0.009155315823025173 0.011698744032118055
0 0.7482487572564019 0.5411118683991608 0.008396148681640625 0.010747499819155093
0 0.2810817188686795 0.331592771742079 0.00628117455376519 0.00835687142831308
0 0.5296863767835829 0.4791363186306424 0.00918625725640191 0.011841950593171295
0 0.3812083774142795 0.24785485444245517 0.009275733100043402 0.012478496410228588
0 0.579101668463813 0.7739945305718315 0.008344311184353298 0.010767788357204862
0 0.4307280010647244 0.48563156127929685 0.008327356974283854 0.011584868254484954
0 0.3169351365831163 0.49387204205548324 0.006886503431532119 0.009083218044704862
0 0.4206781599256727 0.7900350782606336 0.007222663031684028 0.009859833893952546
0 0.3260889265272352 0.7614260073061342 0.008227454291449653 0.011003960503472222
0 0.5879720475938586 0.2221048072532371 0.007760704888237847 0.010707756325050636
0 0.47478612117286495 0.5061919570081472 0.008089998033311632 0.009977157027633101
0 0.4766567442152235 0.4664977603488499 0.008073806762695312 0.010451620596426505
0 0.507854249742296 0.368120363023546 0.008590274386935763 0.010821504946108219
0 0.4157588322957357 0.5594617772985387 0.008190027872721354 0.010595646610966436
0 0.48664961920844185 0.3466103165237992 0.008314768473307291 0.01174361617476852
0 0.5268364800347222 0.7050052784107349 0.009745025634765625 0.013340476707175926
0 0.2816710154215495 0.6552947998046874 0.007538350423177084 0.010279563621238426
0 0.3596327887641059 0.6604211030183015 0.008206685384114584 0.010931679054542825
0 0.5447114096747504 0.7632144504123265 0.00847214592827691 0.01056495949074074
0 0.3412530581156413 0.7733693723325377 0.00919454362657335 0.013078647189670138
0 0.6195190853542752 0.7484993263527199 0.009737650553385416 0.01347102412471065
0 0.4199335522121853 0.38030214662905093 0.0066882239447699655 0.008335424352575232
0 0.3815572314792209 0.7014539647985387 0.008942201402452258 0.013073560926649306
0 0.5607127295600044 0.4602106165002894 0.007336510552300347 0.00996212429470486
0 0.5400169372558593 0.23669517658374928 0.006509568956163194 0.01014812610767506
0 0.6204138649834527 0.3634778058087384 0.00904282463921441 0.011470088252314815
0 0.6436645719740126 0.45190955268012156 0.008380169338650174 0.011592723705150463
0 0.3130374378628201 0.2669260802092376 0.008290121290418838 0.011562008327907986
0 0.38441823323567703 0.5351996527777778 0.008138953314887152 0.010756202980324075
0 0.46582395765516493 0.2818722618950738 0.008274078369140625 0.010477899622034144
0 0.4233375761244032 0.2813079268844039 0.008613289727105036 0.012498078522858795
0 0.5239445580376519 0.18796439700656467 0.006460232204861111 0.008215628729926216
0 0.5099886152479384 0.2915894402398003 0.00770229763454861 0.010262835467303243
0 0.6065802892049154 0.3611308768943504 0.007431581285264757 0.010162833884910301
0 0.30538865195380316 0.6867459049931278 0.008287366231282551 0.010659281412760417
0 0.7488598293728298 0.3529337141248915 0.008978949652777778 0.012399828875506365
0 0.6743658277723524 0.654461133038556 0.008513726128472222 0.011599674931278937
0 0.5141959877785898 0.2487482104965023 0.00867110358344184 0.011431573938440394
0 0.6605848100450303 0.5074742635091146 0.007603285047743056 0.010160092954282407
0 0.3651127285427517 0.3356689735695167 0.007337782118055556 0.009654970522280093
0 0.3781879425048828 0.28343036792896414 0.009010060628255209 0.011176158763744212
0 0.5802525838216145 0.18229543191415293 0.006617906358506944 0.010576502482096356
0 0.3536111301845974 0.5035197222674335 0.007724486456976997 0.009656722457320601
0 0.24879062440660263 0.4630188977276837 0.009344673156738282 0.011690860324435764
0 0.42406676914619945 0.3056508554240359 0.008899900648328993 0.011496508563006366
0 0.4449005974663629 0.7689849570945456 0.009759012858072917 0.012607998318142362
0 0.3899389902750652 0.4042850353099681 0.008936140272352431 0.011478960955584492
0 0.3873699188232422 0.32567562527126737 0.008897230360243055 0.012748040093315972
0 0.6194418165418837 0.491944659197772 0.00896513197157118 0.010679117838541667
0 0.35091915130615237 0.3561722508183232 0.008849249945746528 0.01083783750180845
0 0.6561798307630751 0.7619688528555411 0.009129121568467883 0.010871322066695601
0 0.30137608846028646 0.552425695348669 0.007718404134114582 0.009825303819444445
0 0.5644905090332031 0.632012430826823 0.008597819010416667 0.01099197952835648
0 0.4549222734239366 0.650376976860894 0.00856781005859375 0.010768466525607638
0 0.4987087885538737 0.13603006998697917 0.009297815958658855 0.012890427200882524
0 0.36013850106133355 0.2957895208288122 0.009661081102159288 0.011915108009620949
0 0.5195185979207356 0.7980596754286025 0.00867322285970052 0.011837033872251157
0 0.7646671295166015 0.5278601469816985 0.007682715521918403 0.011319478352864586
0 0.6214934243096245 0.16401198351824725 0.009620115492078992 0.01176617940266927
0 0.5905661053127712 0.5134326228389035 0.008275222778320313 0.011640591091579862
0 0.47165656619601776 0.26375400401927807 0.008046340942382813 0.009870034677010996
0 0.45177602083115176 0.47149279725681864 0.008178075154622396 0.010700932255497685
0 0.5612371656629774 0.2905352415861907 0.009535047743055556 0.012924731219256367
0 0.6631254710226238 0.5204536619847908 0.008644951714409722 0.009996428313078703
0 0.5573964860704209 0.44557550218370223 0.007941351996527778 0.010294681125217014
0 0.5730835172865126 0.39639940615053526 0.009125391642252604 0.01163397894965278
0 0.4408774269951714 0.2730738604510272 0.0066958533393012155 0.009649488661024306
0 0.6986552132500543 0.7776010301378038 0.007391484578450521 0.010306859899450231
0 0.5912354575263129 0.8020418520326968 0.00833693610297309 0.010368403682002314
0 0.2444796986050076 0.4355056480125144 0.007913017272949218 0.010079164858217592
0 0.730741458468967 0.639172758879485 0.009595404730902778 0.013222927517361111
0 0.39006118774414056 0.8010062323676216 0.008528815375434028 0.009688426830150462
0 0.4552367104424371 0.7260519522207755 0.009365717569986979 0.013393260814525463
0 0.4143679089016385 0.28107083638509117 0.007143105400933159 0.011797954418041087
0 0.5193665610419379 0.4281955153853805 0.008629565768771701 0.01085756089952257
0 0.4350073496500651 0.8324666341145833 0.00791168212890625 0.010364673755787037
0 0.6200073877970378 0.16560405448631005 0.009577136569552952 0.01262513619882089
0 0.5262628343370226 0.5231950265389902 0.008544752332899306 0.011927456325954862
0 0.6800341712103949 0.6173446655273438 0.006841871473524306 0.00885009765625
0 0.331088023715549 0.3735913594563802 0.008383856879340278 0.011533383969907407
0 0.623412365383572 0.3343271043565539 0.007163153754340278 0.009942174840856481
0 0.4231963475545248 0.7573422749837239 0.007850095960828992 0.011269632975260417
0 0.6871142705281575 0.6272053753888166 0.00877520243326823 0.010372303150318287
0 0.6842011133829753 0.6445570486563225 0.008873536851671008 0.011501905653211806
0 0.25115125444200304 0.5023901480215567 0.008918338351779513 0.011631944444444445
0 0.5479793124728732 0.421705005787037 0.00826263427734375 0.01140792281539352
0 0.5181141965828704 0.6444987765289534 0.008256276448567709 0.010911220974392361
0 0.4461762958102756 0.27958828961407695 0.00797259012858073 0.011233181423611112
0 0.286590215894911 0.31382213168674045 0.008738623725043403 0.011051686604817708
0 0.5316632588704427 0.24444687454788774 0.006376817491319444 0.007602606879340278
0 0.5701991822984483 0.5167659335666233 0.0062792036268446184 0.008604996292679398
0 0.5025029924180773 0.4005497826470269 0.00922393798828125 0.012513704653139468
0 0.6916610293918185 0.5055133113154658 0.007541656494140625 0.010701101797598377
0 0.6382708034351537 0.4915609289098668 0.006785074869791668 0.010196601019965277
0 0.7602323886673655 0.4306163922249429 0.007588704427083331 0.00930269029405382
0 0.545604960123698 0.46793235496238433 0.009359571668836806 0.011344627097800925
0 0.2356177012125651 0.5583856653284144 0.007561450534396701 0.00960987232349537
0 0.3323676427205403 0.4288179185655382 0.009110768636067709 0.011694618507667825
0 0.30099925449038845 0.5205290722147566 0.005418834115499145 0.007706786297598924
0 0.3082243666443873 0.4981312245373601 0.007586367761698866 0.009151808728398691
0 0.34940750592218095 0.5241416282917561 0.006863856546298948 0.012041853589998083
0 0.4567004214090645 0.4665815681315649 0.009031390192498634 0.01059683115919846
0 0.4156979099351208 0.45742975940316627 0.007225112153998907 0.007706786297598783
0 0.41425288750432104 0.4526130179671671 0.007225112153998907 0.007706786297598853
0 0.30659871640973757 0.49138778652696113 0.005780089723199104 0.010115157015598442
0 0.303347415940438 0.4969270391783603 0.0043350672923993016 0.01156017944639828
0 0.4294256230277187 0.603377024913944 0.007225112153998907 0.009633482871998637
0 0.48090454712496084 0.577607458231348 0.009753901407898481 0.012041853589998083
0 0.47982078030186104 0.5005395952553597 0.009031390192498634 0.010115157015598442
0 0.48000140810571096 0.4762150510035634 0.010115157015598442 0.010596831159198317
0 0.4917422153559592 0.4745291915009636 0.006863856546299019 0.013005201877198048
0 0.43484445714321784 0.40131472167377497 0.009392645800198522 0.014931898451597689
0 0.3158107344060861 0.40685397432517406 0.006141345330899028 0.01156017944639828
0 0.33622167624113297 0.4651365457007651 0.005780089723199069 0.007706786297598924
0 0.36313521901477885 0.41311573819197306 0.006863856546298948 0.011560179446398209
0 0.36999907556107786 0.39962886217117516 0.006141345330899028 0.011560179446398209
0 0.5484593457648504 0.3948121207351759 0.007586367761698795 0.009633482871998495
0 0.5446661618840011 0.39938802509937515 0.005057578507799292 0.00915180872839862
0 0.2500622138046962 0.3777126886373786 0.01047641262329833 0.011078505302798263
0 0.26017737082029463 0.36446664968838055 0.006863856546298948 0.01156017944639828
0 0.2580098371740949 0.3557965151035819 0.0061413453308989925 0.009633482871998566
0 0.2650543215242439 0.3695242281961798 0.007225112153998907 0.009151808728398691
0 0.2702925278358931 0.3861419861503772 0.007586367761698831 0.007706786297598783
0 0.2870909135939405 0.3276185777029862 0.007947623369398827 0.009151808728398549
0 0.4261743225584192 0.31244584217958854 0.007225112153998907 0.007706786297598888
0 0.4615773721130138 0.2895663203585921 0.007225112153998978 0.011078505302798369
0 0.5031217669985074 0.21996440660840264 0.008670134584798674 0.012523527733598029
0 0.5175719913065052 0.20141995207980554 0.007947623369398756 0.013968550164397868
0 0.6037314537429421 0.32376518455418674 0.010476412623298402 0.011078505302798297
0 0.5260614980874538 0.1573467679404123 0.006863856546298948 0.010596831159198388
0 0.4756663408133116 0.1298913417552165 0.0065026009385990595 0.007706786297598817
0 0.41678167675822064 0.1515666782172132 0.008670134584798603 0.012523527733598066
0 0.637328225259037 0.24669732157819865 0.007586367761698866 0.009151808728398585
0 0.6149303775816404 0.33773373471858464 0.006863856546298948 0.017821943313197225
0 0.6286580906742383 0.40107388460197496 0.008308878977098786 0.01059683115919846
0 0.7619614099155178 0.32496936991318665 0.008308878977098715 0.013486876020797957
0 0.7036186292719768 0.26620512439399563 0.007947623369398684 0.017340269169597314
0 0.5157657132680056 0.22116859196740252 0.006502600938598988 0.010115157015598406
0 0.7547362977615188 0.44442455752596827 0.011921435054098168 0.008670134584798745
0 0.7583488538385182 0.45164966967996717 0.0054188341154991805 0.012523527733598029
0 0.780566073712065 0.4056497889661742 0.007225112153998765 0.012041853589998154
0 0.6456371042361354 0.4950003426039606 0.006141345330899099 0.009633482871998495
0 0.6376894808667368 0.4258801029973712 0.009031390192498491 0.012041853589998154
0 0.577901677792396 0.5229374429327562 0.0065026009385990595 0.0125235277335981
0 0.5751922607346464 0.5306442292303551 0.00614134533089917 0.008670134584798603
0 0.5665221261498476 0.5265499990097559 0.007586367761698725 0.012041853589998083
0 0.656294144663284 0.5217332575737565 0.007947623369398827 0.009151808728398691
0 0.774244100577316 0.5918168454675458 0.006863856546299019 0.010596831159198388
0 0.6646030236403827 0.6669580118691343 0.007225112153998907 0.009633482871998637
0 0.6678543241096822 0.6183089233655417 0.005780089723199211 0.01059683115919853
0 0.655752261251734 0.6267382208785404 0.0075863677616989375 0.007225112153998907
0 0.6508753105477848 0.6327591476735396 0.007225112153998907 0.007706786297598783
0 0.6649642792480828 0.6007278171241444 0.009392645800198522 0.011078505302798192
0 0.6727312748136316 0.6016911654113443 0.0075863677616989375 0.009151808728398549
0 0.6676736963058323 0.5658064417131498 0.006141345330899099 0.009633482871998637
0 0.5788048168116459 0.6720155903769336 0.0068638565462988054 0.01589524673879751
0 0.4745825739902118 0.6231256648015411 0.009392645800198593 0.013486876020797922
0 0.4742213183825119 0.6455235124789377 0.007947623369398756 0.009151808728398549
0 0.4648286725823133 0.6650313152947345 0.007225112153998907 0.012523527733597889
0 0.68356894304463 0.6920050673363304 0.006863856546299019 0.009633482871998495
0 0.7168044589530248 0.7163296115881266 0.009031390192498491 0.010115157015598442
0 0.6461789876476857 0.7567902396505205 0.005780089723199069 0.010115157015598585
0 0.6478046378823353 0.76016195865572 0.004696322900099403 0.007225112153998907
0 0.637328225259037 0.753900194788921 0.007586367761698795 0.012041853589998226
0 0.6382313642782869 0.7657012113071192 0.00578008972319914 0.009633482871998495
0 0.6069827542122416 0.7714813010303183 0.009753901407898552 0.011560179446398137
0 0.565980242738298 0.7221097013113257 0.008670134584798674 0.010115157015598442
0 0.5600195252112488 0.7343923919731239 0.009753901407898412 0.014450224307997956
0 0.558213247172749 0.7746121829637178 0.010476412623298473 0.011078505302798476
0 0.5659802427382978 0.8054393281541131 0.007225112153998907 0.009151808728398691
0 0.500051094333058 0.7693137673841186 0.009031390192498705 0.013005201877197977
0 0.5733859826961468 0.8025492832925134 0.006141345330899028 0.007225112153998907
0 0.6116790771123408 0.6192722716527416 0.008308878977098644 0.009633482871998495
0 0.6257680458126386 0.8389156811343079 0.006141345330899028 0.012523527733598171
0 0.3873393447306752 0.682371584464332 0.008308878977098786 0.008670134584798461
0 0.39853826856937347 0.6457643495507375 0.009031390192498634 0.012523527733598029
0 0.39221629543462444 0.6397434227557385 0.010115157015598513 0.012041853589998154
0 0.33387351479108335 0.623366501873341 0.008308878977098786 0.012041853589998154
0 0.27697575657834206 0.6674396860127342 0.007225112153998907 0.007706786297598853
0 0.4559779101936647 0.6069895809909434 0.005418834115499323 0.013005201877197977
