0 0.6146237267388238 0.6758145932798031 0.008530510796440972 0.011890552662037037
0 0.3666756735907661 0.4773793114556206 0.008723068237304687 0.012112850613064236
0 0.4848451614379882 0.7178486576786747 0.007893668280707465 0.010329974139178239
0 0.478778076171875 0.790356812653718 0.00934846666124132 0.012489997016059028
0 0.39950779808892145 0.5748745388454861 0.009793472290039063 0.013261017975983795
0 0.5060106701321072 0.5051341021502459 0.008697467380099827 0.011663535789207176
0 0.622884284125434 0.21897255932843243 0.006547292073567707 0.009064949883355034
0 0.6088033464219835 0.3084587238453052 0.008910708957248263 0.012186036286530673
0 0.32009187274509004 0.39716356065538194 0.008626365661621093 0.012195050274884258
0 0.7273229810926649 0.40476772167064534 0.008056640625 0.009426258228443287
0 0.32827417585584856 0.5646936769838686 0.008126576741536459 0.01012409351490162
0 0.3934298621283637 0.7306863007722078 0.007730695936414931 0.010900596336082176
0 0.5054234398735894 0.6070745680067273 0.008777194552951388 0.012084791395399306
0 0.3565610779656304 0.5024188006365741 0.008655696445041232 0.0121612548828125
0 0.552274407280816 0.3434298903853805 0.008533986409505208 0.011917594627097801
0 0.4659711837768555 0.1632695092095269 0.008784696790907117 0.011562403926142939
0 0.42345561981201174 0.7311186331289786 0.008228174845377604 0.011407527217158564
0 0.7660170237223308 0.3443091498480903 0.008351559109157986 0.012070945457175925
0 0.5816156811184353 0.26796805770308885 0.009288067287868924 0.01265809800889757
0 0.6047898610432942 0.5915165653935185 0.009766048855251737 0.012936627423321759
0 0.7787945641411674 0.43072720280400034 0.00919401380750868 0.012809838189019098
0 0.38305691613091364 0.504372066921658 0.007474984063042534 0.010295444064670138
0 0.6499875810411241 0.6133542661313657 0.008923594156901042 0.01208744755497685
0 0.4473075654771593 0.17392615565547234 0.007658937242296006 0.011862027203595199
0 0.5756852679782444 0.39974800392433446 0.008852513631184895 0.011571248372395836
0 0.6869092517428927 0.763775634765625 0.009346728854709201 0.012371261031539354
0 0.4577500873141819 0.7636185257523148 0.00811203850640191 0.010259444625289351
0 0.5018867280748156 0.8401787369339554 0.008887524074978299 0.012171823007089123
0 0.6643364800347222 0.5093867549189814 0.009259541829427084 0.011101164641203703
0 0.5472336239284938 0.4292061699761285 0.009158918592664931 0.011929547345196759
0 0.5757057401869032 0.2451982992666739 0.008364062839084202 0.011452258074725117
0 0.34652253256903753 0.43546548066315827 0.006996430291069878 0.0099574053729022
0 0.7930666605631509 0.5470774050112124 0.00921630859375 0.012369056984230324
0 0.4802824020385742 0.4803723653157552 0.008667627970377604 0.012108866373697917
0 0.2909861564636231 0.7144184536404081 0.008955489264594184 0.011911067256221064
0 0.471345329284668 0.3573454256410952 0.009133105807834201 0.010919613308376737
0 0.6215131971571182 0.5930494237829138 0.008980051676432291 0.01204681396484375
0 0.4942546208699545 0.6820769981101706 0.007863998413085938 0.011113654242621528
0 0.5172648111979167 0.7935188010886862 0.009254031711154513 0.011600070529513888
0 0.46974851820203994 0.1478966818915473 0.008457353379991319 0.011729699594003183
0 0.6227088928222656 0.7322999177155671 0.007485114203559028 0.0111785888671875
0 0.49684797922770185 0.755568497269242 0.008440611097547743 0.011235555013020836
0 0.3955913755628797 0.7627544826931424 0.00813704596625434 0.01067493580005787
0 0.37219554053412546 0.7813456500018084 0.00885208977593316 0.011785832157841436
0 0.6178447299533419 0.38432173552336524 0.008508216010199653 0.011481843171296297
0 0.7494859059651694 0.5771045826099538 0.009634145100911458 0.012154586226851852
0 0.4389446470472548 0.16404170989990235 0.00859082539876302 0.010700155187536168
0 0.5223185221354166 0.7049125388816552 0.007176717122395832 0.009651466652199073
0 0.5420907762315538 0.27215639750162757 0.008356136745876735 0.011476446081090856
0 0.4326634513007269 0.7600085223162616 0.008219104342990452 0.01259697808159722
0 0.25578010347154406 0.6137641624168113 0.009518792894151475 0.011319195782696759
0 0.6002435684204102 0.5365616409866898 0.008402209811740452 0.01130710177951389
0 0.34995995627509224 0.37320549576370804 0.00783850351969401 0.011213373254846644
0 0.39577581617567276 0.5047316657172308 0.007844967312282985 0.00905925609447338
0 0.30064432356092663 0.5085662841796874 0.008299509684244791 0.01346446849681713
0 0.6999189376831054 0.3966779214364511 0.008415518866644964 0.01119975337275752
0 0.5466362635294597 0.4671293046739366 0.009753460354275174 0.012286348696108219
0 0.6730923546685114 0.23202833246301718 0.007849968804253472 0.010453584459092882
0 0.27077769173516164 0.39969482421875 0.008003001742892795 0.01136005542896412
0 0.30388195249769423 0.5503170719853154 0.009025298224555122 0.01242817066333912
0 0.38562596638997393 0.5158128526475695 0.007509019639756944 0.009584214952256944
0 0.4128426869710286 0.3235740379050926 0.009154849582248263 0.012850726092303241
0 0.29331092834472655 0.5335813734266494 0.008592732747395833 0.011023966471354167
0 0.36899098290337456 0.3806687107792607 0.008257420857747395 0.010177075421368633
0 0.5127723058064779 0.36076740688747827 0.008108223809136285 0.010900794135199652
0 0.4574592802259657 0.2049311319986979 0.008518854777018229 0.012012820773654514
0 0.31069828669230143 0.28480721932870373 0.008628061082628037 0.01113739013671875
0 0.7112028121948242 0.48596838491934313 0.007955805460611979 0.011006842719184028
0 0.6142694261338976 0.4898328710485388 0.009566413031684028 0.012517801920572917
0 0.5252650790744358 0.19608338673909503 0.007445610894097222 0.009137655187536169
0 0.5784844716389973 0.2833568855568215 0.007612186008029514 0.008961797643590856
0 0.26375627517700195 0.6446922019675925 0.007993337843153212 0.010527547200520833
0 0.5235593371921116 0.48947188765914357 0.008203845553927952 0.011539939597800926
0 0.35878631803724503 0.5914863868995949 0.00823040008544922 0.01099197952835648
0 0.3192594528198242 0.5759021052607785 0.008279588487413194 0.01144267894603588
0 0.7910961151123047 0.5309553640860097 0.008295440673828125 0.011356099446614582
0 0.541894891526964 0.4110195725052445 0.008514955308702258 0.011229140670211225
0 0.7298746320936413 0.659788230613426 0.008310529920789931 0.011281331380208336
0 0.7173290676540799 0.6954170509620948 0.008232964409722222 0.011258725766782407
0 0.28263122770521376 0.4611364576551649 0.007969686720106338 0.01064453125
0 0.4202407201131185 0.42044154979564524 0.009110132853190104 0.01171677200882523
0 0.6184225930107964 0.5017377782751012 0.008176040649414063 0.010512005841290507
0 0.5769968032836914 0.6001410590277777 0.008307266235351562 0.01140792281539352
0 0.6326237148708767 0.570307159423828 0.007527838812934028 0.009612076370804398
0 0.5015435324774848 0.581613215693721 0.008288362291124132 0.010069331416377315
0 0.7392570495605468 0.5011780915436921 0.008408440483940972 0.011776394314236112
0 0.6595863342285156 0.2416881419994213 0.008654276529947916 0.012308417426215277
0 0.41980194515652125 0.8538711547851563 0.00844586690266927 0.010651538990162038
0 0.44190987396768544 0.5139186338325061 0.00775510999891493 0.01094993308738426
0 0.6564603593614367 0.17196454648618345 0.009387546115451388 0.012664116753472222
0 0.30488005744086366 0.7069326047544127 0.009974924723307292 0.012497682924623842
0 0.47515394422743057 0.8127879107439959 0.007100338406032986 0.009972635904947917
0 0.6693722407023113 0.1940024764449508 0.007169808281792534 0.009607526991102431
0 0.5985326131184895 0.7970638133861401 0.008303070068359375 0.012544420030381944
0 0.7090369754367404 0.6444833826135706 0.007096608479817707 0.009699051468460649
0 0.6152130126953125 0.8533799630624276 0.007616424560546875 0.009206531665943287
0 0.44532373216417104 0.4484313540988498 0.009193844265407987 0.011045752631293402
0 0.5659100002712674 0.5972183227539063 0.008922915988498264 0.012098524305555556
0 0.26661267810397676 0.414467027452257 0.008155165778266058 0.010782764576099536
0 0.39839581383599176 0.7049144321017795 0.009581968519422742 0.01110755072699653
0 0.6626322428385417 0.476101811726888 0.008885701497395834 0.012060292561848958
0 0.6769899156358509 0.6610061362937644 0.00825441148546007 0.011170168276186342
0 0.7372659471299913 0.3280357078269676 0.00786777072482639 0.01219742386429398
0 0.3253997378879123 0.4854941191496673 0.008575736151801214 0.011237533004195601
0 0.47613650427924264 0.7133651733398437 0.006757905748155382 0.010576262297453702
0 0.4156278000714452 0.6328917052787594 0.009537148043278449 0.01324603894899802
0 0.260053072615464 0.6077242312756633 0.009934529211748498 0.010596831159198388
0 0.48656033864332926 0.6344812299526391 0.00834500453786866 0.01006698960123856
0 0.49013676915955884 0.6252090026883406 0.009934529211748427 0.01271619739103798
0 0.5493465632615796 0.6392498039742786 0.012318816222568146 0.012186355833078295
0 0.5249076214006785 0.5761986585770481 0.007947623369398827 0.014305722064917887
0 0.5203377379632741 0.5621578572911102 0.009139766874808544 0.013775880506957777
0 0.5368290564547767 0.524539106675956 0.007947623369398898 0.014835563622877785
0 0.46649258963559737 0.551031184573952 0.009537148043278591 0.012716197391038122
0 0.4643069932090127 0.5375202248459741 0.009934529211748498 0.014305722064917816
0 0.43688769258458693 0.5200354534332967 0.009139766874808686 0.010066989601238419
0 0.43549685849494213 0.5086438599371585 0.0071528610324589435 0.011656514275118325
0 0.43887459842693666 0.49857687033592 0.009139766874808686 0.008477464927358654
0 0.43768245492152685 0.4930135339773409 0.006755479863989038 0.01006698960123849
0 0.4293374503836581 0.5012260781257196 0.006755479863989038 0.010596831159198388
0 0.4271518539570734 0.5044051274734791 0.0071528610324589435 0.011656514275118325
0 0.4676847331410072 0.47579368334364347 0.011126672717158358 0.010596831159198317
0 0.4251649481147237 0.45486494180422665 0.007947623369398756 0.015365405180837684
0 0.4194029211719096 0.4127425379464132 0.009139766874808544 0.010596831159198388
0 0.3864202841889046 0.4381749327284893 0.009139766874808544 0.01271619739103798
0 0.35800753064330393 0.4511560508985073 0.00953714804327852 0.015365405180837613
0 0.3031689293944524 0.5139422755167576 0.00953714804327852 0.010596831159198388
0 0.24435651646090142 0.47340939633282386 0.00794762336939879 0.010066989601238419
0 0.29522130602505364 0.4212200028737719 0.009537148043278557 0.007417781811438857
0 0.31211000568502606 0.4130074587253931 0.011524053885628226 0.01324603894899802
0 0.35125205077931504 0.41115301327253334 0.008742385706338639 0.01589524673879758
0 0.613126240801005 0.46413716906852526 0.010331910380218403 0.012716197391038122
0 0.5696130028535467 0.41433206262029293 0.008345004537868803 0.013775880506957917
0 0.5737855051224809 0.41406714184131294 0.00635809869551899 0.011126672717158358
0 0.5956414693883276 0.4095634885986536 0.007947623369398969 0.00953714804327852
0 0.5998139716572619 0.4196304781998921 0.009934529211748427 0.010596831159198388
0 0.6047812362631362 0.41115301327253334 0.007152861032458801 0.011656514275118254
0 0.481593074037455 0.380687123689838 0.007947623369398756 0.01006698960123849
0 0.5002699889555423 0.37485886655227896 0.010331910380218474 0.01324603894899795
0 0.5173573791997496 0.38995935095413664 0.010331910380218474 0.011656514275118325
0 0.6006087339942019 0.3926085587439362 0.009934529211748427 0.013775880506957917
0 0.638757326167316 0.3796274405739182 0.009934529211748498 0.012186355833078082
0 0.6296175592925074 0.3515458380020425 0.011524053885628263 0.01642508829675748
0 0.5378225093759516 0.3160464536187279 0.01152405388562812 0.015365405180837647
0 0.5135822580992851 0.3110129588181087 0.00834500453786866 0.01165651427511822
0 0.5332526259385472 0.2977669198691107 0.008742385706338639 0.012716197391038051
0 0.5223246438056237 0.28849469260481214 0.01072929154868845 0.012186355833078153
0 0.4062893426124016 0.3825415691426977 0.009139766874808615 0.011656514275118254
0 0.33257513586122783 0.35340028345490226 0.010331910380218474 0.012716197391038051
0 0.3669486069338776 0.3449228185275435 0.008345004537868732 0.01589524673879758
0 0.37271063387669173 0.322404552314247 0.009537148043278591 0.012186355833078153
0 0.33118430177158303 0.2649167432755958 0.011524053885628192 0.013775880506957917
0 0.3129047680219659 0.23630529914576015 0.009139766874808615 0.012716197391038051
0 0.34588740500497084 0.23312624979800062 0.01072929154868838 0.011656514275118254
0 0.3715184903712819 0.24372308095719902 0.008742385706338568 0.010596831159198388
0 0.37887004198797586 0.2458424471890387 0.009934529211748568 0.009537148043278557
0 0.3800621854933856 0.27683817832969393 0.009139766874808686 0.011126672717158287
0 0.4235754234408439 0.24849165497883827 0.007947623369398827 0.009537148043278591
0 0.4303309033048329 0.23630529914576015 0.007947623369398827 0.013775880506957883
0 0.443047100695871 0.2341859329139205 0.010331910380218403 0.01589524673879762
0 0.44145757602199126 0.20663417190000466 0.00953714804327852 0.013775880506957883
0 0.4396693607638765 0.19577241996182637 0.013908340896447768 0.01324603894899795
0 0.4156278000714451 0.20424988488918508 0.010331910380218403 0.011126672717158321
0 0.507820231156471 0.18941432126630733 0.007947623369398827 0.012186355833078153
0 0.5163639262785747 0.20160067709938545 0.007550242200928778 0.00794762336939879
0 0.5360342941178367 0.21670116150124316 0.011126672717158287 0.011656514275118254
0 0.5306696483434926 0.22597338876554177 0.009139766874808686 0.010066989601238419
0 0.5179534509524545 0.2320665666820808 0.009139766874808686 0.013775880506957917
0 0.6115367161271251 0.2511408627686379 0.013510959727977863 0.016954929854717377
0 0.6429298284362504 0.24027911083045958 0.010331910380218474 0.015365405180837647
0 0.5173573791997496 0.1353704823543956 0.010331910380218474 0.01324603894899795
0 0.5882899177716338 0.15709398623075227 0.012318816222568075 0.014305722064917816
0 0.6306110122136822 0.18517558880262805 0.011921435054098168 0.012186355833078118
0 0.6284254157870975 0.19524257840386647 0.00834500453786866 0.012186355833078153
0 0.6264385099447478 0.20160067709938553 0.007550242200928778 0.010066989601238453
0 0.7079016494810852 0.2474319718629185 0.008345004537868732 0.011656514275118183
0 0.7247903491410577 0.25723404068517697 0.008742385706338639 0.012186355833078118
0 0.6864430663837087 0.3382997990530445 0.009934529211748498 0.014305722064917745
0 0.6902181874841731 0.3504861548861227 0.008742385706338639 0.01324603894899795
0 0.6963775955954571 0.3854556977114774 0.010729291548688166 0.009007306485318622
0 0.7311484478365767 0.28717008870991245 0.00715286103245873 0.010596831159198352
0 0.7589651296294727 0.3144569289448482 0.008742385706338639 0.013246038948997984
0 0.7508188156758387 0.3658515600669603 0.009934529211748639 0.011126672717158358
0 0.7601572731348825 0.39340332108087606 0.009537148043278591 0.014305722064917816
0 0.7520109591812486 0.3886347470592368 0.010729291548688309 0.011126672717158287
0 0.7220086809617683 0.35975838215042133 0.008742385706338639 0.00953714804327852
0 0.7313471384208118 0.35975838215042133 0.007550242200928778 0.007417781811438786
0 0.7255851114779978 0.3706201340885997 0.00874238570633878 0.011126672717158287
0 0.7375065465320958 0.42069016131581194 0.009537148043278449 0.012716197391038051
0 0.7955241971287069 0.4236042898845915 0.009537148043278449 0.01324603894899795
0 0.6721373443187909 0.4633424067315854 0.009139766874808544 0.012186355833078153
0 0.735320950105511 0.4429435067501285 0.009139766874808544 0.012716197391038051
0 0.7337314254316314 0.4543351002462668 0.009139766874808544 0.01324603894899795
0 0.7327379725104567 0.4625476443946455 0.007152861032458872 0.008477464927358725
0 0.7261811832307026 0.4625476443946455 0.00834500453786859 0.014835563622877714
0 0.7774433539633248 0.4861255937238619 0.011524053885628263 0.012186355833078153
0 0.6381612544146109 0.5534154715847716 0.006358098695519061 0.011126672717158287
0 0.6439232813574252 0.5542102339217115 0.006755479863988967 0.007417781811438786
0 0.7579716767082977 0.5870604105152265 0.01072929154868845 0.011656514275118254
0 0.7836027620746089 0.5979221624534048 0.010331910380218546 0.01642508829675748
0 0.6049799268473712 0.6580591792818555 0.013113578559507956 0.014835563622877714
0 0.6810784206093645 0.6577942585028757 0.007152861032458872 0.011126672717158358
0 0.6699517478922061 0.7823070246234565 0.009537148043278591 0.011126672717158215
0 0.6643884115336269 0.7836316285183562 0.007947623369398827 0.012716197391038122
0 0.6451154248628349 0.7359458883019636 0.011524053885628334 0.010596831159198246
0 0.6188882677438188 0.7211103246790859 0.008345004537868803 0.013775880506957777
0 0.6258424381920429 0.7091888896249877 0.008742385706338639 0.01006698960123856
0 0.6226633888442834 0.6993868208027291 0.011126672717158287 0.008477464927358796
0 0.6097485008690103 0.6993868208027291 0.009139766874808544 0.011656514275118041
0 0.611934097295595 0.706539681835188 0.008742385706338708 0.010066989601238419
0 0.5912702765351581 0.7221700077950058 0.011126672717158287 0.013775880506957917
0 0.6000126622414967 0.7240244532478656 0.007152861032458943 0.011126672717158073
0 0.5936545635459778 0.8225749830284105 0.00953714804327852 0.011126672717158358
0 0.48040093053204513 0.8601937336435647 0.007947623369398827 0.013246038948997807
0 0.5092110652461157 0.7038904740453884 0.007550242200928921 0.01006698960123856
0 0.3935731452213635 0.8260189531551498 0.01072929154868838 0.02225334543431643
0 0.40768017670204637 0.7436285908923824 0.011126672717158358 0.010066989601238419
0 0.38602290302043474 0.7476024025770818 0.009139766874808615 0.010596831159198388
0 0.33774109105133704 0.76005367918914 0.011921435054098239 0.011126672717158358
0 0.3440991897468561 0.6675963273251341 0.013510959727977934 0.016954929854717592
0 0.36059050823835853 0.6662717234302343 0.007550242200928778 0.01430572206491803
0 0.3655577728442328 0.6660068026512542 0.008742385706338639 0.011656514275118325
0 0.44523269712245556 0.662297911745535 0.007550242200928778 0.01271619739103798
0 0.4507960334810347 0.661503149408595 0.009139766874808686 0.014305722064917745
0 0.2795247498704909 0.6927638013282302 0.008345004537868732 0.009007306485318622
0 0.2763457005227314 0.6977972961288494 0.007550242200928885 0.008477464927358654
