0 0.6100154876708984 0.8298793368869357 0.010356648763020832 0.014807976616753472
0 0.42876843346489807 0.26098043653700087 0.01030871073404948 0.014187367757161458
0 0.6070123884412978 0.42897280940303095 0.008938259548611112 0.011984450728804975
0 0.43394073910183373 0.7275191978172019 0.009203889634874132 0.012852591055410877
0 0.4501043107774522 0.2566606874819155 0.009966956244574653 0.01329718695746528
0 0.5985152350531684 0.6195516515661169 0.00938356187608507 0.013412249529803239
0 0.6741897794935438 0.8606024282949941 0.01016375223795573 0.014347782841435185
0 0.32061480416191956 0.8032907274034288 0.00998800065782335 0.013241972746672454
0 0.37177299923366974 0.5660703588415075 0.010733583238389757 0.014140206796151623
0 0.42917524973551435 0.6749686064543546 0.008702723185221355 0.011964981644241899
0 0.38685523139105904 0.5482255158600984 0.010401831732855905 0.013684308087384259
0 0.27307665083143445 0.6829141404893663 0.009794023301866319 0.012514637134693286
0 0.5036243014865451 0.24438692728678382 0.009627278645833333 0.012473579689308449
0 0.7372607760959201 0.4216752511483651 0.009766303168402778 0.012228902180989583
0 0.47794375949435763 0.6060727719907407 0.00911805894639757 0.013074747721354167
0 0.6252710978190105 0.8208342658148873 0.010348256429036458 0.014111949779369214
0 0.5652989281548394 0.664546881781684 0.0089752197265625 0.011942093460648149
0 0.5624756707085504 0.41849920484754777 0.009381866455078125 0.012260917381004051
0 0.41728719075520837 0.48898756239149305 0.008992513020833334 0.011848619249131944
0 0.31275380452473955 0.5990061442057292 0.010156970553927952 0.013894088179976852
0 0.6195610682169597 0.9026355884693287 0.00960400899251302 0.012220594618055556
0 0.7047432581583659 0.3919090694851346 0.009692170884874132 0.013008767587167245
0 0.4745455635918511 0.428088703861943 0.00863295661078559 0.012988987675419561
0 0.4579846064249675 0.7040087664568866 0.00874985588921441 0.01121554904513889
0 0.4820923063490126 0.49163705331307866 0.010581419203016494 0.013808073820891205
0 0.45827077229817703 0.7158168934009693 0.008338843451605902 0.009597608778211806
0 0.7136322021484375 0.49872493037471066 0.01050482855902778 0.013486735026041667
0 0.5450044862667499 0.34548526392696416 0.006111582464955081 0.011076322743710171
0 0.658058993021647 0.3467471652560764 0.009972339206271701 0.012405565049913194
0 0.5363233566284179 0.709113594337746 0.010636520385742188 0.014561010290075232
0 0.6439189698961043 0.31118020654746464 0.00925475226508246 0.009402571603157377
0 0.42024829800979135 0.47155859666190353 0.005068049723008699 0.006497499644883007
0 0.4127761734181759 0.4645412970454299 0.0046781997443157055 0.005804433016095416
0 0.4199418827240928 0.4649365681392267 0.004596229285477591 0.006536859428234791
0 0.5390608250393856 0.345026053002546 0.005975098071120613 0.011030950285146161
0 0.682410036266614 0.37393113917622456 0.0061076496661900135 0.005891066344693812
0 0.6832222237222244 0.3792590888850287 0.00565282469104801 0.005631166358898554
0 0.688290273445233 0.3827244220289663 0.005262974712355088 0.005457899701701692
0 0.6864709735446658 0.3787392889134381 0.004223374769173916 0.005631166358898625
0 0.5904724857092153 0.4881869025466351 0.007723691085788644 0.007090601652527368
0 0.716672553262113 0.6863812509365821 0.008748144895975259 0.009515526027201276
0 0.7589744381209408 0.7121652569457723 0.006791323011349135 0.007980763764749384
0 0.6164879616042195 0.871721289069908 0.009192458570955181 0.009601012285219781
0 0.45360347287059627 0.7537347676741512 0.005422403861141661 0.008498270378865413
0 0.4473724649248983 0.7529103086075449 0.004756494615036644 0.00735671167125659
0 0.4448990877250793 0.7201222057278929 0.007800651168659982 0.009512989230073146
