0 0.39229776594373916 0.5202165674280237 0.007300016615125868 0.010468263979311342
0 0.586805068122016 0.329004301848235 0.008485031127929688 0.011870207609953705
0 0.6087903340657552 0.4845490349663628 0.00893461439344618 0.011088788067853008
0 0.5210035959879558 0.3119679345024956 0.00858823988172743 0.012047068277994793
0 0.2829555723402235 0.6884496900770399 0.008471594916449653 0.011143606680410877
0 0.4793220308091906 0.19311423831515845 0.009615792168511285 0.013251509489836517
0 0.4012618382771809 0.30973264906141496 0.00826521979437934 0.010764793113425925
0 0.6354470147026909 0.5654902988009982 0.007437218560112847 0.008987709327980323
0 0.613259400261773 0.6884722109194155 0.008360248141818577 0.010389200846354167
0 0.6317515479193794 0.34426701863606773 0.008454216851128472 0.011437479654947917
0 0.665081787109375 0.4779773005732783 0.007858700222439237 0.010481827347366898
0 0.4501232571072049 0.3234408767135055 0.007302178276909722 0.010545038293909143
0 0.5588601854112413 0.26336871959544994 0.008099873860677084 0.011438638192635995
0 0.49692300160725905 0.42736484386302814 0.007494650946723091 0.010838459156177663
0 0.5753546608818901 0.7812833150227866 0.009500333997938369 0.013224679452401623
0 0.33977101643880203 0.378978333649812 0.008416705661349826 0.011532084147135418
0 0.6171363406711154 0.8105300620750145 0.008497450086805556 0.012543459291811342
0 0.538447380065918 0.3405122545030382 0.009242036607530382 0.012446368182146991
0 0.2865449587504069 0.3894053141276042 0.008885214063856338 0.011318630642361112
0 0.5520600212944878 0.29914078889069734 0.007970682779947917 0.01103973388671875
0 0.42497944302029084 0.8607269569679542 0.009455362955729166 0.012289146140769676
0 0.7635182274712458 0.7019777651186342 0.008107927110460069 0.01006232367621528
0 0.7573192596435545 0.6439578021014178 0.008685896131727431 0.011718976056134261
0 0.5205295986599392 0.47684504191080734 0.00719757080078125 0.010489739312065972
0 0.6787626266479492 0.45886897334346066 0.007980897691514758 0.010615030924479164
0 0.770426262749566 0.675438294587312 0.010240851508246527 0.015372664840133101
0 0.39314520094129773 0.61892906471535 0.00738864474826389 0.00880279541015625
0 0.30677606794569234 0.465979328861943 0.008658642239040799 0.011267852783203126
0 0.6519386503431532 0.8352055302372686 0.008538436889648438 0.012102480287905093
0 0.613413683573405 0.2000100736264829 0.009713363647460938 0.012186544912832754
0 0.5788389629787869 0.27380670618127895 0.008712217542860242 0.012819078233506944
0 0.6004224353366429 0.2113485336303711 0.008880318535698786 0.012372716267903644
0 0.26841925515068904 0.486843419958044 0.008918698628743489 0.01128833912037037
0 0.33639800813463 0.42983751650209784 0.007058821784125435 0.010379367404513888
0 0.7333772023518881 0.38298136393229165 0.0076825459798177086 0.01001880787037037
0 0.7021446016099717 0.5693485401294849 0.008637619018554688 0.01095897533275463
0 0.3122382587856717 0.39651280155888313 0.007512982686360677 0.010078034577546297
0 0.32232141494750977 0.29357151455349395 0.008558421664767795 0.011966761836299189
0 0.5631274753146701 0.4664067727548105 0.008017645941840278 0.010583750406901042
0 0.38741959465874565 0.7027778908058449 0.008489820692274306 0.011283365885416667
0 0.4713308334350586 0.6618153889973958 0.007952923244900174 0.010240681966145833
0 0.6923768361409505 0.3327899085150824 0.007108900282118056 0.009197856761791088
0 0.6935368008083767 0.2826872366446036 0.009295145670572916 0.01281890869140625
0 0.7050655153062609 0.32224693298339846 0.007738622029622396 0.00963324087637442
0 0.3357206132676866 0.2590696405481409 0.008129119873046875 0.011231118661385995
0 0.7700975206163194 0.4394183406123408 0.00716400146484375 0.010429664894386575
0 0.47170486450195315 0.4360062210648148 0.00789125230577257 0.010605819137008102
0 0.557139417860243 0.6841940138075087 0.008798387315538194 0.012240770128038194
0 0.38111256493462453 0.44420170254177516 0.008952458699544271 0.01138834070276331
0 0.3664158503214518 0.3893630133734809 0.008387544420030382 0.012555722837094907
0 0.4729999715124847 0.806367683690324 0.01181136256992414 0.013358321177789893
0 0.6225873947143554 0.47153197394477 0.008026674058702258 0.011335217511212385
0 0.593549274649328 0.5092814277773158 0.007489818996853298 0.010081764503761574
0 0.7155014038085937 0.44468871222601997 0.00847659640842014 0.009991313793041088
0 0.7210711161295572 0.5802891766583478 0.008864508734809028 0.01147376166449653
0 0.4024973763359918 0.6584530017994069 0.007140223185221354 0.010056841814959493
0 0.6094634797837999 0.2454991234673394 0.008085335625542535 0.010523845531322337
0 0.4402038362291124 0.4213615558765552 0.00838330586751302 0.012165408664279514
0 0.2732249821826314 0.5479208375684717 0.010729291548688345 0.012716197391038051
0 0.2646812870605278 0.5865992712995457 0.009537148043278557 0.012716197391038051
0 0.24143448870503634 0.6316358037261388 0.009934529211748462 0.00953714804327852
0 0.2402423451996265 0.643557238780237 0.008345004537868732 0.014305722064917816
0 0.29686916170659283 0.6279269128204192 0.010331910380218403 0.010596831159198246
0 0.30143904514399716 0.62395310113572 0.007550242200928885 0.01006698960123856
0 0.315744767208915 0.6154756362083611 0.007550242200928885 0.01006698960123856
0 0.39022567181180234 0.6064737037734051 0.009255308957601826 0.009155789506444877
0 0.4218728572797314 0.593934252927622 0.007463958836775788 0.00875771170181686
0 0.4318745621210109 0.5967207975600183 0.008956750604130974 0.014330800966609445
0 0.427545465995681 0.6072698593826612 0.009852425664543958 0.012340411943469291
0 0.39559972217428097 0.583186152202665 0.008061075543717848 0.007961556092560756
0 0.3896285551048603 0.563083223068949 0.006866842129833657 0.0075634782879326675
0 0.3945547679371323 0.6078669760896034 0.0077625171902466405 0.00875771170181686
0 0.37320784566395376 0.49341960725904227 0.006866842129833728 0.009155789506444946
0 0.36992370377577244 0.4852590122641675 0.007463958836775717 0.007961556092560685
0 0.36678884106432663 0.4898369070173899 0.007762517190246712 0.010748100724957013
0 0.37768622096601917 0.48625420677573766 0.005672608715949608 0.009155789506444877
0 0.3821645962680846 0.48943882921276194 0.005075492009007476 0.006767322678676635
0 0.3864936923934144 0.48764747909193573 0.006568283776362591 0.006369244874048619
0 0.3878372049840341 0.48147727312020117 0.005672608715949608 0.006767322678676635
0 0.46262607252852705 0.4924244127474723 0.006568283776362591 0.010350022920328996
0 0.32140797133673016 0.4765013005623507 0.005971167069420567 0.00875771170181693
0 0.35633929869284053 0.4890407514081339 0.006568283776362591 0.011544256334213117
0 0.35484650692548547 0.4966042296960667 0.008956750604130832 0.0075634782879326675
0 0.2515453166245095 0.4749089893438385 0.008956750604130832 0.012738489748097308
0 0.2466191037922375 0.4786907284878049 0.006866842129833658 0.009155789506444877
0 0.3037930284819395 0.3869337945210421 0.008956750604130868 0.011146178529585028
0 0.4057507061922958 0.3761856937960851 0.007463958836775717 0.012738489748097237
0 0.41455817761969116 0.37638473269839906 0.007762517190246783 0.013932723161981287
0 0.35066668997689104 0.2915941603126269 0.008956750604130903 0.010748100724957013
0 0.44053275437167067 0.3166730620041934 0.007762517190246712 0.012340411943469149
0 0.49083983693153904 0.2941816660427092 0.007463958836775646 0.008757711701816823
0 0.48442083233191185 0.30274033884221196 0.006568283776362662 0.00915578950644484
0 0.5408483611379363 0.40842999597095614 0.006568283776362591 0.00875771170181686
0 0.548013761621241 0.4124107740172366 0.007165400483304722 0.009553867311072963
0 0.536668544189342 0.41997425230516927 0.007165400483304722 0.00875771170181686
0 0.3624597449389967 0.23148441181379315 0.006866842129833728 0.008359633897188842
0 0.6004107526554066 0.229892100595281 0.008061075543717777 0.010748100724957013
0 0.5772724802614018 0.24800464070585676 0.006568283776362662 0.00796155609256079
0 0.6762445744370479 0.25855370252849974 0.010449542371485876 0.012340411943469114
0 0.7219240025181154 0.3013470665260139 0.008658192250659766 0.011942334138841097
0 0.6775880870276674 0.29975475530750173 0.009553867311072963 0.012738489748097201
0 0.6777373662044031 0.3067211168884924 0.008061075543717919 0.009155789506444877
0 0.6872912335154757 0.3562818035646832 0.009255308957601897 0.009553867311072892
0 0.6852013250411787 0.3628500873410458 0.009255308957601897 0.009155789506444877
0 0.7098323892025385 0.3773799272099692 0.008359633897188842 0.010350022920328996
0 0.7134150894441907 0.4561993325263208 0.007762517190246712 0.011942334138841134
0 0.5805566221495831 0.4151973186496328 0.006568283776362804 0.007961556092560685
0 0.5745854550801625 0.42037233010979735 0.007165400483304722 0.009553867311072892
0 0.6108602950268925 0.4285329251046721 0.006866842129833728 0.010748100724957013
0 0.5610010499972308 0.5051629024955695 0.006866842129833657 0.008757711701816788
0 0.7046076180167955 0.48824459579887786 0.008061075543717919 0.009155789506444805
0 0.7396882245496417 0.5234744815084593 0.009553867311073105 0.014330800966609302
0 0.7098323892025385 0.5017792411562312 0.006568283776362733 0.008359633897188771
0 0.7119222976768359 0.5093427194441638 0.005374050362478613 0.0075634782879326675
0 0.6023513819529683 0.5491504999069677 0.010748100724957084 0.01074810072495687
0 0.6007093110088776 0.5734332459892779 0.008061075543717848 0.011544256334213045
0 0.5924989562884242 0.5800015297656407 0.007165400483304722 0.010350022920329067
0 0.591006164521069 0.6162266099867921 0.007762517190246783 0.007961556092560756
0 0.5932453521721018 0.6219987381538986 0.006866842129833657 0.007563478287932739
0 0.5863785100422682 0.6235910493724108 0.006269725422891455 0.008359633897188771
0 0.6233997458726758 0.6212025825446426 0.006866842129833657 0.009155789506444805
0 0.6687806156002722 0.6168237266937342 0.006866842129833657 0.008359633897188771
0 0.745360833265591 0.6214016214469565 0.008359633897188842 0.010350022920329067
0 0.7387925494892283 0.626178555102493 0.008359633897188842 0.009553867311073034
0 0.7425245289076162 0.6339410722927399 0.007463958836775788 0.00995194511570098
0 0.7489435335072433 0.6335429944881118 0.007762517190246569 0.00995194511570098
0 0.7759630644963715 0.6452862897246388 0.006866842129833799 0.009553867311072821
0 0.6681834988933301 0.6721565415370315 0.008061075543717777 0.010748100724957084
0 0.6762445744370479 0.6494661066732332 0.009255308957601755 0.009155789506444877
0 0.6754981785533702 0.6552382348403398 0.007165400483304722 0.007961556092560756
0 0.6675863821863879 0.6419026283853007 0.006866842129833657 0.010748100724956942
0 0.6693777323072142 0.6538449625241418 0.006269725422891667 0.0083596338971887
0 0.6886347461060955 0.6759382806809978 0.008956750604130974 0.009553867311073105
0 0.6596745858194057 0.7034056492003324 0.008956750604130832 0.014330800966609445
0 0.7223718400483218 0.646281484236209 0.008956750604130832 0.009155789506444734
0 0.7517798378652181 0.7262951229664446 0.008061075543717777 0.009951945115701051
0 0.7274473320573293 0.7344557179613193 0.008359633897188842 0.009553867311072821
0 0.7232675151087349 0.738635534909914 0.005971167069420602 0.009155789506445017
0 0.7128179727372489 0.7254989673571886 0.005971167069420602 0.009155789506444877
0 0.6295201921188318 0.7334605234497493 0.009553867311073034 0.012340411943469149
0 0.611009574203628 0.7659038645269344 0.009553867311073034 0.01353464535735327
0 0.589811931107185 0.7067893105396708 0.0083596338971887 0.013932723161981358
0 0.6435524347319702 0.656034390449596 0.009553867311072892 0.01114617852958517
0 0.6492250434479198 0.8680108214140263 0.009553867311072963 0.010748100724956942
0 0.5865277892190036 0.8618406154422916 0.008956750604130903 0.01353464535735327
0 0.5559255579882232 0.8815454667713796 0.0122408924923122 0.012340411943469291
0 0.5317423313570699 0.7597336585552 0.01104665907842822 0.012340411943469149
0 0.49994586671240543 0.9131926522393087 0.010748100724957013 0.011942334138841063
0 0.527114676878269 0.8572627206890694 0.007762517190246783 0.009951945115701194
0 0.43500942483245664 0.904434940537492 0.008658192250659908 0.012738489748097237
0 0.3730585664872182 0.7810308211028001 0.008956750604130832 0.015126956575865335
0 0.4103783606710968 0.7398297683237982 0.008956750604130903 0.015525034380493423
0 0.48322659891802777 0.7221153060178505 0.008956750604130832 0.009553867311072963
0 0.5044242420144708 0.7087796995628111 0.007762517190246783 0.012340411943469149
0 0.5086040589630652 0.6994248711540522 0.006568283776362662 0.010350022920328996
0 0.5133809926186018 0.6998229489586805 0.005374050362478542 0.01114617852958517
0 0.5263682809945913 0.7127604776090916 0.005672608715949679 0.012340411943469291
0 0.5099475715536849 0.7434124685654504 0.010449542371486018 0.012340411943469007
0 0.30065816577049376 0.772273109400983 0.008061075543717742 0.015126956575865477
0 0.33349958465230684 0.6850940701874427 0.006269725422891597 0.00875771170181693
0 0.30767428707706285 0.6825065644573605 0.008359633897188808 0.00995194511570091
0 0.3315589553547451 0.6554372737426539 0.007762517190246783 0.013932723161981499
0 0.3136454541464834 0.6612094019097605 0.005971167069420567 0.009553867311072821
0 0.31678031685792923 0.6532478458171996 0.007463958836775788 0.014330800966609302
0 0.32917048852697695 0.6365285780228221 0.007165400483304722 0.012738489748097166
0 0.43232239965121744 0.6598161295935623 0.009255308957601897 0.00995194511570091
0 0.4729263357232773 0.5887592414674574 0.009255308957601897 0.011942334138841205
0 0.4808381320902596 0.5843803856165489 0.007762517190246783 0.0111461785295851
0 0.48053957373678857 0.48744844018962175 0.009553867311072892 0.01472887877123739
0 0.49516893305686893 0.4615733828887993 0.007762517190246783 0.00995194511570098
0 0.5026328918936447 0.45739356594020486 0.008956750604130974 0.011146178529585028
0 0.5133809926186017 0.44843681533607394 0.008956750604130832 0.010748100724957013
0 0.5247262100505007 0.4448541150944216 0.007165400483304722 0.011544256334213045
0 0.5129331550883951 0.4774964950739208 0.006866842129833728 0.01234041194346922
0 0.5189043221578157 0.4159934742588889 0.008658192250659766 0.008757711701816788
0 0.5442817822028532 0.4347031310764066 0.008061075543717705 0.009553867311072963
