0 0.3910857306586371 0.24819879885073065 0.009663899739583334 0.013992224799262152
0 0.7707993825276692 0.7126546506528499 0.010863155788845487 0.014739933720341436
0 0.7115257051255969 0.5292279561360678 0.009963014390733507 0.012911478678385414
0 0.6728444629245335 0.8494476035789208 0.009586885240342883 0.012634672941984953
0 0.7367800394694011 0.5166558159722222 0.009697808159722222 0.012849595811631944
0 0.5046135796440973 0.2094527703744394 0.009649064805772569 0.01328993903266059
0 0.4090475294325086 0.3280715659812644 0.010353766547309028 0.014357616283275462
0 0.5048486921522353 0.42243621261031533 0.009250640869140625 0.012149669505931713
0 0.41782542334662537 0.695854921694155 0.009867223103841145 0.013718894675925925
0 0.6282159805297851 0.3692742806893808 0.009936565823025174 0.012680618851273149
0 0.6405013614230686 0.6590975443522136 0.01047600640190972 0.013425304271556714
0 0.4879234949747721 0.395207511054145 0.010286839803059895 0.013977813720703124
0 0.49297525617811416 0.7070372404875579 0.009447436862521702 0.011922087492766204
0 0.2547998746236165 0.48118890832971645 0.009342341952853732 0.012809809932002314
0 0.5091654459635417 0.3744614071316189 0.011233011881510414 0.015644299542462384
0 0.3821225272284614 0.7079430756745515 0.009974458482530382 0.012707349989149306
0 0.5640540652804904 0.2629916155779803 0.009908040364583334 0.01297562210648148
0 0.44259401957194017 0.6276956911440249 0.008795589870876737 0.011681620279947917
0 0.41241929796006943 0.3005136843080874 0.00920138888888889 0.01249779595269097
0 0.66017091539171 0.5799186423972802 0.009264373779296875 0.01114795826099537
0 0.4753985510932075 0.9455607378924334 0.010038926866319443 0.013339515968605324
0 0.5776510874430338 0.7613900643807869 0.009054819742838541 0.012022230360243056
0 0.5762772454155816 0.3345575120713976 0.008770582411024306 0.012453715006510414
0 0.7692657470703125 0.4398055606418185 0.009302775065104166 0.012789323594835068
0 0.4218994776407877 0.37758978384512437 0.010094748602973092 0.013378849735966435
0 0.5705039554172092 0.7456231011284723 0.009568956163194444 0.012582058376736111
0 0.2910433451334636 0.39960760893645114 0.009647411770290798 0.012823514585141782
0 0.31780686908298067 0.7783590811270255 0.009737078348795574 0.012528370044849538
0 0.4888701756795248 0.28499668262622974 0.008733834160698785 0.011439570674189815
0 0.2556088553534614 0.5427191275137442 0.008035702175564235 0.01130077220775463
0 0.4827992969089084 0.4432174117476852 0.00919871860080295 0.012366570366753472
0 0.7583078172471788 0.6914401584201388 0.010174051920572918 0.012681183991608795
0 0.4421006096733941 0.4647143187346281 0.008696492513020833 0.013608946623625577
0 0.49110482533772787 0.5750005933973524 0.010434595743815105 0.014200902868200232
0 0.3021018346150716 0.6096612435800057 0.009066687689887153 0.01233588324652778
0 0.3159786012437608 0.43781269214771407 0.010441801283094618 0.013860066731770836
0 0.7123986562093099 0.35087558605052804 0.010777537027994792 0.01497766000253183
0 0.49795907396589967 0.2009670845660387 0.010180839853362116 0.011822910797452799
0 0.6455812518396499 0.2460692998303955 0.01247973917508901 0.013574453137816108
0 0.6419492484608146 0.26466790625843556 0.006235551063964451 0.0125834543993518
0 0.6476792143033768 0.28579013328591896 0.005898494249696142 0.008089363542440466
0 0.75031301424809 0.37432372316707296 0.0069096646925012805 0.00898818171382274
0 0.7032317855091137 0.42973420567309245 0.005444569126047725 0.0074282493502666825
0 0.7029152407924829 0.4396104008319698 0.007597073199136446 0.006921777803657676
0 0.6846189561712294 0.5997398214848786 0.01076252036544318 0.013505907909575825
0 0.7816999400924175 0.6755286812320941 0.006525419924235365 0.009244344892666732
0 0.46835450307131354 0.8280746631048579 0.00581786118202821 0.007442669259891943
0 0.4661138403187756 0.8116169296710123 0.004953043979294236 0.007861974570308518
0 0.47999022543536995 0.8061135474717964 0.004874424233591128 0.007128190277079512
0 0.47963643657970606 0.8142900010249172 0.004638564996481947 0.00670888496666322
0 0.4278164099901813 0.533528865993085 0.005993183214946071 0.0067225123892516335
0 0.4748112308760859 0.46200883947050686 0.005360437207028497 0.006670766302079869
0 0.4778488119600686 0.4571487097361344 0.005717799687496949 0.0068613596249964106
0 0.6466111246829257 0.559907560055385 0.006383215773379192 0.007952858996341093
0 0.5914161043180445 0.30894941701823503 0.005707793538043972 0.008878789948068224
