0 0.34641590118408205 0.4309261004130046 0.008474922180175782 0.01110216776529948
0 0.558455514907837 0.7253164927164714 0.00916433334350586 0.012485885620117187
0 0.2906185746192932 0.4923921744028727 0.009770846366882325 0.012798722585042317
0 0.4591423511505127 0.508820613225301 0.009622478485107422 0.014166736602783203
0 0.49283814430236816 0.17117624282836913 0.01019601821899414 0.013066514333089191
0 0.4013004183769226 0.3789358615875244 0.00862104892730713 0.011252053578694661
0 0.3833134889602661 0.43728194236755363 0.009558153152465821 0.012980492909749348
0 0.36485776901245115 0.6686408042907714 0.00987553596496582 0.013334846496582032
0 0.4297518491744995 0.6162892659505208 0.008388280868530273 0.011569468180338542
0 0.4908574342727661 0.26782009601593015 0.00825343132019043 0.010719760258992512
0 0.38684988021850586 0.33461899757385255 0.01004014015197754 0.013249746958414714
0 0.6479414463043213 0.24921426773071287 0.01096172332763672 0.015002123514811198
0 0.7537171125411988 0.5304342110951742 0.008362245559692384 0.011027940114339193
0 0.4643819808959961 0.2632365465164185 0.009681224822998047 0.012325429916381836
0 0.3216565728187561 0.43345014254252123 0.008987212181091308 0.01317453384399414
0 0.5679738759994506 0.3913592974344889 0.009594583511352539 0.01303272247314453
0 0.5064373254776 0.16198151111602782 0.008658075332641601 0.012236642837524413
0 0.3407788395881653 0.4631030718485515 0.008820843696594239 0.011985015869140626
0 0.513346266746521 0.2346496343612671 0.008399248123168945 0.011612590154012043
0 0.33142660856246947 0.6189284960428874 0.009839510917663575 0.013679186503092446
0 0.34384729839054856 0.22865898863778336 0.008588695526123047 0.013642660776774089
0 0.5126559495925903 0.5939619700113932 0.009717893600463868 0.012928136189778646
0 0.6260199069976806 0.30939431190490724 0.009110069274902344 0.012716579437255859
0 0.6364372968673706 0.53477889696757 0.010813665390014649 0.013957627614339193
0 0.49611740112304686 0.22481470902760822 0.008454513549804688 0.011511627833048503
0 0.6247771739959718 0.27482576370239253 0.009184932708740235 0.013500467936197918
0 0.6889338970184327 0.6294520696004231 0.009720706939697265 0.012810262044270833
0 0.5796998262405395 0.4946935176849365 0.0076061725616455075 0.010115337371826173
0 0.7376590251922608 0.5077238559722901 0.0078277587890625 0.011827246348063153
0 0.7172205686569214 0.5026119867960612 0.008383989334106445 0.011291694641113282
0 0.44934046268463135 0.5327498277028402 0.009287118911743164 0.011764367421468101
0 0.4375572919845581 0.6000594139099121 0.00739741325378418 0.011364936828613281
0 0.53365478515625 0.2467310349146525 0.008975982666015625 0.011546850204467773
0 0.35288859605789186 0.6988145192464194 0.00978710651397705 0.013540395100911458
0 0.43093066215515136 0.25953765710194904 0.009064388275146485 0.012022415796915688
0 0.7087225675582886 0.4288752873738607 0.008721113204956055 0.012360636393229167
0 0.3038125157356262 0.43922179539998374 0.008684945106506348 0.012269655863444008
0 0.5428586721420289 0.7435943285624187 0.009221601486206054 0.011879158020019532
0 0.3412568807601929 0.5111178080240885 0.009865808486938476 0.01311906178792318
0 0.4048302173614502 0.671604569753011 0.00978555679321289 0.012660280863444012
0 0.43289933204650877 0.5111262957255046 0.008595752716064452 0.011377207438151042
0 0.5541984319686889 0.4782242774963379 0.008632135391235352 0.01062482198079427
0 0.4037539839744568 0.4487002372741699 0.009275364875793456 0.012461535135904948
0 0.5328973054885864 0.29388548533121744 0.008042192459106446 0.009765815734863282
0 0.29541603326797483 0.4173013051350911 0.009614062309265137 0.012013753255208336
0 0.6279709339141846 0.16405697663625085 0.0091552734375 0.013746754328409832
0 0.4728192090988159 0.6126649538675943 0.008649682998657227 0.011335945129394532
0 0.6969289302825927 0.2651552677154541 0.010309982299804687 0.013466676076253258
0 0.5212295055389404 0.37565259933471673 0.010070514678955079 0.01254742940266927
0 0.4587116003036499 0.1128942330678304 0.00803065299987793 0.009799019495646159
0 0.7238939046859741 0.3403701941172282 0.00958561897277832 0.013138103485107421
0 0.3798918128013611 0.407805061340332 0.010492205619812012 0.014053726196289062
0 0.5701605319976806 0.5408967971801758 0.007610225677490234 0.009683736165364583
0 0.5980590343475342 0.17957452138264973 0.009590435028076171 0.012710762023925782
0 0.6049756526947021 0.47488290468851724 0.00996227264404297 0.013176822662353515
0 0.3587998867034912 0.7517275174458821 0.00901498794555664 0.012541770935058594
0 0.7435235500335693 0.5463522593180338 0.008105850219726563 0.011540730794270836
0 0.5545574426651 0.7495135943094889 0.009257173538208008 0.011617596944173176
0 0.2836655855178833 0.620600732167562 0.007065868377685547 0.009806124369303386
0 0.44311070442199707 0.750159740447998 0.009389781951904297 0.012932268778483073
0 0.522508192062378 0.7974408785502116 0.008469486236572265 0.01161022186279297
0 0.6218405723571777 0.48858275413513186 0.00879354476928711 0.011975129445393883
0 0.4611416578292847 0.6230541229248047 0.009080934524536132 0.013532765706380208
0 0.529375147819519 0.16211295127868652 0.00864396095275879 0.010602633158365883
0 0.24209649562835694 0.405293353398641 0.008978462219238282 0.011823558807373047
0 0.5965744256973267 0.7470761617024739 0.009889364242553711 0.012980906168619792
0 0.2830415487289429 0.34454754193623865 0.008435630798339843 0.010448042551676433
0 0.4462969326946435 0.6953339716216042 0.010492563247680664 0.012252235412597656
0 0.6004488706588745 0.25491069157918295 0.008655118942260741 0.011627578735351562
0 0.35292257070541383 0.5008950710296631 0.0088486909866333 0.011724694569905597
0 0.6809360980987549 0.3367468357086182 0.008707523345947266 0.011217339833577472
0 0.6056485891342163 0.7044129053751628 0.007869863510131836 0.010744476318359375
0 0.4343101024627686 0.2162885348002116 0.008876514434814454 0.011830552419026691
0 0.3005061886333813 0.3554400387165593 0.005960717527049084 0.011656514275118183
0 0.3052747626550205 0.35596988027451926 0.006755479863989003 0.012716197391038051
0 0.30130095097032117 0.3464327322312407 0.007550242200928814 0.010596831159198388
0 0.31222893310324445 0.37583893869801616 0.008742385706338639 0.012186355833078153
0 0.33189930094250647 0.3612682958541184 0.007550242200928778 0.012716197391038051
0 0.4630350865375864 0.46935597367794185 0.009139766874808615 0.014835563622877785
0 0.5162841631125582 0.5316123567382323 0.00834500453786866 0.015365405180837755
0 0.5216488088869023 0.5363809307598717 0.007152861032458801 0.01324603894899795
0 0.5665528809240056 0.46538216199324245 0.007947623369398827 0.015365405180837684
0 0.5717188361141149 0.4682962905620221 0.007947623369398756 0.011656514275118254
0 0.5790703877308087 0.45107643992832464 0.008345004537868732 0.01324603894899802
0 0.5564196611280221 0.3742494140241364 0.010729291548688309 0.011126672717158215
0 0.4707840193227502 0.2876203192976897 0.007947623369398827 0.008477464927358689
0 0.46979056640157535 0.2812622206021707 0.008345004537868732 0.008477464927358654
0 0.42746947195952684 0.1705253349885477 0.011921435054098168 0.012716197391038051
0 0.498203319947176 0.1442981778695317 0.007947623369398827 0.011126672717158267
0 0.6068870695237044 0.3408693958726616 0.006755479863989038 0.010066989601238419
0 0.7056362898884844 0.3649771867598379 0.00874238570633878 0.013775880506957917
0 0.6825881821172278 0.3527908309267598 0.006358098695519061 0.011656514275118183
0 0.6323194643057805 0.39120434387885383 0.009139766874808686 0.012186355833078153
0 0.6351011324850702 0.4108084815233709 0.009139766874808686 0.011126672717158358
0 0.726697491817391 0.5090940905249358 0.010331910380218546 0.011656514275118112
0 0.6450312524743677 0.3399731668107256 0.005898494249696142 0.008988181713822811
0 0.6486546132277524 0.34120904179637634 0.005392909028293786 0.009212886256668256
0 0.6475591785813803 0.34761312126747496 0.005561437435427763 0.00674113628536702
0 0.6471378575635449 0.35199485985296364 0.0060670226568304035 0.0074152499139037075
0 0.6856074211909393 0.5671710652952116 0.00952401147572587 0.015325995478179451
0 0.584948472318182 0.5680468364653932 0.005254627021090244 0.011822910797452693
0 0.5503007753978691 0.5862190882466631 0.00558304120990826 0.013136567552725324
0 0.6749339600543501 0.6118353949744774 0.00788194053163508 0.014450224307997814
0 0.6659025698618515 0.6457715278190176 0.008867183098089555 0.01138502521236191
0 0.6627826350680792 0.6514640404251986 0.008538768909271539 0.013136567552725466
0 0.6163120273503137 0.6854001732697388 0.008867183098089626 0.0126986819676344
0 0.5997271108149979 0.6878085439877384 0.008538768909271396 0.010509254042180345
0 0.6126994712733141 0.6674468642810143 0.008867183098089555 0.012698681967634257
0 0.6099079506683601 0.6711688917542864 0.008538768909271396 0.010509254042180203
0 0.4903651859385602 0.691749514253556 0.008538768909271396 0.009633482871998637
0 0.3535806762958083 0.7622490934531817 0.0095240114757258 0.010509254042180345
