0 0.6125061360979317 0.6796869044452855 0.005281216830191192 0.009365566471116825
0 0.3830143398708767 0.44263509114583327 0.00918672349717882 0.013051350911458336
0 0.3356392330593533 0.6046069109881366 0.010530387030707465 0.013874195240162037
0 0.5896915647718641 0.3195864642107928 0.009252632988823785 0.012903340657552083
0 0.34830841488308373 0.7926228276005499 0.009256150987413194 0.012916847511574075
0 0.42870337168375655 0.34030993426287615 0.01052445305718316 0.014406896520543982
0 0.40074848598904084 0.8517031634295428 0.00976376003689236 0.012070267288773149
0 0.3570540534125434 0.7194273489492911 0.009764777289496528 0.013924775300202545
0 0.48689140743679465 0.6413326687282986 0.00948897467719184 0.013407728407118055
0 0.5131623797946506 0.4001242884883174 0.009804492526584201 0.013348247386791088
0 0.7519745720757379 0.6007127832483363 0.009569295247395833 0.01315155029296875
0 0.5142719268798828 0.3582001014992043 0.009141116672092013 0.012534699616608797
0 0.42395530276828347 0.7667833116319445 0.008779949612087674 0.010747612847222223
0 0.42987882826063367 0.6641412240487558 0.007493676079644097 0.009909848813657408
0 0.5428393046061198 0.7160768579553674 0.009234873453776042 0.012402174207899306
0 0.7636496649848091 0.5843492013436776 0.008696153428819445 0.011995273166232638
0 0.2698290189107259 0.6501185946994359 0.00947517818874783 0.012402965404369214
0 0.32450010511610244 0.4048327975802951 0.009872139824761286 0.013009700068721064
0 0.40488715701633027 0.26185688442654076 0.009944195217556424 0.014341142442491319
0 0.3570313135782877 0.7540317676685474 0.008409076266818576 0.011603235315393519
0 0.704702991909451 0.4918134618688513 0.010418065388997396 0.014742420337818286
0 0.45806812710232203 0.5332947625054253 0.009576585557725694 0.013759076153790508
0 0.519862789577908 0.2614147892704717 0.009258694118923612 0.011615611888744213
0 0.7267597198486326 0.7207495230215567 0.009025828043619791 0.012342664930555556
0 0.7051154030693902 0.3701802995469835 0.009974458482530382 0.014440889711733218
0 0.3200885136922201 0.5335481996889467 0.008552975124782987 0.011289243344907407
0 0.3718315589815699 0.4234973174554915 0.006887181599934896 0.00895724826388889
0 0.45003937615288625 0.6899205808286314 0.005781724717881944 0.007421253345630787
0 0.31117349773154446 0.5890766002513736 0.004752467264846829 0.010130423086660867
0 0.3658135914706863 0.4192019920939387 0.007294924504959115 0.008280139334723841
0 0.2539769940386723 0.5101220329049511 0.0043426669595786295 0.008323445005859114
0 0.2570982859158694 0.506684088228618 0.0073282504942888595 0.007961556092560756
0 0.24882007702417272 0.5003510322458992 0.004342666959578594 0.007599667179262539
0 0.2573697026008431 0.494922698546426 0.005699750384446922 0.007599667179262539
0 0.3143672064453122 0.5890138160039622 0.004071250274604985 0.009771000659051836
0 0.6638769563219469 0.721853667931599 0.005561437435427905 0.007909599908163898
0 0.6605400938606905 0.7392795052292729 0.0040783874526471205 0.006673724922513458
0 0.6715702781076222 0.7309991428254137 0.005005293691884845 0.007415249913903779
0 0.6534029158185579 0.7242018304043353 0.005005293691885129 0.006673724922513458
0 0.6418165878280834 0.7197526804559929 0.0051906749397325315 0.007662424911033838
0 0.6025157632843934 0.7382908052407524 0.004449149948342282 0.007168074916773719
0 0.5978812320882035 0.7332237177995847 0.004819912444037513 0.006920899919643375
0 0.6153070693858773 0.6769914059524812 0.004819912444037442 0.008651124899554361
0 0.5623807231253893 0.8440817040124459 0.0053760561875802184 0.0066737249225133155
0 0.41694913418895185 0.7588063300025527 0.0081567749052941 0.008651124899554361
0 0.47451001164562967 0.737796455246492 0.0053760561875802896 0.011122874870855668
0 0.4683924304666591 0.7276622803641569 0.0061175811789706104 0.0081567749052941
0 0.48072028344852413 0.7265499928770714 0.00852753740098919 0.009392649890944824
0 0.3973914125410306 0.6821820808922139 0.0053760561875802184 0.008651124899554361
0 0.40341630309607734 0.682305668390779 0.004819912444037513 0.005932199931122852
0 0.4189883279152754 0.6638911311045849 0.004449149948342282 0.0081567749052941
0 0.42269595287222717 0.6654977685859305 0.004819912444037513 0.01235874985650625
0 0.5177038423941192 0.5220126827518926 0.006117581178970539 0.010134174882335074
