0 0.549355845981174 0.2706968378137659 0.008986706203884549 0.01177958735713252
0 0.3190241813659668 0.48416742395471646 0.008835114373101128 0.012814557110821759
0 0.7201335906982422 0.3185935408980758 0.008360375298394097 0.010637466995804399
0 0.4827063454522027 0.26143174348054105 0.009488296508789063 0.01241104691116898
0 0.5674217224121093 0.6258730853045428 0.008691575792100694 0.011826578776041667
0 0.5224374135335287 0.6286507783112703 0.007818433973524306 0.010137317798755787
0 0.4646122402615017 0.738198287398727 0.009353383382161459 0.012294514973958332
0 0.4721328311496311 0.49021804244429973 0.008348676893446181 0.011132021303530092
0 0.5352512783474394 0.44590937296549477 0.008004845513237848 0.011090313946759259
0 0.5102374182807075 0.4771380671748409 0.009241824679904514 0.011939776385271989
0 0.35561504364013674 0.4068728976779514 0.008257420857747395 0.010748686613859955
0 0.47596280839708116 0.47071078265154803 0.006765874226888021 0.008744585955584491
0 0.38585236867268885 0.7488767270688658 0.008343548244900174 0.011225947627314815
0 0.5604002634684244 0.5299843399612992 0.008852047390407985 0.011382661042390047
0 0.4823919084337022 0.6140493604871962 0.009418657090928819 0.012032233344184028
0 0.4914618598090278 0.5606066668475116 0.008867475721571181 0.011599505389178241
0 0.5530065324571397 0.6071701897515192 0.006917317708333332 0.010731619375723377
0 0.6669265958997939 0.37412137632016784 0.010390684339735244 0.012115026403356481
0 0.5067500220404731 0.8273057725694444 0.008458116319444445 0.01194141529224537
0 0.34612144894070096 0.5103206775806569 0.008043077256944444 0.01075829399956597
0 0.7171504974365235 0.4471771240234375 0.008488379584418403 0.011175367567274306
0 0.5892701466878255 0.2720527931495949 0.007518429226345486 0.010146529586226851
0 0.2851616753472222 0.6783751311125579 0.008940082126193577 0.0115997314453125
0 0.7068664338853624 0.7252265930175781 0.009065288967556423 0.011329085738570601
0 0.5253165351019965 0.32080316896791816 0.007715606689453125 0.010673268636067707
0 0.6407100253634982 0.8083572952835648 0.008294592963324653 0.01119056984230324
0 0.3240500450134277 0.3926466765227141 0.008416769239637587 0.010994974772135417
0 0.49190504286024306 0.7938571223506221 0.00934846666124132 0.011959895381221063
0 0.5055195702446832 0.26584756639268664 0.009372965494791666 0.011948394775390624
0 0.6615950690375434 0.28553126299822773 0.007451121012369792 0.009146146421079282
0 0.3900903701782227 0.5640802454065393 0.009319856431749133 0.012616079824942127
0 0.5853091928368797 0.5476511633036732 0.00926958719889323 0.012373012966579862
0 0.30603627326631616 0.5225735751831317 0.007212468207729401 0.011539949132367085
0 0.3425794455188118 0.5539878811545753 0.01009745549082119 0.012822165702630102
0 0.34762817326422235 0.5389218364539851 0.009616624276972487 0.01346327398776161
0 0.39595171025600934 0.4703232499449143 0.005289143352334804 0.010898840847235575
0 0.2944963241339491 0.4132646125682107 0.007212468207729401 0.009616624276972487
0 0.5279398784574574 0.5741827921362177 0.007693299421578104 0.009616624276972416
0 0.5284207096713059 0.5437301485924714 0.007693299421578033 0.011539949132366943
0 0.5281802940643816 0.43185675283702424 0.009135793063123928 0.014745490558024486
0 0.4880308877080213 0.452692772103798 0.008654961849275224 0.014104382272893118
0 0.5002920836611612 0.39403136401426564 0.011059117918518453 0.01346327398776161
0 0.4861075628526268 0.3872997270203849 0.009616624276972558 0.016668815413419084
0 0.5457306333698564 0.35332098790841526 0.006731636993880769 0.010257732562104067
0 0.5502985299014184 0.35588542104894133 0.007212468207729259 0.010257732562104067
0 0.43778402586083986 0.4918003774968197 0.008174130635426664 0.011539949132367085
0 0.42119534898306216 0.5001347852035292 0.008654961849275295 0.011539949132367014
0 0.3899413200829015 0.4623093963807706 0.007693299421578033 0.010257732562104067
0 0.340415705056493 0.4985320144907004 0.008654961849275224 0.012181057417498522
0 0.5279398784574573 0.2565136368535585 0.00961662427697263 0.010257732562104032
0 0.6846908541721095 0.30876396209177587 0.008654961849275224 0.010898840847235611
0 0.5947754171824164 0.36678426189617674 0.009616624276972487 0.010257732562103996
0 0.5719359345246066 0.4369856191180763 0.00913579306312407 0.012181057417498593
0 0.6669000992597103 0.4161495998513025 0.007693299421577962 0.015386598843156065
0 0.6558409813411918 0.42961287383906394 0.009616624276972487 0.010257732562104067
0 0.6411756293188088 0.44435836439708853 0.009135793063123857 0.010257732562103996
0 0.6873354258482769 0.4616682880956391 0.007212468207729472 0.011539949132367085
0 0.5221699038912737 0.6581679774884445 0.008654961849275295 0.010898840847235646
0 0.5664063755653473 0.6408580537898939 0.01057828670466975 0.012181057417498593
0 0.5704934408830608 0.6450252576432486 0.01009745549082119 0.012822165702629888
0 0.6647363587973915 0.4613477339530733 0.008174130635426593 0.012181057417498522
0 0.6505518379888571 0.4930825940670827 0.008654961849275224 0.014104382272893047
0 0.6568026437688892 0.4825043073624129 0.00961662427697263 0.010898840847235504
0 0.5397202431967487 0.7068922071584386 0.009135793063123999 0.010898840847235363
0 0.5358735934859596 0.7011222325922551 0.007212468207729401 0.010898840847235504
0 0.6286740177587445 0.8488976923150662 0.008174130635426664 0.010257732562103996
0 0.703443271512206 0.7972884753619803 0.009616624276972487 0.013463273987761539
0 0.7563347050355549 0.6873384044619277 0.008654961849275224 0.01282216570263003
0 0.6217019651579395 0.5578345308653643 0.007693299421578033 0.008975515991840979
0 0.6471860194919167 0.5857227412685847 0.008654961849275366 0.01346327398776161
0 0.7111365709337839 0.5472562441606945 0.008654961849275366 0.010898840847235504
0 0.5180828385735604 0.7084949778712673 0.008174130635426735 0.008975515991840979
0 0.7349377160192909 0.5972626904009517 0.010097455490820978 0.01346327398776161
0 0.5755421686284714 0.8331905393293445 0.007693299421578033 0.010898840847235504
0 0.46567223626406007 0.9139701832559137 0.008174130635426664 0.012181057417498522
0 0.3695059934943349 0.8267794564780294 0.007212468207729401 0.010898840847235363
0 0.36469768135584857 0.7716441439567202 0.009135793063123928 0.013463273987761397
0 0.4267249079423214 0.7338187551339616 0.011059117918518381 0.014745490558024557
0 0.43634153221929395 0.6299592129426584 0.009135793063123999 0.010898840847235575
0 0.45894059927017933 0.6338058626534473 0.007212468207729401 0.010898840847235575
0 0.32406744378563973 0.7081744237287014 0.006731636993880769 0.012181057417498664
0 0.3221441189302452 0.7466409208365917 0.007693299421577997 0.013463273987761539
0 0.3293565871379745 0.6280358880872638 0.005769974566183507 0.010898840847235363
0 0.33656905534570397 0.6238686842339091 0.007693299421578033 0.012822165702630102
0 0.2740609975453825 0.6139315058143707 0.007693299421578033 0.009616624276972487
0 0.27069517904844215 0.6078409771056215 0.007693299421578033 0.011539949132367014
