0 0.7465493679046631 0.35961953798929847 0.008577823638916016 0.012678750356038411
0 0.4399766445159912 0.7269278526306152 0.008993053436279297 0.011409823099772136
0 0.3634278655052185 0.22522349357604982 0.009441447257995606 0.011925029754638671
0 0.3000145316123962 0.30748108228047694 0.008403420448303223 0.011167812347412109
0 0.48919661045074464 0.1466551144917806 0.009019136428833008 0.011175092061360676
0 0.680849289894104 0.30509114265441895 0.00916743278503418 0.011507892608642578
0 0.5021175384521485 0.6540320078531902 0.008330154418945312 0.011150360107421875
0 0.42090592384338377 0.1700786034266154 0.008465766906738281 0.01093900998433431
0 0.5331591606140137 0.6143635431925456 0.008728599548339844 0.01130688985188802
0 0.317261266708374 0.25986551443735756 0.008732318878173828 0.011188745498657227
0 0.3109175324440002 0.40862255096435546 0.008468079566955566 0.010658645629882812
0 0.5045687675476074 0.11017706394195556 0.008344268798828125 0.01092197100321452
0 0.3399688482284546 0.6654561996459961 0.008112573623657226 0.010370890299479164
0 0.25495758056640627 0.5454670906066894 0.009351301193237304 0.011739031473795574
0 0.3493879079818726 0.5258285045623778 0.010705327987670899 0.013517411549886067
0 0.2918380379676819 0.3848569869995117 0.00880286693572998 0.01131788889567057
0 0.2653668761253357 0.3859217484792074 0.008753323554992675 0.011337947845458985
0 0.329071569442749 0.6873379071553548 0.008919191360473634 0.010895729064941406
0 0.7344110250473023 0.5078950881958009 0.007146215438842774 0.01018873850504557
0 0.4143014669418335 0.22920241355895996 0.009298086166381836 0.012171427408854164
0 0.5595793008804322 0.6182061195373535 0.008614778518676758 0.012084770202636718
0 0.5790328264236451 0.728290271759033 0.009275102615356445 0.012050692240397136
0 0.7393741607666016 0.5554862022399902 0.008799934387207031 0.012800153096516926
0 0.3662973165512085 0.3292654514312744 0.00857558250427246 0.011114215850830078
0 0.4897097826004028 0.7611769676208496 0.008636903762817384 0.011325772603352864
0 0.3564484119415283 0.446031920115153 0.009430360794067384 0.011958567301432292
0 0.47976973056793215 0.7193853696187337 0.008284044265747071 0.009898058573404948
0 0.3002695380403322 0.29204794655716565 0.00708608627319336 0.00960833231608073
0 0.717623257637024 0.25811879634857177 0.009060049057006836 0.0124604066212972
0 0.6581628561019898 0.4786327838897705 0.009359121322631836 0.011608537038167317
0 0.274972939491272 0.5460907618204752 0.007831287384033204 0.011029561360677086
0 0.39808117151260375 0.7127902984619142 0.009294867515563965 0.011725362141927083
0 0.4279008865356445 0.35381072362263993 0.008284950256347656 0.010670789082845052
0 0.6219312906265259 0.6355895678202311 0.008234930038452149 0.011133257548014324
0 0.6601544141769409 0.4343132654825847 0.007309103012084961 0.009942881266276042
0 0.7145536661148071 0.3538790543874105 0.008098459243774414 0.01096493403116862
0 0.4237284421920776 0.41693283716837565 0.007877206802368164 0.009951909383138021
0 0.5443259716033935 0.8046279589335125 0.008421802520751953 0.010652097066243489
0 0.5905370235443115 0.2553712288538615 0.00749969482421875 0.010987075169881184
0 0.5946601629257203 0.7701271692911784 0.009197378158569336 0.012658055623372395
0 0.73703117637785 0.5867596600340699 0.00790233612060547 0.009627596537272135
0 0.5671262979507447 0.6424358050028484 0.008328485488891601 0.010591824849446617
0 0.7295567274093628 0.3383947849273682 0.008099031448364259 0.010958067576090495
0 0.6659139965827792 0.3075458349351499 0.008702898025512695 0.012259960174560547
0 0.518891930580139 0.17187344233194984 0.010093069076538086 0.011659304300944008
0 0.33537501096725464 0.7479090690612792 0.008600306510925294 0.012109438578287758
0 0.23640285730361937 0.38590757052103675 0.007777190208435059 0.010054238637288411
0 0.5694685220718383 0.4709552605946859 0.008996152877807617 0.011170736948649089
0 0.49479970932006834 0.40229975382486977 0.009742164611816406 0.012467384338378906
0 0.49089148044586184 0.611018721262614 0.008878755569458007 0.0117886225382487
0 0.37581910963561976 0.17264202464243802 0.008652853965759277 0.012182283401489257
0 0.7440398693084717 0.3898729801177979 0.008162879943847656 0.012103621164957683
0 0.314104700088501 0.5470746358235677 0.010068893432617188 0.01281750996907552
0 0.3340131163597107 0.21978340148925782 0.01045382022857666 0.013099765777587891
0 0.5004579206869479 0.29805204851809103 0.006726312637329102 0.011227830251057941
0 0.49252383708953856 0.7041415850321452 0.008626031875610351 0.010497093200683594
0 0.4269846828459415 0.7386841977952749 0.00848841667175293 0.010608609517415364
0 0.47881152629852297 0.5050355275472005 0.00819411277770996 0.012274551391601562
0 0.4478898286819458 0.8222273826599121 0.009070062637329101 0.012659899393717448
0 0.5664746522903442 0.67128111521403 0.009152364730834962 0.0114105224609375
0 0.3258309841156006 0.7243053118387859 0.009104633331298828 0.011749076843261718
0 0.46774213314056395 0.6439945856730143 0.007621335983276367 0.010977808634440105
0 0.5973280906677246 0.46156640052795406 0.00958395004272461 0.012618287404378254
0 0.32237798800862827 0.49655322100820926 0.00747749958048285 0.009685142313768224
0 0.4280243749385928 0.5032473634897844 0.006409285354699534 0.011679142201896937
0 0.2775129905257313 0.4022655120124068 0.009613928032049336 0.012533713582523517
0 0.3113753814830607 0.3887347984858188 0.007263856735326151 0.012248856455648039
0 0.2357458142976058 0.4692069368281578 0.010682142257832651 0.009115428060017194
0 0.23531852860729252 0.49911693515008915 0.008972999496579384 0.011963999328772559
0 0.28434956157074426 0.5483972180995569 0.00790478527079614 0.008545713806266165
0 0.3467332723564867 0.6274450708075182 0.006195642509542978 0.006551713918137381
0 0.35079248641446314 0.6255934994828273 0.005768356819229652 0.009115428060017052
0 0.2529440633327163 0.6076475004896684 0.009613928032049336 0.010254856567519255
0 0.5166861556786035 0.7824073478278101 0.0059819996643862795 0.007691142425639441
0 0.48036687200197264 0.6394090701362907 0.008972999496579419 0.009400285186892746
0 0.4691506226312484 0.617047785676561 0.008332070961109465 0.010824570821270285
0 0.46776194413773026 0.6879772102685696 0.007691142425639512 0.010254856567519255
0 0.6382489345727387 0.6315754991472136 0.005981999664386351 0.00797599955251492
0 0.6757432538977313 0.6704584969657241 0.006195642509542836 0.0082608566793904
0 0.6816184321395391 0.6774374965741748 0.006409285354699534 0.010254856567519397
0 0.6845026105491538 0.6653310686819646 0.008759356651422792 0.009969999440643704
0 0.643590005701655 0.6020927865155956 0.007263856735326186 0.011109427948145836
0 0.6853571819297803 0.545833503957677 0.008332070961109394 0.010824570821270427
0 0.7245606440160263 0.5653462171486514 0.006409285354699534 0.01338828496315017
0 0.7227446798321947 0.5093717917176085 0.004913785438603213 0.008545713806266023
0 0.6540585051143311 0.4462759381146772 0.007691142425639441 0.008260856679390614
0 0.6510675052821377 0.4298966533193338 0.006836571045012647 0.009115428060017123
0 0.7504114282799812 0.42120851094963 0.007691142425639441 0.010539713694394735
0 0.5861200803545156 0.4600915087681406 0.005981999664386351 0.009115428060017194
0 0.6555540050304275 0.36936451385828234 0.006836571045012931 0.008830570933141501
0 0.5954135441188299 0.1937500951395142 0.009186642341736188 0.008545713806266094
0 0.5887906159189736 0.18990452392669446 0.005341071128916397 0.007121428171888411
0 0.5852655089738888 0.18819538116544124 0.005981999664386351 0.008260856679390543
0 0.5418960114070884 0.23106637876020947 0.007263856735326115 0.00911542806001716
0 0.5530054393552344 0.2205266650658146 0.006409285354699534 0.007406285298763962
0 0.5578678650538617 0.386913151402306 0.008758245708628038 0.008758245708627967
0 0.43931875349779076 0.38712168106203526 0.0068814787710648065 0.00834118638916948
0 0.39552752495465116 0.37836343535340733 0.0075070677502525026 0.01000942366700336
0 0.3629968980368902 0.253662698835324 0.006881478771064878 0.010843542305920337
0 0.35345666610427773 0.2549138767936994 0.00719427326065869 0.010843542305920337
0 0.3751958831310506 0.16628877140877396 0.00813265672944027 0.00625588979187711
0 0.2873006315551774 0.35146310924833585 0.008758245708627932 0.011260601625378897
0 0.630123392150042 0.7808256786308335 0.0075070677502525026 0.010843542305920266
0 0.6291850086812605 0.8029298225621326 0.0068814787710648065 0.01000942366700329
0 0.7780751857279352 0.40588935043766655 0.008132656729440128 0.009175305028086384
