0 0.4186675389607747 0.7822403801812067 0.010699081420898437 0.014063686794704862
0 0.5486692852444119 0.7316055580421731 0.010163921780056423 0.014279231318721063
0 0.4313856760660807 0.5717671712239584 0.009623209635416666 0.011837429470486112
0 0.5825666851467556 0.762387424045139 0.00993970235188802 0.013609822591145833
0 0.6534036424424913 0.7893830758553964 0.009456210666232638 0.012343964753327547
0 0.4806781768798828 0.9217662669994212 0.00994873046875 0.013816550925925925
0 0.4059893078274197 0.8261538470232928 0.009258736504448785 0.012466656720196761
0 0.4774200227525499 0.31820191277398 0.009479649861653646 0.01350897329824942
0 0.3523030916849772 0.8196026554814091 0.010238838195800782 0.013251806188512731
0 0.5296194076538085 0.6573714079680265 0.00885022481282552 0.011732313368055556
0 0.5447845035129124 0.614823489718967 0.009874979654947916 0.013467689796730324
0 0.3562921524047852 0.502311028374566 0.009050030178493923 0.012024716977719906
0 0.3209197998046875 0.573618655734592 0.01150864495171441 0.013575066460503472
0 0.3233222749498155 0.47023446824815535 0.010594262017144095 0.014508932608145255
0 0.5030707652466857 0.8465069802330555 0.008286539713541667 0.010498272931134261
0 0.6274727503458659 0.39591375280309604 0.010501734415690104 0.013282493308738425
0 0.4060394075181749 0.5774898670337819 0.008432896931966145 0.010874260796440972
0 0.4722765379686733 0.424536824985674 0.009095043606228299 0.012067159016927086
0 0.5357411702473959 0.4506770239935981 0.010061052110460069 0.013910844590928818
0 0.41600140319978396 0.37973548159883497 0.006163946383764246 0.007236112295001135
0 0.32960969917271976 0.8044580192402125 0.007162306043836807 0.008594993308738426
0 0.734435102674696 0.41955498589409723 0.007885233561197916 0.010198126898871528
0 0.2375132214009816 0.5217291565395868 0.005392909028293608 0.006965840828212606
0 0.2577366302570827 0.4551042595858758 0.0070781930996354344 0.010336408970896115
0 0.4211249209736667 0.3730871014472433 0.005898494249696142 0.007639954456749294
0 0.5891237904895156 0.21807698759581995 0.005316136073086 0.006944985846321146
0 0.5922919927956982 0.22341102311696356 0.004349565877979415 0.006443801300710348
0 0.6008031803470532 0.23898354292701363 0.005262437728913554 0.006801790261860994
0 0.6080793059824388 0.23296932837968395 0.005530929449776281 0.006944985846321217
0 0.6034612483835962 0.22831547188472648 0.005101342696395719 0.007088181430781404
0 0.6125362685487634 0.22477138116933582 0.004993946008050543 0.006730192469630829
0 0.5876829114828506 0.31737347105531544 0.006210959910543537 0.007442669259892014
0 0.595702125544565 0.3125514599855263 0.006210959910543679 0.006604058639059076
0 0.5758899496273879 0.3514944406904539 0.004638564996481947 0.007128190277079512
0 0.5723127511978977 0.35154685385425594 0.004874424233591128 0.007861974570308447
0 0.7289032324636426 0.4259859135731468 0.007044487418208689 0.008403949902424301
0 0.7313131886856613 0.5632916244789314 0.005561437435427905 0.008156774905294172
0 0.6625684514999051 0.8483835920343616 0.006278572891848313 0.0069761921020536025
0 0.6700361480455125 0.84946173081377 0.005041884291938743 0.008117750809662283
0 0.6777892342680221 0.8491446311727674 0.006849352245652512 0.008751950091667168
0 0.6837348525368178 0.8533937663622001 0.006563962568750412 0.009132469660870158
0 0.6860655348981857 0.8460370546909437 0.006088313107246961 0.007610391384058488
0 0.6973990830491469 0.8397355617672813 0.0066737249225133155 0.009639824888074884
0 0.6999017298950895 0.8466564616869249 0.0061175811789706816 0.00766242491103398
0 0.6819197488538729 0.8394883867701511 0.007229868666056092 0.007662424911033838
0 0.5453791424513432 0.7681081755160295 0.005064715466090917 0.007213382633523509
0 0.5563143235713123 0.7710242238146879 0.005294929805458679 0.007213382633523224
0 0.6210005169519147 0.45799010884960173 0.005710466688017561 0.0081710742852934
0 0.6148722112379447 0.4591043462521418 0.006546144739922539 0.007056836882753359
0 0.6190506014974696 0.44461926001912166 0.006267585389287547 0.006685424415240107
0 0.6208612372765971 0.4820390661210904 0.005989026038652625 0.007242543116510021
0 0.5647315281236442 0.3819434061262462 0.007938941493097502 0.009099605454076709
