0 0.3669395234849718 0.5531264128508391 0.011677932739257813 0.01618561921296296
0 0.6908381991916233 0.43446752760145396 0.010523902045355905 0.014631568060980902
0 0.5668553034464519 0.9279311851218894 0.01051190694173177 0.015601659704137731
0 0.2819470723470052 0.756237143057364 0.009907574123806424 0.013770605016637731
0 0.4091126335991753 0.5077974107530381 0.01033876207139757 0.013895218460648149
0 0.6319045808580187 0.3571098610206887 0.010108396742078994 0.013292835376880786
0 0.49197735256618924 0.7001496774178965 0.010714806450737847 0.01506240279586227
0 0.25170128080579973 0.5110287701642071 0.010303433736165364 0.01290328414351852
0 0.7242949591742621 0.6288015012387875 0.011110941569010414 0.015325080023871528
0 0.6646885130140516 0.4816793653700087 0.009720399644639758 0.014029213234230325
0 0.31073230107625327 0.32889866299099396 0.008489121331108941 0.011911547625506365
0 0.5293718674536988 0.9326836529481285 0.008401446872287326 0.012235683865017362
0 0.5872258928087022 0.3935042769820602 0.00920257568359375 0.01265727855541088
0 0.3943648868136935 0.24879028885452836 0.009494357638888888 0.013675604926215277
0 0.7794645521375868 0.5514644764087818 0.009840562608506945 0.014153770164207175
0 0.3023946444193522 0.8180466263382523 0.009092267354329426 0.011066578052662037
0 0.362414084540473 0.6472626580132378 0.010359530978732639 0.014022092466001158
0 0.5389141930474176 0.43194022002043553 0.009981791178385416 0.014152611626519098
0 0.31701447168986 0.777382320827908 0.00871940188937717 0.012624500415943287
0 0.4746425628662109 0.8735784459997107 0.010238393147786457 0.014220400209780094
0 0.5479986190795898 0.8911488285771122 0.009262635972764758 0.01352493851273148
0 0.7071624755859375 0.35305199799714265 0.009732564290364584 0.013456358733000577
0 0.5086059358384873 0.7580750076859085 0.01109174092610677 0.014963785807291664
0 0.5235412720487257 0.5058433964347848 0.0077634207978907865 0.007889066163358972
0 0.507130495707194 0.9245290403012875 0.008881251017252604 0.012185160319010417
0 0.4046541102939372 0.7382650725348896 0.0069128952160389615 0.008733103685319413
0 0.30737733840942383 0.7760247689706309 0.009280374315049912 0.01410850242332176
0 0.4097961213853624 0.3673378979718243 0.00754958258734809 0.010482703314887152
0 0.3787266625298394 0.40594565780074504 0.010383351643880207 0.013388937490957755
0 0.3412497360169273 0.6185241712098641 0.006407062799573878 0.006583079046986313
0 0.6156666225857205 0.791326791268808 0.00817108154296875 0.013078816731770833
0 0.26611233631179215 0.6028224637694567 0.00702818012396701 0.00914070619167702
0 0.3589977717564797 0.40783713000516036 0.005697804899352335 0.008441192443484909
0 0.35260356848054 0.39618828443315124 0.0053179512393955975 0.006752953954787984
0 0.3495014302575592 0.3898573901005375 0.005951040672656873 0.006921777803657605
0 0.32443108870040904 0.382344728825836 0.007976926859093254 0.010804726327660745
0 0.3316483082395887 0.31987990474404765 0.007470455312484105 0.010129430932181905
0 0.32601381228356247 0.3177696066331764 0.007343837425831907 0.010635902478791016
0 0.4519712732855679 0.2670380400478321 0.008230162632397864 0.01046707862992129
0 0.5731575060821241 0.39729060356245055 0.007381822791827375 0.009842430389103356
0 0.6605555023438561 0.4259822166778558 0.00807822116841507 0.014485086233020113
0 0.6970467772770413 0.5234779894001066 0.009749577272225167 0.01002813662286016
0 0.6954450610108901 0.5306276793997382 0.006267585389287689 0.007613955584023344
0 0.6217600537692914 0.7919872682788549 0.005650715602663539 0.010185240468998415
0 0.6219170180915876 0.7828484566251646 0.006383215773378978 0.011161907363285905
0 0.6313871988701254 0.7753141691549468 0.0056507156026634675 0.010603811995121646
0 0.38993774676962706 0.734711653996934 0.004718795399756885 0.006741136285367162
0 0.39094891721243213 0.7197688018977035 0.005392909028293715 0.0065164317425212915
0 0.4026616415082574 0.7307793244971365 0.004887323806891147 0.0069658408282127484
0 0.40299869832252566 0.7102188588267668 0.005561437435427834 0.00943759079951377
0 0.39811137451563466 0.7070729952269289 0.005561437435427834 0.008089363542440395
0 0.25368252960164545 0.6251681893597194 0.006235551063964557 0.01011170442805053
0 0.25865411761210366 0.6269658257024839 0.005729965842561988 0.008314068085285982
0 0.2644683476582328 0.6230334962026864 0.006235551063964593 0.008089363542440466
0 0.2622774783654885 0.6340440188021194 0.007246721506769589 0.009886999885205014
0 0.2634571772154277 0.6071918259320739 0.005561437435427799 0.006516431742521576
0 0.3423284717542222 0.6237076098312232 0.004550266992622696 0.0058423181139848875
0 0.3412330371078501 0.6423580868874054 0.007415249913903779 0.009886999885205156
0 0.41862343543703184 0.6478553753386521 0.006697144417971543 0.009348097416751813
0 0.43658967733101767 0.3888814827298557 0.004717184742185054 0.007547495587496087
0 0.44405855317281073 0.3688596541574703 0.004088226776560333 0.006079927001038499
0 0.4571998189602206 0.2670006982070305 0.006568283776362591 0.012738489748097272
