0 0.7143867492675782 0.33625688906069157 0.009299553765190972 0.013749468768084493
0 0.48567254808213983 0.3541257646348741 0.008416239420572917 0.011207100197120949
0 0.3088863372802735 0.3966661947744864 0.007820553249782987 0.010140228271484374
0 0.7433248307969836 0.33069864908854163 0.008734215630425347 0.01195441351996528
0 0.5855835384792751 0.31572511461046004 0.009435441758897569 0.012597260651765045
0 0.7610609925444429 0.60980927282353 0.009789615207248263 0.01364813910590278
0 0.5496118121676975 0.45877167030617044 0.007996326022677951 0.010336614538122107
0 0.46882690853542747 0.690160115559896 0.009577306111653645 0.012828685619212963
0 0.26426628960503473 0.4661629005714699 0.009090635511610243 0.011908354582609955
0 0.32710295783148874 0.37312267444751884 0.009210798475477431 0.013504791259765624
0 0.6062737570868597 0.2800748330575448 0.007898839314778645 0.010128360324435764
0 0.6743663999769423 0.5268078839337385 0.008909310234917535 0.011559719509548611
0 0.5056614134046767 0.20048545554832173 0.009145228068033855 0.013051068341290509
0 0.3933987723456489 0.43097788492838546 0.007663006252712674 0.00966446487991898
0 0.6778699662950305 0.2812729729546441 0.008214314778645834 0.010740039966724537
0 0.4983410093519422 0.4655273154929832 0.00792037116156684 0.010486009385850694
0 0.29384145736694334 0.628732610631872 0.008452033996582032 0.01063735396773727
0 0.47732414669460715 0.28220597726327407 0.007983016967773437 0.010262298583984374
0 0.5162022060818142 0.5064066569010417 0.007983907063802084 0.010374281141493056
0 0.4455071767171224 0.28436567518446176 0.008862389458550347 0.012339274088541664
0 0.6543998506334092 0.776933514630353 0.008617528279622396 0.011904455114293982
0 0.5728377236260308 0.44303920887134696 0.008694330851236979 0.011386814823857061
0 0.30693851047092013 0.7990691008391204 0.008453665839301214 0.01075122974537037
0 0.2940734015570747 0.3169048309326172 0.007927152845594618 0.010325763843677662
0 0.30110247929890954 0.5382601702654803 0.008002662658691406 0.011523776584201388
0 0.6986949920654297 0.7816706056948063 0.007245805528428819 0.009879387749565972
0 0.5253568861219617 0.31048267505787036 0.007723575168185764 0.01107799388744213
0 0.4130697038438585 0.2794660497594763 0.008546617296006944 0.011213966652199075
0 0.45825877719455294 0.4424382668954355 0.007068973117404514 0.009951923511646412
0 0.6278761757744683 0.7570332279911747 0.008024300469292535 0.010697541413483795
0 0.7203361511230468 0.6182827137134693 0.008274502224392362 0.01210773609302662
0 0.699082883199056 0.4230354026511863 0.008061599731445313 0.010848038284866898
0 0.6897766325208876 0.519567221182364 0.007731416490342881 0.010183659306278936
0 0.6147183736165364 0.37199687251338254 0.006607225206163195 0.008980758101851852
0 0.6862691667344835 0.4358477981002242 0.008705393473307291 0.010676150851779514
0 0.30364203982883026 0.4741530100504557 0.008562723795572916 0.012508844446252894
0 0.6457444508870442 0.5301408838342737 0.00715213351779514 0.009360249837239583
0 0.3861679289076064 0.5070769415961371 0.006799274020724827 0.010168174461082176
0 0.35728251139322914 0.7570765459979023 0.008602820502387153 0.011254939326533564
0 0.3269520017835829 0.7273933128074365 0.006441879272460938 0.009282430013020834
0 0.37145421769883896 0.7868238378454139 0.008775371975368923 0.011102916576244213
0 0.3677219602796767 0.8049372637713397 0.007793468899197049 0.010594516330295138
0 0.3854785283406576 0.6863486961082177 0.00857531229654948 0.011828161168981482
0 0.47331270325470753 0.38351679137986777 0.007799106174045139 0.010165179217303241
0 0.35018679300944006 0.5634672659414786 0.008154975043402778 0.010785194679542824
0 0.45157833099365235 0.30600710268373843 0.01020062764485677 0.012242069950810185
0 0.5709762550073693 0.35105928051034135 0.009482616848415799 0.011991147641782407
0 0.5242364400507155 0.6872782166261302 0.008337574373258713 0.01023900553475693
0 0.46865386962890626 0.5278960333930122 0.006026458740234375 0.008518642849392362
0 0.2798802269829644 0.6395719174985532 0.007885445488823785 0.010566993995949075
0 0.4326976918545183 0.44804751873312015 0.00819914076063368 0.01148365162037037
0 0.5065339406331381 0.7861297607421875 0.008004930284288194 0.011136316370081018
0 0.37902895609537757 0.528161112467448 0.009457058376736112 0.010717999493634257
0 0.4737491402560698 0.42922370649686925 0.008829625447591145 0.011908185040509257
0 0.34863519668579096 0.7072584081579137 0.006891738043891059 0.009506056043836806
0 0.5856416914198133 0.496952395968967 0.0070163302951388885 0.009082765932436343
0 0.6278237024943034 0.34463693124276623 0.008468331231011286 0.010579879195601851
0 0.3071190436135401 0.6209534845592556 0.01101036603370364 0.009175305028086526
0 0.44388843418845314 0.6273761980789161 0.006537404832511484 0.011010366033703605
0 0.4462969517583257 0.6188890409279361 0.005849256955405053 0.008716539776682098
0 0.4574793547613061 0.6250823718218945 0.0061933308939583044 0.007340244022469165
0 0.42376010878308845 0.5640665933851199 0.0055051830168518735 0.013762957542129542
0 0.4294373287692169 0.5652135065136307 0.0072255527096180576 0.008716539776681955
0 0.4690058317028395 0.5149787114848577 0.00860184846383099 0.011010366033703676
0 0.5345519169972317 0.43285973148348433 0.007569626648171166 0.010092835530895102
0 0.538508767290594 0.42689578321522825 0.007225552709618128 0.01009283553089503
0 0.5280145121647203 0.40051678125947987 0.008257774525277739 0.009634070279490672
0 0.49154267467807683 0.39822295500245825 0.006193330893958447 0.009634070279490743
0 0.48965026801603395 0.4046456685221187 0.00860184846383106 0.013304192290725325
0 0.48466119590701195 0.4489165152826356 0.00894592240238424 0.012845427039321037
0 0.347031620485716 0.4168029476843332 0.007569626648171379 0.01009283553089503
0 0.31950570540145673 0.42896022684654767 0.007569626648171308 0.010551600782299317
0 0.3239786666026489 0.4367592361204211 0.008945922402384135 0.010551600782299317
0 0.3585580974272496 0.45671552455650904 0.007913700586724488 0.009175305028086313
0 0.3635471695362715 0.46107379444485 0.006881478771064735 0.007799009273873452
0 0.366471798013974 0.4525866372938701 0.0072255527096179864 0.00825777452527781
0 0.35924624530435595 0.4755248998640862 0.0058492569554051245 0.01192789653651225
0 0.3594182822736326 0.4865352658977898 0.006193330893958376 0.009175305028086384
0 0.40208345065423434 0.4986925450600043 0.00894592240238424 0.011469131285107964
0 0.3934816021904034 0.46038564656774356 0.0075696266481712375 0.009175305028086384
0 0.42909325483066385 0.46497329908178675 0.0051611090782986225 0.009175305028086455
0 0.42152362818249245 0.4555686114279982 0.009289996340937492 0.008716539776682027
0 0.4146421494114277 0.44708145427701834 0.005849256955404982 0.012845427039320966
0 0.3869441973578918 0.43630047086901674 0.0068814787710648065 0.011469131285108035
0 0.4079327076096394 0.4693315689701278 0.0055051830168518735 0.007799009273873523
0 0.41980325848972627 0.484012057015066 0.006537404832511484 0.008716539776682098
0 0.45954379839262544 0.506950319585282 0.006881478771064878 0.009634070279490672
0 0.5732602350844713 0.6367808857327045 0.007225552709618128 0.016974314301959694
0 0.26514202311004487 0.3768903708121573 0.00825777452527781 0.008257774525277739
0 0.2660022079564279 0.3723027182981141 0.00860184846383099 0.009175305028086455
0 0.3047105260436674 0.28903682516823004 0.006193330893958269 0.012386661787916644
0 0.38057882949465677 0.25072992667596933 0.00791370058672463 0.01101036603370364
0 0.3881484561428281 0.25210622243018227 0.00928999634093742 0.00917530502808642
0 0.3879764191735515 0.283302259525676 0.006881478771064735 0.01101036603370371
0 0.4036317833777239 0.2890368251682301 0.00928999634093742 0.008716539776682027
0 0.38384753191091264 0.2901837382967409 0.005505183016851802 0.01101036603370364
0 0.4287491808921105 0.21769882857485834 0.0072255527096179864 0.00917530502808642
0 0.43253399421619604 0.2124230281837086 0.009289996340937492 0.009634070279490743
0 0.44182399055713356 0.2195338895804756 0.0065374048325115555 0.011927896536512321
0 0.44113584268002703 0.2342143776254138 0.0065374048325115555 0.009175305028086384
0 0.4521462087137308 0.19498994863034447 0.0072255527096180576 0.009634070279490708
0 0.5386808042598706 0.22526845522302957 0.0061933308939583044 0.010551600782299353
0 0.5194126637008892 0.1803094605854062 0.010322218156597103 0.009634070279490743
0 0.5954530041211552 0.2124230281837086 0.0068814787710648065 0.008716539776682061
0 0.6403546531023531 0.2711449803634616 0.007913700586724488 0.010551600782299353
0 0.6640957548625266 0.2892662077939322 0.005161109078298551 0.007340244022469129
0 0.672525566357081 0.30257040008465746 0.008257774525277739 0.013762957542129542
0 0.6591066827535047 0.284678555279889 0.006193330893958233 0.008257774525277775
0 0.6406987270409062 0.2922481819280603 0.007913700586724488 0.01238666178791668
0 0.6345053961469479 0.28788991203971925 0.0072255527096179864 0.007340244022469022
0 0.5691313478218324 0.3404185333255139 0.011354439972256927 0.012386661787916609
0 0.5840985641488983 0.3532639603648349 0.00894592240238417 0.011469131285107964
0 0.6224628082975845 0.3826249364547113 0.006537404832511698 0.008716539776682027
0 0.6219466973897547 0.3915708588570956 0.006881478771064948 0.008257774525277881
0 0.6579024239685677 0.3938646851141167 0.012730735726468566 0.011010366033702992
0 0.6360537288704375 0.35234642986202624 0.0061933308939583044 0.008716539776682169
0 0.6935140766088287 0.3438592727110463 0.0075696266481712375 0.008257774525277668
0 0.6868046348070405 0.36404494377283636 0.00928999634093742 0.01009283553089503
0 0.6711492706028679 0.33330767192874694 0.006881478771064878 0.012845427039321037
0 0.5316272885195292 0.23100302086558358 0.00791370058672463 0.010092835530894994
0 0.41842696273551316 0.35693408237606944 0.0065374048325115555 0.011469131285107964
0 0.42565251544513133 0.3633567958957299 0.007225552709618128 0.007799009273873309
0 0.4290932548306637 0.3567046997503672 0.005849256955404982 0.011927896536512321
0 0.36079457802784554 0.2537119008100974 0.0075696266481712375 0.008716539776682098
0 0.7286096183412593 0.3684032136611774 0.008257774525277881 0.012386661787916609
0 0.7248248050171735 0.37436716192943353 0.005505183016851731 0.0077990092738733805
0 0.7251688789557267 0.3805604928233919 0.006193330893958233 0.008257774525277668
0 0.731362209849685 0.38468938008603076 0.006193330893958376 0.005505183016851802
0 0.7325664686346215 0.3794135796948811 0.005161109078298551 0.0059639482682561605
0 0.7284375813719826 0.39019456310288264 0.007913700586724559 0.006422713519660519
0 0.7461573892074744 0.3931765372370107 0.008257774525277881 0.013304192290725325
0 0.7401360952827926 0.3645037090242407 0.007225552709618199 0.009175305028086384
0 0.462468426870328 0.456715524556509 0.009978144218043923 0.01009283553089496
0 0.6105922574174979 0.5087853805908993 0.0061933308939583044 0.008716539776682027
0 0.7846936703254371 0.5707186895304825 0.008257774525277596 0.015139253296342546
0 0.7855538551718204 0.5872342385810382 0.005849256955405053 0.007799009273873452
0 0.7638771970429664 0.6026028745030828 0.0065374048325115555 0.011010366033703605
0 0.658074460937845 0.5727831331618021 0.006881478771064878 0.011927896536512321
0 0.6245272519289041 0.5119967373507296 0.009978144218043852 0.00871653977668224
0 0.46711342504079684 0.5613140018766941 0.011010366033703747 0.011927896536512321
0 0.769038306121265 0.6530670521575579 0.0072255527096180576 0.01009283553089503
0 0.44388843418845303 0.6397628598668327 0.007913700586724559 0.01009283553089503
0 0.4504258390209646 0.6282937285817247 0.0072255527096180576 0.007340244022469165
0 0.5844426380874517 0.6383865641126198 0.006193330893958233 0.011927896536512321
0 0.6995353705335106 0.6929796290297339 0.009289996340937563 0.010092835530894888
0 0.6742459360498472 0.7629413298688926 0.006881478771064593 0.010551600782299317
0 0.6766544536197199 0.7787687310423417 0.0075696266481712375 0.013762957542129613
0 0.7181153632153854 0.7902378623274499 0.007913700586724559 0.007340244022469022
0 0.6553218694294191 0.8333617959594558 0.008257774525277739 0.013762957542129755
0 0.6319248416077987 0.7711991043941705 0.009634070279490814 0.008716539776682027
0 0.6019904089536668 0.7957430453443015 0.008257774525277881 0.011010366033703605
0 0.5995818913837941 0.8030832893667708 0.0061933308939583044 0.011010366033703605
0 0.5940767083669424 0.6610954440571336 0.007569626648171166 0.010551600782299317
0 0.5753246787157907 0.6803635846161151 0.007913700586724488 0.0096340702794906
0 0.582894305363962 0.6824280282474345 0.00860184846383106 0.008257774525277739
0 0.605947259247029 0.6838043240016474 0.006537404832511627 0.008257774525277739
0 0.5997539283530707 0.6913739506498185 0.005849256955405053 0.007799009273873452
0 0.5431537654610628 0.7494077549524653 0.0068814787710648065 0.009175305028086597
0 0.5373045085056577 0.7528484943379976 0.007569626648171308 0.008716539776682027
0 0.5323154363966357 0.7560598510978279 0.006537404832511627 0.008716539776681884
0 0.5421215436454031 0.7672995997572337 0.0068814787710648065 0.0064227135196604475
0 0.5533039466483833 0.7672995997572337 0.005849256955405053 0.009175305028086455
0 0.531283214580976 0.787714653444726 0.006537404832511627 0.010551600782299317
0 0.544874135153829 0.7962018105957059 0.00894592240238424 0.009175305028086455
0 0.5443580242459991 0.80193637623826 0.006537404832511484 0.008716539776682027
0 0.5582930187574054 0.7828976183049806 0.008257774525277739 0.011010366033703747
0 0.5632820908664273 0.7812919399250654 0.007913700586724488 0.009634070279490743
0 0.5078861867593557 0.8354262395907753 0.008601848463830919 0.010551600782299317
0 0.5737763459923012 0.8643284504292474 0.013074809665023182 0.012386661787916467
0 0.5550243163411496 0.8716686944517165 0.007913700586724488 0.0096340702794906
0 0.5199287746087191 0.8601995631666084 0.007225552709618128 0.010551600782299317
0 0.43408232693968574 0.8402432747305206 0.013762957542129684 0.01009283553089503
0 0.4359747336017285 0.8464366056244788 0.011354439972256927 0.009634070279490885
0 0.4394154729872609 0.8650165983063539 0.0065374048325115555 0.01009283553089503
0 0.4359747336017285 0.8785501732227812 0.008601848463830919 0.007799009273873452
0 0.5433258024303395 0.9042410273014232 0.010666292095150496 0.012386661787916467
0 0.5842706011181751 0.7771630526624266 0.008601848463830919 0.008716539776682169
0 0.3721490180001025 0.6542139652860689 0.009634070279490743 0.010551600782299459
