0 0.7020551681518554 0.21995649337768555 0.009653186798095703 0.012461344401041664
0 0.4647395610809326 0.4546828111012777 0.010153102874755859 0.012963199615478515
0 0.6455767393112183 0.2698581298192342 0.009031534194946289 0.011931435267130535
0 0.635829496383667 0.20102076530456542 0.011247730255126953 0.013475640614827472
0 0.3715505123138428 0.247190523147583 0.009471321105957031 0.012677892049153644
0 0.44149532318115237 0.5803776423136394 0.008335685729980469 0.01138903299967448
0 0.4528460741043091 0.33867799441019697 0.010698461532592773 0.014276281992594403
0 0.29700187444686893 0.34158569971720376 0.010350251197814941 0.014251327514648438
0 0.33470867925724884 0.22829982064080284 0.0130678653717041 0.01809523900349935
0 0.5225866794586183 0.4619865735371908 0.010493850708007813 0.013360659281412758
0 0.5840162992477417 0.24708940982818603 0.01039137840270996 0.013373994827270507
0 0.6003651142120361 0.5892021179199218 0.009360694885253906 0.012127304077148437
0 0.4298518419265747 0.5817973772684732 0.007824945449829101 0.011009788513183594
0 0.29388085603713987 0.2291003704071045 0.010654520988464356 0.013860162099202473
0 0.3306678056716919 0.7136026064554851 0.008963060379028321 0.011474800109863282
0 0.539949131011963 0.34694182078043617 0.007990169525146484 0.010398483276367188
0 0.49369492530822756 0.7670654296875001 0.009072971343994141 0.012119420369466146
0 0.40874106884002687 0.46062215169270837 0.009524774551391602 0.011778640747070312
0 0.4050636344121006 0.5998952338120429 0.0071654004833047935 0.00995194511570098
0 0.41207975571866984 0.6092500622208018 0.006269725422891597 0.007165400483304722
0 0.37879049930665004 0.17912699432020646 0.008359633897188771 0.009155789506444911
0 0.6186821363206216 0.10349221144087922 0.006866842129833728 0.014728878771237425
0 0.6703327314711096 0.1771366052970663 0.008061075543717777 0.011544256334213117
0 0.6770502944242076 0.17992314992946257 0.008956750604130974 0.00995194511570091
0 0.534637959818527 0.35328603384497326 0.007165400483304651 0.007961556092560685
0 0.6842156949075124 0.36542740688612846 0.0083596338971887 0.011544256334213117
0 0.6714150411964832 0.3811181333422908 0.007942394708187948 0.008594668669730084
0 0.6762495423232062 0.3803507522110648 0.0072517516900848025 0.009515526027201205
0 0.7485368448846863 0.3640055341159531 0.0072517516900848025 0.008441192443484909
0 0.6678092819533898 0.48620886169033356 0.01061728964945317 0.013482272570733969
0 0.659214333189547 0.522948054445584 0.01028023283518479 0.011010522599432804
0 0.7436470651637694 0.47823185041931593 0.007920835135306135 0.008763477170977155
0 0.6236035913410319 0.597195999699684 0.009992049258985319 0.012778947351627537
0 0.6287015756568408 0.6852891686768606 0.010807726749514685 0.014954087326372729
0 0.4930951928563257 0.7833064137888118 0.006321500551602952 0.007612989911607855
0 0.41377055690234016 0.796493199885704 0.00795285553266183 0.009516237389509853
0 0.4035745882707225 0.7922788661846352 0.008360694277926371 0.011419484867411853
0 0.3987824830138622 0.7926867049299 0.0069332586694999775 0.010060022383196098
0 0.3240460329441047 0.7180522145464587 0.008768533023191196 0.011963269861098098
0 0.3076305234472002 0.7063608371822038 0.011419484867411782 0.010875699873725466
