0 0.4195782555474176 0.35714889808937356 0.009823099772135416 0.01293965092411748
0 0.6596569273206923 0.6994362160011575 0.010455110337999132 0.01444973415798611
0 0.5958914226955837 0.4045253612377025 0.007606633504231772 0.01027538158275463
0 0.38701184590657556 0.5395140471281828 0.008915795220269097 0.011995668764467593
0 0.5675847371419271 0.7746186998155382 0.007639143202039931 0.010201009114583333
0 0.29790022108289926 0.6442817122847946 0.009677378336588542 0.014329867892795138
0 0.43222709231906464 0.39266721937391497 0.008763504028320313 0.01183403862847222
0 0.5952051374647352 0.6013005291974103 0.008687337239583334 0.011722649468315973
0 0.6615144729614257 0.5099275942201966 0.007769563462999131 0.010159979926215278
0 0.34909565183851454 0.803048366970486 0.008405325147840712 0.010876690899884259
0 0.6351236131456163 0.8000842059100115 0.009791904025607638 0.013534771954571761
0 0.5496984905666776 0.3303819868299696 0.009071053398980036 0.01181722570348669
0 0.4519332461886936 0.3546750386555989 0.009059312608506944 0.01078547724971065
0 0.5786043167114258 0.5170903523763021 0.008934741550021701 0.012308078342013888
0 0.3459613800048828 0.4411390092637804 0.00989121331108941 0.014087168375651042
0 0.5024838553534614 0.786464606391059 0.007558059692382812 0.011054936161747686
0 0.4236964331732856 0.6949052881311486 0.008756256103515625 0.011980466489438657
0 0.6873626285129123 0.4437200051766855 0.0092620849609375 0.012265608045789932
0 0.51164124806722 0.3494576206913701 0.009032228257921007 0.0112217938458478
0 0.4463428285386828 0.7884967662669993 0.009860271877712674 0.013100348578559028
0 0.5897097057766385 0.28480137012622975 0.008666695488823786 0.01193802445023148
0 0.4586562262641059 0.5393330891927083 0.008461422390407987 0.01106940375434028
0 0.3645015292697482 0.47095902054398153 0.007017347547743056 0.009545220269097222
0 0.5315067927042643 0.3047236689814815 0.008035066392686632 0.011518690321180556
0 0.3447326872083876 0.609159031620732 0.00870407952202691 0.011479978208188657
0 0.47019229465060763 0.2863156212700738 0.008373090955946181 0.011833840829354745
0 0.7200010935465495 0.5995701825177229 0.010198381212022569 0.013690920229311343
0 0.609215185377333 0.2358274954336661 0.00934740702311198 0.013083789966724537
0 0.652939584520128 0.6410411976001881 0.008447562323676215 0.011082006383825232
0 0.38470511966281473 0.8183253252947772 0.008560816446940104 0.012364309805410877
0 0.4413337495591905 0.8803778189199943 0.009510760837131076 0.012916847511574075
0 0.70538878970676 0.6915909378616898 0.008906597561306424 0.010738457573784723
0 0.5678185145060222 0.49716231734664357 0.008389918009440105 0.011849636501736111
0 0.38980848524305556 0.40446309690122256 0.008978525797526041 0.011586139820240163
0 0.43657605912950304 0.3489927786367911 0.008762910630967883 0.012411951135706019
0 0.3913164986504449 0.2862610428421586 0.008352618747287327 0.011353782371238425
0 0.33573841518825953 0.37933225278501154 0.008237202962239584 0.010910768862123842
0 0.640143903096517 0.2578041641800492 0.00929120381673177 0.011782610857928241
0 0.5638332790798611 0.18972193400065104 0.010231441921657987 0.013831724943938079
0 0.5816274854871962 0.7014376887568722 0.008688608805338541 0.011316765679253472
0 0.5728025648328994 0.8220583597819009 0.009453243679470487 0.012768385145399306
0 0.7455010308159723 0.5049342120135273 0.009207322862413195 0.011776450828269676
0 0.5220752292209201 0.5698590879087095 0.008135901557074653 0.010619665075231481
0 0.29098858303493924 0.5850135803222656 0.00820265875922309 0.011555707013165509
0 0.5221837997436523 0.2190552181667752 0.008765199449327257 0.01180465133101852
0 0.48789948357476126 0.85973796138057 0.007329898410373264 0.011389103642216436
0 0.40024869706895616 0.3463003794352214 0.008504104614257813 0.011029080991391781
0 0.41979126356868607 0.7347703045466435 0.007944954766167535 0.0104217529296875
0 0.36700757344563806 0.27136073642306857 0.007812076144748265 0.011258810537832755
0 0.5714797761705187 0.6632592377839265 0.008500713772243923 0.011463702166521992
0 0.6901713901095919 0.4860131722909433 0.007937537299262153 0.010921789098668982
0 0.6170696470472548 0.6443640532316985 0.007104958428276909 0.009499048303674769
0 0.3924462424384223 0.7228355407714844 0.008552847968207464 0.01365814208984375
0 0.5196068233913845 0.2592485781069155 0.008414543999565972 0.011528467248987269
0 0.2862396452162001 0.5029533951370805 0.009745873345269097 0.012071906195746527
0 0.7268422444661458 0.43649195918330436 0.008165995279947916 0.011523607042100694
0 0.3232533814918709 0.59838375944089 0.009753901407898518 0.0125235277335981
0 0.33120100486126974 0.5991062706562899 0.009031390192498634 0.011078505302798263
0 0.39785266448190953 0.5555147606604965 0.009392645800198522 0.009633482871998495
0 0.465949346533349 0.572614192758294 0.006863856546299019 0.011078505302798334
0 0.46305930167174947 0.5634623840298953 0.006141345330899028 0.008188460441198657
0 0.47064566943344843 0.566352428891495 0.006863856546299019 0.010115157015598513
0 0.49611418977629457 0.5639440581734952 0.0065026009385990595 0.010115157015598371
0 0.47895454841054713 0.5422687217114985 0.006863856546298948 0.00915180872839862
0 0.43163006380185437 0.5046981385107042 0.006141345330899028 0.010115157015598513
0 0.453124772460001 0.4695359260279098 0.009392645800198664 0.01396855016439794
0 0.45601481732160065 0.4497872861403127 0.007225112153998836 0.010115157015598371
0 0.4643236962986994 0.4493056119967128 0.0065026009385990595 0.010115157015598442
0 0.46269804606404963 0.4399129661965142 0.005418834115499109 0.008670134584798745
0 0.4300044135672046 0.4536406792891121 0.007947623369398898 0.010115157015598442
0 0.3947819918164599 0.46279248801751083 0.006863856546299019 0.012041853589998154
0 0.3992976869127093 0.4567715612225116 0.006502600938598988 0.01156017944639828
0 0.4108578663591075 0.4377454325503146 0.009392645800198522 0.010115157015598513
0 0.3400517672499184 0.31154680692713393 0.012282690661798127 0.013005201877198011
0 0.3586564310464655 0.2612118589209416 0.008308878977098715 0.01156017944639828
0 0.44300961544440254 0.23664647759734542 0.00939264580019845 0.0154135725951976
0 0.4710069250411483 0.31154680692713393 0.010476412623298402 0.013968550164397868
0 0.4803995708413468 0.2946882119011365 0.009031390192498705 0.012041853589998083
0 0.5145382257689917 0.2954107231165364 0.009392645800198522 0.011560179446398209
0 0.5195958042767908 0.297337419690936 0.005780089723199069 0.010596831159198423
0 0.551928181165936 0.25495009505414257 0.008308878977098786 0.012523527733598029
0 0.44246773203285256 0.22773550594074676 0.010476412623298402 0.013005201877198011
0 0.5631271050046343 0.29733741969093613 0.013366457484898078 0.01734026916959735
0 0.6028652218516282 0.38596546211332255 0.007586367761698795 0.015413572595197635
0 0.479315804018247 0.376572816313124 0.007586367761698795 0.013005201877198048
0 0.5329622617616888 0.39824815277512066 0.006502600938598988 0.012041853589998226
0 0.5840799302512311 0.3756094680259241 0.008308878977098644 0.011078505302798334
0 0.3498056686578168 0.34189227797392924 0.010115157015598513 0.010115157015598442
0 0.3537794803425162 0.33587135117893013 0.009392645800198522 0.008670134584798674
0 0.40020082593195916 0.3349080028917304 0.008308878977098715 0.010596831159198317
0 0.348721901834717 0.3011908128397355 0.007947623369398898 0.0125235277335981
0 0.5846218136627809 0.3669393334411254 0.008670134584798674 0.011078505302798263
0 0.6836058501725657 0.31901275615293273 0.010115157015598442 0.013486876020798028
0 0.7162994826694107 0.34092892968672944 0.009753901407898412 0.018785291600397117
0 0.5540957148121355 0.4536406792891121 0.007586367761698795 0.009151808728398549
0 0.5548182260275355 0.4791694088999081 0.008308878977098644 0.00915180872839862
0 0.551928181165936 0.4912112624899063 0.006863856546298948 0.007225112153998907
0 0.5268209164307898 0.4926562849207062 0.009392645800198593 0.008188460441198728
0 0.52537589399999 0.5027714419363045 0.007947623369398827 0.012041853589998083
0 0.5371167012502381 0.5470854631474978 0.009031390192498705 0.013968550164397655
0 0.571074728374033 0.6116297983898878 0.01119892383869825 0.016858595025997403
0 0.6398939216408724 0.6193365846874868 0.007947623369398827 0.013968550164397655
0 0.636461993367723 0.59862459651269 0.009753901407898481 0.013005201877198119
0 0.6319462982714736 0.5398603509934989 0.010115157015598371 0.015895246738797438
0 0.6256243251367246 0.5201117111059019 0.01119892383869825 0.012041853589998226
0 0.6151479125134263 0.5169808291725024 0.008308878977098644 0.01059683115919846
0 0.6034071052631781 0.40282405713931996 0.008670134584798603 0.009633482871998495
0 0.7759066579399015 0.4782060606127084 0.008308878977098715 0.01493189845159776
0 0.688482800876515 0.4579757465815114 0.00758636776169908 0.009151808728398549
0 0.5481349972850864 0.500363071218305 0.007225112153998907 0.011078505302798263
0 0.545425580227337 0.4779652235409084 0.008308878977098644 0.01059683115919846
0 0.6899278233073147 0.6340276460672843 0.006863856546298877 0.010596831159198246
0 0.7813254920554007 0.5993471077280896 0.010476412623298473 0.01830361745679724
0 0.7661527565320031 0.6720799034116786 0.009753901407898695 0.008670134584798603
0 0.7690428013936025 0.6978494700942747 0.007586367761698654 0.010115157015598442
0 0.746825581520056 0.7320483342898695 0.007225112153998907 0.012041853589998226
0 0.6198442354135254 0.7698597545624637 0.009031390192498705 0.009633482871998495
0 0.6254436973328746 0.7717864511368633 0.007225112153998907 0.009633482871998354
0 0.5792029795472817 0.7455352103106674 0.013005201877198048 0.010115157015598442
0 0.5557213650467854 0.7390326093720683 0.008670134584798745 0.01348687602079778
0 0.538019840269488 0.7416818171618678 0.007947623369398684 0.013005201877198119
0 0.5829961634281312 0.7130222056176723 0.008308878977098715 0.013486876020797922
0 0.6846896169956657 0.6730432516988785 0.00939264580019838 0.015413572595197565
0 0.6924566125612145 0.6518495893804817 0.009031390192498776 0.011560179446398137
0 0.596543248716879 0.7684147321316638 0.007947623369398684 0.01156017944639828
0 0.5920275536206298 0.7739539847830631 0.009031390192498705 0.010115157015598442
0 0.5923888092283297 0.8180271689224563 0.01047641262329833 0.015413572595197706
0 0.6059358945170777 0.8546344038360506 0.007947623369398756 0.012523527733598029
0 0.6220117690597253 0.852226033118051 0.009031390192498705 0.011560179446398137
0 0.6510928454795707 0.7570953897570657 0.007947623369398684 0.0081884604411988
0 0.6523572401065206 0.7884042090910609 0.008308878977098715 0.010115157015598725
0 0.5911244146013799 0.8943725206830446 0.007225112153999049 0.013968550164397868
0 0.5559019928506352 0.8274198147226548 0.009753901407898552 0.009151808728398691
0 0.544703069011937 0.8500584994718513 0.009031390192498562 0.011078505302798192
0 0.5447030690119371 0.871252161790248 0.008308878977098786 0.010115157015598585
0 0.5112869252996921 0.9191787390784407 0.009392645800198593 0.012523527733598171
0 0.4455384046983022 0.8553569150514505 0.009392645800198522 0.013968550164397868
0 0.46992315821804853 0.7847916530140614 0.007586367761698866 0.010596831159198388
0 0.4704650416295984 0.7915350910244604 0.009392645800198522 0.009633482871998495
0 0.47263257527579805 0.7977968548912594 0.006502600938598988 0.013486876020797922
0 0.4684781357872487 0.7990010402502592 0.008308878977098715 0.011078505302798192
0 0.518692665257541 0.7977968548912594 0.009753901407898412 0.010596831159198246
0 0.518692665257541 0.7715456140650633 0.009031390192498705 0.012041853589998083
0 0.5103837862804422 0.825974792291855 0.008308878977098715 0.013968550164397726
0 0.49719795659939436 0.8423517131742525 0.008670134584798674 0.011078505302798334
0 0.532420378350139 0.825493118148255 0.010476412623298473 0.01493189845159776
0 0.5394648627002878 0.8291056742252545 0.007225112153998836 0.009633482871998637
0 0.2658137398675797 0.7084463012534732 0.00903139019249867 0.013005201877198119
0 0.2779158027255279 0.7065196046790735 0.010837668230998361 0.011078505302798192
0 0.2979654889528748 0.6783416672784776 0.01119892383869825 0.009633482871998495
0 0.2968817221297749 0.6696715326936791 0.01119892383869832 0.01156017944639828
0 0.342219300896118 0.644383640154683 0.010115157015598442 0.013968550164397655
0 0.3691328436697639 0.6667814878320795 0.009753901407898552 0.012523527733598171
0 0.34673499599236735 0.6388443875032838 0.009031390192498562 0.009633482871998566
0 0.34059365066146824 0.6321009494928848 0.009753901407898481 0.011560179446398137
0 0.33625858336906894 0.6287292304876854 0.008308878977098715 0.009633482871998495
0 0.6691787597541256 0.5416243131702895 0.007225112153998907 0.010947139627271127
