0 0.656164288520813 0.5546307881673177 0.009823274612426759 0.0125152587890625
0 0.4091164588928223 0.3343545913696289 0.009390830993652344 0.012809435526529946
0 0.4897533655166626 0.33192103703816733 0.01034407615661621 0.013993263244628906
0 0.6649633169174194 0.2709609349568685 0.009301900863647461 0.011505126953125
0 0.5035575866699219 0.1905439853668213 0.01085205078125 0.013893032073974609
0 0.3767394542694092 0.7576928774515789 0.009846925735473633 0.012289619445800782
0 0.27121900320053105 0.26795652707417805 0.008778262138366699 0.011553668975830078
0 0.6868360757827758 0.2423143625259399 0.008608770370483399 0.011427609125773112
0 0.6089523315429687 0.6302599906921386 0.008700084686279298 0.012242062886555988
0 0.7208383798599243 0.260455846786499 0.00937199592590332 0.011439291636149089
0 0.3759027361869812 0.620363998413086 0.00905148983001709 0.012250391642252605
0 0.27690732479095453 0.24928406079610188 0.009914684295654296 0.012648169199625652
0 0.36150853633880614 0.6801681518554688 0.010990142822265625 0.014708709716796876
0 0.5106468200683593 0.5372794628143311 0.009110069274902344 0.012543837229410805
0 0.4609576940536499 0.5955557823181152 0.008587980270385742 0.011210314432779948
0 0.625384783744812 0.5806521097819011 0.00870375633239746 0.011199569702148438
0 0.2662441968917847 0.32573328018188474 0.00896139144897461 0.012411689758300782
0 0.29170409440994266 0.5993708610534667 0.009842658042907714 0.013323148091634117
0 0.5376347780227662 0.13668406009674072 0.010587930679321289 0.01339414914449056
0 0.7639111995697021 0.516878890991211 0.009612751007080079 0.012798754374186198
0 0.27995810876089594 0.5079574426955304 0.008299518466136746 0.012860515100680417
0 0.41611507386751834 0.4701236017598079 0.010094008945301453 0.012561433354152954
0 0.3511769496527454 0.2730287307982172 0.009869697635405928 0.007776125409713721
0 0.29655714569316954 0.2543361216402515 0.009196763705719207 0.011664188114570671
0 0.4258726158479764 0.1372456178747542 0.010766942874988245 0.009570615888878446
0 0.6772134385859836 0.16446205680875228 0.010991254184883986 0.010766942874988245
0 0.6883168484258152 0.16446205680875228 0.008972452395823609 0.010766942874988245
0 0.676106710849364 0.3715904732621965 0.0073410974147647325 0.011963269861098027
0 0.749187693491846 0.42468094990015387 0.00558304120990826 0.008757711701816788
0 0.6585453773780418 0.3918395310183406 0.007553526342817207 0.00875771170181686
0 0.5365395062321057 0.5256135772635929 0.007225112153998907 0.009195597286907713
0 0.5035338802558836 0.4918963872115981 0.0095240114757258 0.006568283776362662
0 0.4670799052970709 0.5518867123690434 0.012151324986270851 0.01007136845708935
0 0.5490026815672011 0.5914074257544619 0.005640251314510394 0.007520335086013859
0 0.5496933245853044 0.6089804536595351 0.004949608296407107 0.006752953954787913
0 0.6320224367747954 0.5871934719837917 0.006488343674665841 0.009886999885205014
0 0.5986538121622285 0.5618580347779536 0.007229868666056163 0.013594624842156905
0 0.7218396513569547 0.6351454214270358 0.009639824888074884 0.013347449845026844
0 0.706174935913833 0.6634469585984352 0.007971393657446556 0.008651124899554361
0 0.7009842609741003 0.6662894710654311 0.006117581178970537 0.009392649890945173
0 0.6986669953760054 0.6562788836816614 0.005932199931122995 0.009639824888074742
0 0.6957935860343677 0.6733339584836401 0.007600631161751323 0.010134174882335145
0 0.6727136206773423 0.6859398833372765 0.008898299896684421 0.010134174882335287
0 0.6167284838273689 0.716342407984282 0.006673724922513387 0.01161722486511593
0 0.5526792626960251 0.7219038454197099 0.0068591061703610024 0.01285309985076637
0 0.4960452914785851 0.7535422450523659 0.0081567749052941 0.013347449845026916
0 0.46471586059234177 0.7704737323557793 0.007415249913903921 0.01211157485937619
0 0.4784340729330637 0.7645415324246564 0.005561437435427834 0.008156774905294241
0 0.4873323728297483 0.7866636946678025 0.0066737249225133155 0.008403949902424159
0 0.36368308051540316 0.7078148705832925 0.008898299896684492 0.013841799839287034
0 0.4248588923051091 0.6933551332511803 0.0066737249225133155 0.009145474893814622
0 0.5357600914504027 0.4781069123585277 0.008748141085927941 0.009869697635405857
0 0.5902072733330954 0.1514310801723412 0.008695031165757641 0.010765276681414271
