0 0.35550554990768435 0.6266430219014486 0.008865761756896972 0.012098884582519532
0 0.7172882556915283 0.43045147260030114 0.007377338409423828 0.008746687571207683
0 0.6591249942779541 0.21257369518280028 0.009617805480957031 0.012658357620239258
0 0.5766693115234375 0.19898134072621662 0.008440876007080078 0.012656513849894207
0 0.5587101936340332 0.1878538688023885 0.007687854766845703 0.009871339797973633
0 0.5390223979949951 0.5305773735046386 0.008807182312011719 0.011256726582845052
0 0.3474717974662781 0.5031522432963054 0.00848238468170166 0.010310045878092448
0 0.4006157875061035 0.7292104721069336 0.008398342132568359 0.011175282796223958
0 0.43865485191345216 0.6673495292663574 0.007866668701171874 0.011423047383626301
0 0.6053012609481812 0.6394554138183594 0.008381891250610351 0.011306126912434898
0 0.5767122268676758 0.11960792541503906 0.009771633148193359 0.012874746322631836
0 0.32228498458862304 0.28416579564412436 0.009242582321166991 0.012272453308105469
0 0.552681040763855 0.6537875493367512 0.008260774612426757 0.01089769999186198
0 0.570519781112671 0.257875911394755 0.00902090072631836 0.012442127863566082
0 0.4473410935143551 0.43087195530469685 0.009874725341796875 0.013419628143310547
0 0.27940820455551146 0.3241120338439941 0.00929415225982666 0.012027804056803386
0 0.736713457107544 0.5173396269480388 0.00850381851196289 0.010044829050699871
0 0.632845401763916 0.4436113198598226 0.006675720214843749 0.009967199961344401
0 0.7147247791290283 0.6652124404907227 0.008759403228759765 0.01128997802734375
0 0.5041703939437866 0.22950522899627684 0.008227872848510741 0.011588239669799804
0 0.6422695398330689 0.44804917971293134 0.007900667190551759 0.010643863677978515
0 0.604804277420044 0.6931209882100423 0.008987140655517579 0.012080065409342448
0 0.42322376589150307 0.6300097480744422 0.007755136489868165 0.010243924458821614
0 0.5447442054748535 0.3451909859975179 0.009220695495605469 0.011499309539794922
0 0.4223064422607422 0.25917473634084065 0.007610607147216797 0.01041426658630371
0 0.29410524368286134 0.34648547172546384 0.008620643615722656 0.013712660471598309
0 0.5347857236862182 0.4110807100931803 0.008499670028686523 0.010695266723632812
0 0.31296721696853635 0.47826623916625977 0.00793287754058838 0.011532910664876302
0 0.5393712759017945 0.45679416656494143 0.008610200881958009 0.01136366526285807
0 0.4094975709915161 0.2807565371195475 0.007981443405151367 0.011473274230957032
0 0.4960012674331665 0.2581352631251017 0.008087682723999023 0.010066080093383788
0 0.6793424606323242 0.3672577540079752 0.008476829528808594 0.010721842447916664
0 0.36640223264694216 0.39142373402913416 0.009048199653625489 0.011917877197265624
0 0.5158267498016357 0.20682144165039062 0.008355331420898438 0.012459087371826171
0 0.6725265741348266 0.46009001731872556 0.007735776901245117 0.011620426177978515
0 0.5884659290313721 0.8008918126424153 0.007882404327392577 0.010388056437174477
0 0.40007766485214236 0.5577627817789713 0.008883309364318848 0.010636520385742188
0 0.6819220542907715 0.6003661791483562 0.00845041275024414 0.011349296569824219
0 0.6221729557056345 0.6625892057569844 0.008348369598388672 0.010597419738769532
0 0.5338652354696352 0.3051881492657824 0.007081651687622069 0.009768390655517578
0 0.6459144115447998 0.5668370564778646 0.00755462646484375 0.010688527425130207
0 0.3356608510017395 0.6670831044514973 0.008823180198669433 0.010875066121419273
0 0.35787851712029417 0.5220744570462397 0.007797503471374511 0.010216013590494793
0 0.6814897298812866 0.28594795862833655 0.008693552017211914 0.01075757344563802
0 0.2669691801071167 0.4076075077056885 0.009084558486938477 0.01182413101196289
0 0.34484686851501467 0.5315493742624918 0.007797813415527344 0.009473196665445964
0 0.614653491973877 0.8050007820129395 0.00859832763671875 0.010707918802897136
0 0.5195414781570434 0.5758712768554688 0.009255552291870117 0.012281163533528644
0 0.6582899808883667 0.6079364776611328 0.009303903579711914 0.010765457153320312
0 0.42535929679870604 0.23853747049967444 0.00998239517211914 0.012915388743082684
0 0.3925841927528381 0.3912343978881836 0.008831143379211426 0.011875216166178386
0 0.5893088340759278 0.2093436638514201 0.008017635345458985 0.011720259984334312
0 0.4843475818634033 0.45114472707112624 0.00848703384399414 0.012695693969726562
0 0.5795011043548584 0.41748785972595215 0.007353305816650391 0.009644794464111327
0 0.25772604942321775 0.5014583269755045 0.00891408920288086 0.01153977711995443
0 0.2721630454063415 0.6630171775817871 0.009792637825012208 0.012658754984537758
0 0.23765850067138672 0.48409840265909826 0.008022165298461914 0.011144383748372394
0 0.2884206652641296 0.5129357814788819 0.008408093452453613 0.011639817555745441
0 0.41109366416931153 0.5753432591756186 0.008665847778320312 0.012070337931315102
0 0.3323881983757019 0.49682747522989906 0.00896904468536377 0.010557746887207032
0 0.2957351565361023 0.28539506594340014 0.010305285453796387 0.012637170155843098
0 0.27671767473220826 0.28462516466776533 0.0096024751663208 0.012107563018798829
0 0.5471692800521851 0.8135636965433757 0.009473848342895507 0.011887550354003906
0 0.623476791381836 0.2640232642491659 0.00873708724975586 0.011792771021525065
0 0.43230352622313023 0.7308905535005635 0.0072427034378051754 0.009495290120442708
0 0.5402749300003051 0.11279164950052899 0.008592557907104493 0.009013096491495768
0 0.5963956832885742 0.4040281454722086 0.007495594024658203 0.009423923492431641
0 0.3348266363143921 0.2015783468882243 0.008724355697631836 0.011197503407796223
0 0.6456141948699952 0.22868082523345948 0.008794403076171875 0.012843656539916991
0 0.4560780805061539 0.36124677522160176 0.008022594451904296 0.010413233439127605
0 0.2427176355350996 0.5741617109390171 0.009195597286907642 0.01138502521236198
0 0.38574201476539594 0.5382550929615681 0.006896697965180749 0.014012338722906961
0 0.4995375311908785 0.46096828719303445 0.009852425664544029 0.0126986819676344
0 0.4438713261862052 0.43644669442794737 0.007553526342816923 0.009195597286907642
0 0.2839336162317751 0.3924391931263176 0.005583041209908224 0.00613039819127188
0 0.2905019000081377 0.3944096782592264 0.005583041209908224 0.009195597286907642
0 0.2875461723087745 0.39725593456231695 0.005583041209908224 0.006130398191271809
0 0.291158728385774 0.3552189183935961 0.00886718309808952 0.010509254042180203
0 0.4655466626482018 0.3602546026221408 0.006896697965180678 0.01269868196763447
0 0.5420671686428266 0.47498062591594137 0.007553526342817065 0.010947139627271056
0 0.4031479667727569 0.28975502342251525 0.006896697965180749 0.011822910797452728
0 0.4870577920157894 0.24290126581779511 0.00788194053163508 0.012698681967634436
0 0.5740875520525944 0.16123560419835306 0.009852425664543887 0.012260796382543564
0 0.4952681467362428 0.11109770470545165 0.008538768909271396 0.012698681967634417
0 0.5271501677928887 0.26439485030242715 0.005709742433705784 0.009516237389509853
0 0.522663941594977 0.26453079655084877 0.006525419924235365 0.009244344892666696
0 0.5208286672412857 0.28533057255934885 0.005301903688441172 0.006797312421078452
0 0.5246011756349843 0.28940896001199584 0.0050979843158089014 0.007884882408451048
0 0.65592525161022 0.31945308091316255 0.007137178042132319 0.008156774905294064
0 0.6565370097281169 0.32883337205425084 0.0055058230610735845 0.008428667402137222
0 0.7387165168989555 0.31442306972156453 0.005505823061073301 0.006797312421078452
0 0.7384106378400068 0.31972497341000566 0.005301903688441172 0.008156774905294135
0 0.6249295069701022 0.41570302479563337 0.007952855532661758 0.008700559898980416
0 0.5739496638120138 0.3870183663786824 0.005505823061073513 0.007341097414764804
0 0.5721143894583226 0.392184323818702 0.005097984315808759 0.0073410974147647325
0 0.5682399213783079 0.4136638310693099 0.0055058230610735845 0.007884882408450977
0 0.5687497198098888 0.40577894866085884 0.006525419924235223 0.010060022383196098
0 0.5594713883551168 0.3785896989765451 0.008768533023191196 0.01114759237056859
0 0.5612047030224917 0.42848197214726086 0.008972452395823538 0.01033191488003915
0 0.6663251396144699 0.4363668545557119 0.007545016787397003 0.010875699873725466
0 0.7075168528862054 0.4313368433641138 0.007137178042132462 0.010060022383196098
0 0.7069050947683082 0.44112497325046673 0.007545016787397003 0.010603807376882414
0 0.6541919369428447 0.4704893629095257 0.005301903688441172 0.0073410974147647325
0 0.6533762594523155 0.4748396428590159 0.0061175811789706816 0.006797312421078417
0 0.6532742997659995 0.4805493852927218 0.006321500551602952 0.008428667402137293
0 0.7487085661579407 0.5235083997939376 0.008360694277926371 0.008428667402137364
0 0.6655094621239406 0.5452597995413885 0.006321500551603094 0.009516237389509782
0 0.60871791684583 0.5857717815710162 0.007748936160029487 0.008428667402137293
0 0.6135100221026903 0.5943363952215749 0.005913661806338197 0.00706920491792161
0 0.7042541429240876 0.6378391947164771 0.007137178042132319 0.00815677490529403
0 0.7003796748440729 0.6459959696217712 0.006321500551602952 0.008700559898980345
0 0.6836582862882199 0.6379751409648986 0.005913661806338411 0.01006002238319617
0 0.5375500557971388 0.6458600233733496 0.007748936160029487 0.010603807376882345
0 0.509918980805455 0.5999101914068592 0.006321500551602952 0.014954087326372658
0 0.5588596302372195 0.5540963056887905 0.006729339296867707 0.008156774905294241
0 0.5784358900099257 0.5512414344719376 0.0063215005516030235 0.007341097414764804
0 0.5773143334604477 0.5652438980593592 0.004894064943176417 0.0081567749052941
0 0.4783114780474401 0.6023572238784475 0.0059136618063382685 0.007884882408450977
0 0.47678208275269746 0.6103780525353201 0.005709742433705855 0.006525419924235223
0 0.4408922731694032 0.648578948341781 0.0061175811789706104 0.008428667402137364
0 0.6506136008816454 0.7723968026464779 0.008308878977098715 0.009151808728398407
0 0.6563936906048449 0.7813077743030766 0.006141345330898957 0.009633482871998495
0 0.39466400282623487 0.7981663693290738 0.006502600938598988 0.007706786297598853
0 0.393580236003135 0.8051506444112729 0.005057578507799079 0.007225112153998907
0 0.3700986215026387 0.6972556362448895 0.007225112153998836 0.011078505302798334
0 0.439820953788728 0.7280827814352847 0.005780089723198998 0.011078505302798476
0 0.315729652543797 0.6122401498995025 0.00830887897709875 0.0125235277335981
0 0.2920674102394506 0.6115176386841025 0.009392645800198593 0.012041853589998226
0 0.30448202835288457 0.5824259732058106 0.00671074799257049 0.00725942550139699
0 0.3103064511388892 0.5840297997700726 0.0041783902595251025 0.006415306257048456
0 0.31302873570191303 0.5874062767474666 0.005571187012700065 0.006077658559309143
0 0.30644460559599485 0.5926398160624272 0.004558243919481839 0.006415306257048527
0 0.3176502885647211 0.5879127482940757 0.004938097579438718 0.004389420070612005
0 0.3156244023782847 0.5840297997700726 0.005191333352743221 0.005402363163830372
0 0.31030827268767386 0.5952896541514905 0.005075492009007476 0.005971167069420602
0 0.49929571043483506 0.19163876025865967 0.009255308957601897 0.009951945115700944
