0 0.34741259813308717 0.5531120618184407 0.008098340034484864 0.009506543477376303
0 0.3637889981269836 0.4789786497751872 0.008369517326354981 0.010103384653727211
0 0.5947995901107788 0.44265025456746415 0.009134054183959961 0.012668736775716146
0 0.6785153150558472 0.3842090447743734 0.008319425582885741 0.011964766184488933
0 0.631171464920044 0.6307582219441732 0.00901622772216797 0.011746088663736977
0 0.5543085098266601 0.1974146286646525 0.010409736633300781 0.014085753758748371
0 0.3627205491065979 0.7401902834574381 0.00954577922821045 0.012098757425944011
0 0.7063420534133911 0.6063332239786784 0.009432744979858399 0.01330731709798177
0 0.766017484664917 0.5263591607411702 0.009090709686279296 0.012748432159423829
0 0.44666836261749265 0.7392070134480794 0.009364557266235352 0.0130706787109375
0 0.2720304727554321 0.295744514465332 0.009383010864257812 0.013020070393880208
0 0.2713154673576355 0.32503765424092607 0.00806567668914795 0.011136722564697266
0 0.32966076135635375 0.24902559916178388 0.009020066261291504 0.012505944569905598
0 0.5865485906600952 0.6521879514058431 0.008330774307250977 0.010569063822428386
0 0.6843426942825317 0.5526539166768392 0.009549474716186524 0.011231803894042968
0 0.44138059616088865 0.3732521692911784 0.007594680786132813 0.011151440938313802
0 0.4210881471633911 0.5806319872538249 0.008208417892456054 0.010645866394042969
0 0.41324543952941895 0.2085111618041992 0.00901031494140625 0.01191555658976237
0 0.6410211563110352 0.46987838745117194 0.00831460952758789 0.011197153727213542
0 0.6336210489273071 0.2692421595255534 0.00904536247253418 0.011684290568033854
0 0.5946275949478149 0.5628762880961101 0.008579397201538086 0.011990928649902343
0 0.29523841142654417 0.3177426815032959 0.009873700141906739 0.012871265411376953
0 0.310198175907135 0.6074602127075195 0.00918891429901123 0.011478551228841146
0 0.4941622495651245 0.34537140528361 0.010828924179077149 0.013302485148111977
0 0.37649122476577757 0.43559970855712893 0.007794690132141113 0.010919825236002606
0 0.48467211723327636 0.5549609184265136 0.00805959701538086 0.010549863179524742
0 0.4474062919616699 0.20320538679758704 0.010726451873779297 0.014104382197062176
0 0.544736361503601 0.24317328929901122 0.008424901962280273 0.010882329940795899
0 0.3486702561378479 0.42275416056315107 0.008516526222229004 0.011332194010416664
0 0.6007467269897461 0.12674343188603718 0.0099029541015625 0.012312006950378419
0 0.4672976493835449 0.3725573062896729 0.009252452850341797 0.011287275950113933
0 0.4209925889968872 0.6805025100708008 0.00815892219543457 0.01087799072265625
0 0.4199623346328735 0.2244032144546509 0.009665727615356445 0.012289158503214518
0 0.5604695081710815 0.28125866254170734 0.009209108352661134 0.012255382537841798
0 0.4747541666030884 0.7483996709187827 0.009955167770385742 0.013196690877278644
0 0.4035797715187073 0.4188953876495362 0.0077681303024291996 0.011017767588297527
0 0.3726744413375854 0.5966188112894695 0.007869148254394531 0.01113478342692057
0 0.6154561996459961 0.2991380055745443 0.009704017639160156 0.012029457092285156
0 0.609007239341736 0.6337125460306803 0.007785940170288086 0.0116183598836263
0 0.39694090806116883 0.4601886039665484 0.008965206146240235 0.012031841278076171
0 0.6522186279296875 0.6468256632486978 0.009630107879638672 0.01298357645670573
0 0.6410313129425049 0.5192309538523356 0.007683658599853515 0.010628604888916015
0 0.6329093456268311 0.6794462521870931 0.008713626861572265 0.01048450469970703
0 0.5395148992538451 0.5695672671000164 0.008378839492797852 0.011081250508626302
0 0.4662091970443726 0.6008993784586589 0.008180761337280273 0.011063385009765624
0 0.4780569314956665 0.12183252573013303 0.009452295303344727 0.013068826993306477
0 0.41590352058410646 0.8074459393819172 0.010613536834716797 0.014110374450683593
0 0.40686399936676027 0.2698516289393107 0.010181570053100586 0.013315820693969726
0 0.6585653781890869 0.5504216194152831 0.009110069274902344 0.012197049458821614
0 0.6928616762161255 0.6700732231140136 0.00882878303527832 0.011901283264160156
0 0.6030431509017944 0.5885424931844075 0.009145975112915039 0.011868667602539063
0 0.24408403635025025 0.5348661263783774 0.009002137184143066 0.011717764536539714
0 0.36456502676010133 0.2969860553741455 0.008506083488464355 0.010647424062093099
0 0.6958941698074341 0.4085443178812663 0.008775758743286132 0.011386426289876302
0 0.6401070356369019 0.43490920066833494 0.00889449119567871 0.012375990549723305
0 0.7032626628875732 0.6414546012878418 0.010084915161132812 0.012562497456868488
0 0.3995764970779419 0.5377043724060059 0.008231782913208007 0.011977958679199218
0 0.41808741092681884 0.4929666360219319 0.009067392349243164 0.01243918736775716
0 0.6142024245378067 0.35743265686288395 0.009285831451416015 0.011629358927408856
0 0.5781069755554199 0.5706303596496581 0.00783538818359375 0.01001389821370443
0 0.3564079999923706 0.15957761605580648 0.00824284553527832 0.010090335210164387
0 0.676849627494812 0.6815831184387207 0.00883936882019043 0.012090365091959633
0 0.45908095836639407 0.5833920160929362 0.008072900772094726 0.0109222412109375
0 0.435841763832461 0.35640811014415924 0.007593846321105958 0.00981744130452474
0 0.5483495384883128 0.4351016055045081 0.007484149932861327 0.009598064422607421
0 0.6185662746429444 0.38317437171936036 0.008101844787597656 0.010839303334554039
0 0.6965245723724365 0.2944320837656657 0.008382606506347656 0.010453192392985027
0 0.3674768447875977 0.5566380182902018 0.008799171447753907 0.011801783243815105
0 0.3719497203826904 0.4650859991709391 0.007388067245483398 0.01061576207478841
0 0.5809581518173217 0.35317595799764 0.008854532241821289 0.01239611307779948
0 0.718898606300354 0.3787598768870036 0.006873369216918945 0.011136277516682941
0 0.3544928193092346 0.6102005640665691 0.009091496467590332 0.012790298461914063
0 0.5176738500595093 0.5837774276733398 0.009589719772338866 0.01184539794921875
0 0.7073514461517334 0.3749982198079427 0.008006763458251954 0.01231511433919271
0 0.6396821975708008 0.7684494654337566 0.009460163116455079 0.011048253377278645
0 0.3534401059150696 0.3221278667449951 0.007810807228088379 0.00914462407430013
0 0.33512234687805176 0.5473912239074707 0.007889842987060547 0.011201286315917968
0 0.4505302906036377 0.11870371103286743 0.008200359344482423 0.011581333478291829
0 0.37139277458190917 0.35398335456848146 0.00825190544128418 0.010497379302978515
0 0.6874133110046386 0.2843050638834636 0.008309555053710938 0.012715466817220052
0 0.6090885400772095 0.7870601018269856 0.009803342819213866 0.012801361083984376
0 0.6662871599197387 0.39143393834431967 0.009797430038452149 0.01207122802734375
0 0.3675906538963318 0.431476354598999 0.007357573509216309 0.009237384796142578
0 0.7527221202850342 0.3238416989644368 0.00847482681274414 0.011771774291992188
0 0.3727329969406128 0.7124736150105794 0.007808542251586914 0.00995928446451823
0 0.6227202177047729 0.7079299290974934 0.00843501091003418 0.011529795328776042
0 0.39404639511411865 0.45308401392167935 0.008890295028686523 0.011014302571614586
0 0.4988487958908081 0.5259733676910401 0.009275102615356445 0.011994330088297527
0 0.6338876916639982 0.5044823024276454 0.008867183098089555 0.01313656755272511
0 0.5930001251561409 0.5031686456723728 0.011166082419816448 0.01050925404218006
0 0.6205869170168637 0.5769523667601797 0.008538768909271396 0.01269868196763447
0 0.7398012675578457 0.5360100645541859 0.009195597286907713 0.013136567552725182
0 0.696122180445034 0.5767334239676343 0.0052546270210901014 0.01138502521236198
0 0.6992421152388063 0.5778281379303614 0.007553526342817065 0.008319826116726006
0 0.6964505946338523 0.6721924815174378 0.008538768909271539 0.009633482871998637
0 0.5419317187949213 0.5966572180892676 0.00821035472045338 0.01007136845708942
0 0.5306014292806958 0.6281849802158083 0.009852425664543887 0.010947139627270985
0 0.5358560563017858 0.623368238779809 0.007225112153998907 0.009195597286907784
0 0.5596660849911005 0.6146105270779921 0.006239869587544505 0.01007136845708942
0 0.5552324934420556 0.6137347559078105 0.004597798643453785 0.008319826116726006
0 0.608435592030593 0.7063475571545236 0.008538768909271325 0.010509254042180203
0 0.7021978429381696 0.7111642985905229 0.010837668230998361 0.01401233872290689
0 0.6856129264028539 0.46178845788128825 0.00788194053163508 0.009195597286907713
0 0.778225727649567 0.409680073255478 0.00919559728690757 0.013574453137816108
0 0.7061388132039872 0.3534117755713049 0.010180839853362187 0.01138502521236191
0 0.6176311893175006 0.3485950341353056 0.005911455398726418 0.007881940531635222
0 0.6148396687125466 0.346186663417306 0.00558304120990826 0.010947139627270985
0 0.6701774595284017 0.348813976927851 0.007881940531635222 0.01007136845708935
0 0.6662364892625842 0.3453108922471243 0.0059114553987262754 0.01007136845708935
0 0.6363507980801342 0.3597611165551221 0.0059114553987262754 0.008319826116726006
0 0.695629559161807 0.2800659400685888 0.009524011475725729 0.010071368457089313
0 0.5396328194731945 0.2286143838204149 0.006239869587544575 0.011385025212361875
0 0.5844613562468695 0.20124653475223725 0.007225112153998765 0.01445022430799778
0 0.49513269688833766 0.2441593220911398 0.01642070944090662 0.019704851329087916
0 0.4826529577132487 0.15417383435497173 0.010509254042180203 0.011385025212361892
0 0.5539188366867832 0.14278880914260983 0.008538768909271396 0.014888109893088633
0 0.5570387714805554 0.12614915690915784 0.00821035472045338 0.014888109893088633
0 0.42550888885889376 0.12746281366443035 0.011166082419816448 0.013136567552725272
0 0.3989073395646251 0.16271260326424314 0.007225112153998907 0.01007136845708935
0 0.3982505111869888 0.15570643390278965 0.0052546270210901014 0.007444054946544334
0 0.378874074046719 0.19095622350260247 0.007225112153998907 0.012260796382543546
0 0.3682006129101298 0.18832890999205742 0.0055830412099081884 0.007881940531635151
0 0.36902164838217516 0.19467825097587466 0.0059114553987263466 0.006568283776362626
0 0.3524367318468595 0.1984002784491468 0.00821035472045331 0.012260796382543581
0 0.3655732993995847 0.2279575554427786 0.007553526342817065 0.011822910797452764
0 0.3731268257424018 0.20299807709260062 0.00558304120990826 0.006568283776362662
0 0.3594976369064493 0.307214846344221 0.0059114553987262754 0.010071368457089313
0 0.43240558682407454 0.35056551926821444 0.006568283776362591 0.01532599547817938
0 0.481175093863567 0.4020170755163883 0.008867183098089483 0.01138502521236191
0 0.3668869561548573 0.3641399724060305 0.00952401147572587 0.013574453137816108
0 0.3056377099402757 0.3720219129376656 0.008538768909271433 0.011822910797452764
0 0.3028461893353216 0.3466245490023968 0.00755352634281703 0.009195597286907713
0 0.2534198539181928 0.3963245629102074 0.006568283776362626 0.015763881063270303
0 0.23256555292824144 0.44908977591365384 0.006896697965180749 0.013574453137816108
0 0.26803428532059964 0.5066717303530995 0.0095240114757258 0.010509254042180274
0 0.3898759493721265 0.4657294281471058 0.00689669796518082 0.010947139627271127
0 0.34012119976617955 0.5614074284894549 0.008538768909271468 0.009633482871998495
0 0.3425843061823155 0.5909647054830867 0.006239869587544575 0.01007136845708942
0 0.36097550075613083 0.591621533860723 0.00821035472045331 0.014012338722907032
0 0.40580403752980587 0.6732871954801649 0.010509254042180132 0.010071368457089563
0 0.4424222195830275 0.6862048202403449 0.00821035472045331 0.010509254042180345
0 0.5603700319985743 0.6699169887410329 0.0075450167873970745 0.009516237389509853
0 0.5678130890996551 0.667741848766288 0.0073410974147647325 0.007884882408450977
0 0.5666915325501772 0.6782097098947486 0.006729339296867707 0.009788129886353119
0 0.549358385876427 0.7315006392760037 0.0071371780421323906 0.007612989911607855
0 0.5532328539564417 0.7271503593265135 0.008768533023191125 0.009788129886352977
0 0.586777590754464 0.7279660368170429 0.006933258669500049 0.010331914880039221
