0 0.5034912824630737 0.36674979527791346 0.009150457382202149 0.011546007792154948
0 0.5766403913497925 0.6500917434692383 0.008912611007690429 0.011729685465494792
0 0.43760673999786376 0.7494765917460124 0.009179830551147461 0.01273937225341797
0 0.322015118598938 0.6059665362040202 0.009234094619750976 0.01298109690348307
0 0.7251260995864868 0.3072242101033528 0.010092687606811524 0.013353983561197914
0 0.41396939754486084 0.3227747599283854 0.00877223014831543 0.013383992513020833
0 0.3456871509552002 0.48048427899678553 0.008322811126708985 0.012377134958902995
0 0.5033624649047852 0.5177708784739177 0.008872604370117188 0.011612224578857421
0 0.38248859643936156 0.6987419446309407 0.00811779499053955 0.01161073048909505
0 0.46043593883514405 0.08370079199473064 0.00913548469543457 0.0125640869140625
0 0.7356605529785156 0.563914934794108 0.00859975814819336 0.011708577473958336
0 0.5780942678451537 0.27493069966634115 0.008947992324829101 0.011935997009277343
0 0.3564052224159241 0.375192928314209 0.009009957313537598 0.012442652384440105
0 0.25740001201629636 0.41887599627176925 0.009545373916625976 0.011652723948160809
0 0.37574325799942015 0.12760839859644574 0.008234286308288574 0.011741820971171062
0 0.5124608039855958 0.3423276742299397 0.008121109008789063 0.011471398671468099
0 0.6967771768569946 0.44250214894612633 0.00979304313659668 0.012678082784016926
0 0.7072300910949707 0.2693613688151042 0.007945060729980469 0.010368156433105468
0 0.5226000785827637 0.7681866645812988 0.008831310272216796 0.013273302714029949
0 0.42028515338897704 0.2129248062769572 0.007622480392456055 0.010567744572957359
0 0.6235636949539185 0.15996383825937907 0.00815739631652832 0.012006870905558268
0 0.6450603221962694 0.683683226588951 0.009180402755737305 0.011557960510253906
0 0.5156056880950928 0.7914492607116698 0.007507038116455078 0.011364046732584636
0 0.4529755115509033 0.1340438723564148 0.009958648681640625 0.013260738054911297
0 0.4408547401428223 0.3989001909891764 0.008887577056884765 0.011716397603352864
0 0.5794518709182739 0.4820162932078043 0.008288240432739258 0.010506153106689453
0 0.38493043184280396 0.6321890513102213 0.009656262397766114 0.012351353963216148
0 0.579683256149292 0.2084587415059408 0.009037590026855469 0.01227725346883138
0 0.48293883800506593 0.5413742065429688 0.00912785530090332 0.012626012166341148
0 0.28190490007400515 0.5585339546203614 0.008359742164611817 0.011932182312011718
0 0.3310507535934448 0.42005736033121743 0.007754087448120117 0.010509999593098958
0 0.4405647039413452 0.4208726723988851 0.0077972888946533205 0.011089483896891274
0 0.31693172454833984 0.6555829683939615 0.008276700973510742 0.01156737009684245
0 0.44752686023712157 0.4340939839680989 0.00749812126159668 0.009907849629720052
0 0.49257545471191405 0.47000273068745935 0.008995628356933594 0.010973517100016277
0 0.38365652561187746 0.3878267923990885 0.009075164794921875 0.011962127685546876
0 0.3596395969390869 0.2313278357187907 0.008914947509765625 0.011715126037597657
0 0.46771602630615233 0.31367390950520835 0.009700584411621093 0.012978617350260417
0 0.37733218669891355 0.7326262791951499 0.007698202133178711 0.011800893147786458
0 0.6089937925338744 0.18951571782430013 0.007962846755981445 0.01126861572265625
0 0.6030866622924805 0.7090325037638345 0.00876789093017578 0.011635843912760417
0 0.36980472803115844 0.4926898002624512 0.01014244556427002 0.012868245442708336
0 0.6755906581878662 0.5831038792928059 0.008536720275878906 0.011316426595052083
0 0.6562490559757189 0.41774499250151886 0.00692410469055176 0.01082857989539482
0 0.28857648372650146 0.2946451822916667 0.00908360481262207 0.011913490295410157
0 0.2777616864704348 0.3410590277871257 0.01119852066040039 0.015337244669596356
0 0.3366971850395203 0.4990732669830322 0.00928046703338623 0.011925220489501953
0 0.5558204398726928 0.6265585867865482 0.007734489440917968 0.009580548604329426
0 0.23607096421976764 0.3456168394953907 0.009254550933837891 0.011582088470458985
0 0.5648737192153931 0.2847716967264811 0.009891366958618164 0.013258870442708333
0 0.4721162557601929 0.3646381855010986 0.009133005142211914 0.011943658192952476
0 0.4731698972507893 0.6780947992768582 0.009631681442260741 0.012591807047526042
0 0.27243491411209103 0.38797127405802406 0.0089888334274292 0.011861356099446614
0 0.3278676748275757 0.16966272195180257 0.008409929275512696 0.010824791590372721
0 0.7107845544815063 0.46791508992513026 0.008168268203735351 0.011696497599283852
0 0.6617024660110473 0.6102630933125813 0.009334993362426759 0.012669690450032552
0 0.6438219308853149 0.5660612106323242 0.007778596878051758 0.00916900634765625
0 0.4884622923615353 0.3609014157681335 0.0072784423828125 0.01000073750813802
0 0.6167725324630737 0.27555537223815924 0.00887923240661621 0.012120469411214191
0 0.48988306522369385 0.20232690175374352 0.010282468795776368 0.01346753438313802
0 0.7112385749816894 0.6178773880004882 0.009452247619628906 0.011650594075520833
0 0.4296440362930298 0.4391259988149007 0.008152437210083009 0.012139479319254555
0 0.39227498769760133 0.461155637105306 0.00819723606109619 0.010464731852213542
0 0.25546394586563115 0.5306410312652589 0.007481265068054199 0.010427761077880859
0 0.5954723358154297 0.6171074231465657 0.008493900299072266 0.010514767964680989
0 0.4174522399902344 0.5982509613037109 0.010664558410644532 0.013483937581380208
0 0.37898839712142945 0.34696507453918457 0.00940244197845459 0.011735820770263672
0 0.3043802738189697 0.2085857311884562 0.008736562728881837 0.010172478357950846
0 0.46689136028289796 0.624909241994222 0.008530282974243164 0.012585767110188802
0 0.4155955076217651 0.12448232968648273 0.009841394424438477 0.012668800354003907
0 0.4968490362167358 0.8005466143290202 0.00696110725402832 0.010409736633300781
0 0.6683813095092773 0.3550366083780925 0.00850677490234375 0.011172739664713542
0 0.6238136053085327 0.13997718493143718 0.00713038444519043 0.01092230478922526
0 0.5323870658874512 0.8107243220011394 0.00896158218383789 0.011004002888997395
0 0.3179389713416538 0.24029635424508008 0.008061075543717742 0.012340411943469186
0 0.3336132848988828 0.24069443204970817 0.009553867311072892 0.012340411943469186
0 0.3995946810159801 0.24348097668210442 0.008956750604130832 0.01313656755272529
0 0.5573827708254186 0.1525201983245977 0.007463958836775646 0.008757711701816823
0 0.5838051851076048 0.1399807474788145 0.008956750604130832 0.009951945115700961
0 0.5735049219128543 0.12246532407518082 0.008061075543717848 0.012340411943469203
0 0.5832080684006626 0.12107205175898267 0.005374050362478471 0.008757711701816823
0 0.5812674391031011 0.13182015248393972 0.006866842129833728 0.007165400483304722
0 0.5933590524186778 0.11052298993633965 0.007762517190246783 0.011544256334213117
0 0.5878357228794637 0.1099258732293976 0.0068668421298335855 0.009553867311072928
0 0.5847008601680179 0.09897873360212656 0.010150984018015095 0.010748100724957048
0 0.6647144988982535 0.1545105873477379 0.008359633897188842 0.012738489748097201
0 0.5730570843826479 0.46958916971083015 0.010748100724957013 0.009155789506444805
0 0.5776847388614488 0.5109892613921461 0.008658192250659695 0.010748100724957013
0 0.6809859291624246 0.5488066528318098 0.006866842129833657 0.013932723161981358
0 0.6777017872742434 0.686740612135425 0.011046659078428007 0.01114617852958517
0 0.6320223591931761 0.7012704520043485 0.006269725422891597 0.009155789506444877
0 0.616646603989418 0.6833569507960866 0.007165400483304722 0.009155789506444734
0 0.5994794986648339 0.6678319164155933 0.008061075543717705 0.010748100724956942
0 0.574848434503474 0.6232472022972531 0.007165400483304722 0.012340411943469291
0 0.5054336173214599 0.7972072029197057 0.008658192250659766 0.009951945115701051
0 0.5494709744584368 0.7910369969479716 0.007762517190246981 0.007165400483304584
0 0.553650791407031 0.7976052807243338 0.008359633897188771 0.010748100724957084
0 0.4534844638175008 0.697090635055754 0.008658192250659766 0.011942334138841205
0 0.45079743863626165 0.7056493078552569 0.008658192250659837 0.010748100724957226
0 0.36331984106925014 0.7627734728193803 0.006269725422891667 0.009553867311072963
0 0.3574979531765651 0.7325195596676494 0.005971167069420531 0.00716540048330458
0 0.35719939482309443 0.6811675228706326 0.007762517190246726 0.006369244874048814
0 0.3570501156463585 0.676390589215096 0.009852425664543958 0.007961556092560614
0 0.4631876103053092 0.6666376830017091 0.007165400483304722 0.009155789506444877
0 0.4619933768914251 0.6570838156906362 0.007762517190246783 0.010748100724956942
0 0.4560222098220045 0.6465347538679933 0.007165400483304722 0.00875771170181693
0 0.4542308597011784 0.6419568591147705 0.007165400483304651 0.010748100724957084
0 0.5005074044891878 0.6095135180375856 0.007762517190246712 0.0111461785295851
0 0.49289416647567647 0.6033433120658509 0.006269725422891597 0.013136567552725324
0 0.35107894857693794 0.6043385065774212 0.008061075543717777 0.01353464535735327
0 0.3288363512433463 0.5661230373331294 0.010748100724957084 0.010350022920329067
0 0.40332666043436805 0.6345924197291519 0.006269725422891597 0.009553867311073034
0 0.33316544736867626 0.67858001714055 0.006269725422891597 0.015525034380493566
0 0.32226806746698367 0.6964935183488119 0.008956750604130797 0.010748100724956942
0 0.48692299940625605 0.5141738838291704 0.0056726087159494655 0.013136567552725324
0 0.2736030558512059 0.5374614353999106 0.009553867311072928 0.011942334138841276
0 0.34361498974016214 0.5251210234564414 0.011046659078428079 0.012738489748097237
0 0.49364056235935416 0.43236889497810865 0.008956750604130832 0.010350022920328925
0 0.4888636287038176 0.43575255631744697 0.007762517190246783 0.00756347828793281
0 0.4861766035225784 0.46341896373909564 0.006568283776362662 0.009553867311072963
