0 0.6033589892917209 0.5212911817762587 0.009746424357096354 0.014156482837818287
0 0.5109439214070638 0.4656211853027344 0.009821277194552952 0.01339156539351852
0 0.36407010820176866 0.31153892234519676 0.0082603030734592 0.01183234320746528
0 0.41530689663357206 0.8099681147822628 0.009989420572916666 0.014076515480324075
0 0.33882527881198465 0.6401558204933449 0.010666889614529081 0.014194177698206018
0 0.4850886238945855 0.4670790495695891 0.009080886840820312 0.011942941171151623
0 0.4561871210734049 0.46023059421115453 0.010321002536349827 0.012760303638599537
0 0.650596300760905 0.6803026269983361 0.010481643676757812 0.013921836570457176
0 0.38207433488633896 0.571175045437283 0.009930716620551215 0.01355743408203125
0 0.45474340650770395 0.5832770736129196 0.01027043660481771 0.01387786865234375
0 0.689883041381836 0.5267825373896846 0.010075039333767362 0.014419160065827547
0 0.6992160373263888 0.3052662037037037 0.008904351128472222 0.01183884232132523
0 0.5780986997816298 0.28062419184932 0.009728029039171008 0.013962074562355325
0 0.5136612786187066 0.7186759383590133 0.01058832804361979 0.014469457555700232
0 0.7897471533881294 0.5553142123752169 0.009793853759765625 0.012012453432436343
0 0.5822121302286785 0.8361007972999854 0.010239283243815102 0.013991009747540507
0 0.496345223320855 0.5968529595269096 0.01014582316080729 0.013202243381076388
0 0.4974776162041558 0.5572949444806135 0.01006728278266059 0.013945968062789351
0 0.5712312486436631 0.3165565208152489 0.009463585747612847 0.012762394657841436
0 0.5422829733954536 0.5052423265245226 0.00807423061794705 0.010677591959635418
0 0.7151990760282476 0.7660327726685056 0.006220894251413494 0.01172484052196666
0 0.5689225514729818 0.6702765853316697 0.009288618299696181 0.012372447826244214
0 0.6519036187065973 0.6132121333369502 0.01007783677842882 0.013493177625868056
0 0.46603984832763673 0.28586944297507955 0.009471342298719617 0.012145233154296876
0 0.3472776624891493 0.7139289573386862 0.009965684678819444 0.01384932906539352
0 0.6130725436740451 0.5522310045030382 0.009602186414930556 0.011976680049189815
0 0.3364933755662706 0.3622957724112051 0.01058309343126085 0.013460710313585068
0 0.594152365790473 0.6782045435022424 0.009928809271918403 0.012432126645688657
0 0.361460558573405 0.84249346697772 0.01014298333062066 0.013108995225694444
0 0.35524797439575195 0.4233692593044705 0.010458352830674913 0.013559977213541664
0 0.44787235260009767 0.864982831036603 0.009558656480577257 0.012539333767361112
0 0.5633302264743382 0.7066055862991898 0.009785673353407118 0.012318363896122685
0 0.44139804840087893 0.37834311591254344 0.010221566094292535 0.013622877332899306
0 0.4150908999972874 0.3306046379937066 0.008786773681640625 0.01200550220630787
0 0.272148863474528 0.7333920796712239 0.009943877326117621 0.013074691207320601
0 0.5182248009575737 0.19753570556640626 0.011010657416449653 0.015121742531105325
0 0.3751837624443901 0.32346688729745365 0.009428702460394966 0.01257911964699074
0 0.45362860361735025 0.30030280219184025 0.011026891072591145 0.014931459780092592
0 0.46907630496554903 0.43909081353081597 0.008938386705186633 0.012630321361400463
0 0.6974494086371529 0.4107665309199581 0.008303578694661458 0.011215859872323495
0 0.26782572004530164 0.36136762830946173 0.010009341769748263 0.012604042335792825
0 0.30154827965630426 0.6351403412995515 0.010214063856336806 0.013015238444010417
0 0.41331840091281463 0.7232966105143229 0.01013620164659288 0.013403659396701389
0 0.42161346011691625 0.5367507652000145 0.010390684339735244 0.013451865867332175
0 0.2890919977439713 0.4534067917025477 0.005921818581243521 0.007566768187144461
0 0.28588434601246443 0.4440305789489122 0.005428333699473206 0.005263838738883138
0 0.28785828553954557 0.44732047816071413 0.004441363935932649 0.005263838738883138
0 0.3786595037852799 0.47742305594870216 0.006415303463013941 0.010198687556586136
0 0.6999181618177421 0.2857864268612375 0.005428333699473455 0.007895758108324706
0 0.6557512648993007 0.40208436399843706 0.004934848817702857 0.007566768187144603
0 0.641193460887077 0.39583355549601335 0.0059218185812435565 0.007566768187144461
0 0.6466217945865503 0.4108025969097123 0.005428333699473313 0.007895758108324743
0 0.6822760772944543 0.40866416242204096 0.004688106376817842 0.008882727871865299
0 0.6862239563486164 0.40290683880138756 0.005181591258588014 0.007237778265964252
0 0.6091169435720077 0.5377927064852683 0.006415303463013871 0.011185657320126623
0 0.7195341858681112 0.7615058528878023 0.006168561022128784 0.011185657320126552
0 0.6714194098955076 0.8472077273552435 0.006168561022128642 0.010198687556586065
0 0.6182464138847583 0.8292777766509226 0.007895758108324743 0.008553737950685161
0 0.6263889144339682 0.8504976265670453 0.005921818581243485 0.0075667681871446745
0 0.6257720583317554 0.8570774249906493 0.005181591258588085 0.0069087883447841135
0 0.5441003103987714 0.7883185314639882 0.006168561022128713 0.00888272787186537
0 0.5478014470120486 0.7833836826462853 0.0046881063768177 0.008882727871865085
0 0.5513792124048832 0.7815742380797943 0.004441363935932685 0.009211717793045438
0 0.5553270914590456 0.7820677229615645 0.004441363935932614 0.008224748029504951
0 0.3844579511460809 0.8098673713012912 0.00715553078566927 0.011185657320126694
0 0.39605484586768286 0.8304292413750534 0.008142500549209898 0.010856667398946484
0 0.5376850069357576 0.48827972334764863 0.006168561022128571 0.010198687556586065
0 0.5253478848915002 0.48350936949053586 0.005181591258588085 0.009211717793045438
0 0.5281854229616794 0.47906800555460316 0.005428333699473384 0.007566768187144532
0 0.5384252342584129 0.46804684319506656 0.005181591258588085 0.008553737950685161
0 0.5424964845330179 0.47380416681572 0.0039478790541623 0.010198687556586136
0 0.5696381530303841 0.4099801221067618 0.005921818581243628 0.00822474802950488
