0 0.5148158391316732 0.18192577362060547 0.00886522928873698 0.01156111823187934
0 0.3507388326856825 0.725349850124783 0.009058062235514324 0.011189383047598377
0 0.4410282982720269 0.8496038648817273 0.009466552734375 0.013659046314380786
0 0.49000443352593315 0.576173824734158 0.009801652696397569 0.01285519070095486
0 0.515397474500868 0.60231362802011 0.008764478895399306 0.012860333478009259
0 0.2757645924886068 0.6788185967339408 0.008918126424153646 0.011383621780960649
0 0.5689586851331923 0.825267254864728 0.009255769517686632 0.012834902162905093
0 0.7577696482340494 0.49586664835611977 0.008927832709418403 0.01136028148509838
0 0.44863075680202913 0.4280687826651114 0.008952034844292535 0.011997279414424189
0 0.4309960047403971 0.5066813716182003 0.007200749715169271 0.010189480251736112
0 0.27627975675794814 0.5914625944914641 0.008605596754286024 0.011415269639756944
0 0.3156693564520942 0.28804014700430414 0.010127173529730905 0.01229838618525752
0 0.46451958550347217 0.7981750770851417 0.007989417182074653 0.010701892994068287
0 0.28921538458930124 0.5859316790545429 0.009639951917860243 0.013407841435185187
0 0.6465009477403428 0.641950367115162 0.008505079481336806 0.011036625614872685
0 0.7687208811442057 0.46308322482638886 0.008086734347873263 0.010991583930121528
0 0.5904179043240018 0.2514203248200593 0.008679114447699653 0.012338059036820025
0 0.40343494415283204 0.6950632165979456 0.007904603746202258 0.010917267975983797
0 0.5662568198310004 0.5439967120135272 0.009055455525716146 0.011676873101128473
0 0.3964723375108507 0.40808602792245374 0.008625454372829862 0.011515186451099536
0 0.2755130343967014 0.5198231167263455 0.007537078857421875 0.010605819137008102
0 0.522046618991428 0.3131640398943866 0.008491939968532987 0.011158413357204862
0 0.3356298022800022 0.7178253173828125 0.00814043680826823 0.01080887405960648
0 0.7397676255967882 0.5276075575086806 0.009592692057291666 0.011628101490162038
0 0.4754684448242187 0.8471007510708017 0.00712983873155382 0.010268034758391205
0 0.41929829915364586 0.5647218209725839 0.00811004638671875 0.010369590476707175
0 0.23468253877427844 0.6038377267343027 0.008082432217068142 0.011210858380353008
0 0.6840114381578233 0.692320618806062 0.008836407131618923 0.011505635579427083
0 0.46127522786458336 0.2836247620759187 0.007941097683376737 0.010735321044921874
0 0.27996270921495225 0.6446353205928097 0.007620493570963543 0.009850565592447917
0 0.4754523383246528 0.5391083328812211 0.006628078884548611 0.010023328993055556
0 0.6799063364664714 0.5360696863245081 0.0087432861328125 0.012104514793113426
0 0.33790057500203446 0.37253540886773 0.008509593539767796 0.010903732864945025
0 0.631901741027832 0.8728035538284867 0.007434124416775174 0.009625639738859954
0 0.36003001530965173 0.5711193508572049 0.009176656934950086 0.010802770543981481
0 0.41403732299804685 0.5198771441424335 0.007122887505425347 0.010059102376302082
0 0.5344011306762695 0.3418623606363932 0.007370800442165799 0.01117070515950521
0 0.7279768625895181 0.7809533578378182 0.009034983317057292 0.011688458478009261
0 0.29931230545043946 0.3197216316505715 0.006885507371690538 0.00914247300889757
0 0.5116024017333984 0.5431580437554253 0.007273779975043403 0.009334027325665508
0 0.6143983629014756 0.7441807217068143 0.008999888102213542 0.012970366301359953
0 0.3925088034735786 0.8215720565230759 0.008553695678710938 0.012399913646556713
0 0.24465688951206133 0.6353717045450898 0.009616624276972524 0.012822165702629888
0 0.3620234176196579 0.5966137945803217 0.005682550709120164 0.008742385706338568
0 0.4087951811485698 0.607978895998562 0.006556789279754085 0.008159559992582785
0 0.44551320111519216 0.5727179403163294 0.006556789279753943 0.0075767342788268625
0 0.5023387082063934 0.6327489888331883 0.009179504991655492 0.011073688561362332
0 0.5106439746274152 0.6426570259670388 0.006556789279754014 0.008742385706338568
0 0.5075841396301966 0.647611044533964 0.005682550709120022 0.006993908565071081
0 0.48966224893220234 0.6557706045265468 0.007431027850387863 0.010490862847606338
0 0.5482362331646713 0.6496509345321095 0.009179504991655634 0.01107368856136219
0 0.5139223692672921 0.5313373146396597 0.007868147135704788 0.01107368856136226
0 0.5456135174527698 0.5456165446266795 0.007431027850387863 0.009325211420094633
0 0.3856278590267722 0.49957331323996257 0.008305266421021713 0.011656514275118254
0 0.43305530148365956 0.4523644304257338 0.00874238570633878 0.010490862847606409
0 0.42802842970251476 0.44216498043500535 0.006556789279754014 0.009908037133850484
0 0.4083779241719452 0.4334916145424684 0.006525419924235365 0.009788129886352977
0 0.4167386184498717 0.43321972204562526 0.0057097424337059265 0.008700559898980416
0 0.41684057813618786 0.4420562281930272 0.0067293392968676355 0.007884882408451048
0 0.4241816755509526 0.43634648575932133 0.008360694277926512 0.009516237389509782
0 0.4368246766541585 0.44192028194460564 0.008360694277926512 0.008700559898980416
0 0.356888282582276 0.42655835587296836 0.010807726749514685 0.008972452395823538
0 0.49534953659964387 0.42778187210876245 0.008768533023191267 0.010875699873725608
0 0.3486372365259075 0.33794519817813223 0.007947623369398756 0.012716197391038051
0 0.4638777753821898 0.3511912371271302 0.007947623369398756 0.007417781811438857
0 0.5328234081117244 0.3623179098442886 0.0075502422009288495 0.010596831159198388
0 0.5389828162230083 0.3538404449169299 0.007947623369398756 0.011656514275118254
0 0.5445461525815876 0.34165408908385175 0.008742385706338708 0.010596831159198317
0 0.5824960541704667 0.32681852546097395 0.009139766874808686 0.009537148043278591
0 0.6530312115738809 0.30562486314257725 0.007152861032458872 0.01165651427511822
0 0.6411097765197827 0.2902594579617396 0.007947623369398969 0.012716197391038122
0 0.6689264583126786 0.2470773709880062 0.005563336358579108 0.011126672717158287
0 0.659190619685165 0.23436117359696815 0.007550242200928778 0.011126672717158287
0 0.5365985292121888 0.21104814504673172 0.008742385706338708 0.010066989601238453
0 0.5507055606928717 0.1967424229818139 0.007550242200928921 0.012186355833078118
0 0.5540833006248661 0.20098115544549328 0.007947623369398756 0.009007306485318622
0 0.5747471213853028 0.18852987883343517 0.006358098695519061 0.010596831159198388
0 0.5254718564950305 0.18005241390607643 0.0071528610324589435 0.00953714804327852
0 0.5564675876356857 0.3509263163481502 0.007947623369398684 0.007947623369398756
0 0.6019677314254939 0.34271377219977156 0.005960717527049013 0.010596831159198388
0 0.6186577405012312 0.4052350760390419 0.005165955190109344 0.01059683115919846
0 0.6287909602972147 0.43305175783193767 0.00635809869551899 0.009007306485318622
0 0.620644646343581 0.43543604484275733 0.0067554798639891086 0.008477464927358654
0 0.6782649157717222 0.411593174734561 0.005960717527049013 0.010596831159198388
0 0.6907824225785252 0.43464128250581746 0.007947623369398684 0.009007306485318622
0 0.7410511403899724 0.44338366821215613 0.006755479863988825 0.010596831159198388
0 0.7523765036913658 0.43914493574847674 0.007152861032458872 0.007417781811438857
0 0.6560115703374055 0.4992819525769276 0.008345004537868732 0.011126672717158358
0 0.6206446463435809 0.5085541798412261 0.007550242200928921 0.00953714804327852
0 0.6047493996047834 0.5345164161812622 0.007550242200928707 0.010596831159198388
0 0.6122996418057122 0.5411394356557612 0.007550242200928778 0.007947623369398684
0 0.6079284489525429 0.5485572174672 0.006755479863988967 0.005828257137559163
0 0.6291883414656847 0.5649823057639576 0.008742385706338708 0.012186355833078082
0 0.6504482339788263 0.5474975343512802 0.009934529211748498 0.011126672717158144
0 0.7839683065847259 0.5890900966511338 0.009139766874808544 0.014835563622877714
0 0.7686691315986333 0.6582344199649032 0.010331910380218403 0.01642508829675748
0 0.665747408964919 0.6444585394579454 0.008742385706338639 0.011126672717158287
0 0.7128370774286068 0.6219402732446488 0.007550242200928778 0.013775880506957989
0 0.6830334897933613 0.5877654927562341 0.00834500453786859 0.011126672717158287
0 0.6132930947268871 0.5973026407995126 0.007152861032458801 0.011126672717158427
0 0.6176642875800564 0.594388512230733 0.006358098695519061 0.01059683115919846
0 0.5824960541704668 0.6394250446573261 0.007550242200928778 0.00953714804327852
0 0.5900462963713956 0.639954886215286 0.009139766874808686 0.008477464927358796
0 0.5944174892245649 0.6754542705986006 0.009934529211748568 0.010596831159198246
0 0.5928279645506852 0.6839317355259592 0.008345004537868803 0.013775880506957917
0 0.5518977041982814 0.7170468328984542 0.014703103233387794 0.011126672717158215
0 0.5024237487237742 0.739035257553791 0.0071528610324589435 0.011656514275118041
0 0.5065962509927084 0.7477776432601295 0.006755479863988967 0.015365405180837684
0 0.5447448431658226 0.7273787432786727 0.005960717527049084 0.008477464927358796
0 0.6929680190051098 0.7483074848180895 0.007550242200928778 0.015365405180837684
0 0.7060815975646179 0.763937810777907 0.007550242200928921 0.009537148043278591
0 0.697537902442514 0.7774487705058851 0.007947623369398827 0.010066989601238419
0 0.6355464401612035 0.8574548457578328 0.010331910380218261 0.010066989601238419
0 0.6053454713574883 0.8667270730221313 0.007152861032458872 0.008477464927358512
0 0.6119022606372423 0.8908348639093078 0.00834500453786866 0.01006698960123856
0 0.6184590499169963 0.7893702055599832 0.00953714804327852 0.013775880506957777
0 0.6023651125939636 0.7803628990746642 0.0083450045378689 0.015895246738797504
0 0.5968017762353846 0.7814225821905845 0.008345004537868732 0.007417781811438857
0 0.6047493996047834 0.8182465704687988 0.008345004537868732 0.007947623369398827
0 0.508781847419293 0.8815626366450091 0.007947623369398756 0.01059683115919853
0 0.5177229237098666 0.8548056379680332 0.00834500453786866 0.01218635583307801
0 0.36135343391694563 0.8426192821349552 0.008742385706338639 0.012186355833078153
0 0.3879779722044316 0.7766540081689454 0.007152861032458872 0.013775880506957917
0 0.39195178388913093 0.6963830121380176 0.0071528610324589435 0.01324603894899795
0 0.3492333082786125 0.7483074848180897 0.009139766874808615 0.015365405180837542
0 0.3430739001673284 0.7475127224811497 0.007947623369398756 0.016954929854717308
0 0.2759164826959087 0.7117484173188551 0.011921435054098204 0.012186355833078153
0 0.47373084145440214 0.5169778923425301 0.010472503837623109 0.011636115375136811
