0 0.5523386240005493 0.1839429537455241 0.009944391250610352 0.013442897796630859
0 0.5900993108749389 0.4092900276184082 0.008360528945922851 0.012112935384114586
0 0.5860342264175415 0.42878821690877283 0.008778810501098633 0.01052265167236328
0 0.754473352432251 0.3543616771697998 0.00839996337890625 0.01075124740600586
0 0.5762428760528564 0.33146397272745776 0.009782028198242188 0.012506739298502606
0 0.4045045018196106 0.613915220896403 0.009371447563171386 0.01330738067626953
0 0.3277497410774231 0.29275172551472983 0.008871006965637206 0.012119420369466146
0 0.4842323064804077 0.49029083251953126 0.007710504531860352 0.010591189066569008
0 0.49813497392532824 0.14494390127655662 0.010407590866088867 0.014202260971069336
0 0.2904435038566589 0.5599758783976236 0.009003376960754395 0.012008285522460938
0 0.6733108520507812 0.4571818033854167 0.009090423583984375 0.012055778503417968
0 0.7301947832107544 0.41184894243876136 0.009403657913208009 0.012468496958414711
0 0.6276923179626466 0.5431394894917806 0.008556461334228516 0.012214215596516927
0 0.36477285623550415 0.7060166041056314 0.009915471076965332 0.012371699015299477
0 0.46783220767974854 0.3350094954172771 0.008808565139770509 0.012682882944742839
0 0.6136111259460449 0.5177968660990397 0.00934457778930664 0.012143643697102864
0 0.3643198013305664 0.48950072924296056 0.010074186325073241 0.013714822133382161
0 0.2642661690711975 0.497542667388916 0.009804129600524902 0.013791592915852864
0 0.5445287704467774 0.7358252843221028 0.009521389007568359 0.012630462646484375
0 0.6602466583251954 0.1921730200449626 0.009047508239746094 0.013095760345458984
0 0.5677888631820679 0.4847686131795247 0.009933900833129884 0.012074216206868488
0 0.42994098663330077 0.23306674162546795 0.010138702392578126 0.013973379135131836
0 0.44093220233917235 0.47855865160624184 0.007412862777709961 0.009274895985921223
0 0.38781299591064455 0.5048791249593099 0.009527158737182618 0.011470095316569012
0 0.7095755577087403 0.3975151856740316 0.008197498321533204 0.011886946360270182
0 0.6822397470474243 0.2203810373942057 0.01017451286315918 0.015205097198486329
0 0.533143424987793 0.2614981969197591 0.0093170166015625 0.013109270731608074
0 0.47840683460235595 0.1122455914815267 0.008427190780639648 0.012392139434814453
0 0.5316924095153809 0.5952789306640625 0.009216880798339844 0.011827850341796875
0 0.3607350468635559 0.6617459615071616 0.009548258781433106 0.012118657430013023
0 0.3060801744461059 0.6095751444498698 0.008710098266601563 0.012015787760416667
0 0.5991646051406861 0.33790194193522133 0.007999563217163086 0.011164474487304687
0 0.5213663816452027 0.15701157251993814 0.008501768112182617 0.011032422383626304
0 0.5215540885925293 0.5219512144724527 0.007391929626464844 0.009969552357991537
0 0.705290675163269 0.6425171852111816 0.008957624435424805 0.012189292907714843
0 0.6510683536529541 0.4406904061635335 0.008087730407714844 0.011433823903401691
0 0.5381213188171386 0.48242769241333006 0.009541988372802734 0.012776501973470052
0 0.6731695890426636 0.6007802645365397 0.00906996726989746 0.012034670511881512
0 0.3183072686195374 0.543074385325114 0.010017800331115722 0.01408735911051432
0 0.6357417583465577 0.35280618667602537 0.008943653106689453 0.012709999084472656
0 0.4928424835205078 0.11495536963144938 0.009123611450195312 0.012064313888549805
0 0.35762948989868165 0.3236233234405518 0.008120918273925781 0.011186567942301433
0 0.6791746854782105 0.3624549070994059 0.008069658279418945 0.01106112798055013
0 0.5034220457077027 0.42392471631367995 0.008841276168823242 0.011020501454671226
0 0.26963449716567994 0.39506823221842446 0.009445691108703613 0.012105305989583336
0 0.3705694079399109 0.26072885195414225 0.01015641689300537 0.013285795847574867
0 0.2541889162156706 0.6337642104550366 0.007044458389282225 0.009636942545572917
0 0.6784540950746658 0.32547829918931415 0.008577251434326172 0.013614273071289063
0 0.40471591949462893 0.22169315020243327 0.009282970428466797 0.011700852711995441
0 0.5951300621032715 0.14138369560241698 0.009913158416748048 0.01358795166015625
0 0.46034018993377684 0.34985623359680174 0.008637189865112305 0.011483287811279297
0 0.32681955099105836 0.2616746584574382 0.008391976356506348 0.011902554829915363
0 0.5254306882191458 0.8327296124788865 0.006844758987426758 0.009008089701334635
0 0.612494707107544 0.43322178522745763 0.008486461639404298 0.011625099182128906
0 0.46875126361846925 0.12725125551223754 0.008784723281860352 0.01214152177174886
0 0.7090492340237976 0.42708986785959696 0.0077941417694091806 0.009082921346028646
0 0.41412451267242434 0.7315327008565267 0.007723951339721679 0.010144869486490883
0 0.38044928312301635 0.47706122398376466 0.00907275676727295 0.011673831939697265
0 0.3340167164802551 0.41803816159566237 0.00924527645111084 0.011520226796468101
0 0.401724374294281 0.5842207272847493 0.009049725532531739 0.0112545649210612
0 0.5395491123199463 0.8440287907918296 0.009039878845214844 0.011345799763997395
0 0.5268272638320922 0.528197940190633 0.010560941696166993 0.014034493764241535
0 0.25530734038467023 0.32010705799417005 0.00861670970916748 0.01160265604654948
0 0.3470772624015808 0.24133408864339193 0.008728861808776855 0.012513065338134765
0 0.7208560705184937 0.6742185274759929 0.008964109420776366 0.011436398824055989
0 0.40490767955780027 0.7201659520467122 0.00791163444519043 0.010892359415690105
0 0.3384974360466003 0.6194530487060547 0.009451699256896973 0.01327362060546875
0 0.5369410991668702 0.2886021931966146 0.010714340209960937 0.013936742146809894
0 0.5136861903000578 0.4868742863542336 0.00795745849609375 0.010350894927978516
0 0.7596060276031494 0.5208091259002686 0.00988941192626953 0.012361876169840495
0 0.38037010082054323 0.5747711857103452 0.008210354720453238 0.015763881063270303
0 0.40959896362535686 0.5312015699938065 0.00689669796518082 0.011822910797452764
0 0.4209292531395824 0.4939812952610849 0.008538768909271396 0.011822910797452835
0 0.42536284468862734 0.48084472770835957 0.00821035472045331 0.01007136845708935
0 0.452292808171714 0.37750372962692097 0.010180839853362116 0.01007136845708935
0 0.49695713785097995 0.3816636426852839 0.01215132498627078 0.01138502521236191
0 0.35935159273618283 0.34181605444201735 0.007553526342816994 0.007881940531635151
0 0.3563958650368197 0.3334962283252913 0.00821035472045331 0.01138502521236191
0 0.4902246469802083 0.28007418694420855 0.0059114553987263466 0.010509254042180238
0 0.49432982434043493 0.28116890090693564 0.006239869587544505 0.008319826116726041
0 0.49876341588947976 0.2833583288323898 0.007225112153998907 0.009195597286907642
0 0.4979423804174344 0.2192080906165815 0.0055830412099081884 0.007006169361453516
0 0.49974865845593414 0.21329663521785514 0.005254627021090173 0.010947139627271056
0 0.5848079333598302 0.31028829231547667 0.008538768909271539 0.009633482871998495
0 0.5961382228740557 0.28335832883238987 0.011494496608634677 0.011822910797452799
0 0.6255312927732785 0.2905834409863888 0.007881940531635151 0.010509254042180166
0 0.6096032046155991 0.28861295585347996 0.00952401147572587 0.015325995478179451
0 0.6074685123882813 0.2986843243105693 0.0052546270210901014 0.008319826116725935
0 0.6107526542764625 0.30043586665093275 0.0059114553987262754 0.007444054946544334
0 0.6135441748814167 0.3026252945763869 0.00558304120990826 0.007444054946544298
0 0.4949866527180712 0.13644771503441236 0.008210354720453238 0.01138502521236191
0 0.679062805550634 0.295400182422388 0.007225112153998765 0.013136567552725218
0 0.6839890183829058 0.29299181170438837 0.006568283776362591 0.00831982611672597
0 0.7601811101887124 0.3418160544420173 0.008538768909271539 0.016639652233452012
0 0.6903930950648595 0.37925527196728426 0.010180839853362187 0.010947139627271056
0 0.689572059592814 0.38823192646164656 0.009852425664544029 0.009633482871998566
0 0.7250407919851724 0.3790363291747388 0.009852425664543887 0.014888109893088596
0 0.7506570987129865 0.3818825854778293 0.007881940531635222 0.013574453137816108
0 0.5838226907933758 0.5130293182125366 0.008538768909271396 0.00875771170181693
0 0.6473708363296842 0.5132482610050819 0.006896697965180607 0.010947139627270985
0 0.672166107585453 0.4839099268039956 0.00788194053163508 0.0126986819676344
0 0.6662546521867267 0.4782174141978146 0.006568283776362591 0.010947139627270985
0 0.6537749130116376 0.46289141871963513 0.007225112153998907 0.010947139627271127
0 0.6508191853122745 0.47033547366617945 0.005911455398726418 0.009195597286907713
0 0.6536107059172287 0.4889456110325402 0.00558304120990826 0.00788194053163508
0 0.6412951738365487 0.479968956538178 0.0059114553987263466 0.01007136845708935
0 0.6143652103534619 0.41472400435964246 0.007225112153998907 0.010947139627271056
0 0.5733134367511954 0.40312003635473515 0.007881940531635151 0.012260796382543617
0 0.48267112063739126 0.6360751676230629 0.0072251121539987665 0.01138502521236198
0 0.46099578417539455 0.6264416847510645 0.0052546270210901014 0.00875771170181693
0 0.5467118874569269 0.6426434513994256 0.011822910797452835 0.011385025212361767
0 0.629472263039096 0.680739497302329 0.007881940531635151 0.011385025212362052
0 0.601721264083964 0.716646115279778 0.007553526342817136 0.012260796382543475
0 0.6214261154130517 0.7205870855455956 0.010180839853361974 0.01138502521236191
0 0.6017212640839639 0.7335047103057755 0.00558304120990826 0.010071368457089279
0 0.6759428707568617 0.704166376104689 0.008210354720453238 0.010947139627270985
0 0.661656853543273 0.7560558179379538 0.007225112153998907 0.009633482871998495
0 0.39876129539435856 0.7724765273788603 0.006896697965180749 0.012698681967634257
0 0.4348868561643531 0.6962844355730539 0.008867183098089412 0.010947139627270985
0 0.3595157998305918 0.6231575428628833 0.009852425664543958 0.010947139627271127
0 0.342438262012049 0.6119914604430668 0.008538768909271396 0.010509254042180203
0 0.3353773569524592 0.5868130393003433 0.010837668230998361 0.015325995478179451
