0 0.7192637973361545 0.5898802863226996 0.01154327392578125 0.015517792878327547
0 0.5266755845811631 0.5546549761736835 0.011943817138671875 0.01590095802589699
0 0.673248757256402 0.4900164003725406 0.011331346299913194 0.015349663628472222
0 0.47827930450439454 0.4662696697093822 0.011049779256184895 0.015003826000072338
0 0.38495076497395836 0.46960565072518806 0.011061859130859376 0.01463233100043403
0 0.71105408138699 0.8008814211244936 0.008615239461263021 0.011934464066116899
0 0.44881670210096575 0.72911543669524 0.011500167846679687 0.015154972782841437
0 0.3226494047376845 0.33840507224754046 0.010333379109700523 0.014006438078703705
0 0.5755120383368599 0.5296890541359232 0.01129502190483941 0.014273918999565972
0 0.39002790106287355 0.5212982055178598 0.011902279324001737 0.016274346245659724
0 0.40682387881808807 0.5870763142903646 0.01109750535753038 0.015044035734953705
0 0.34016148249308265 0.503077726010923 0.010200224982367622 0.013547939724392362
0 0.3147298270622465 0.5838954567082559 0.008989869952311444 0.006921777803657534
0 0.314476591288942 0.5795904485620786 0.00873663417900687 0.007090601652527439
0 0.36422024035110206 0.42804283146924277 0.009269062392379653 0.01235874985650625
0 0.4761239695585756 0.3023926229390639 0.010748100724957013 0.014330800966609374
0 0.5637842369964963 0.42168644583421255 0.007813589785311804 0.008988181713822669
0 0.6927963200146655 0.41414581977358267 0.008142500549209898 0.010856667398946555
0 0.6461126501991953 0.3126359795934329 0.0070568338093153216 0.009771000659051836
0 0.594779188021024 0.7586552564068514 0.00704755157106554 0.01123522714227846
0 0.7153536029433848 0.7679498534063726 0.01011170442805053 0.011030950285146019
0 0.7801995038175447 0.6979539307298183 0.008389242990095056 0.009869697635405857
0 0.5516708362634923 0.6332867082308987 0.008867183098089555 0.012260796382543617
0 0.4160425740552938 0.8812040091430811 0.009129470312750528 0.012172627083667321
0 0.36940825272800093 0.7728018301142062 0.007649015667439585 0.011843637162487255
0 0.24048532736551123 0.646798690302191 0.008882727871865299 0.011185657320126694
