0 0.4661238670349121 0.5410443623860677 0.006708621978759766 0.008880615234375
0 0.7161010265350342 0.280709441502889 0.007123279571533203 0.009613513946533203
0 0.364699923992157 0.6038741747538249 0.008791756629943848 0.011841011047363282
0 0.2928635239601135 0.43524076143900553 0.009180617332458497 0.011533387502034505
0 0.4003946542739868 0.7509140014648438 0.008537721633911134 0.01272417704264323
0 0.31037917137146 0.49719030062357583 0.008387947082519531 0.011973603566487629
0 0.5709332227706909 0.37243830362955727 0.00742192268371582 0.010778745015462242
0 0.6234625101089477 0.23091708819071452 0.007984018325805664 0.010475826263427735
0 0.660770320892334 0.5201902866363526 0.00786123275756836 0.011356703440348307
0 0.5984854459762573 0.7257782618204751 0.008354616165161134 0.01202392578125
0 0.6423385620117188 0.7858863830566406 0.008993244171142578 0.013012568155924477
0 0.4873118162155151 0.3947891871134441 0.007013082504272461 0.009843889872233074
0 0.6096352338790894 0.36923297246297204 0.008353757858276366 0.011513582865397136
0 0.6697711944580078 0.6868278503417968 0.008841896057128906 0.012469609578450523
0 0.385241711139679 0.23454679648081464 0.007857489585876464 0.010385115941365562
0 0.4210798978805542 0.6873843193054199 0.00951399803161621 0.012568728129069012
0 0.4201152801513672 0.2245863437652588 0.008664703369140625 0.011658000946044921
0 0.44762017726898196 0.30305202802022296 0.008336973190307618 0.01213223139444987
0 0.4035596489906311 0.23053727149963382 0.008504652976989746 0.011105569203694661
0 0.43058860301971436 0.261773943901062 0.00824131965637207 0.011106665929158528
0 0.28891962766647344 0.5901192665100098 0.008379054069519044 0.01118055979410807
0 0.6964074611663819 0.29880951245625814 0.008766746520996094 0.011314487457275391
0 0.7536145448684692 0.5915177345275878 0.008237886428833007 0.010873985290527344
0 0.5027959108352661 0.10016636848449709 0.007710695266723633 0.009638563791910807
0 0.4605226755142212 0.45269379615783684 0.008559656143188477 0.011258157094319661
0 0.3863449811935425 0.5527761141459147 0.008797121047973634 0.011643028259277344
0 0.3536616325378418 0.21201349894205732 0.008889245986938476 0.010941410064697265
0 0.3464754581451416 0.5051493167877197 0.008406448364257812 0.010458660125732423
0 0.2906035304069519 0.5095204035441081 0.008318209648132324 0.010904757181803386
0 0.5751189470291138 0.35032102266947424 0.009235525131225586 0.012105782826741539
0 0.41284737586975095 0.8037243207295737 0.008397388458251952 0.010731824239095052
0 0.6334108352661133 0.2902596950531006 0.009703731536865235 0.01393740971883138
0 0.3863999366760254 0.35286618868509934 0.007746744155883789 0.012170569101969403
0 0.35893906354904176 0.23742868105570472 0.007870697975158691 0.012072340647379559
0 0.49542238712310793 0.16292115052541095 0.008835268020629884 0.012095308303833008
0 0.5392678976058961 0.5363591353098551 0.008946084976196289 0.012716960906982423
0 0.4144709825515747 0.34372949600219727 0.008793306350708009 0.011409060160319012
0 0.5086633205413819 0.6853169441223145 0.008762645721435546 0.011021232604980469
0 0.3376042366027832 0.4298849105834961 0.00659794807434082 0.008795865376790364
0 0.6343783378601074 0.6876864751180014 0.007987117767333985 0.010854085286458336
0 0.3993890047073364 0.17589783668518064 0.009087228775024414 0.012455622355143227
0 0.37766557931900024 0.17208738327026368 0.00757286548614502 0.01008310317993164
0 0.5899014711380005 0.620582389831543 0.008121919631958009 0.010506566365559895
0 0.3589911937713623 0.7402703603108723 0.007727432250976563 0.01041704813639323
0 0.7470666170120239 0.33485563596089685 0.00708460807800293 0.009793376922607422
0 0.43584181318653603 0.5794668518183304 0.008668279647827149 0.01085370381673177
0 0.41987433433532717 0.5746420542399089 0.00872039794921875 0.013091278076171876
0 0.6718211650848389 0.3667388916015625 0.007316303253173828 0.010337575276692707
0 0.4342073917388916 0.1354692776997884 0.008779811859130859 0.010863590240478515
0 0.6610098838806152 0.5579530398050944 0.0076159477233886715 0.010063362121582032
0 0.2886233448982239 0.6680217742919922 0.008576321601867675 0.012247721354166664
0 0.2848621835959014 0.262816251252884 0.009654974937438965 0.013851674397786458
0 0.5228219032287598 0.35317441622416185 0.008265972137451172 0.011544386545817055
0 0.40243346691131593 0.49752939542134605 0.007312345504760742 0.010484663645426433
0 0.46744842529296876 0.6463231086730957 0.00805196762084961 0.01041825612386068
0 0.4248619556427002 0.3082534313201904 0.0093994140625 0.01137215296427409
0 0.3162439107894897 0.3166919231414795 0.008986568450927735 0.012169043223063149
0 0.5783392190933228 0.5187822500864665 0.0073127269744873045 0.00943295160929362
0 0.3843642592430115 0.2114235162734985 0.007888293266296387 0.010518471399943032
0 0.47031967639923095 0.7360861460367839 0.007891321182250976 0.011627705891927083
0 0.5326160669326782 0.6057882308959962 0.006624174118041992 0.009376017252604167
0 0.2708748340606689 0.48833916982014974 0.007753944396972657 0.010966555277506512
0 0.24747880697250366 0.4966425895690918 0.007946515083312988 0.011025047302246094
0 0.3740877151489258 0.4832355658213297 0.00678548812866211 0.009655412038167317
0 0.7096133708953858 0.54756654103597 0.008597755432128906 0.011487070719401042
0 0.3903825044631958 0.6807283719380698 0.00850663185119629 0.010744285583496094
0 0.6468144655227661 0.48356477419535315 0.008142518997192382 0.010816033681233723
0 0.5146931171417237 0.41872674624125167 0.006923770904541016 0.009056377410888671
0 0.4983186960220337 0.5915391604105631 0.008355188369750976 0.010236803690592449
0 0.4824483633041382 0.8139500617980957 0.009240293502807617 0.012437248229980468
0 0.25522975921630864 0.41045454343159987 0.008253383636474609 0.010751628875732422
0 0.4644742250442505 0.7166542689005533 0.008476877212524414 0.011722183227539063
0 0.3736353158950806 0.42020702362060547 0.007087993621826172 0.008467292785644532
0 0.39078171253204347 0.42977442741394045 0.007645988464355468 0.009810670216878255
0 0.27861800193786623 0.6255515734354655 0.009212493896484375 0.012859408060709636
0 0.4032792568206787 0.5183156331380208 0.006964492797851563 0.008994483947753906
0 0.4427942276000977 0.3306359132130941 0.008081912994384766 0.010485553741455078
0 0.4045386791229248 0.4165546735127767 0.0070324897766113285 0.0100860595703125
0 0.4177940607070923 0.7573818524678547 0.00777888298034668 0.01025511423746745
0 0.4913636684417725 0.6508207321166992 0.009229087829589843 0.012090174357096355
0 0.6833069324493408 0.22955218156178792 0.008902359008789062 0.012883679072062176
0 0.6638070344924927 0.23787161509195964 0.007892751693725586 0.010761769612630208
0 0.5131839036941528 0.47077107429504395 0.008361577987670898 0.010855770111083985
0 0.750316047668457 0.6127426147460937 0.00852031707763672 0.011214319864908855
0 0.5182228803634644 0.12440519730250042 0.009824323654174804 0.012791005770365398
0 0.7431643962860107 0.4735684712727864 0.007868003845214844 0.01039746602376302
0 0.24705663919448853 0.43542046546936036 0.007841372489929199 0.010781192779541015
0 0.4369393587112427 0.35744485855102537 0.008480215072631836 0.01056798299153646
0 0.36358567476272585 0.365144411722819 0.008172917366027831 0.01197942097981771
0 0.3838792681694031 0.39844539960225417 0.007184147834777832 0.010046863555908203
0 0.4533373355865479 0.8327482223510743 0.008870315551757813 0.011313756306966148
0 0.7165040493011474 0.2386467456817627 0.00893573760986328 0.011817550659179688
0 0.5534104108810424 0.663126277923584 0.007298326492309571 0.010093371073404946
0 0.32410918474197387 0.7093857447306314 0.00792834758758545 0.010230509440104167
0 0.6236883640289307 0.7695902824401856 0.006894874572753906 0.010862159729003906
0 0.5864642143249512 0.7426786104838053 0.009520912170410156 0.012760861714680988
0 0.3951054930686951 0.635785706837972 0.008581805229187011 0.011680793762207032
0 0.3910104870796204 0.7150845845540366 0.00781400203704834 0.010347747802734375
0 0.5776026248931884 0.4457946459452311 0.006554698944091797 0.009470431009928386
0 0.45270988941192625 0.7983161926269531 0.00943446159362793 0.01218541463216146
0 0.6411785364151001 0.4647523721059163 0.007028913497924805 0.010647042592366535
0 0.25489882230758665 0.3954533576965332 0.008216118812561036 0.011389096577962242
0 0.4297609567642212 0.7911051114400229 0.006794118881225586 0.009494717915852864
0 0.6694286346435547 0.3399613857269287 0.008184051513671875 0.012121105194091797
0 0.7341428756713867 0.29561165173848475 0.007633495330810547 0.011088085174560548
0 0.6180281604498397 0.4078224475256751 0.007637596130371094 0.010361735026041667
0 0.6401959180831909 0.5933278401692709 0.007703161239624024 0.009776941935221354
0 0.5890682935714722 0.27132093111673994 0.005843687057495117 0.007907581329345704
0 0.40889725685119627 0.16329583326975505 0.007864952087402344 0.00968476931254069
0 0.7329994167473373 0.4337288512521302 0.006612157821655274 0.010730467679112463
0 0.6017903327941895 0.33477349281311036 0.008705425262451171 0.01199070612589518
0 0.3649225798907891 0.33625763257344554 0.007851169636260714 0.009504460050272768
0 0.39589146375656126 0.4705019156138103 0.006571173667907715 0.008990065256754557
0 0.2992538094520569 0.2515038808186849 0.008626580238342285 0.011699549357096354
0 0.6236970663070679 0.3987818559010824 0.006251287460327148 0.009734058380126953
0 0.7181115865707397 0.6773889223734538 0.00835280418395996 0.010217603047688801
0 0.5537094354629517 0.34454278945922856 0.007177114486694336 0.008475557963053385
0 0.40603246688842776 0.7725265185038249 0.008563709259033204 0.01176916758219401
0 0.3257939338684082 0.5092597166697184 0.00839853286743164 0.011627928415934246
0 0.4878730297088623 0.20229904651641845 0.008310508728027344 0.011310148239135741
0 0.4978745698928833 0.5201950073242188 0.00787367820739746 0.01049334208170573
0 0.47320780166643917 0.8303276835645572 0.008567094802856445 0.011387570699055988
0 0.39125068187713624 0.5819146474202475 0.006891679763793945 0.010464350382486977
0 0.4616458177566528 0.22060610453287763 0.008434343338012695 0.009549363454182943
0 0.6279524383073987 0.38156153314225927 0.007449722290039063 0.009691492716471354
0 0.5562083005905151 0.5307106018066405 0.009212923049926759 0.010868453979492187
0 0.439297080039978 0.1594672362009684 0.007416772842407227 0.010471757253011067
0 0.35909217596054077 0.7782953262329102 0.008472084999084473 0.011613082885742188
0 0.3983224832385639 0.36770119837647885 0.007270121574401855 0.009831746419270834
0 0.2588261805066757 0.5594595529000468 0.007962041553298107 0.010995200240268801
0 0.26053233226809674 0.5537723803619766 0.00853075880710506 0.010236910568526127
0 0.293091395048548 0.5630614288408244 0.011658703703043685 0.013649214091368194
0 0.29678805719829354 0.5732983394093506 0.00881511743400857 0.013649214091368265
0 0.3336124993822973 0.5196493451335562 0.007962041553298035 0.010995200240269015
0 0.3823800038962482 0.5812603809626488 0.009952551941622687 0.011374345076140173
0 0.42929917733532647 0.5550993872875264 0.011089986449236661 0.015924083106596213
0 0.4099627907058882 0.5469477733162925 0.00881511743400864 0.012511779583754148
0 0.445649798382278 0.5158578967748428 0.009668193314719105 0.01099520024026873
0 0.4753652748936941 0.49254048936875544 0.00881511743400864 0.011374345076140173
0 0.47991501292415023 0.4747206820828025 0.00824640018020169 0.012132634747882847
0 0.44351710868050165 0.6060943677122214 0.00881511743400864 0.01327006925549682
0 0.39958370082391026 0.6081796643095139 0.007962041553298178 0.010616055404397357
0 0.333185961441942 0.6707385622282847 0.009383834687815593 0.012132634747882776
0 0.3230912301868677 0.6718759967358987 0.010805627822333151 0.012890924419625662
0 0.31996328529092904 0.6828711969761676 0.008530758807105165 0.012132634747882919
0 0.4615738814888741 0.667136686287507 0.011374345076140173 0.01099520024026873
0 0.4578772193391286 0.6388903960150922 0.007962041553298178 0.014407503763110724
0 0.48247424056628174 0.5454311939728071 0.0076776829263945955 0.011753489912011403
0 0.2298216005625183 0.47017094405234644 0.00966819331471914 0.012132634747882847
0 0.24133812495211024 0.4673273577833113 0.007677682926394631 0.013270069255496892
0 0.25271247002825037 0.465810778439826 0.008246400180201584 0.014028358927239637
0 0.25925271844703096 0.465810778439826 0.008246400180201653 0.01478664859898224
0 0.27816256713611404 0.4354791915701189 0.009668193314719211 0.010995200240268801
0 0.3100107333493065 0.44382037795928836 0.009099476060912152 0.011753489912011545
0 0.3520958101310251 0.4538677161098788 0.0073933242994911556 0.013649214091368194
0 0.34669299621985855 0.42505270858365707 0.0068246070456840615 0.011374345076140173
0 0.3350342925168149 0.3820197697122601 0.006824607045684133 0.010995200240268873
0 0.2690630910752019 0.3772804592638684 0.009099476060912152 0.01289092441962552
0 0.33176416830742456 0.3513090380066817 0.01052126919542964 0.01327006925549682
0 0.34982094111579715 0.3289394926902727 0.00853075880710513 0.014028358927239566
0 0.4021429284660418 0.35737535538062304 0.007962041553298178 0.009478620896783453
0 0.39915716288355496 0.3520673276784244 0.007108965672587644 0.010995200240268801
0 0.3953183214203577 0.3905505285193652 0.009668193314719247 0.010616055404397428
0 0.39588703867416475 0.38012404553290335 0.007962041553298035 0.011753489912011545
0 0.45034171572618575 0.3903609561014295 0.007677682926394667 0.014028358927239495
0 0.4145125287363443 0.42467356374778575 0.008815117434008712 0.014407503763110938
0 0.37299616920843265 0.42979201903204883 0.007677682926394667 0.011753489912011474
0 0.3886358936881254 0.44855968840768 0.009952551941622615 0.012890924419625449
0 0.46441746775790915 0.43737491574947557 0.007962041553298107 0.010995200240268801
0 0.44166877760562895 0.4242944189119144 0.0073933242994910844 0.010616055404397428
0 0.3801051348810202 0.30846567155322036 0.007677682926394667 0.014028358927239495
0 0.3907685833899016 0.31491113376303315 0.0073933242994910844 0.012511779583754148
0 0.39716665249523053 0.31149883024019104 0.00881511743400864 0.01402835892723946
0 0.30347048493052586 0.2794610916090629 0.009668193314719105 0.01289092441962552
0 0.27944218095717976 0.2675180292791158 0.007108965672587679 0.010995200240268836
0 0.46271131599648824 0.2654327326818234 0.009668193314719176 0.01289092441962552
0 0.5103413860028252 0.2222102213924908 0.01052126919542964 0.012132634747882811
0 0.5052229307185621 0.20552784861415188 0.008246400180201618 0.013649214091368194
0 0.5447487798581492 0.1806938618645792 0.0065402484187805495 0.010995200240268836
0 0.5531373593518025 0.18012514461077217 0.005687172538070229 0.00834118638916948
0 0.5502937730827675 0.17576497899825178 0.00853075880710506 0.00872033122504078
0 0.5205782965713514 0.15358500609977846 0.007108965672587715 0.014407503763110866
0 0.44465454318811565 0.1632531994144976 0.005971531164973527 0.015544938270724912
0 0.350389658369604 0.19434307595594738 0.007962041553298107 0.014028358927239566
0 0.3297736579191 0.2047695589424092 0.008815117434008712 0.013649214091368194
0 0.43313801879852376 0.11377479833328788 0.008530758807105202 0.011374345076140156
0 0.5353649451703335 0.11074163964631717 0.008246400180201618 0.014407503763110866
0 0.6024735811195605 0.1279927296784631 0.0065402484187805495 0.00947862089678349
0 0.5666443941297189 0.18581231714884225 0.0065402484187805495 0.011374345076140173
0 0.6547955684698051 0.23168884228927425 0.0076776829263945955 0.009099476060912081
0 0.6958853900573615 0.2288452560202392 0.007962041553298178 0.011753489912011474
0 0.7079706317007606 0.22164150413868375 0.00881511743400864 0.012511779583754148
0 0.722046383732484 0.2764279329220922 0.01023691056852627 0.01289092441962552
0 0.7365486737045626 0.28457954689332604 0.009668193314719105 0.015544938270724841
0 0.5726159252946925 0.27946109160906296 0.00881511743400864 0.011374345076140244
0 0.5714784907870785 0.29216244361075283 0.007108965672587501 0.01402835892723946
0 0.5953646154469728 0.30505336803037836 0.008246400180201618 0.010236910568526093
0 0.6448430165281827 0.3133945544195478 0.00881511743400864 0.013270069255496928
0 0.6469757062299587 0.3412616998560912 0.009668193314719105 0.012132634747882847
0 0.657781334052292 0.352825617350167 0.007962041553298178 0.012511779583754148
0 0.6388714853632089 0.3486550241555823 0.00881511743400857 0.01251177958375422
0 0.7598660811106499 0.37879703860735375 0.010236910568526127 0.01289092441962552
0 0.7661219709025272 0.3761430247562544 0.009099476060912224 0.012132634747882919
0 0.5645117044279426 0.34031383776641283 0.008530758807105202 0.010236910568526127
0 0.5376398141855614 0.3374702514973778 0.005971531164973598 0.013649214091368194
0 0.5124740757046014 0.3211670235549103 0.006824607045684133 0.009857765732654756
0 0.5214313724520617 0.29007714701346043 0.009383834687815664 0.00834118638916948
0 0.5411942970218553 0.3042950783586356 0.006824607045684133 0.010236910568526198
0 0.5475923661271841 0.3039159335227643 0.006540248418780621 0.010995200240268836
0 0.5484454420078947 0.3113092578222555 0.007108965672587714 0.00834118638916948
0 0.5507203110231227 0.3215461683907816 0.005971531164973456 0.009857765732654756
0 0.5583979939495173 0.3143424165092262 0.005971531164973598 0.00985776573265479
0 0.5609572215916487 0.31206754749399807 0.0065402484187805495 0.010616055404397536
0 0.5707675942198197 0.31244669232986944 0.009668193314719105 0.00834118638916948
0 0.7230416389266463 0.45083455742290807 0.007677682926394453 0.014407503763110795
0 0.732994190868269 0.4534885712740075 0.008246400180201618 0.010616055404397499
0 0.7354112391969485 0.44533695730277373 0.006824607045684133 0.011753489912011545
0 0.6620467134558448 0.4766164062621591 0.00853075880710506 0.010616055404397499
0 0.556265304247741 0.4726353854855101 0.010236910568526198 0.011753489912011474
0 0.7244634320611638 0.4713083785599605 0.009952551941622687 0.013649214091368194
0 0.7369752116449181 0.49803808948888983 0.007108965672587715 0.010995200240268873
0 0.7099611420890849 0.5213554968949772 0.01052126919542971 0.009857765732654827
0 0.7133734456119271 0.5058105586242523 0.0071089656725875725 0.00834118638916948
0 0.5891087256550958 0.4857158823230712 0.0071089656725875725 0.011374345076140102
0 0.5952224361335211 0.48457844781545734 0.007962041553298178 0.011374345076140244
0 0.6077342157172753 0.5503600768391346 0.009099476060912224 0.009478620896783453
0 0.6124261330611831 0.5619239943332104 0.0076776829263945955 0.010616055404397499
0 0.6166915124647356 0.5696964634685728 0.007677682926394667 0.009478620896783524
0 0.6340373887058495 0.5450520491369358 0.007677682926394524 0.01023691056852627
0 0.6654590169786866 0.6108336781606131 0.010236910568526127 0.011374345076140173
0 0.6580656926791956 0.646473292732519 0.007962041553298035 0.012890924419625662
0 0.7726622193213077 0.5532036631081696 0.007962041553298178 0.012132634747882705
0 0.6333264921385906 0.6127294023399698 0.008530758807105202 0.010616055404397641
0 0.6395823819304678 0.6123502575040984 0.0068246070456840615 0.009857765732654898
0 0.5464549316195702 0.6210705887291392 0.008246400180201618 0.012890924419625449
0 0.5542747938594165 0.6474211548221973 0.007962041553298178 0.011753489912011616
0 0.5099148480624699 0.6462837203145833 0.0068246070456840615 0.010995200240268873
0 0.5140380481525706 0.4963319377274688 0.007677682926394524 0.010616055404397428
0 0.509772668749018 0.5084645724753517 0.0076776829263945955 0.009857765732654756
0 0.5100570273759216 0.5257156625074976 0.009383834687815593 0.014028358927239637
0 0.5181612482426715 0.5124455932520007 0.007962041553298107 0.01023691056852627
0 0.7051270454317253 0.6932976799626291 0.009383834687815664 0.010995200240268873
0 0.6852219415484803 0.6999327145903778 0.00881511743400864 0.011374345076140316
0 0.6661699135459455 0.7253354185937575 0.009383834687815807 0.011374345076140173
0 0.6636106859038138 0.7505485501792015 0.00881511743400864 0.011753489912011616
0 0.5909570567299686 0.7367097636698975 0.010236910568526198 0.009857765732654827
0 0.5851277048784468 0.7234396944144007 0.01052126919542964 0.012132634747882919
0 0.602189222492657 0.6716864243179629 0.01052126919542964 0.007962041553298178
0 0.5178768896157679 0.6612599413315011 0.0073933242994911556 0.011374345076140173
0 0.5274029036170353 0.67794231410984 0.007677682926394738 0.011374345076140031
0 0.5436113453505351 0.6946246868881789 0.00597153116497374 0.008341186389169338
0 0.5089195928683076 0.7241979840861436 0.0076776829263945955 0.009857765732654827
0 0.516170737854347 0.73310788772912 0.005687172538070087 0.008720331225040923
0 0.52128919313861 0.7319704532215059 0.007962041553298035 0.010236910568526127
0 0.5586823525764208 0.7590793089863067 0.01052126919542971 0.011374345076140031
0 0.6108621606132139 0.7848611578255578 0.010805627822333151 0.013649214091368123
0 0.4590146538467426 0.7357619015802191 0.009099476060912224 0.014028358927239566
0 0.43782993614243154 0.8040079720370602 0.007677682926394667 0.011753489912011616
0 0.4329958394850719 0.8038183996191245 0.00881511743400864 0.012132634747882919
0 0.49313768907516303 0.5391753041809301 0.007962041553298107 0.011374345076140102
0 0.49782960641907087 0.534056848896667 0.0071089656725875725 0.010236910568526198
