0 0.3548128869798448 0.5168568363896122 0.010471492343478732 0.014283130787037038
0 0.6260069105360243 0.45518883599175347 0.01056730482313368 0.014273466887297455
0 0.4136193593343098 0.36022323325828265 0.011625077989366319 0.016047527171947337
0 0.33156209521823465 0.7611524511266637 0.010099983215332032 0.01410980224609375
0 0.5216265572441948 0.5807557847764757 0.00996810065375434 0.013006591796875
0 0.5504547119140625 0.5879071553548177 0.010287645128038194 0.014318678114149306
0 0.5731582853529189 0.8484701085973669 0.009844589233398437 0.012721648039641204
0 0.3818075180053711 0.37727885776095915 0.011423619588216145 0.014980542218243636
0 0.25731357998318144 0.7542071024576822 0.010462146335177952 0.013536410861545138
0 0.6791638692220051 0.49375214753327545 0.010476599799262153 0.014024522569444444
0 0.7275599161783854 0.6118675231933594 0.010204739040798612 0.013823502152054398
0 0.39700111813015404 0.5780581156412761 0.009712515936957464 0.01319133617259838
0 0.24518968794080945 0.5610337151421441 0.01114739312065972 0.014937393753616898
0 0.528113661872016 0.29431628474482785 0.010331090291341145 0.01329568933557581
0 0.4968486150105795 0.9006064803512009 0.009112591213650174 0.011667152687355324
0 0.3801220575968424 0.7738065366391783 0.010741636488172744 0.014686075846354167
0 0.45507876425656346 0.30212824096959123 0.00995856446766199 0.01021392257125289
0 0.3971899537983034 0.6484951068783493 0.008064948187934028 0.011425837764033563
0 0.5237578497992622 0.34808401884856044 0.008476426866319444 0.010757361518012152
0 0.5885801951090495 0.5217803672507957 0.008376227484809028 0.010522065339265045
0 0.40274730455187197 0.6501699806771064 0.007448959350585938 0.009882835105613426
0 0.275945571944131 0.45854616026243744 0.007325001707156318 0.010274028368479122
0 0.28198632010522745 0.4594974591854448 0.006849352245652689 0.008625110235266362
0 0.5278034360424446 0.33915416997884706 0.009421075015614662 0.01106602462151571
0 0.606978453811416 0.17692470881979802 0.005847749680394756 0.0087420904312971
0 0.6053245448109004 0.18259525396442314 0.006320295109113374 0.008584575288390824
0 0.6095183854907793 0.16751317903114935 0.007147249609371329 0.007245696573687681
0 0.720237997620103 0.2581729907072389 0.006604058639058934 0.008805411518745351
0 0.7171325176648312 0.26530118098431854 0.005267522962106597 0.007966800897912485
0 0.6942195776651733 0.550638740360535 0.007115715944094631 0.009627145100833942
0 0.5919976453003777 0.7620622005274962 0.006572607878232901 0.008314068085286124
0 0.582972812400872 0.8777577704446667 0.005197999715906434 0.007875757145312719
0 0.5867236417413272 0.8919341333062296 0.004902658822957306 0.008033272288218712
0 0.5679399609497564 0.8892563758768233 0.005257067894496075 0.007403211716593887
0 0.5726016526601331 0.8853342221013617 0.005638326138121528 0.007446170391932156
0 0.5761188942034375 0.8874821558682652 0.004403264222152216 0.007016583638551311
