0 0.41996307373046876 0.7995199980559172 0.010408698187934027 0.014152978967737269
0 0.37831240759955514 0.7234559800889757 0.009844334920247395 0.0134246826171875
0 0.3210131857130263 0.6197517112449363 0.010750812954372831 0.01469455295138889
0 0.29432680341932504 0.5170322842068142 0.010077455308702257 0.013896066171151623
0 0.5668627209133572 0.3183546984637225 0.009903674655490451 0.012989270245587386
0 0.33063795301649307 0.3427936836525246 0.009585147433810764 0.013527396873191551
0 0.24530719121297204 0.5621339586046007 0.011345693800184463 0.01580482765480324
0 0.33582117292616104 0.7028522350169993 0.010204823811848958 0.01327712447554977
0 0.5981039683024089 0.875903715910735 0.009002685546875 0.011622676142939815
0 0.3490252918667263 0.4363413492838542 0.010487174987792969 0.013157766836660877
0 0.5210184097290039 0.3679637485080295 0.008903291490342882 0.011499362521701388
0 0.5294077555338541 0.8657124272099249 0.010357411702473958 0.013749864366319444
0 0.7140925089518229 0.54120522958261 0.010510084364149306 0.01393692581741898
0 0.7509259965684678 0.6208492985478153 0.010068851047092013 0.012743179886429399
0 0.4342112223307291 0.5864766721372251 0.009555562337239584 0.012182334617332176
0 0.5656154844495986 0.7229487383807147 0.010657967461480036 0.013968856246383101
0 0.28864689932929144 0.6695860120985243 0.00950404273139106 0.012056703920717593
0 0.3263242721557617 0.6458904407642505 0.009073172675238715 0.012402965404369214
0 0.49095124138726126 0.43286864669234665 0.011553615993923612 0.015239009150752315
0 0.6527008904351129 0.6791440893102575 0.009801483154296875 0.012319776746961806
0 0.36397009955512155 0.8713996322066696 0.008760325113932292 0.012101519549334493
0 0.48788456386990015 0.5637642471878617 0.008794572618272569 0.012512941713686342
0 0.43221607208251944 0.6308085971408419 0.010097630818684896 0.013443727846498842
0 0.3118028852674696 0.5450944971155237 0.00784865485297309 0.010985367386429398
0 0.2928286870320638 0.4991497181080005 0.01026789347330729 0.012842305501302083
0 0.6631203757392035 0.4095722057201245 0.009817886352539062 0.013735905400028937
0 0.7555200364854601 0.764664148401331 0.008868577745225694 0.01107166431568287
0 0.29085332665918284 0.37824077897202346 0.00674113628536702 0.00714968999963169
0 0.6597575540868693 0.5430242742269215 0.006754222353351907 0.007483551527657539
0 0.6752637265318887 0.5241885555513766 0.00542240386114159 0.006595672532850685
0 0.6834448972697516 0.5189247015107361 0.0058029234303445774 0.007229871814855571
0 0.6909601587615093 0.527232712105 0.005232144076540237 0.00761039138405863
0 0.6858707095234203 0.5048454774502278 0.005327273968840842 0.0062151529636478384
0 0.6927676267152233 0.5069383350808438 0.004661364722735897 0.006595672532850685
0 0.7967276750439549 0.5867187497316411 0.00785089584634548 0.012561433354152954
0 0.5188059620833204 0.9306627582382105 0.006953650606763233 0.007776125409713757
0 0.4683179123911719 0.8264386332477244 0.0052949298054588215 0.007520335086014001
0 0.4664492285462487 0.7978417090871313 0.005672608715949537 0.009155789506444877
0 0.3958169674920744 0.6961313387046505 0.006563962568750483 0.006849352245652795
0 0.39738661071503645 0.6893454063871985 0.005707793538043972 0.007483551527657539
0 0.40904002252187605 0.6798958370853256 0.007325001707156247 0.008625110235266362
0 0.4002880724302088 0.6756467018958933 0.006373702784148989 0.0072298718148555
0 0.3967708396786685 0.679363776231887 0.0055154751425730095 0.010418119713749263
0 0.5311507561270562 0.5491065061956591 0.007952855532661758 0.010060022383196098
0 0.4284874637110944 0.5360230841884759 0.004749436928326745 0.007353966856764061
