0 0.3298640992906358 0.6953919869882089 0.009762530856662326 0.013195292154947918
0 0.6374014112684463 0.2748251455801504 0.010380045572916668 0.013532454879195601
0 0.3468618604871962 0.7021579883716724 0.008759265475802951 0.011354912651909722
0 0.36654872894287105 0.3296969802291305 0.009759818183051215 0.011987615514684606
0 0.3386666509840224 0.31906814575195314 0.009941673278808594 0.013180485478153935
0 0.40383993784586586 0.559785235369647 0.01088388231065538 0.013814629448784723
0 0.31231985092163084 0.37195375230577254 0.011556265089246962 0.013834691930700232
0 0.3114363246493869 0.7442850748697916 0.010354423522949218 0.013297978153935186
0 0.6152756585015191 0.3412886725531684 0.010456932915581595 0.014250578703703705
0 0.4587943183051215 0.717324122676143 0.009396870930989584 0.0139413904260706
0 0.35797321531507703 0.6797598097059462 0.009339078267415365 0.01274261474609375
0 0.2732302559746636 0.631233102303964 0.010932201809353299 0.01343734176070602
0 0.6690593083699545 0.34879690099645544 0.009226777818467882 0.012088238751446758
0 0.44000636206732857 0.5460710596155237 0.009250852796766493 0.011372714572482638
0 0.29943025377061633 0.6924531442147714 0.009216605292426214 0.011559549967447917
0 0.33279036415947805 0.40938698097511567 0.010793198479546441 0.014427750198929399
0 0.4423701604207356 0.6921798140914351 0.009552298651801214 0.013382523148148149
0 0.42931999630398215 0.43483270715784145 0.011658265855577256 0.015435847529658564
0 0.4680345747205946 0.38207709700972947 0.010558658175998263 0.013600299976490163
0 0.390875604417589 0.5348752057110822 0.010115093655056424 0.012829250759548612
0 0.5246520572238499 0.3536545364945023 0.009575737847222222 0.013406711154513888
0 0.24730639987521702 0.613679786964699 0.010264714558919273 0.013995248300057873
0 0.46179896460639097 0.5478137263545283 0.010026846991644965 0.013348897298177086
0 0.6305565728081598 0.8002793771249276 0.01033723619249132 0.013991009747540507
0 0.5306514316134983 0.9527116281014902 0.010023583306206597 0.013848933467158564
0 0.558359252081977 0.6888661985044127 0.010050582885742187 0.012547980414496528
0 0.6183102077907986 0.5947237367983218 0.009669833713107638 0.013410780164930556
0 0.5015069325764974 0.6998127407497831 0.010454983181423612 0.013859897189670138
0 0.6765563117133246 0.8380968729654948 0.010488722059461806 0.013635310420283564
0 0.599264187282986 0.5841848020200376 0.010168033175998263 0.012089086461950232
0 0.5421586990356445 0.530995489049841 0.007215415106879341 0.009400713885271991
0 0.6412641525268554 0.4010159386528864 0.010853534274631076 0.014747704399956598
0 0.6052902009752061 0.6084184152108651 0.009555265638563367 0.012228676124855325
0 0.5476719326443142 0.6479186729148582 0.011830223931206595 0.014056000886140046
0 0.329126336839464 0.7697296707718461 0.008652581108940972 0.011969898365162037
0 0.5292123794555664 0.8683156613950377 0.01019723680284288 0.013089384856047454
0 0.6441384633382163 0.37565542806087926 0.009118821885850701 0.005651051159057385
0 0.37354537709406993 0.42714360009333135 0.00774834950764974 0.010298354537398725
0 0.6435819741289425 0.37039202966663326 0.009825206135922571 0.006673724922513387
0 0.6648081270074918 0.6915959384372309 0.008898299896684421 0.011864399862245847
0 0.6649008176314157 0.8752469613049142 0.008712918648837019 0.010875699873725466
0 0.3293607590272705 0.673552163646732 0.006488343674665771 0.011370049867985869
0 0.41574842052424926 0.6718219386668209 0.007229868666056163 0.011370049867985727
0 0.3468058585156836 0.7245510315434208 0.004395001024293776 0.006557620575930372
0 0.48228056324428903 0.5812849201222997 0.005697804899352335 0.010298254781051596
0 0.5346370593750042 0.5289495269726933 0.0058244227860046035 0.0086100162923546
0 0.6005884501640674 0.6833845605311872 0.006673724922513387 0.01211157485937605
0 0.5991980908052104 0.43831055087666804 0.009825206135922358 0.013347449845026773
0 0.41998361705537013 0.2519420135638992 0.005755358484194204 0.007520335086013823
