0 0.45722897052764894 0.556780465443929 0.00789628028869629 0.010804557800292968
0 0.4967362403869629 0.14579824606577557 0.008375835418701173 0.011632744471232097
0 0.38310742378234863 0.7286916414896648 0.007500457763671875 0.009892590840657552
0 0.5415821426300722 0.3380823701587208 0.007998323440551758 0.010593414306640625
0 0.7146669864654541 0.35847233136494955 0.009050464630126953 0.012022622426350911
0 0.7445688486099243 0.38417442639668786 0.009089422225952149 0.012295564015706383
0 0.4766566276550293 0.25718069076538086 0.008438587188720703 0.011899979909261067
0 0.7098620176315308 0.3435709317525228 0.007246541976928711 0.00947100321451823
0 0.38245744705200196 0.6910374323527019 0.009296703338623046 0.012340545654296875
0 0.25431726545348105 0.43757144531287956 0.007962732505323561 0.007061389260362516
0 0.36403467655181887 0.4958253542582194 0.008025121688842774 0.010190327962239586
0 0.42238821983337405 0.7304068565368652 0.008159351348876954 0.010585975646972657
0 0.5580442667007447 0.34281671841939293 0.007880735397338866 0.009853839874267578
0 0.45904314517974854 0.4434897263844808 0.00843348503112793 0.011133480072021484
0 0.5356240510940551 0.17074337005615234 0.008474969863891601 0.010245100657145184
0 0.6513278961181641 0.6366399765014649 0.009706878662109375 0.013113784790039062
0 0.7641526460647583 0.530824359258016 0.00805525779724121 0.011202335357666016
0 0.6291466951370239 0.20180614789326984 0.010449457168579101 0.014329973856608074
0 0.27207633256912234 0.6399765650431315 0.008476901054382324 0.010290273030598958
0 0.43683063983917236 0.2724693934122721 0.008608484268188476 0.01155726114908854
0 0.3963478207588196 0.3661895116170248 0.009201788902282714 0.01273695627848307
0 0.7579585075378418 0.5023175875345867 0.009657955169677735 0.012248484293619792
0 0.41719874258943546 0.3273795265283665 0.007956194877624511 0.010077889760335286
0 0.4619797945022583 0.3322423299153645 0.009789133071899414 0.01268475850423177
0 0.3745444516172449 0.7716586944028403 0.00899055004119873 0.0104434331258138
0 0.6592621803283691 0.26011906464894613 0.008958911895751953 0.012065553665161132
0 0.6702536821365357 0.7017001787821452 0.00903010368347168 0.011672782897949218
0 0.5584511041641236 0.8034251530965171 0.008970499038696289 0.012958526611328125
0 0.6925609588623047 0.40821239153544103 0.008425426483154298 0.012488206227620445
0 0.6422043882521936 0.4662856807344267 0.010173368453979491 0.01409009297688802
0 0.45947625637054446 0.5237466335296631 0.00873103141784668 0.012545744578043617
0 0.621132755279541 0.3636329491933186 0.007564830780029297 0.010230668385823568
0 0.3318368077278137 0.21012221177419024 0.010395550727844238 0.013559738794962563
0 0.30218844413757323 0.27231841882069907 0.009921741485595704 0.012550433476765953
0 0.39818660020828245 0.7355109214782715 0.008620429039001464 0.010958671569824219
0 0.35379685163497926 0.3565419991811117 0.008138728141784669 0.010445499420166015
0 0.50087411403656 0.11836429437001544 0.009714460372924805 0.012500317891438802
0 0.6907159090042114 0.5679926872253417 0.008230257034301757 0.011785062154134114
0 0.7638652086257934 0.39753967920939126 0.007889795303344726 0.010407638549804688
0 0.31104998588562016 0.7262941996256509 0.007684755325317383 0.010736338297526042
0 0.7365332888867067 0.2748045534243341 0.008411550521850586 0.011401049296061198
0 0.7284605741500855 0.26075367132822674 0.007483148574829101 0.010436360041300457
0 0.77422034740448 0.4305745760599773 0.008194208145141602 0.010573387145996094
0 0.32074885368347167 0.46006576220194495 0.008709383010864259 0.011524359385172524
0 0.6648700714111329 0.4763637542724609 0.00893869400024414 0.012803268432617188
0 0.3546139717102051 0.6561551411946615 0.008701801300048828 0.01106096903483073
0 0.39719650745391843 0.5130363623301188 0.008902788162231445 0.011432870229085285
0 0.41228108406066893 0.8038158416748047 0.008806991577148437 0.010313796997070312
0 0.5622206687927246 0.7063844045003255 0.007149600982666015 0.009893798828125
0 0.4942099809646606 0.7691609700520833 0.008547353744506835 0.010678863525390625
0 0.5657904386520386 0.23979888757069903 0.008939504623413086 0.011851930618286132
0 0.46894207000732424 0.20128970146179198 0.009746932983398437 0.011911932627360027
0 0.5116554498672485 0.43813459078470873 0.00927281379699707 0.012397289276123047
0 0.6971429824829102 0.33692479133605957 0.007783412933349609 0.011864312489827474
0 0.36240845918655396 0.36561547915140785 0.008933520317077637 0.012236690521240235
0 0.4581610918045044 0.4892827669779459 0.009179830551147461 0.012283897399902344
0 0.35087175369262696 0.6709370930989583 0.009372425079345704 0.011395899454752605
0 0.420770001411438 0.41534598668416345 0.00809779167175293 0.011011950174967448
0 0.7631007194519043 0.3724199295043945 0.008160591125488281 0.010735321044921874
0 0.4919625759124756 0.3006948312123616 0.009011173248291015 0.011514822642008461
0 0.3356583833694458 0.36873108545939126 0.009364795684814454 0.01175092061360677
0 0.5957928180694579 0.6641008377075195 0.007975292205810548 0.010009384155273438
0 0.6168275117874146 0.40674853324890137 0.007535028457641602 0.009733804066975911
0 0.5575213909149169 0.1585749626159668 0.008042526245117188 0.010982036590576172
0 0.6002995491027832 0.7204215685526529 0.008895301818847656 0.011732165018717449
0 0.26858808180416416 0.5013528963273048 0.006502600938599024 0.010596831159198388
0 0.27220063788116355 0.49701782903490554 0.005780089723199033 0.007706786297598853
0 0.2871927456007113 0.4955728066041057 0.006863856546298948 0.009633482871998495
0 0.2978497860278597 0.5533737038360969 0.00867013458479871 0.008670134584798816
0 0.301823597712559 0.5622846754926956 0.008670134584798674 0.009151808728398478
0 0.47287812795848266 0.5297716707997003 0.007586367761698866 0.009633482871998637
0 0.4307918496614393 0.5514470072616972 0.007947623369398756 0.010596831159198388
0 0.4257342711536401 0.49123773931170645 0.005780089723199211 0.010596831159198317
0 0.5064748994745777 0.507614660194104 0.004696322900099332 0.007706786297598924
0 0.5077392941015275 0.5042429411889044 0.004335067292399373 0.00674343801039889
0 0.5137000116285766 0.5056879636197043 0.006141345330898957 0.008670134584798745
0 0.5460323885177217 0.5731223437236939 0.006502600938598988 0.01059683115919846
0 0.4750456616046826 0.5738448549390938 0.007586367761698725 0.00915180872839862
0 0.4210379482535408 0.4635414760547107 0.009392645800198522 0.010115157015598513
0 0.41634162535344144 0.46016975704951124 0.0065026009385990595 0.00915180872839862
0 0.42790180479983975 0.4440336732389136 0.00505757850779915 0.007706786297598783
0 0.42248297068434054 0.4469237181005132 0.005057578507799292 0.006743438010398961
0 0.41941229801889107 0.44547869566971343 0.003973811684699271 0.006743438010398961
0 0.42031543703814095 0.4510179483211125 0.0043350672923993016 0.005298415579599265
0 0.41056153563024245 0.4368085610849148 0.005780089723199069 0.007706786297598853
0 0.40676835174939296 0.4317509825771155 0.007586367761698795 0.008188460441198728
0 0.33343346338630425 0.3857511018633225 0.006863856546299019 0.013486876020797994
0 0.3117581269243076 0.38767779843772227 0.009031390192498599 0.010596831159198388
0 0.5348334646790235 0.32939522706213126 0.006502600938598988 0.011560179446398209
0 0.5751134649375673 0.39249453987372157 0.006863856546298948 0.01156017944639828
0 0.5588569625910698 0.3142224915387335 0.008308878977098715 0.01204185358999812
0 0.4353075447576887 0.2532907123733429 0.009753901407898412 0.009633482871998531
0 0.46420799337368424 0.25834829088114214 0.007586367761698866 0.012041853589998154
0 0.4685430606660836 0.24004467342434488 0.006863856546298948 0.013005201877198011
0 0.523634540840325 0.2176468257469483 0.006502600938598988 0.011560179446398209
0 0.40676835174939296 0.13576222133496085 0.009031390192498562 0.007706786297598817
0 0.4188704146073412 0.13118631697076158 0.01156017944639828 0.009151808728398603
0 0.5077392941015276 0.15213914221735836 0.007225112153998907 0.00867013458479864
0 0.537362253932923 0.18970972541815262 0.00650260093859913 0.010596831159198388
0 0.5326659310328238 0.193563118566952 0.005057578507799221 0.006743438010398926
0 0.5337496978559235 0.20391911265435045 0.006502600938598988 0.008188460441198728
0 0.5781841376030168 0.17236945624855526 0.007225112153998765 0.010596831159198388
0 0.5758359761529671 0.1588825802277573 0.006863856546298948 0.01059683115919837
0 0.5837835995223659 0.18754219177195297 0.005418834115499109 0.007225112153998907
0 0.5859511331685656 0.18272545033595367 0.006141345330898957 0.007225112153998907
0 0.5059330160630278 0.25690326845034234 0.007947623369398827 0.009151808728398585
0 0.5097261999438772 0.2638875435325413 0.0054188341154991805 0.00867013458479864
0 0.6150322095884111 0.33782452457512996 0.007947623369398684 0.01493189845159776
0 0.5471161553408215 0.32770936755953145 0.008670134584798603 0.008188460441198728
0 0.6498933757314558 0.30844240181553445 0.008308878977098715 0.012041853589998226
0 0.6619954385894039 0.311091609605334 0.004335067292399373 0.005780089723199175
0 0.6647048556471534 0.3089240759591344 0.003973811684699342 0.0052984155795991585
0 0.6666917614895033 0.3086832388873344 0.004335067292399373 0.005780089723199104
0 0.674639384858902 0.311332446677134 0.005780089723199069 0.0081884604411988
0 0.6703043175665025 0.3226517890517323 0.005780089723199069 0.00578008972319914
0 0.6462808196544563 0.33999205822132966 0.0054188341154991805 0.008670134584798603
0 0.654409070827705 0.3298769012057312 0.006502600938598988 0.010596831159198317
0 0.5852286219531657 0.506410474835104 0.009753901407898481 0.00915180872839862
0 0.583061088306966 0.5124314016301031 0.006863856546299019 0.010596831159198388
0 0.6800582189744011 0.4974995031785055 0.0057800897231989265 0.011560179446398209
0 0.6710268287819026 0.5473527770410979 0.010837668230998361 0.011078505302798192
0 0.6424876357736068 0.5774574110160932 0.006502600938598988 0.009633482871998566
0 0.635623779227308 0.5697506247184944 0.007947623369398684 0.009633482871998495
0 0.6155740929999609 0.5861275456008919 0.010476412623298473 0.007706786297598924
0 0.5519931060447708 0.6713838690180788 0.005418834115499252 0.01156017944639828
0 0.544587366086922 0.6588603412844808 0.007225112153998907 0.009633482871998495
0 0.5472967831446716 0.6781273070284777 0.007586367761698795 0.007706786297598853
0 0.5388072763637228 0.6884833011158762 0.009392645800198522 0.009151808728398549
0 0.5682496083912683 0.7111219858650728 0.007586367761698795 0.009151808728398691
0 0.5812548102684663 0.6814990260336774 0.006863856546298948 0.0067434380103991035
0 0.5790872766222666 0.6749964250950782 0.004696322900099261 0.0081884604411988
0 0.5852286219531657 0.6740330768078784 0.006141345330899099 0.006261763866799157
0 0.5805322990530664 0.6675304758692795 0.005418834115499109 0.008670134584798745
0 0.5812548102684663 0.6603053637152805 0.005418834115499109 0.007706786297598853
0 0.5756553483491171 0.6627137344332801 0.0065026009385990595 0.009633482871998495
0 0.5707783976451679 0.6538027627766815 0.008308878977098644 0.011078505302798334
0 0.5933568731264145 0.6709021948744788 0.006502600938598988 0.006743438010398961
0 0.6831288916398508 0.6444101169764829 0.006141345330898957 0.008670134584798745
0 0.4363913115807885 0.7987866800002592 0.008308878977098715 0.011078505302798192
0 0.4311531052691393 0.8091426740876577 0.006502600938598988 0.01156017944639828
0 0.471974988939233 0.7713312538150635 0.009392645800198522 0.0081884604411988
0 0.49906915951672887 0.8192578311032561 0.008670134584798674 0.013486876020797922
0 0.48353516838563126 0.8385247968472532 0.009392645800198593 0.010596831159198388
0 0.5812548102684663 0.806252629226058 0.007586367761698866 0.01348687602079778
0 0.5882992946186152 0.8214253647494557 0.008670134584798603 0.0101151570155983
0 0.38057732019114693 0.7879490117692609 0.007225112153998978 0.01348687602079778
0 0.3758809972910477 0.7872265005538611 0.00578008972319914 0.012041853589998083
0 0.3800354367795971 0.7491742432094668 0.006863856546298948 0.011078505302798334
0 0.3684752573331989 0.7231638394550708 0.008308878977098715 0.012041853589998226
0 0.3451742706365524 0.7017293400648742 0.006502600938598988 0.007706786297598853
0 0.33343346338630425 0.6981167839878747 0.006863856546299019 0.009151808728398691
0 0.3276533736631051 0.7019701771366741 0.007586367761698795 0.008188460441198515
0 0.3354203692286539 0.7108811487932727 0.006502600938598988 0.01156017944639828
0 0.35149624377130145 0.7181062609472716 0.006141345330899099 0.006743438010398819
0 0.3234989341745558 0.7082319410034731 0.00794762336939879 0.012041853589998083
0 0.4739618947815826 0.6268290107350856 0.009031390192498562 0.013005201877198048
0 0.25251220726151663 0.43367767915151517 0.009031390192498634 0.009151808728398549
