0 0.6365265740288628 0.5274474815086082 0.008964792887369791 0.011575826009114583
0 0.5164133283827039 0.6174217789261429 0.00907440185546875 0.012628682454427083
0 0.5798516167534722 0.30911254882812506 0.010170661078559028 0.01339156539351852
0 0.348240163591173 0.7404597247088397 0.009923447502983941 0.012459479437934028
0 0.44289226531982423 0.3433495839436849 0.008451122707790798 0.010687453658492475
0 0.7429723103841145 0.4072107244420934 0.009211222330729166 0.011974956371166088
0 0.6909571541680231 0.4935062267162182 0.008561748928493923 0.010732749656394676
0 0.7219291687011719 0.6824104026511865 0.010530938042534722 0.01338760941116898
0 0.7439885881212023 0.6039619163230614 0.009452395968967013 0.012752843786168982
0 0.39982905917697487 0.6948552732114439 0.008146497938368056 0.010651595504195602
0 0.5788077460394966 0.8558741816767941 0.009422726101345487 0.01253707320601852
0 0.5847376081678601 0.6161545930085359 0.009075334337022569 0.011253074363425925
0 0.6532827077234021 0.4219414887604885 0.00560309448326328 0.01054608380353007
0 0.588572374979655 0.21134057221589267 0.008849800957573786 0.011365254720052086
0 0.7273172166612413 0.7481353759765625 0.009274800618489584 0.012619583695023149
0 0.3891795281164206 0.3259118903944329 0.007149887084960937 0.009748472990813078
0 0.7367847866482206 0.6070196646231192 0.008339775933159722 0.011414930555555557
0 0.3069626702202691 0.7987496270073785 0.00859163072374132 0.010783781828703704
0 0.6935898462931314 0.4598539140489366 0.007500669691297744 0.00993112634729456
0 0.3831605259380613 0.6852484188346978 0.006839917876168258 0.009224716829161822
0 0.389882514195675 0.687554598041988 0.006132340164840571 0.006499232311454932
0 0.38701289347751244 0.6814746710409497 0.006525438893355967 0.00796680089791252
0 0.39188731771110363 0.6793257313250654 0.006210959910543608 0.008490932535933098
0 0.4306171245261074 0.7201679990821481 0.004638564996481876 0.005870274345830211
0 0.4284157716464212 0.7167611434350146 0.004009607030857225 0.00513649005260163
0 0.43262192804153615 0.7149266827019426 0.005346142707809705 0.010272980105202834
0 0.4258213200382194 0.7291830632561019 0.005110283470700452 0.005870274345830353
0 0.41713383813802857 0.7301789133683408 0.004088226776560333 0.006184753328642643
0 0.4137924989456475 0.7270865367040196 0.004638564996482017 0.005241316380205632
0 0.4126525126329528 0.7306506318425595 0.004717184742185054 0.006289579656246645
0 0.4238558263956422 0.7126729166584542 0.004953043979294236 0.007233016604683656
0 0.40325745302143434 0.7744680367810782 0.004166846522263441 0.007337842932287799
0 0.4067560317052215 0.7716901390995693 0.00424546626796662 0.006813711294267364
0 0.39079622332749553 0.7818582928771681 0.005031663724997415 0.006604058639059076
0 0.39181828002163555 0.78725684874878 0.005346142707809705 0.006918537621871366
0 0.3899314061247615 0.7901395727578929 0.00518890321640356 0.006604058639059076
0 0.38855556057495755 0.7950664101552863 0.006053720419137392 0.007233016604683656
0 0.3789639515991813 0.7940181468792451 0.005582001944918957 0.007442669259891801
0 0.39932646573628006 0.7874665014039881 0.004638564996481947 0.006289579656246645
0 0.48127212191284713 0.7898790721363568 0.006822374627127061 0.008663332859843963
0 0.47529442223955476 0.7833382558271748 0.006042674669741217 0.007537099588064251
0 0.4715583599437471 0.7872800722784037 0.005977699673292349 0.006584132973481474
0 0.47464467227506646 0.7915684220440263 0.005133024719457566 0.006497499644882936
0 0.47367004732833407 0.7959434051382476 0.00617262466263881 0.007623732916662646
0 0.7036544679289 0.4546704646019543 0.01030669597349501 0.007428249350266754
0 0.6584582132883707 0.42245043304517255 0.006267585389287547 0.012070905194183367
0 0.6449044362341014 0.29410980149509547 0.005538180431705725 0.006455097721723245
0 0.6429055565418633 0.2976063127610289 0.004401202992084166 0.006699608999061404
0 0.6520930677878389 0.29102895940063656 0.004731293216490257 0.0064550977217233555
0 0.6485537670483714 0.28961079399207607 0.00491467667449399 0.006650706743593773
0 0.6494156693009878 0.299806914257071 0.005611533814907119 0.00630839095532064
0 0.39782227454252495 0.4265205700334741 0.006302962426818155 0.008651124899554432
0 0.4700320856438111 0.4375282750815441 0.008527537400989332 0.008403949902424301
0 0.6027650591026884 0.4050247629589326 0.008527537400989332 0.011122874870855597
