0 0.4133211559719509 0.6912676493326824 0.009798389010959202 0.012690508807146991
0 0.4833151499430338 0.7244129604763455 0.009854634602864584 0.013956310130931713
0 0.5082405726114909 0.643770655879268 0.01044663323296441 0.013749129683883102
0 0.5703031327989366 0.40947175202546293 0.008852216932508681 0.011079971878616899
0 0.39615732828776046 0.2828311778880932 0.009747314453125 0.013156580041956018
0 0.5769935607910156 0.5566906964337385 0.009849294026692709 0.01287220142505787
0 0.4679732216729059 0.3849678322120949 0.00935351053873698 0.011855909559461806
0 0.5808982637193467 0.4030813287805628 0.01017621358235677 0.013256581624348958
0 0.41810220082600913 0.24240662610089336 0.009829076131184895 0.01368053577564381
0 0.24823006523980035 0.6342090182834201 0.011180496215820313 0.013339459454571758
0 0.44631053076850047 0.3973985601354528 0.009748458862304688 0.01396159419307002
0 0.6971360312567816 0.4806703920717592 0.010829204983181424 0.013511827256944444
0 0.4191988203260633 0.31484099494086376 0.009862263997395834 0.013474838821976275
0 0.43805729321960585 0.39669568310642306 0.008142500549209827 0.012666111965437566
0 0.5085351996509184 0.3977164627027048 0.005860001365725082 0.008092382838382192
0 0.5155462727134822 0.4121571803539558 0.005232144076540237 0.011022383521244804
0 0.5075489360875602 0.5491387402552828 0.006673724922513387 0.009886999885205014
0 0.4532322304682151 0.5836196523549352 0.005932199931123066 0.011122874870855526
0 0.5702077978600469 0.5173767531240615 0.008156774905294241 0.008651124899554432
0 0.6486240656995793 0.745272100478037 0.009639824888075027 0.011122874870855526
0 0.672445556047995 0.6896577261237589 0.007971393657446414 0.01161722486511593
0 0.5951415756955483 0.8233793995711565 0.007971393657446556 0.009639824888075027
0 0.6255441003425537 0.8247388620553724 0.006488343674665913 0.010381349879465205
0 0.5373026263670989 0.8358617369262281 0.0068591061703610024 0.009392649890944824
0 0.509031986070341 0.7720905876666557 0.0081567749052941 0.010381349879465205
