0 0.5693675756454468 0.4441023349761963 0.009152460098266601 0.011737028757731117
0 0.33981608152389525 0.47244036992390953 0.008951401710510254 0.012110010782877606
0 0.447406268119812 0.7996393521626791 0.007228708267211914 0.01070054372151693
0 0.6154348373413085 0.47865827878316247 0.00848531723022461 0.011021455128987633
0 0.5851182460784912 0.6322261174519856 0.009415054321289062 0.012632115681966144
0 0.38324334621429446 0.21266865730285645 0.008866119384765624 0.012139542897542316
0 0.3544067144393921 0.6917680104573567 0.008380746841430664 0.011209360758463542
0 0.5878987073898315 0.40331370035807296 0.009212446212768555 0.01264483133951823
0 0.3775385618209839 0.588321050008138 0.009447383880615234 0.012362798055013023
0 0.5795217514038086 0.8145535151163737 0.009308147430419921 0.012178421020507812
0 0.4096951484680176 0.5330088456471761 0.008096599578857422 0.01054849624633789
0 0.32153297662734986 0.4048064390818278 0.006837916374206543 0.009498691558837891
0 0.7545198440551758 0.3950564861297607 0.008986854553222656 0.011998971303304039
0 0.3021270990371704 0.3218672434488932 0.009035396575927734 0.011408233642578125
0 0.4479448080062866 0.3333610693613688 0.00768122673034668 0.010240459442138672
0 0.6725927114486694 0.1943267504374186 0.008988523483276367 0.012187353769938151
0 0.734680461883545 0.4216820875803629 0.008629417419433594 0.011681079864501953
0 0.7147526025772095 0.3107264041900634 0.008853483200073241 0.012225500742594401
0 0.49495530128479004 0.7016971588134766 0.008742618560791015 0.011017354329427083
0 0.6353055238723755 0.24332531293233234 0.008503961563110351 0.010789744059244792
0 0.3368916273117065 0.41917498906453443 0.008735227584838866 0.011448987325032552
0 0.6661280870437623 0.2397857427597046 0.010365533828735351 0.013083855311075844
0 0.3299108028411865 0.324316136042277 0.009637117385864258 0.013257821400960289
0 0.40965087413787843 0.6792125066121418 0.006590509414672851 0.009063720703125
0 0.29345008134841916 0.5470272699991863 0.007923102378845215 0.010605621337890624
0 0.4701115608215332 0.4315794944763184 0.007943058013916015 0.011289914449055992
0 0.4141940355300903 0.6944832166035969 0.006837224960327149 0.010050646464029948
0 0.39151936769485474 0.42187070846557617 0.00860426425933838 0.009906705220540364
0 0.42958860397338866 0.6540305773417154 0.008272266387939453 0.01049633026123047
0 0.5557444572448731 0.4091618696848552 0.010574913024902344 0.012635962168375653
0 0.37363955974578855 0.23757708072662354 0.00814523696899414 0.011007992426554362
0 0.2927382946014404 0.4321742534637451 0.007442998886108399 0.010024102528889973
0 0.515744662284851 0.6631844520568848 0.007092714309692383 0.009052848815917969
0 0.44201207160949707 0.8297962824503581 0.00747976303100586 0.009387715657552084
0 0.4031019568443298 0.32605676651000975 0.009058308601379395 0.012237358093261718
0 0.6909912824630737 0.6402303377787273 0.008763647079467774 0.011977831522623696
0 0.6220496654510498 0.7199527104695639 0.009364509582519531 0.012242635091145836
0 0.69920814037323 0.4856457074483236 0.00964045524597168 0.01348463694254557
0 0.5175832271575928 0.22001704374949135 0.00919961929321289 0.011367241541544594
0 0.2771880865097046 0.6206247647603352 0.010534429550170898 0.013324928283691407
0 0.35713570810393597 0.38486866617888943 0.007954144477844238 0.009847005208333334
0 0.40854792594909667 0.6139545122782389 0.00872955322265625 0.010910860697428386
0 0.298462188243866 0.6892021814982096 0.0079331636428833 0.009294891357421875
0 0.5785070180892944 0.5280251026153565 0.00752568244934082 0.009558963775634765
0 0.4654970407485962 0.3736110687255859 0.007817983627319336 0.011088689168294273
0 0.5285079717636109 0.6108201662699382 0.00872502326965332 0.011491839090983074
0 0.41504223346710206 0.13794341882069905 0.00856003761291504 0.0113648255666097
0 0.7025630235671997 0.5913491884867351 0.009037160873413086 0.011384391784667968
0 0.40039825439453125 0.684769566853841 0.008434009552001954 0.011475118001302083
0 0.7662739254755077 0.5236047049952333 0.010458036951872161 0.01537457996934265
0 0.3828885078430176 0.13936394850413003 0.00836634635925293 0.01133710543314616
0 0.6626514673233033 0.33816259702046714 0.009516382217407226 0.011886692047119141
0 0.32156101772081525 0.38641016354777946 0.00883779525756836 0.012112458546956383
0 0.4824328899383545 0.6560893376668295 0.008635902404785156 0.009510167439778646
0 0.3271912455558777 0.645545768737793 0.00986621379852295 0.012552897135416664
0 0.40833353996276855 0.22040258248647052 0.009278678894042968 0.011550283432006836
0 0.24999074935913085 0.45444157918294265 0.010240936279296875 0.01169293721516927
0 0.518655048443253 0.8161837656012636 0.008564376831054687 0.012606048583984375
0 0.24695663452148436 0.4912604649861654 0.007345342636108398 0.0104827880859375
0 0.47443461418151855 0.8332820892333984 0.008140850067138671 0.011160024007161458
0 0.39882669448852537 0.7798913955688477 0.009174251556396484 0.010733668009440105
0 0.2738004003343663 0.36231918921912687 0.008272250964465542 0.013097730693737191
0 0.27884130326583756 0.46486063346614814 0.00853075880710513 0.00999563658206263
0 0.2875013159942624 0.4729605458688539 0.011374345076140173 0.008961605211504419
0 0.30921597477598456 0.4991560072563283 0.007238219593907367 0.0110296679526207
0 0.32097808161608404 0.5069112425355147 0.011115837233500656 0.009306282335023753
0 0.34127094726328866 0.2744265227216801 0.008789266649744647 0.009650959458543227
0 0.30507984929375176 0.22944615810239852 0.009306282335023753 0.01206369932317898
0 0.28065085816431434 0.26219048483674146 0.010598821548221551 0.00999563658206256
0 0.40266655989018163 0.13448761057280412 0.005945680380709675 0.008961605211504384
0 0.4623818715399174 0.15344485236637107 0.00749672743654699 0.009650959458543192
0 0.5302401802327992 0.23651203913454621 0.008272250964465613 0.010340313705581927
0 0.563587691933301 0.2058357751413197 0.0051701568527909815 0.006204188223349192
0 0.5637169458546208 0.1729191098452171 0.005945680380709675 0.007927573840946209
0 0.7158488112479955 0.2349609920787089 0.008272250964465684 0.009306282335023824
0 0.49417833618458196 0.30958358932065877 0.006979711751267814 0.008961605211504348
0 0.5012472331415606 0.43883751064043336 0.0074967274365469894 0.013787084940775856
0 0.7406655641413923 0.3437066245490793 0.006721203908628297 0.012408376446698384
0 0.7048622279358148 0.39471883882995035 0.011115837233500514 0.01102966795262077
0 0.6857326475804881 0.4329779995406037 0.00956479017766327 0.012408376446698384
0 0.7784077091667665 0.4617585393544734 0.0062041882233489784 0.00999563658206256
0 0.6778481583799818 0.49812197588577006 0.008789266649744719 0.009650959458543227
0 0.7444139278596658 0.533623719608268 0.008530758807105202 0.009650959458543084
0 0.6598818633165331 0.48416255238323447 0.00646269606598878 0.008616928087985016
0 0.6494122956896313 0.5391385535845785 0.006721203908628439 0.011029667952620842
0 0.7323933131769269 0.5008793928739252 0.008789266649744576 0.01309773069373712
0 0.5903432536464943 0.8207397634999274 0.008013743121825954 0.011719022199659576
0 0.45359260489017283 0.8133292053442602 0.01059882154822148 0.009306282335023895
0 0.5186073273140194 0.8395246667317348 0.008272250964465613 0.01206369932317898
0 0.48719862443331424 0.7521490159195671 0.006979711751267743 0.008272250964465684
0 0.4234764412226653 0.6623606252427636 0.0056871725380700155 0.011374345076140173
0 0.4881034018825526 0.6206546932969164 0.008272250964465542 0.010684990829101437
0 0.4928857969713843 0.6113484109618926 0.008013743121826025 0.00999563658206256
0 0.4900827731480182 0.5047034232378945 0.005938982171897962 0.008346677646991622
0 0.49289175120229417 0.5127290748215403 0.005457443076879258 0.006848556018044505
0 0.48903943844214415 0.5121940313826306 0.004173338823495811 0.005350434389097174
0 0.49208918604392965 0.5175444657717279 0.00513641701353329 0.007062573393608389
0 0.48839738631545243 0.5171164310206001 0.00417333882349574 0.007062573393608389
0 0.4834214823335921 0.5197916482151487 0.005136417013533361 0.005564451764661129
0 0.4727473657273431 0.5196846395273668 0.007223086425281267 0.008346677646991622
0 0.23961916570344383 0.5235446355112994 0.009634070279490672 0.011010366033703747
