0 0.5039458751678467 0.20666108131408692 0.008506488800048829 0.01138776143391927
0 0.5438761949539185 0.45737202962239576 0.010883188247680664 0.012990506490071614
0 0.5528677463531495 0.42105417251586913 0.010573482513427735 0.013193130493164062
0 0.30133780241012575 0.6805838902791342 0.009358525276184082 0.01311658223470052
0 0.456811261177063 0.5306681632995606 0.008583879470825196 0.011106300354003906
0 0.6736344337463379 0.2104201078414917 0.01031494140625 0.013535865147908529
0 0.49697070121765136 0.5059738953908284 0.0073641777038574215 0.009176921844482423
0 0.42822153568267823 0.19523540337880455 0.009862184524536133 0.013920863469441734
0 0.3350346088409424 0.7134602864583333 0.008632087707519531 0.011136881510416667
0 0.36817030906677245 0.3439138412475586 0.007826471328735351 0.010293642679850258
0 0.300088381767273 0.4294434388478596 0.0077320575714111325 0.009869035085042317
0 0.7103650093078613 0.44546400705973305 0.009589290618896485 0.013168525695800782
0 0.3012099742889404 0.24995030562082923 0.009596490859985351 0.012824074427286785
0 0.5214252948760987 0.14923338890075682 0.008665657043457032 0.011031500498453776
0 0.433620810508728 0.7651332219441731 0.008844709396362305 0.012134933471679687
0 0.6499290466308594 0.2593866984049479 0.00883340835571289 0.012031745910644532
0 0.4194647789001465 0.8139158248901367 0.0079376220703125 0.00977032979329427
0 0.43971753120422363 0.2335192362467448 0.00863475799560547 0.011345481872558594
0 0.2897399544715881 0.2729914506276449 0.008225750923156739 0.010967286427815755
0 0.5601990938186645 0.3802593231201172 0.008588266372680665 0.011346880594889324
0 0.7247762203216552 0.6462088267008462 0.008890342712402344 0.011490631103515624
0 0.5884753942489623 0.22487847010294598 0.009199094772338868 0.012810166676839192
0 0.43908860683441164 0.7048274040222168 0.006918764114379883 0.00943597157796224
0 0.31855427026748656 0.5033645470937094 0.007157588005065918 0.009604549407958985
0 0.5760866403579711 0.31728625297546387 0.008664464950561524 0.011702442169189453
0 0.6402122974395752 0.7442372639973958 0.00880899429321289 0.012145233154296876
0 0.31853569746017457 0.4677140553792317 0.007311081886291504 0.00966351826985677
0 0.33949244022369385 0.5533635457356771 0.00894007682800293 0.012112299601236977
0 0.4263248682022095 0.47913670539855957 0.009790277481079102 0.012377516428629559
0 0.6134019613265991 0.5197687307993571 0.007603788375854492 0.009887218475341797
0 0.4324150800704956 0.6653333028157552 0.007776308059692383 0.009944915771484375
0 0.6340211153030395 0.5921577771504719 0.007908964157104492 0.010441525777180988
0 0.3402268409729004 0.6916486422220867 0.00691676139831543 0.010972658793131508
0 0.48438985347747804 0.5938363711039226 0.007364416122436523 0.010775057474772136
0 0.5316895246505737 0.49011597633361814 0.008634042739868165 0.011912314097086589
0 0.33551872968673707 0.5824126879374186 0.007747864723205567 0.011566734313964844
0 0.43199107646942136 0.6063934008280437 0.00826563835144043 0.011267153422037761
0 0.6370718127987786 0.469170452880579 0.006646776199340819 0.008593050638834636
0 0.40341135263442995 0.4961483319600423 0.006916022300720215 0.009264818827311198
0 0.44191408157348633 0.4067315896352132 0.008025550842285156 0.011126867930094401
0 0.39455329179763793 0.3587203343709309 0.007459425926208496 0.01082318623860677
0 0.2532865643501282 0.5556695302327473 0.008526921272277832 0.01065686543782552
0 0.7570321798324585 0.4954247156778972 0.008330011367797851 0.010866610209147136
0 0.6165413530878869 0.5799139098734227 0.006261491775512695 0.008134078979492188
0 0.5077502727508545 0.492120107014974 0.007925033569335938 0.009525616963704428
0 0.4486846923828125 0.3303414344787597 0.008735942840576171 0.011415036519368489
0 0.613923740386963 0.25982481638590493 0.008378314971923827 0.011622397104899089
0 0.3593571662902832 0.6507546424865722 0.007904338836669921 0.011164283752441407
0 0.38594129085540774 0.7006603240966797 0.00749502182006836 0.010634994506835938
0 0.5142329692840576 0.4427061716715495 0.008005332946777344 0.010271708170572914
0 0.3835005879402161 0.1647047996520996 0.00925290584564209 0.01156460444132487
0 0.5895702123641968 0.17323317527770996 0.008453893661499023 0.010657723744710286
0 0.29745807647705075 0.6389238993326822 0.008325910568237305 0.01080182393391927
0 0.4712129087593194 0.20339979292323906 0.009669637680053711 0.013313484191894532
0 0.25552035570144654 0.4091001828511556 0.007721638679504395 0.009689140319824218
0 0.7199763298034668 0.5812578837076823 0.007965660095214844 0.01052398681640625
0 0.7631790637969971 0.41276963551839196 0.009032630920410156 0.01265366872151693
0 0.23492281436920165 0.5195133368174235 0.008460426330566406 0.010652510325113933
0 0.4732662200927734 0.7014139811197916 0.0087860107421875 0.01111437479654948
0 0.6238817930221557 0.6551465670267741 0.007600831985473633 0.010272534688313802
0 0.3987341165542603 0.33573877016703285 0.008516645431518555 0.011482842763264974
0 0.5391549587249755 0.24758613904317223 0.007789039611816406 0.010021813710530599
0 0.24229682683944703 0.46711568832397454 0.00928804874420166 0.01241010030110677
0 0.743933629989624 0.6377026557922363 0.009165000915527344 0.011706860860188802
0 0.41181244850158694 0.44225640296936036 0.007894611358642578 0.010059007008870443
0 0.36777170896530154 0.2287864367167155 0.009975838661193847 0.0132598876953125
0 0.40357050895690916 0.24755773544311524 0.00784158706665039 0.010836378733317059
0 0.2889590382575989 0.4330702940622965 0.007821106910705566 0.010862000783284505
0 0.5627349376678467 0.33142642974853515 0.007682228088378906 0.010672950744628906
0 0.6710131406784058 0.27500462532043457 0.008253145217895507 0.011470381418863933
0 0.35061672925949094 0.23285702864329022 0.009122061729431152 0.011726935704549156
0 0.41969735622406007 0.6133326530456543 0.007419729232788086 0.01063887278238932
0 0.6604850769042969 0.5543441772460938 0.00632772445678711 0.007292556762695313
0 0.6247000217437745 0.5037774880727132 0.006767559051513672 0.008996295928955077
0 0.6313209533691406 0.7022137006123862 0.008758831024169921 0.010631752014160157
0 0.5402369260787965 0.7954787254333496 0.008707857131958008 0.012499427795410157
0 0.3316109895706177 0.44737364451090494 0.008400964736938476 0.012167104085286458
0 0.5057413339614868 0.187214461962382 0.008436155319213868 0.010926516850789388
0 0.33591495752334594 0.6376181602478027 0.007982325553894044 0.011340649922688802
0 0.47754554748535155 0.5235113302866617 0.008685016632080078 0.012678178151448567
0 0.31582075357437134 0.32076365152994796 0.009186148643493652 0.012397575378417968
0 0.3616512656211853 0.5871074358622232 0.007972216606140137 0.0106747309366862
0 0.33544517755508424 0.6713850975036619 0.00805041790008545 0.010783449808756512
0 0.6970402717590332 0.2653383731842041 0.008247089385986329 0.011139392852783203
0 0.615239930152893 0.2879960378011068 0.007096052169799805 0.010027567545572914
0 0.4289295268602808 0.7117360441826616 0.006670045852661133 0.0097259521484375
0 0.5938964128494263 0.12554647525151572 0.009471750259399414 0.01242830753326416
0 0.6274243116378784 0.6317270914713542 0.007584333419799805 0.010973103841145833
0 0.5793920755386353 0.8273117701212566 0.007103490829467774 0.00930633544921875
0 0.7399753948377069 0.4634102327288514 0.007641839981079101 0.009848880767822265
0 0.5352367639541626 0.2724506855010986 0.007686185836791992 0.010336208343505859
0 0.5080734968185425 0.12161749203999837 0.008988618850708008 0.009430901209513346
0 0.5391043186187744 0.5266870498657227 0.007651519775390625 0.009832509358723958
0 0.555026364326477 0.6750407218933105 0.010080957412719726 0.013357734680175782
0 0.24675362110137938 0.4459368864695232 0.007235860824584961 0.010596370697021485
0 0.7003899812698364 0.6090416590372721 0.008504819869995118 0.011543019612630207
0 0.2950055480003357 0.31855433781941733 0.009034466743469239 0.010596847534179688
0 0.5004931449890136 0.13282118240992227 0.009675884246826172 0.01127299467722575
0 0.5737299680709839 0.8030796686808267 0.009919309616088867 0.012026596069335937
0 0.45854289531707765 0.11578260660171509 0.009151029586791991 0.01303708553314209
0 0.3062711596488953 0.4775336742401122 0.009022164344787597 0.010724099477132161
0 0.5626220464706421 0.7186503728230795 0.008255720138549805 0.010458119710286458
0 0.6416272194484784 0.29767612770331 0.008582878112792968 0.010853735605875652
0 0.37608726024627687 0.3618616580963135 0.007361793518066406 0.010298824310302735
0 0.3969080686569214 0.7104606946309407 0.007635736465454101 0.010160509745279949
0 0.4797736883163452 0.6130551020304362 0.00780644416809082 0.010805130004882812
0 0.7359086990356445 0.3558592319488525 0.006784820556640625 0.0097105344136556
0 0.613637137413025 0.7545881907145181 0.007439470291137696 0.009255472819010417
0 0.3240013480186462 0.3389188925425211 0.00859692096710205 0.011273797353108723
0 0.42676172256469724 0.728048006693522 0.008684444427490234 0.011087290445963542
0 0.32659480571746824 0.5888275464375814 0.007846975326538086 0.011017036437988282
0 0.33438532516983055 0.6018247998168635 0.006078934669494629 0.008358446756998698
0 0.2926682472229004 0.5273873488108317 0.006613254547119141 0.009799544016520183
0 0.3428910493850708 0.2123553911844889 0.008942079544067384 0.012079970041910809
0 0.4431470394134521 0.25526444117228186 0.008659172058105468 0.011002063751220703
0 0.7000157356262207 0.38309507369995116 0.0068150520324707035 0.010107167561848958
0 0.6107322454452515 0.21214818954467773 0.009552812576293946 0.012738736470540364
0 0.7341564416885376 0.3889104525248209 0.008434438705444336 0.011183929443359376
0 0.674881993452819 0.5283429910262996 0.009173917770385741 0.0117950439453125
0 0.2411335231552479 0.4523924339337971 0.009553867311072892 0.0111461785295851
0 0.24367126915975162 0.39885096921132585 0.008658192250659802 0.013932723161981287
0 0.2672573790839629 0.39705961909049975 0.009255308957601934 0.013534645357353341
0 0.31308608634176577 0.3666066670364547 0.006568283776362591 0.011544256334213045
0 0.36652803161308 0.38292785702620435 0.007762517190246783 0.01234041194346922
0 0.37249919868250053 0.38452016824471646 0.0083596338971887 0.010748100724957084
0 0.36279605219469213 0.40442405847611845 0.009852425664544029 0.010748100724957084
0 0.39772737955080245 0.40760868091314273 0.009255308957601897 0.015525034380493423
0 0.40175791732266125 0.4504020449106568 0.010150984018014952 0.014330800966609374
0 0.3511522764093219 0.472097285262885 0.011046659078428079 0.00995194511570098
0 0.32084860353201256 0.45358666734768116 0.011345217431899108 0.01353464535735327
0 0.2572556742426835 0.5073271709724664 0.008359633897188771 0.0111461785295851
0 0.35563065171138747 0.3920836465326492 0.006269725422891597 0.009155789506444946
0 0.29741177278453684 0.33157582022918747 0.011643775785370139 0.008359633897188771
0 0.4831150686435167 0.43985298308801374 0.006866842129833657 0.014728878771237462
0 0.4880412814757886 0.3799422734914941 0.007165400483304722 0.00875771170181686
0 0.49804298631706806 0.3869086350724848 0.008061075543717634 0.013136567552725253
0 0.4938631693684738 0.3646162780133146 0.008061075543717848 0.011544256334213117
0 0.42892672748852495 0.36780090045033886 0.008359633897188842 0.008359633897188771
0 0.44504887857596054 0.483044424890156 0.006568283776362733 0.010350022920328996
0 0.5022228032656625 0.47428671318833915 0.009255308957601968 0.015126956575865477
0 0.3332387752010602 0.2828112891622528 0.007463958836775717 0.009553867311072892
0 0.33771715050312573 0.28261225025993875 0.006866842129833657 0.012340411943469257
0 0.3375678713263902 0.2690776049025855 0.010748100724957084 0.013136567552725218
0 0.35264506817667707 0.2517612204012658 0.005075492009007476 0.007165400483304651
0 0.3548842558277099 0.254149687229034 0.005374050362478613 0.009553867311072928
0 0.43982410739021743 0.2909718841571276 0.008658192250659837 0.011544256334213082
0 0.3315967042569696 0.17871394325202075 0.008359633897188771 0.012340411943469186
0 0.4768453432206251 0.23245444687680591 0.008658192250659766 0.010748100724957013
0 0.47341192215570826 0.23743041943465643 0.008359633897188842 0.008757711701816894
0 0.5199870252971887 0.22429385188193116 0.008359633897188842 0.013534645357353305
0 0.5274509841339644 0.22628424090507132 0.008956750604130832 0.014330800966609339
0 0.5313322427290877 0.20160341701813295 0.007762517190246783 0.011146178529585065
0 0.5211812587110728 0.18010721556821893 0.010150984018014952 0.010350022920328996
0 0.4652015674352549 0.1313426845012842 0.008658192250659837 0.010748100724957048
0 0.542976018514458 0.12457536182260753 0.008956750604130832 0.012340411943469166
0 0.5492457439373496 0.11163783317219632 0.008359633897188913 0.011942334138841151
0 0.5741753664521805 0.25534392064291817 0.006866842129833514 0.012738489748097272
0 0.611495160636059 0.3102786576815874 0.005672608715949537 0.011146178529585136
0 0.6083602979246132 0.32560465315976683 0.008359633897188771 0.012340411943469149
0 0.5685027577362308 0.2818160946506827 0.0068668421298335855 0.01234041194346922
0 0.5637258240806944 0.2810199390414266 0.006269725422891597 0.013136567552725253
0 0.554321235946357 0.3001276736635724 0.007762517190246783 0.012340411943469257
0 0.5502906981744982 0.3116719299977856 0.007463958836775788 0.009155789506444911
0 0.5156579291718588 0.34013449302869025 0.008658192250659908 0.01353464535735327
0 0.7309185020244705 0.3176430970672061 0.006269725422891667 0.009155789506444805
0 0.7419651611028985 0.3492902825351352 0.007463958836775788 0.007961556092560827
0 0.7218124722436042 0.3614316555762903 0.008359633897188842 0.011544256334213117
0 0.7177819344717452 0.3666066670364549 0.006269725422891526 0.010748100724957013
0 0.7131542799929442 0.3695922505711651 0.005374050362478613 0.008757711701816788
0 0.6040312017992834 0.38810286848636893 0.006269725422891738 0.012340411943469149
0 0.5998513848506889 0.39407403555578946 0.006866842129833728 0.011544256334213117
0 0.5704433870337927 0.4109923422524811 0.005971167069420602 0.0111461785295851
0 0.580445091875072 0.4151721592010755 0.008658192250659766 0.010748100724957013
0 0.6916580785430301 0.3821317014169483 0.008359633897188842 0.009155789506444877
0 0.7594308247809539 0.5121041046280028 0.010150984018014952 0.011942334138841276
0 0.5735782497452384 0.4908069420804027 0.007463958836775717 0.010748100724957013
0 0.5399904349797476 0.5127012213349449 0.007762517190246783 0.009155789506444877
0 0.6195562361797768 0.5023511984146158 0.007463958836775788 0.008359633897188842
0 0.6806114194646022 0.5270320223015542 0.007762517190246569 0.011544256334213117
0 0.7071831129235239 0.52285220535296 0.007165400483304722 0.008757711701816788
0 0.6568760303636555 0.5393724342450235 0.006269725422891667 0.009951945115700838
0 0.6656835017910508 0.5421589788774197 0.009553867311072679 0.010748100724957013
0 0.6613544056657209 0.5475330292398983 0.005672608715949537 0.007961556092560898
0 0.6485163964664667 0.5632571025227058 0.007463958836775646 0.009951945115700838
0 0.6034340850923413 0.5521109239931207 0.005672608715949537 0.008359633897188771
0 0.6426945085737816 0.5600724800856816 0.005971167069420531 0.00995194511570098
0 0.7100194172814986 0.5465378347283282 0.007463958836775646 0.009155789506444805
0 0.5717868996244122 0.5684321139828703 0.008658192250659766 0.00995194511570091
0 0.6592644971914237 0.4189538983450419 0.006866842129833657 0.010350022920328925
0 0.750772632530294 0.472893440872141 0.006568283776362733 0.010748100724957013
0 0.6228403780679582 0.617196645049805 0.008061075543717705 0.01114617852958517
0 0.6116444398127946 0.6219735787053413 0.006568283776362804 0.012738489748097166
0 0.5811914877587496 0.6303332126025302 0.006568283776362591 0.009553867311072892
0 0.47072489697446906 0.6613832813635172 0.006568283776362591 0.01353464535735327
0 0.5267045882502869 0.6834765995203733 0.008061075543717705 0.011544256334213117
0 0.5202855836506598 0.7290565081502837 0.0077625171902466405 0.011942334138841205
0 0.5791015792844525 0.722687263276235 0.006568283776362591 0.011146178529585028
0 0.5713390620942057 0.7372171031451584 0.0077625171902466405 0.012340411943469291
0 0.5368555722683018 0.763689277152923 0.009852425664543958 0.010350022920329138
0 0.5153593708183878 0.7706556387339137 0.009852425664544029 0.010748100724957084
0 0.5735782497452384 0.7768258447056482 0.009255308957601968 0.01114617852958517
0 0.5744739248056515 0.7654806272737491 0.006866842129833657 0.011544256334213117
0 0.5829828378795758 0.7640873549575511 0.007165400483304722 0.012738489748097237
0 0.5897004008326739 0.7642863938598652 0.006269725422891597 0.011544256334213259
0 0.6138836274638273 0.7710537165385418 0.005672608715949537 0.012340411943469149
0 0.4507214872919101 0.8114586137082879 0.005971167069420602 0.013534645357353412
0 0.4510200456453811 0.8373336710091102 0.00716540048330458 0.008757711701816788
0 0.449527253878026 0.7714517943431699 0.008359633897188771 0.009155789506445017
0 0.4532592332964138 0.7459748148469754 0.008061075543717705 0.011544256334213117
0 0.4110132262802633 0.7093516568211959 0.006568283776362733 0.013136567552725466
0 0.3321938209639132 0.7461738537492915 0.009553867311070047 0.014330800966605358
0 0.2847230427620181 0.7033804897517751 0.008359633897188808 0.013136567552725182
0 0.3514508347627931 0.6918362334175622 0.008061075543717705 0.010748100724956942
0 0.37085712773840995 0.6745198489162425 0.008061075543717705 0.011942334138841205
0 0.31204113210461726 0.6349111073557526 0.012240892492312128 0.00995194511570098
0 0.2711386376790863 0.6625775147774013 0.010449542371485982 0.012738489748097095
0 0.2614354911912779 0.6574025033172367 0.006568283776362662 0.01592311218512137
0 0.25128450717326295 0.5955014046975768 0.007165400483304722 0.012340411943469149
0 0.287559347119993 0.54514456241213 0.009852425664543923 0.011942334138841205
0 0.3342837294382089 0.5947052490883209 0.010150984018014952 0.009155789506444805
0 0.38891990812340715 0.58574849848419 0.010748100724957084 0.010350022920328925
0 0.3786196449286567 0.668150604042194 0.007463958836775646 0.01114617852958517
0 0.4001158463785708 0.5515138072861787 0.009852425664543887 0.010350022920328996
0 0.4128045764010895 0.534794539491801 0.007762517190246712 0.011942334138841134
0 0.31383248222544347 0.5483291848491544 0.008061075543717777 0.0111461785295851
0 0.4796816475785999 0.5284252946177523 0.006568283776362591 0.009553867311072892
