0 0.4378872553507487 0.79907147442853 0.009690475463867188 0.01331244574652778
0 0.6408254623413085 0.8169304741753471 0.010227076212565104 0.015498069480613426
0 0.6044834136962891 0.5657988936812789 0.009369744194878472 0.012200475622106481
0 0.4043851852416992 0.3578562277334708 0.009909862942165799 0.013646528455946182
0 0.40930112202962243 0.40975408200864444 0.008520338270399306 0.011650452790436921
0 0.7427800072564019 0.6922629179777923 0.008681827121310763 0.01177204273365162
0 0.5523527993096246 0.7887327971281829 0.008760960896809895 0.012204431604456018
0 0.46970174577501084 0.7989812215169271 0.01073315938313802 0.01352832935474537
0 0.46714583502875434 0.2724116290057147 0.009022437201605903 0.012189229329427086
0 0.3476358545878873 0.32436398043358894 0.005943079701354869 0.013387584233534361
0 0.6745651033189561 0.2878878840693721 0.009018241034613714 0.011085227683738425
0 0.4167587704128689 0.33618158411096644 0.009079657660590278 0.010995652940538194
0 0.4195134692721897 0.3185053790057147 0.00875231424967448 0.01123199462890625
0 0.7732123904758029 0.6397059687861689 0.008649783664279515 0.011096417462384258
0 0.4412569046020508 0.642154891402633 0.006321928236219619 0.008411661783854166
0 0.512133683098687 0.6176711470992476 0.007573657565646702 0.01070545337818287
0 0.4198243035210503 0.8833190070258248 0.008074018690321181 0.012110561794704862
0 0.38330612182617185 0.4448975739655672 0.008439805772569444 0.011396054868344907
0 0.7072520997789171 0.7200131451642072 0.008651691012912327 0.011610808195891205
0 0.772402529696597 0.40932726324694513 0.008245086669921875 0.010936595775462963
0 0.37691131167941627 0.5603802716290509 0.009097925821940104 0.012730803313078704
0 0.5218133078681099 0.2692095297354239 0.006753582424587673 0.009057475902416089
0 0.4767046822441949 0.4102714256004052 0.008565733167860244 0.011440587926793982
0 0.7626688639322917 0.677113257514106 0.007866753472222222 0.009835871943721064
0 0.29647024760532636 0.4662765685360429 0.007508171929253463 0.013977774269395817
0 0.7027278264363607 0.4216704474555122 0.00933062235514323 0.012224833170572914
0 0.6512351989746094 0.6013412475585938 0.0067836337619357635 0.009287516276041666
0 0.2698066435566428 0.7294199185827762 0.008869162746860141 0.007603002477575227
0 0.6516970528496635 0.6822465402108652 0.008943896823459202 0.011945201732494214
0 0.3777794731987847 0.28980719954879197 0.007826487223307291 0.011016760932074652
0 0.628712211942862 0.21802192905234727 0.008542378743489584 0.010773934258355034
0 0.7780978794250382 0.47232676419842545 0.007558780246310764 0.010594855414496528
0 0.41786382463243277 0.46741949010778355 0.00934588114420573 0.01177413375289352
0 0.48938772413465714 0.586999003092448 0.007632361518012153 0.01076366283275463
0 0.7425136990017361 0.5365622343840424 0.009809366861979167 0.013851194028501157
0 0.2693115446302626 0.5000843754521123 0.009654786851671007 0.013410215024594907
0 0.5279848946465386 0.2469602655481409 0.010244369506835938 0.01238123575846354
0 0.6618085649278429 0.4002978289568866 0.008975134955512153 0.011955430772569444
0 0.44099481370713983 0.34292657640245233 0.006413353814019097 0.008668885407624422
0 0.3019158257378472 0.7015672754358363 0.009631559583875867 0.012068402325665507
0 0.5321618398030599 0.5803772537796585 0.007737901475694444 0.010054750795717594
0 0.3591615041097005 0.4844056871202257 0.008060031467013888 0.010518731011284723
0 0.27535116407606336 0.5435058028609664 0.008904181586371528 0.011683711299189815
0 0.706592305501302 0.3142073313395182 0.009458414713541667 0.012678443060980902
0 0.34484817722427197 0.4535089524252271 0.009031390192498562 0.01396855016439794
0 0.30185875990797856 0.48433609761562246 0.007586367761698831 0.011078505302798334
0 0.4983818104967485 0.48096437861042296 0.007586367761698795 0.013968550164397868
0 0.344125666008872 0.3193627034326476 0.007586367761698866 0.014450224307997743
0 0.3788062043480667 0.21700694791766334 0.007586367761698795 0.00915180872839862
0 0.3146833339813266 0.3285145121610462 0.00939264580019863 0.014450224307997743
0 0.5372167883244925 0.23892312145146 0.009392645800198522 0.011560179446398245
0 0.6472191208691257 0.2263995937178619 0.007586367761698795 0.016376920882397457
0 0.6763001972889711 0.24566655946185892 0.007947623369398827 0.011560179446398209
0 0.560517775021139 0.24879744139525847 0.009031390192498634 0.010115157015598442
0 0.5664784925481879 0.2577084130518571 0.008670134584798674 0.009633482871998566
0 0.5802062056407858 0.2755303563650544 0.009392645800198593 0.013486876020797886
0 0.7682397494486071 0.3998022854138352 0.007586367761698654 0.015413572595197635
0 0.6640175066271731 0.44339379540962864 0.008670134584798745 0.008188460441198728
0 0.7763680006218558 0.4638649465126255 0.009392645800198522 0.013486876020797922
0 0.6060359815913319 0.3836662016032378 0.009753901407898552 0.010115157015598513
0 0.5493188511824406 0.39522638104963603 0.0075863677616989375 0.00915180872839862
0 0.638729614088177 0.33959301746384457 0.009392645800198522 0.009633482871998495
0 0.5637690754904384 0.4828910751848226 0.009031390192498491 0.009151808728398549
0 0.5756905105445367 0.5869326902024067 0.006863856546298948 0.010115157015598513
0 0.5637690754904384 0.6579796263833958 0.006863856546299019 0.010596831159198388
0 0.6961692557124681 0.6466602840087975 0.007947623369398684 0.014931898451597689
0 0.7030331122587671 0.6524403737319966 0.010115157015598442 0.010115157015598442
0 0.7877475522644042 0.5941578023564056 0.009031390192498634 0.01589524673879758
0 0.6746745470543215 0.5125140350162181 0.006863856546299019 0.009633482871998566
0 0.6858734708930198 0.5211841696010167 0.006141345330898957 0.009633482871998495
0 0.6687138295272723 0.6199273690390015 0.009392645800198522 0.008670134584798745
0 0.5260178644857941 0.6871209120711913 0.008670134584798745 0.010115157015598442
0 0.5388424385591422 0.7415500902979829 0.007586367761698795 0.010115157015598585
0 0.5494994789862906 0.8349948741563686 0.010115157015598371 0.012041853589998083
0 0.5077744562969471 0.8997800464705589 0.009753901407898552 0.01156017944639828
0 0.45376674294580527 0.8638953227723641 0.006502600938598988 0.012041853589998226
0 0.34520943283197186 0.8472775648181669 0.009031390192498562 0.010596831159198246
0 0.34231938797037215 0.7967017797401745 0.007586367761698794 0.011560179446398137
0 0.3518926615744207 0.7863457856527762 0.006502600938598988 0.012041853589998226
0 0.3547827064360204 0.7798431847141771 0.007225112153998907 0.013486876020798065
0 0.39307580085221455 0.7222831245539859 0.006502600938598988 0.010115157015598585
0 0.4019265632408631 0.6478644693677973 0.008308878977098644 0.010596831159198388
0 0.4602693438844042 0.5900635721358062 0.007225112153998907 0.013486876020797994
0 0.5647682180355658 0.3823313242149988 0.00591366180633834 0.0073410974147647325
0 0.553858531599735 0.3836907866992145 0.006525419924235365 0.008972452395823467
