0 0.38301404317220056 0.2948981391059028 0.007662031385633681 0.009880913628472222
0 0.6423382017347548 0.15892497168646919 0.009540685017903646 0.013249390213577836
0 0.37455156114366317 0.5267421298556857 0.008377922905815972 0.011364011411313657
0 0.3300058470831977 0.5288319340458623 0.007912381490071615 0.01082786277488426
0 0.5502348370022243 0.3315882788764105 0.00677901373969184 0.009328912805627894
0 0.7611198001437717 0.3800853446677879 0.008729468451605903 0.010445969193070025
0 0.6137255562676325 0.27979597868742767 0.008227581448025174 0.012219294795283563
0 0.7468018001980252 0.608725682011357 0.008955637613932291 0.011765034993489583
0 0.6530422422620985 0.5081896746600115 0.007732518513997397 0.010745578342013888
0 0.3843869739108615 0.3175347080937138 0.008055072360568577 0.010619354248046876
0 0.5491854773627387 0.800440357349537 0.006550428602430556 0.008717289677372685
0 0.7824498482436636 0.638632189578657 0.007249069213867187 0.008925656919126158
0 0.3482766257392036 0.1933722248783818 0.008311165703667535 0.012158810650860821
0 0.49677259657118056 0.6633463259096498 0.008118523491753472 0.010940834327980325
0 0.42880183325873483 0.7892299228244357 0.007329601711697048 0.010785872847945601
0 0.6257646136813694 0.4401511439570674 0.007827207777235242 0.010569339328342014
0 0.3742337968614367 0.7029919377079717 0.007080925835503472 0.009283842863859955
0 0.3138274298773872 0.29244165773744935 0.008920796712239583 0.012152127866391782
0 0.354464054107666 0.4925977636266638 0.008201577928331164 0.011334737141927086
0 0.5629045486450195 0.4047421914559824 0.008258099026150174 0.011667124430338542
0 0.45987029605441626 0.17440336015489366 0.008256573147243923 0.01228944283944589
0 0.3214230537414551 0.333331298828125 0.008448643154568142 0.010759141710069444
0 0.5136640972561306 0.8364995885778357 0.007393434312608507 0.01010165744357639
0 0.2663951767815484 0.4914911340784143 0.0085254881117079 0.010902461299189814
0 0.3665750503540039 0.3106722796404804 0.009302902221679687 0.012612688982928243
0 0.6977931552463107 0.6013515896267361 0.008051300048828125 0.010976042570891204
0 0.5525954140557183 0.4467183996129919 0.00829972161187066 0.011843928584346065
0 0.551026365492079 0.29947335984971785 0.007564459906684028 0.010213866057219327
0 0.43655238681369357 0.17376498469599969 0.008212195502387153 0.0109354089807581
0 0.37845963372124564 0.2668762772171586 0.007899390326605903 0.010997743959780093
0 0.6871601104736328 0.664262757477937 0.008457438151041666 0.011508687337239582
0 0.4929553773668078 0.36077837060998985 0.008731121487087674 0.012268603289568867
0 0.7396388159857855 0.4533088401511863 0.009117041693793402 0.012114517777054398
0 0.7642756991916232 0.31711332533094616 0.007872348361545139 0.011368080421730325
0 0.3255457878112793 0.2746729815447772 0.009202808803982205 0.012107679578993056
0 0.6061234368218316 0.45854006166811345 0.008362070719401041 0.010836396393952546
0 0.7083482954237197 0.3900294127287689 0.008943939208984375 0.012826622856987848
0 0.38658203548855247 0.3672491709391277 0.00813857184516059 0.011134762234157986
0 0.6357771131727431 0.28155841120967157 0.008838653564453125 0.011129110830801505
0 0.4005679236518012 0.23716843216507524 0.006720564100477431 0.009935675726996527
0 0.3940152274237738 0.4682217633282697 0.008475451999240451 0.011243466977719907
0 0.6329076978895399 0.4552716149224176 0.0069454616970486115 0.009942711724175348
0 0.529928821987576 0.2372216259991681 0.00862380133734809 0.012031639946831598
0 0.5587329864501953 0.2127328943323206 0.0077545166015625 0.011586987530743635
0 0.6180172390407986 0.1434311972724067 0.008689202202690972 0.01236065052173756
0 0.6906901889377169 0.7262491014268663 0.007357279459635418 0.008845180935329862
0 0.609484757317437 0.32047641895435475 0.008193673027886286 0.010570949978298612
0 0.6318867789374457 0.8309581897876881 0.008511310153537326 0.011791822645399306
0 0.5971731821695964 0.6566572966399016 0.0078125 0.010991866500289351
0 0.2759418699476454 0.29913639492458766 0.009805340237087673 0.013598548041449655
0 0.5229425218370225 0.5808607313368056 0.007437811957465278 0.009664238823784723
0 0.7205724080403645 0.5802779586226852 0.007815043131510416 0.010148677119502314
0 0.31302478578355575 0.5592039037633826 0.008274650573730469 0.011676760073061343
0 0.3937253528171116 0.6086458559389467 0.008032608032226562 0.01102001048900463
0 0.6323186874389648 0.7698990715874565 0.007699457804361979 0.011226569281684027
0 0.3127246326870388 0.2539448066993996 0.008315764533148872 0.01213568228262442
0 0.5225550969441731 0.6699957953559027 0.007538986206054687 0.011008142541956019
0 0.4037840737236871 0.3182204352484809 0.00703781975640191 0.008796861436631944
0 0.4641814337836372 0.5443865175600405 0.008993869357638889 0.011422277379918981
0 0.7753250122070312 0.5059601395218462 0.007134331597222222 0.00995449490017361
0 0.7870082846800334 0.4182659249880462 0.008357153998480903 0.010166676839192708
0 0.42900055779351126 0.368334056712963 0.006665547688802082 0.009812531647858795
0 0.6557198842366537 0.17207424022533274 0.009156121148003472 0.01320049144603588
0 0.4352975633409289 0.5644517686631945 0.007893456353081597 0.010148677119502314
0 0.5465451770358615 0.15939698395905672 0.009661992390950521 0.011600353099681713
0 0.30881470574273 0.35350046511049626 0.007177437676323784 0.011223150182653357
0 0.5261967341105144 0.37776154412163626 0.008532418145073785 0.012224465829354745
0 0.5067174699571397 0.30793653417516637 0.007207234700520832 0.010152548330801505
0 0.5631994459364149 0.7894776520905671 0.00856967502170139 0.01075122974537037
0 0.7256348080105252 0.478259602299443 0.00727445814344618 0.009972494619864004
0 0.44209823608398435 0.3570654268617983 0.00757259792751736 0.010273036250361689
0 0.7571585337320964 0.5176584031846788 0.008026885986328124 0.010685956036603009
0 0.6772323608398437 0.23896235006826896 0.008596038818359375 0.011309263441297743
0 0.6439813401963975 0.32558534410264756 0.008671485053168403 0.011375031647858797
0 0.2548848893907335 0.3849844190809462 0.008346642388237848 0.011160108778211806
0 0.6906435648600261 0.7909785800509982 0.00821872287326389 0.011556385181568287
0 0.3215742958916558 0.4612648292824073 0.008143530951605903 0.011051036693431713
0 0.31208234363132054 0.4554391366464121 0.008046192593044704 0.010161618833188658
0 0.2673249244689942 0.5671798988624855 0.009215100606282552 0.012346677426938657
0 0.5807070202297634 0.37066719620316113 0.008597776624891492 0.010988786485460068
0 0.5326895395914714 0.15852570003933375 0.007183753119574653 0.009379591765227142
0 0.5861900965372722 0.28599976433648006 0.007213041517469618 0.008875896312572337
0 0.5511786142985026 0.7790902879503038 0.00770144992404514 0.009179178873697917
0 0.5951421949598524 0.24902739348234956 0.00863706800672743 0.011037473325376157
0 0.7211414761013454 0.616736744068287 0.009005228678385416 0.010532407407407407
0 0.6509653515285916 0.1895941698992694 0.009032058715820312 0.012439869068287037
0 0.5615634706285265 0.12362732004236293 0.008861414591471354 0.012112843548810042
0 0.5340097003512912 0.8686360111942999 0.008675342135959201 0.011477209020543982
0 0.35837345123291015 0.6555066144024885 0.006653806898328994 0.008334124529803241
0 0.40105268690321183 0.7183088231969763 0.006738026936848957 0.009301927354600694
0 0.28099375830756296 0.33883234659830724 0.009037229749891493 0.012905940303096063
0 0.7726640489366319 0.44052559181495954 0.007331000434027778 0.010472898130063657
0 0.28289352908919724 0.49999830272993734 0.00960746341281467 0.013616689046223958
0 0.6157179726494683 0.42367947896321617 0.007549413045247397 0.01042268541124132
0 0.3560508410135905 0.2144642017505787 0.00872351328531901 0.012478100811993636
0 0.46691701677110464 0.6579928080240884 0.007060877482096353 0.01017676459418403
0 0.38710140652126734 0.4063713921440973 0.008704291449652778 0.010857645670572917
0 0.4815747125741371 0.8067992646754898 0.007239023844401043 0.009738102665653935
0 0.7526351504855685 0.4732901255289713 0.006954701741536459 0.01019193861219618
0 0.5152784135606554 0.6892388237847222 0.0071258544921875 0.008364076967592593
0 0.599754163953993 0.19097951253255208 0.008016543918185765 0.01077835648148148
0 0.3555201636420356 0.44685570045753764 0.00751800537109375 0.0095977783203125
0 0.5843986723158094 0.41524932296187783 0.007473966810438369 0.010411693431712964
0 0.3215582953559028 0.3079234794334129 0.007918039957682291 0.010516894305193864
0 0.503637080722385 0.5818509137188947 0.007049263848198785 0.009485767505787036
0 0.42979903750949433 0.48580073603877316 0.007965808444552951 0.011039451316550925
0 0.5843295611642382 0.7249157356198097 0.007192103068033853 0.00939788818359375
0 0.5771162668863933 0.5226935775191694 0.007441457112630208 0.011246123137297453
0 0.7354736751980251 0.6617358737521701 0.007536231146918403 0.011379665798611112
0 0.5398839314778645 0.19263198287398725 0.007088979085286457 0.010913057680483219
0 0.2542778968811035 0.6075653923882378 0.007618946499294705 0.009711767126012731
0 0.5692814509073894 0.24318281103063516 0.00725966559516059 0.009728127938729745
0 0.5715835359361436 0.15876316494411893 0.00751906500922309 0.012207342077184607
0 0.7297428131103517 0.5946323536060474 0.008326466878255208 0.011192265263310186
0 0.6602216296725802 0.72101804945204 0.00781813727484809 0.011075450755931714
0 0.7735075670497572 0.6449519687228731 0.008379618326822916 0.012125481499565972
0 0.6033808178371853 0.704349998191551 0.00826064215766059 0.01210982711226852
0 0.43473381466335714 0.5079845852322049 0.008626937866210938 0.01190185546875
0 0.4907083723280165 0.5908214427806713 0.0077606201171875 0.0106353759765625
0 0.6099323484632704 0.2131911807590061 0.008597776624891492 0.011408205385561343
0 0.5764657550387913 0.4598097483317057 0.008239195081922742 0.010490332709418402
0 0.29070651796129016 0.6007710209599247 0.007785224914550781 0.010648939344618056
0 0.4608628802829319 0.22085688555682148 0.007032055324978298 0.008900960286458334
0 0.6316712485419379 0.19831008911132816 0.00853530036078559 0.01275614985713252
0 0.6405647913614909 0.7840062459309897 0.007184643215603298 0.010072835286458333
0 0.3687378565470377 0.36655556007667817 0.008032268948025174 0.010046951859085648
0 0.5412617789374458 0.5058596343486781 0.0071193695068359365 0.009739798086660879
0 0.5631962246365018 0.33202879163953997 0.008497873942057291 0.011512191207320601
0 0.5353854169869321 0.7987267573000753 0.008203421698676215 0.009981508608217593
0 0.6595751232571071 0.6388321487991898 0.007646052042643229 0.009104523835358796
0 0.5805610656738281 0.15739932590060762 0.008859846327039931 0.013288144712094907
0 0.6130355299555452 0.24050574240294323 0.010402451566724879 0.013788254457836529
0 0.5959074020385742 0.23586563534206817 0.008026419745551214 0.010035945751048901
0 0.30167789091558417 0.6473515042327648 0.00962621061198651 0.009116684423630015
0 0.6066759957207574 0.6091552451804831 0.007734807332356771 0.010907604076244214
0 0.4830696529812283 0.2972559893572772 0.00759463840060764 0.009259711371527778
0 0.6067983627319335 0.8121000219274451 0.006575139363606771 0.009079375090422453
0 0.6159994761149088 0.6453666969581887 0.008319600423177084 0.011518916377314815
0 0.3991687774658203 0.7691058406123409 0.008547041151258681 0.010340203179253472
0 0.7079094314839354 0.4124788438615922 0.006775750054253472 0.010136639630353009
0 0.473625628153483 0.8323251794885707 0.007634099324544271 0.0103302001953125
0 0.33687272664125606 0.4826972197767641 0.007546255323621962 0.010938291196469907
0 0.5158268610636393 0.6757995322898581 0.008296754625108507 0.010574058250144675
0 0.7080493079291449 0.27158033582899305 0.006864844428168403 0.009058351869936343
0 0.5201818466186523 0.5179678175184462 0.00810805426703559 0.011494784884982638
0 0.5687684800889756 0.5843026337800202 0.008307223849826389 0.011292238588686342
0 0.5831672646218328 0.7156415278560909 0.0055327097574869736 0.01000007542438926
0 0.754501680172784 0.6932991304976389 0.006440056694878473 0.008221096462673612
0 0.34287612599726 0.47859123787131563 0.007225112153998907 0.014450224307997743
0 0.34233424258571005 0.4328321942293226 0.008308878977098715 0.011560179446398209
0 0.33294159678551144 0.5178476805747096 0.0054188341154991805 0.010115157015598513
0 0.3652739736746565 0.5079733606309113 0.006502600938598988 0.009633482871998566
0 0.36274518442075687 0.49978490018971244 0.007947623369398756 0.009633482871998566
0 0.2415439280374255 0.38394226865393016 0.006863856546298948 0.009151808728398549
0 0.27676634978817005 0.4046542568287271 0.009392645800198558 0.012041853589998154
0 0.3977869783676515 0.4191044811367247 0.010115157015598513 0.012041853589998154
0 0.4174754089872985 0.3757538082127314 0.008308878977098786 0.008188460441198728
0 0.4586585482650922 0.4094709982647262 0.009031390192498634 0.010115157015598371
0 0.46443863798829144 0.41332439141352567 0.007586367761698866 0.012041853589998154
0 0.47762446766933936 0.39622495931572826 0.006502600938598988 0.014450224307997743
0 0.492797203192737 0.43475889080372243 0.007225112153998765 0.013486876020797851
0 0.505621777266085 0.46173264284531823 0.009753901407898695 0.015413572595197706
0 0.5202526293779327 0.44607823317832074 0.01156017944639835 0.011078505302798263
0 0.531812808824331 0.4511358116861199 0.006502600938598988 0.014450224307997743
0 0.5137500284393337 0.561920864714103 0.007225112153998907 0.010596831159198246
0 0.5283808805511815 0.5843187123914995 0.007586367761698866 0.0081884604411988
0 0.41025029683329967 0.5493973369805049 0.009753901407898552 0.009633482871998495
0 0.3923681442521523 0.5599941681397032 0.005780089723199069 0.0125235277335981
0 0.3997738842100012 0.5744443924477011 0.006863856546298877 0.008670134584798745
0 0.3327609689816616 0.5819103416734999 0.008670134584798674 0.011078505302798334
0 0.31216939934276466 0.5742035553759011 0.009392645800198558 0.010115157015598371
0 0.2948291301731673 0.5686643027245019 0.007947623369398861 0.011560179446398209
0 0.4084440187947999 0.46052845748631843 0.01119892383869832 0.011078505302798192
0 0.454323480972693 0.4349997278755224 0.006141345330899028 0.010115157015598513
0 0.44691774101484405 0.4455965590347208 0.006502600938598988 0.007225112153998978
0 0.44962715807259357 0.45137664875791983 0.008308878977098786 0.007225112153998978
0 0.3314965743547117 0.346371685453136 0.008308878977098644 0.010115157015598442
0 0.2885071570384183 0.2929058555135442 0.009031390192498599 0.010115157015598442
0 0.4163916421641987 0.3682878589869326 0.006141345330899099 0.01156017944639828
0 0.43553818937229577 0.32493718606293925 0.009031390192498634 0.009633482871998495
0 0.42795182161059697 0.31193198418574125 0.009753901407898481 0.010596831159198423
0 0.4355381893722957 0.3083194281087418 0.007586367761698795 0.011078505302798297
0 0.43481567815689587 0.29892678230854325 0.005418834115499038 0.009633482871998495
0 0.4194623148296482 0.31385868076014095 0.00578008972319914 0.008670134584798674
0 0.4153078753410989 0.30807859103694185 0.005418834115499109 0.00963348287199846
0 0.41169531926409947 0.28399488385694555 0.006141345330899028 0.006743438010398926
0 0.4084440187947999 0.28953413650834464 0.006863856546298877 0.010115157015598406
0 0.4247005211412974 0.267617962974548 0.012643946269498158 0.012523527733597994
0 0.3891168437828529 0.22787984612755413 0.009392645800198522 0.011078505302798334
0 0.40483146271780046 0.22234059347615498 0.009753901407898552 0.01445022430799778
0 0.41115343585254943 0.22884319441475398 0.006502600938598988 0.014931898451597725
0 0.3611195341861071 0.17682238690596194 0.008308878977098715 0.013005201877198011
0 0.5027317324044854 0.2945917150161439 0.007586367761698866 0.012523527733598029
0 0.5025511046006355 0.28375404678514554 0.005780089723199069 0.010115157015598406
0 0.4891846471157375 0.27219386733874734 0.007225112153998836 0.011078505302798297
0 0.4944228534273868 0.2652095922565484 0.006863856546299019 0.011560179446398209
0 0.4778050954731893 0.24329341872275176 0.009031390192498562 0.013968550164397868
0 0.5561975623440771 0.28423572092874544 0.008308878977098786 0.014931898451597654
0 0.5278389971396317 0.35624600539693446 0.007947623369398756 0.0125235277335981
0 0.5742603427290746 0.34589001130953606 0.007586367761699009 0.012041853589998154
0 0.5751634817483244 0.26954465954894774 0.005780089723199211 0.009633482871998566
0 0.5690221364174254 0.26954465954894774 0.007947623369398756 0.01059683115919828
0 0.42795182161059697 0.16574388160316364 0.008308878977098786 0.013005201877197994
0 0.5180850957317332 0.16887476353656314 0.006502600938598988 0.010596831159198388
0 0.5180850957317331 0.17682238690596194 0.007947623369398684 0.00915180872839862
0 0.6382025852919648 0.19584851557815902 0.006863856546299019 0.013486876020797957
0 0.6867914645276073 0.18982758878315995 0.007947623369398684 0.013968550164397868
0 0.6768569353158589 0.25533527231274994 0.008308878977098715 0.014931898451597725
0 0.6687286841426101 0.26472791811294855 0.01156017944639828 0.012523527733598066
0 0.7411604334864489 0.26785880004634793 0.009031390192498634 0.012041853589998154
0 0.6855270699006575 0.3251780231347392 0.006863856546299019 0.010115157015598442
0 0.6931134376623563 0.3336073206477379 0.006863856546298877 0.012523527733598029
0 0.7115374736550535 0.3470941966685359 0.0039738116846994844 0.006743438010399032
0 0.7160531687513029 0.3442041518069363 0.007225112153998765 0.006743438010398961
0 0.7221945140822018 0.3437224776633364 0.006502600938598988 0.008670134584798674
0 0.729238998432351 0.3444449888787362 0.008308878977098715 0.013005201877198048
0 0.7830660839796425 0.3485392190993356 0.0075863677616989375 0.013486876020797851
0 0.688778370369957 0.37960720136153087 0.006141345330898957 0.013005201877197977
0 0.681733886019808 0.4015233748953275 0.011560179446398137 0.014450224307997743
0 0.6616841997924611 0.3885181730181295 0.0054188341154991805 0.010596831159198388
0 0.5970194460141711 0.4022458861107275 0.009031390192498705 0.008188460441198728
0 0.6790244689620585 0.42584791914712383 0.008308878977098573 0.00915180872839862
0 0.6719799846119097 0.4277746157215235 0.007225112153999049 0.011078505302798263
0 0.6699930787695598 0.44053898052692153 0.00758636776169908 0.007706786297598853
0 0.6651161280656106 0.4446332107475209 0.007225112153998907 0.012041853589998226
0 0.6723412402196095 0.45017246339892014 0.007225112153998907 0.0125235277335981
0 0.7845111064104424 0.4000783524645277 0.008308878977098715 0.01059683115919846
0 0.781440433744993 0.417659458705925 0.006502600938598988 0.011078505302798334
0 0.5632420466942263 0.4812404456611153 0.009392645800198593 0.012041853589998226
0 0.5475274277592785 0.49183727682031375 0.007586367761698866 0.00915180872839862
0 0.5554750511286773 0.4932822992511135 0.010476412623298473 0.010115157015598442
0 0.5431923604668794 0.5005074114051125 0.006141345330899028 0.009151808728398691
0 0.6098440200875191 0.5337429273135074 0.009392645800198593 0.010115157015598513
0 0.6846239308814077 0.5132717762105105 0.008670134584798603 0.008670134584798603
0 0.695822854720106 0.5144759615695103 0.009392645800198664 0.010115157015598371
0 0.6960034825239559 0.5024341079795122 0.006863856546299019 0.010115157015598513
0 0.6519302983845625 0.45812008676831895 0.006863856546298877 0.00915180872839862
0 0.7991419585222901 0.5354287868161072 0.009392645800198522 0.010596831159198317
0 0.5722734368867247 0.5737218812323011 0.007225112153998907 0.011078505302798334
0 0.5746215983367745 0.5664967690783023 0.006141345330899028 0.011078505302798476
0 0.7767441108448936 0.6014181444892969 0.007947623369398684 0.009633482871998637
0 0.6656580114771606 0.6293552448180927 0.01119892383869825 0.010596831159198317
0 0.6210429439262173 0.6423604466952907 0.007225112153998907 0.010596831159198317
0 0.558726351597977 0.5932296840480983 0.008308878977098644 0.0125235277335981
0 0.5565588179517771 0.6931770688450828 0.009031390192498634 0.013005201877198119
0 0.5227814186318324 0.6970304619938824 0.010115157015598513 0.010115157015598442
0 0.5406635712129797 0.6953446024912825 0.006863856546298948 0.008670134584798745
0 0.6708962177888097 0.7374910900562761 0.007225112153998765 0.010115157015598442
0 0.6354931682342152 0.7466428987846747 0.009392645800198593 0.013005201877197977
0 0.7612101197137957 0.6847477713320842 0.008670134584798603 0.01059683115919853
0 0.7296002540400508 0.7536271738668736 0.0075863677616989375 0.010596831159198246
0 0.7306840208631507 0.745438713425675 0.007586367761698795 0.008670134584798745
0 0.7232782809053018 0.7622973084516724 0.005780089723199069 0.01156017944639828
0 0.6327837511764655 0.8492394913714592 0.008308878977098786 0.0081884604411988
0 0.5805823158638235 0.7810826000520694 0.007947623369398684 0.012523527733598171
0 0.5804016880599735 0.8639305527512567 0.006863856546298948 0.006743438010398961
0 0.5816660826869234 0.870192316618056 0.0065026009385990595 0.007706786297598853
0 0.4637161267728914 0.8152814642476642 0.01119892383869825 0.014450224307997814
0 0.4810563959424888 0.7724124654672708 0.009031390192498634 0.01059683115919853
0 0.4637161267728914 0.764464842097872 0.009031390192498491 0.013968550164397868
0 0.4326481445106963 0.7700040947492712 0.008308878977098786 0.011560179446398137
0 0.4460146019955941 0.7755433474006703 0.009031390192498491 0.009151808728398691
0 0.34937872693585886 0.8145589530322642 0.007947623369398756 0.0081884604411988
0 0.3672608795170062 0.7974595209344667 0.008308878977098715 0.009633482871998495
0 0.3923681442521524 0.7220775174610785 0.005057578507799292 0.009151808728398549
0 0.3410698479587602 0.7435120168512751 0.007947623369398827 0.011560179446398137
0 0.27821137221896985 0.7105173380146802 0.008670134584798674 0.011078505302798476
0 0.3497399825435589 0.6712608953112863 0.008670134584798674 0.0077067862975987115
0 0.33944419772411044 0.6748734513882857 0.009753901407898412 0.0081884604411988
0 0.3587713727360575 0.6878786532654837 0.006502600938598988 0.010115157015598442
0 0.3735828526517552 0.6678891763060867 0.007947623369398827 0.006743438010398961
0 0.37249908582865543 0.6741509401728857 0.006502600938598917 0.007706786297598995
0 0.433551283529946 0.672465080670286 0.008670134584798674 0.012041853589998083
0 0.27496007174967035 0.6474180252030899 0.012282690661798164 0.011078505302798334
0 0.4552266199919427 0.6341719862540919 0.007225112153998836 0.01059683115919846
0 0.4622711043420917 0.6312819413924924 0.0075863677616989375 0.010596831159198388
0 0.4586585482650923 0.6223709697358938 0.007586367761698795 0.009151808728398478
