0 0.40480451583862304 0.43087495168050133 0.007650184631347656 0.010516993204752604
0 0.6338124990463256 0.3449267864227295 0.00875697135925293 0.012140051523844403
0 0.45718233585357665 0.2968900203704834 0.007857275009155274 0.009296894073486328
0 0.4020302176475525 0.20931196212768555 0.008675599098205566 0.011477057139078777
0 0.513516616821289 0.40662355422973634 0.00833749771118164 0.010665321350097656
0 0.6345493078231812 0.281119696299235 0.007970476150512695 0.010233179728190106
0 0.588294529914856 0.7508694330851235 0.00803065299987793 0.010264841715494792
0 0.538632845878601 0.6623386383056641 0.007754850387573242 0.01078033447265625
0 0.615042781829834 0.5147491137186686 0.00780954360961914 0.010881423950195312
0 0.3670866131782532 0.48104400634765626 0.008707118034362794 0.010947036743164062
0 0.3014575004577637 0.6881333669026692 0.009059333801269531 0.011831156412760417
0 0.6602626323699952 0.22211759090423583 0.007787513732910156 0.010316260655721029
0 0.5040408849716187 0.45795577367146806 0.00824131965637207 0.01104386647542318
0 0.6141822338104248 0.1725293795267741 0.008804035186767579 0.010974693298339843
0 0.5243615627288816 0.5891644390481622 0.009865283966064446 0.005871373823863533
0 0.45535783767700194 0.6204840024312337 0.008823394775390625 0.011274401346842449
0 0.4136105298995972 0.13317321141560873 0.008947801589965821 0.011347579956054687
0 0.5226003885269165 0.18478689988454186 0.007854890823364259 0.009708674748738606
0 0.49624316692352294 0.3203552563985188 0.008109617233276366 0.010400772094726562
0 0.7101097106933594 0.6428115208943685 0.008452510833740235 0.01147626241048177
0 0.6406494379043579 0.740392557779948 0.00919480323791504 0.012343978881835938
0 0.522243070602417 0.6419599850972493 0.007226753234863281 0.009174791971842448
0 0.701496003201019 0.2937299960621236 0.00840616226196289 0.010732587178548176
0 0.6283019542694092 0.3871303558349609 0.008590126037597656 0.011493428548177082
0 0.6243021011352539 0.2131978193918864 0.007516384124755859 0.010082944234212238
0 0.5221841335296632 0.6254464467366537 0.008269691467285156 0.01086298624674479
0 0.3588861465454102 0.6084206899007162 0.008802080154418945 0.011978912353515624
0 0.38908202422535454 0.7743479601487874 0.007964515686035156 0.010613632202148438
0 0.43333213329315184 0.5334901014963787 0.008187341690063476 0.011883958180745441
0 0.5350167751312256 0.4200714429219563 0.007907867431640625 0.009672292073567708
0 0.42420480251312254 0.513657506306966 0.00802597999572754 0.011295255025227864
0 0.3076899409294128 0.5200984001159669 0.007782673835754395 0.009849357604980468
0 0.30127707719802854 0.3903986612955729 0.008858990669250489 0.012160491943359376
0 0.3826461315155029 0.4908162752787272 0.006543207168579102 0.008836936950683594
0 0.47333364486694335 0.3086982568105062 0.008548164367675781 0.010678895314534505
0 0.5019169807434082 0.1565160592397054 0.008400249481201171 0.011054801940917968
0 0.5136640787124633 0.25946807861328125 0.00767064094543457 0.009992440541585287
0 0.7199911832809448 0.3257894833882649 0.009255552291870117 0.0129486083984375
0 0.4232138156890869 0.41485511461893715 0.007281970977783203 0.011721197764078777
0 0.5379635095596313 0.1206943114598592 0.008937311172485352 0.011059188842773437
0 0.350146746635437 0.7329434076944987 0.00883312225341797 0.012694549560546876
0 0.4230134725570679 0.3475793361663819 0.006818532943725586 0.010102621714274089
0 0.5793017864227294 0.6990762392679849 0.009139060974121094 0.012303988138834633
0 0.7539633274078369 0.6196730613708497 0.008252620697021484 0.01124693552652995
0 0.5486123323440553 0.424863322575887 0.008208131790161133 0.011669572194417317
0 0.4718674421310425 0.11893978516260784 0.008436155319213868 0.010961508750915528
0 0.46652600699881164 0.1916847926191358 0.006247472763061523 0.008232736587524414
0 0.2528714418411255 0.44221269289652504 0.0090179443359375 0.011159992218017578
0 0.3047409772872925 0.3381704489390056 0.008404064178466796 0.011178938547770183
0 0.5308244705200195 0.742824935913086 0.007694911956787109 0.011096318562825523
0 0.5436972856521607 0.2177582263946533 0.0075910091400146484 0.011873881022135414
0 0.4886422872543335 0.13571131626764932 0.008838224411010741 0.012015128135681152
0 0.48714800533774005 0.12709710282023123 0.007954549789428712 0.010836346944173176
0 0.4647714138031006 0.20584972699483234 0.00780019760131836 0.009847482045491537
0 0.39283625123408195 0.37611602428985075 0.008800768852233886 0.012609036763509114
0 0.6831483918741418 0.21440374789317823 0.008382320404052734 0.010731156667073567
0 0.6529097318649292 0.4094629128774007 0.007855463027954101 0.010363356272379559
0 0.6355948925018311 0.6856112162272135 0.008854198455810546 0.011277008056640624
0 0.4863084077835083 0.5562019983927409 0.007025289535522461 0.008980941772460938
0 0.3833808389964713 0.42616908488353467 0.00812063217163086 0.012532901763916016
0 0.5776103496551513 0.4607085227966309 0.007730293273925781 0.010334714253743488
0 0.5341039180755616 0.7777424958880818 0.00668048858642578 0.012774623937621663
0 0.6186941385269165 0.7626585324605305 0.008206701278686524 0.009970664978027344
0 0.3348587428154435 0.2353002162730862 0.005986261367797852 0.008024470011393229
0 0.4171004772186279 0.4539816538492839 0.009463977813720704 0.01094957987467448
0 0.3815783619880676 0.6524796485900879 0.007187247276306152 0.008308855692545573
0 0.6214856844930947 0.1937889391744529 0.006182670593261718 0.007921489079793294
0 0.5342202186584473 0.4947778701782227 0.006806564331054687 0.00949389139811198
0 0.5171421957511355 0.6534674766912932 0.007028961181640625 0.008831596374511719
0 0.6611728592341026 0.3137176075631318 0.007822513580322266 0.011600335439046226
0 0.4401406659807848 0.31460989440122494 0.008111023902893066 0.010376294453938804
0 0.6059895277023315 0.482498820622762 0.008031511306762695 0.010493501027425129
0 0.44629065990447997 0.46006547609965004 0.007679414749145508 0.010049533843994141
0 0.3413717819248734 0.7350539926948891 0.009099476060912081 0.014786648598982027
0 0.3510399752395925 0.6575188737592004 0.005687172538070158 0.014407503763110866
0 0.36952328598832035 0.685196446777808 0.00682460704568399 0.009857765732654827
0 0.4444517841773937 0.7051015506610534 0.00881511743400857 0.013270069255496963
0 0.3959686382903462 0.782826242014678 0.007962041553298178 0.012511779583754077
0 0.502745302692612 0.7530633723987776 0.008246400180201618 0.01289092441962552
0 0.509001192484489 0.7502197861297426 0.009383834687815664 0.014028358927239566
0 0.5266314273525063 0.7210256337676496 0.007677682926394667 0.01099520024026873
0 0.5291906549946379 0.6929689159131707 0.009383834687815664 0.009478620896783384
0 0.5314655240098659 0.6611207496999782 0.007677682926394667 0.01554493827072477
0 0.3574380443449213 0.6506942667135164 0.008246400180201547 0.009857765732654542
0 0.5448303794743307 0.7888925593886194 0.00881511743400864 0.00872033122504078
0 0.3894283898715655 0.5659553958962721 0.0062558897918770385 0.007962041553298249
0 0.28435787723072076 0.5365716711162434 0.008246400180201653 0.009857765732654684
0 0.28378915997691373 0.5437754229977988 0.007108965672587679 0.009099476060912081
0 0.28634838761904524 0.526903477801524 0.007677682926394631 0.010236910568526056
0 0.29317299466472935 0.5124959740384134 0.008246400180201618 0.011753489912011545
0 0.3139311744286852 0.48728284245296927 0.00881511743400857 0.008341186389169338
0 0.25549547660001504 0.4988467599470451 0.00739332429949112 0.010236910568526056
0 0.3371064025213208 0.5016903462160801 0.009099476060912152 0.01061605540439757
0 0.3304239747890884 0.4793208008996711 0.008246400180201618 0.011374345076140173
0 0.3354002507598997 0.48500797343774116 0.006255889791876967 0.009857765732654827
0 0.43748499781825784 0.4510745106272563 0.00853075880710513 0.012511779583754148
0 0.45355126023830566 0.4459560553429934 0.007677682926394667 0.009099476060912152
0 0.4542621568055645 0.4378044413717595 0.008530758807105202 0.009478620896783453
0 0.45994932934363464 0.4338234205951105 0.007962041553298107 0.00834118638916948
0 0.4778639228385553 0.5384673952956 0.0073933242994911556 0.012890924419625591
0 0.23615908997057677 0.38870518512642116 0.011943062329947195 0.014407503763110866
0 0.3998074797535434 0.2960042727558788 0.0065402484187805495 0.01175348991201151
0 0.40009183838044693 0.25316090630241744 0.008246400180201618 0.011753489912011474
0 0.3311348713563471 0.21846915382019 0.007962041553298107 0.011374345076140137
0 0.33013961616218496 0.1924977325630033 0.005971531164973598 0.007962041553298107
0 0.3304239747890884 0.19761618784726637 0.0065402484187805495 0.008341186389169444
0 0.3388125542827417 0.2070948087440498 0.005118455284263135 0.00758289671742677
0 0.33952345085000063 0.19439345674235997 0.005402813911166576 0.00872033122504078
0 0.3376751197751278 0.1849148358455765 0.006255889791877181 0.008720331225040744
0 0.3699498239286755 0.2524026166306748 0.008246400180201618 0.01478664859898224
0 0.5035983785733225 0.32614628720765027 0.006540248418780692 0.009099476060912152
0 0.48312455743627014 0.262639527199201 0.0065402484187805495 0.012511779583754148
0 0.5291906549946378 0.19780576026520205 0.009952551941622687 0.010236910568526127
0 0.5502331933854971 0.21600471238702632 0.008246400180201618 0.015544938270724878
0 0.6487634576075614 0.33638319777617637 0.007962041553298035 0.010616055404397428
0 0.6847348239108547 0.19628918092171665 0.008815117434008783 0.015544938270724878
0 0.702791596719227 0.42169078584722763 0.0073933242994911556 0.015165793434853612
0 0.7083365899438454 0.4199846340858066 0.0071089656725875725 0.014028358927239495
0 0.582507897539045 0.5251973260401032 0.010236910568526127 0.012890924419625449
0 0.6072470980796497 0.5689885545832428 0.01080562782233308 0.010236910568526127
0 0.7424596251722662 0.568798982165307 0.009383834687815664 0.01289092441962552
0 0.7626490876824147 0.5176144293226764 0.0071089656725875725 0.007582896717426806
0 0.7669144670859674 0.5972348448556575 0.007677682926394738 0.012132634747882847
0 0.7083365899438456 0.5979931345274002 0.008246400180201618 0.012132634747882847
0 0.662615198241175 0.5502636750350226 0.009143219559859687 0.011378228785603142
0 0.5246146159776746 0.5033629950071115 0.009159248244287212 0.010547013129785298
0 0.507753272618873 0.5263998921063795 0.00874291877863783 0.00999190717558598
0 0.40138631987505063 0.4749278712978372 0.006055701318537032 0.011606760860529306
0 0.3768626905413794 0.26527519285911205 0.006637977400458155 0.009834040593271389
0 0.7511341076631137 0.5776741817012906 0.005298738653719965 0.01009283553089503
0 0.6290738779613518 0.6465577841996492 0.009462033310214153 0.010597477307439788
0 0.6116637366705578 0.6513518810768244 0.007948107980579877 0.011102119083984547
0 0.6311555252895988 0.7252819013406305 0.009083551977805655 0.011606760860529164
0 0.5257484742138138 0.5950843229920846 0.008705070645397085 0.0075696266481712375
0 0.5658674954491215 0.8130895704594174 0.01021899597503122 0.01059747730743993
0 0.5938751140473553 0.8113233242415109 0.007191145315762668 0.011102119083984547
0 0.5427801341721992 0.8254532939847639 0.00946203331021394 0.012111402637073922
0 0.5448617815004462 0.8153604584538686 0.009840514642622651 0.009083551977805512
