0 0.6513508478800456 0.3468195456045645 0.010286670260959202 0.014032067192925348
0 0.32636351055569124 0.360970617223669 0.010488870408799913 0.014164959942853009
0 0.6721010208129883 0.541283021149812 0.009923595852322048 0.013471419722945601
0 0.5139098273383247 0.7740012557418258 0.010013071695963542 0.014387738263165507
0 0.3644131766425239 0.42131115948712383 0.01080334981282552 0.013994004991319444
0 0.607515377468533 0.8476560239438659 0.010088178846571181 0.013554664894386574
0 0.6421472337510851 0.2687231417055484 0.008607652452256944 0.011341603597005208
0 0.2463233841790093 0.49390233357747393 0.010061624315049913 0.01333770751953125
0 0.42225886450873484 0.3727778116861979 0.00821825663248698 0.010162636085792825
0 0.7087356779310439 0.45897507844147856 0.009291712443033855 0.012430431224681713
0 0.2665395206875271 0.5056144149215133 0.008541594611273871 0.01159865767867477
0 0.43383575015597875 0.748165837040654 0.010231060451931425 0.01358642578125
0 0.3833035575018989 0.3616483193856698 0.008569039238823784 0.01198846322518808
0 0.6420721477932401 0.26214975427698206 0.009785673353407118 0.014818092628761574
0 0.5599728478325738 0.3630956296567564 0.009764268663194445 0.012749961570457175
0 0.5699657652113173 0.3335931424741392 0.00797801547580295 0.010876040988498264
0 0.25082665549384225 0.5147716946072048 0.009427452087402343 0.012415455005787036
0 0.32418793572319876 0.6072587189850984 0.00984052022298177 0.01247569896556713
0 0.4352872636583116 0.3622166103786892 0.009343465169270834 0.012238057454427083
0 0.490594228108724 0.21172125074598525 0.011187235514322914 0.01489173041449653
0 0.6021757973564995 0.7704125863534432 0.010660510592990452 0.014086574978298612
0 0.26431342230902777 0.4351903562192564 0.009498680962456598 0.012677228009259259
0 0.38636844042355106 0.34441164325625523 0.005985572823562038 0.009055097348465537
0 0.40351940870645 0.3385795466589384 0.005755358484194204 0.007213382633523438
0 0.4091596600209603 0.34494881004811334 0.004143858108619867 0.007980763764749313
0 0.4013323724824561 0.34556271495309404 0.006215787162929729 0.006752953954787913
0 0.4632600297723864 0.30811451574927007 0.005985572823561967 0.007673811312259034
0 0.476727568625401 0.309265587446109 0.005064715466090988 0.007520335086013859
0 0.48161962333696606 0.29437839350032646 0.004489179617671582 0.005985572823562002
0 0.48219515918538547 0.29015779727858404 0.0049496082964070355 0.006139049049807213
0 0.42854642723000325 0.24001213449920314 0.006824704090557603 0.0072425431165100565
0 0.4522936118716372 0.2107634026825279 0.005571187012699994 0.007056836882753394
0 0.4513882939820735 0.21568461787707968 0.005153347986747505 0.006871130648996733
0 0.4570291208324322 0.20110667852718123 0.005292627662065072 0.007056836882753394
0 0.45911831596219477 0.20426368450104454 0.0050140683114300085 0.007056836882753394
0 0.578272078196317 0.22840549488941142 0.009053178895637615 0.01077096155788677
0 0.638023058907525 0.22691984501935805 0.009053178895637472 0.0122566114279401
0 0.5858628205011207 0.2698179850171484 0.006406865064604972 0.0081710742852934
0 0.5781327985209995 0.28857431462657185 0.006824704090557461 0.007056836882753359
0 0.5903197701112808 0.31968010878081377 0.004735508960795016 0.007985368051536667
0 0.5940803213448532 0.3139232155343571 0.005849746363335058 0.0072425431165100565
0 0.587185977416637 0.30909485345668364 0.004874788636112512 0.006499718181483374
0 0.583286146507747 0.31243756566430375 0.004874788636112583 0.006499718181483374
0 0.579316675761198 0.30045951358699863 0.006685424415240036 0.008542486752806795
0 0.5917125668644557 0.2869029585227619 0.006685424415240036 0.007799661817780112
0 0.591642927026797 0.29962383553509364 0.00543190733738264 0.007985368051536703
0 0.6088439669285084 0.2869029585227619 0.0038998309088899676 0.007428249350266754
0 0.6127437978373984 0.2871815178733968 0.005292627662065072 0.007613955584023415
0 0.6038995384547371 0.2916384674835569 0.0062675853892874755 0.009099605454076709
0 0.6066851319610871 0.2706536630690534 0.004874788636112583 0.006871130648996697
0 0.611699200272517 0.2707465161859317 0.00459622928547752 0.0077996618177800766
0 0.6084957677402145 0.266660979043285 0.00459622928547752 0.006685424415240071
0 0.5976319530654496 0.2629468543681517 0.004874788636112442 0.006314011947726712
0 0.5981890717667195 0.27928900293873843 0.0062675853892874755 0.007056836882753323
0 0.5929660839423133 0.2687966007314867 0.006963983765874957 0.006871130648996697
0 0.6327304312454598 0.3287797142348905 0.005710466688017561 0.007985368051536738
0 0.6025763815392209 0.3051950225477937 0.0069639837658751706 0.01021384285661675
0 0.7407418194541822 0.517921513316057 0.005571187012699994 0.011142374025400201
0 0.7873308708478862 0.49545105903150016 0.00849606019436763 0.009656724155346765
0 0.7414382178307696 0.5840329325334308 0.006963983765874957 0.008542486752806652
0 0.6777177663730128 0.6976851475925117 0.00849606019436763 0.010770961557886522
0 0.6580793321532451 0.7181128333057453 0.007103263441192382 0.008171074285293543
0 0.7490289601355733 0.7342692756425754 0.0065461447399226816 0.008913899220319906
0 0.47966206807152617 0.7849670774581458 0.008217500843732566 0.01114237402540013
0 0.27220499168610834 0.7123559400592885 0.0072425431165100565 0.01002813662286016
0 0.28585439986722344 0.71003461213733 0.0064068650646050785 0.007985368051536738
0 0.2910773876916297 0.6965709101899716 0.007938941493097573 0.009285311687833371
0 0.2872471966203985 0.736126337980142 0.00612830571397005 0.008913899220320048
0 0.4925025244174614 0.7025609799162286 0.007328250494288895 0.00940911174575362
0 0.561985195770719 0.6964088683901588 0.006242583754394246 0.010132889572350052
0 0.5649707793054293 0.6555154211874603 0.008956750604130903 0.00940911174575362
0 0.570127696319929 0.6256595858403574 0.0056997503844468155 0.009047222832455262
0 0.5717561964297709 0.6403160868289351 0.005699750384446887 0.007237778265964323
0 0.5807129470339017 0.673247977939073 0.006242583754394246 0.006514000439367891
0 0.5784059052116257 0.6663720885864066 0.004342666959578665 0.007961556092560756
0 0.6322821171788976 0.6473729206382504 0.007328250494288895 0.010494778485648197
0 0.6366247841384762 0.6461063094417065 0.005156917014499669 0.010132889572350052
0 0.6298393670141347 0.6741527002223183 0.006242583754394104 0.00977100065905205
0 0.6484314099348305 0.7146842585117187 0.005971167069420602 0.008323445005859043
0 0.664987827718224 0.7313311485234365 0.006514000439367891 0.008323445005859043
