0 0.6924867868423462 0.26932887236277264 0.008008623123168945 0.00934138298034668
0 0.6231119871139527 0.6402230262756348 0.008966398239135743 0.011108080546061196
0 0.4754121541976929 0.5445255597432453 0.008266592025756836 0.010661506652832031
0 0.4575684070587158 0.2194876432418823 0.0076237678527832035 0.011038891474405925
0 0.2794456481933594 0.5417004267374674 0.008659601211547852 0.011393229166666664
0 0.578532361984253 0.5480231285095215 0.008201313018798829 0.011684989929199219
0 0.5296561479568481 0.5313121636708578 0.007686758041381836 0.010390122731526695
0 0.2528053164482117 0.5695525169372558 0.0070984125137329105 0.009299532572428385
0 0.4293692111968994 0.3837848981221517 0.00907726287841797 0.011413764953613282
0 0.4761810779571533 0.4946479320526123 0.008620929718017579 0.010622755686442059
0 0.5698625087738037 0.19520775477091473 0.006976890563964844 0.008778222401936849
0 0.6076661586761475 0.43651862144470216 0.008607101440429688 0.011190700531005859
0 0.6228764772415161 0.3702852249145508 0.006631803512573242 0.009369468688964844
0 0.7205193519592286 0.433095105489095 0.009079551696777344 0.011769803365071614
0 0.2896664619445801 0.39338184992472336 0.007739353179931641 0.010050455729166664
0 0.5994832038879394 0.4937365849812825 0.008797836303710938 0.011631520589192708
0 0.5790358304977418 0.6454311052958172 0.00860600471496582 0.010763104756673176
0 0.7491714239120484 0.415572961171468 0.007478475570678711 0.0102081298828125
0 0.6273200273513794 0.664735190073649 0.006919050216674804 0.009219042460123698
0 0.6902841567993164 0.33061269124348963 0.008092212677001952 0.010318819681803386
0 0.3115284204483032 0.355383030573527 0.008935928344726562 0.011428101857503254
0 0.43059327602386477 0.5465509732564291 0.008726358413696289 0.0114505132039388
0 0.5354255437850952 0.4548368612925212 0.008296537399291991 0.009379355112711589
0 0.4978606939315796 0.7810490608215332 0.008209848403930664 0.011228370666503906
0 0.33171279430389405 0.6918054898579915 0.01071944236755371 0.012903658548990886
0 0.37398221492767336 0.5552998224894206 0.008215951919555663 0.010626983642578126
0 0.6422617673873902 0.5706708590189615 0.00871729850769043 0.010737673441569012
0 0.301753568649292 0.6658601125081379 0.008118104934692384 0.010702896118164062
0 0.6191280603408813 0.5083985487620036 0.009441232681274414 0.012133566538492839
0 0.6341738939285277 0.49593447049458816 0.009044790267944336 0.011395295461018883
0 0.40028858184814453 0.3744113604227702 0.008900833129882813 0.011513137817382812
0 0.5750699996948242 0.25651870568593343 0.009187412261962891 0.012241125106811523
0 0.7545839071273803 0.3992519537607829 0.008343744277954101 0.011178366343180339
0 0.4675997257232666 0.2750377813975016 0.009221363067626952 0.012596861521402996
0 0.7424121141433716 0.4866070111592611 0.009212923049926759 0.01175276438395182
0 0.6286488056182861 0.7035251935323079 0.009124469757080079 0.011197471618652343
0 0.548716926574707 0.6185145378112792 0.006774044036865235 0.008261426289876302
0 0.6646215438842773 0.4766373793284098 0.010033798217773438 0.012667051951090495
0 0.5418361186981202 0.5301857471466064 0.007210826873779297 0.009442933400472005
0 0.5220543622970581 0.6512491226196289 0.008246946334838866 0.010302225748697914
0 0.3655204772949219 0.4860119183858236 0.008945465087890625 0.01151885986328125
0 0.38711416721343994 0.6551153818766277 0.009482336044311524 0.011888631184895833
0 0.32165095806121824 0.2912735462188721 0.007434272766113281 0.011903222401936848
0 0.47510217927366455 0.12462113039515846 0.007897472381591797 0.012430334091186523
0 0.2922324061393738 0.6528520901997884 0.008217215538024902 0.010435676574707032
0 0.4561826229095459 0.690731112162272 0.007686042785644531 0.010126368204752606
0 0.32884209156036376 0.5910560607910156 0.007844352722167968 0.009945297241210937
0 0.4498349666595459 0.11987332900365194 0.008754158020019531 0.011743855476379395
0 0.3523632287979126 0.6831883430480957 0.009654569625854491 0.011435381571451823
0 0.5598957956342576 0.19553146685996547 0.007218408584594726 0.010396973292032879
0 0.4554185152053833 0.4192208131154378 0.008779764175415039 0.011219056447347005
0 0.5203616619110109 0.3938768068949382 0.007431888580322265 0.008539454142252604
0 0.32852691411972046 0.3831891536712647 0.008242201805114747 0.011126104990641277
0 0.5318727016448975 0.7179087003072102 0.007727432250976563 0.010279909769694012
0 0.3589497208595276 0.5376123428344727 0.007970166206359864 0.010669835408528646
0 0.7125272274017334 0.26522243022918707 0.007344245910644531 0.010058832168579102
0 0.41997265815734863 0.753666877746582 0.006874942779541015 0.01004498799641927
0 0.43354437351226804 0.2914677778879802 0.00790562629699707 0.010383892059326171
0 0.6178392887115478 0.7417948087056477 0.006663703918457031 0.008984184265136719
0 0.5833561066547692 0.4315944710122323 0.008876946848607329 0.019783216097502866
0 0.49210395812988283 0.5615168253580729 0.007371711730957031 0.009951527913411458
0 0.626395320892334 0.4712024211883545 0.008127593994140625 0.009849834442138671
0 0.7697787523269654 0.43668594360351565 0.007564687728881836 0.010604667663574218
0 0.5845327615737915 0.39228623708089194 0.008200597763061524 0.010950724283854164
0 0.6238336801528931 0.16028486092885333 0.00797133445739746 0.011176729202270507
0 0.6771142721176148 0.5484091440836588 0.008736085891723634 0.01153093973795573
0 0.48525879383087156 0.430581251780192 0.00862107276916504 0.01007550557454427
0 0.5305984258651734 0.4152095317840576 0.007242250442504883 0.010576025644938153
0 0.538434648513794 0.7555553118387859 0.008402061462402344 0.01034132639567057
0 0.6266555786132814 0.7733378410339355 0.008078956604003906 0.011182594299316406
0 0.3928836464881897 0.7330126444498697 0.00922987461090088 0.011745325724283854
0 0.46946015357971194 0.16606947580973308 0.007499408721923828 0.012683073679606117
0 0.40959718227386477 0.6437109311421711 0.007742452621459961 0.009444109598795573
0 0.7292111396789551 0.4805461247762044 0.008766460418701171 0.010768636067708332
0 0.71343162079997 0.42125697484516533 0.007897377014160156 0.009650166829427083
0 0.4781804084777832 0.17153628667195642 0.006759357452392578 0.010342820485432941
0 0.538541293144226 0.3787866274515788 0.00776219367980957 0.01083666483561198
0 0.5719365596771241 0.44657862981160484 0.007228183746337891 0.00927734375
0 0.5598948805392929 0.2086474253572142 0.006933164596557617 0.009456300735473632
0 0.5655839443206787 0.5842513720194499 0.008458328247070313 0.010592333475748698
0 0.3559964067665335 0.38886081342547607 0.013136567552725324 0.014888109893088596
0 0.34072514698649037 0.3558004517511175 0.010837668230998361 0.013574453137816179
0 0.3415461824585357 0.33040308781584854 0.009195597286907713 0.01269868196763447
0 0.33941149023121786 0.3172665202631233 0.011494496608634535 0.013574453137816071
0 0.4566553556392908 0.3496700535598457 0.010837668230998432 0.014450224307997743
0 0.4978713363359663 0.3875471566702035 0.008538768909271396 0.012260796382543546
0 0.5179046018538724 0.46067404938037415 0.008538768909271396 0.010509254042180203
0 0.4287401495897496 0.46330136289091917 0.011494496608634535 0.01401233872290689
0 0.42200765871897794 0.45301105164128436 0.011822910797452693 0.014450224307997814
0 0.4152751678482062 0.4525731660561935 0.00689669796518082 0.011822910797452764
0 0.4041090854283898 0.4265189737432884 0.0095240114757258 0.014888109893088596
0 0.407229020222162 0.4074709507918368 0.008538768909271396 0.015325995478179451
0 0.39376403848061853 0.4573899074921928 0.009852425664543958 0.01269868196763447
0 0.39113672497007357 0.46592867640146424 0.009195597286907713 0.013136567552725253
0 0.36289310473171427 0.4580467358698291 0.008538768909271396 0.015763881063270303
0 0.3576384777106242 0.46483396243873715 0.009852425664544029 0.015325995478179451
0 0.31773615376922115 0.46352030568346464 0.011494496608634677 0.014450224307997743
0 0.3277527865281742 0.48453881376782504 0.009195597286907784 0.015325995478179593
0 0.3085405564823135 0.47315378855546314 0.006239869587544505 0.011822910797452764
0 0.2880146696811802 0.4819115002572799 0.009195597286907713 0.011822910797452764
0 0.24876917411741353 0.4891366124112788 0.009524011475725836 0.013136567552725253
0 0.2229886602951902 0.4729348457629177 0.008538768909271468 0.014888109893088667
0 0.2262728021833715 0.4624255917207375 0.009852425664543958 0.015763881063270303
0 0.23267687886532507 0.42805157329110644 0.008867183098089555 0.01620176664836116
0 0.5354747609556425 0.3492321679747548 0.010837668230998432 0.011822910797452693
0 0.45008707186292823 0.30194052478494393 0.009524011475725729 0.011822910797452728
0 0.38226954187198403 0.27632421805712964 0.007881940531635151 0.010509254042180203
0 0.3706108381689404 0.264063421674586 0.00821035472045331 0.014012338722906996
0 0.33464948449335497 0.2833303874185831 0.009195597286907642 0.013136567552725253
0 0.3346494844933551 0.2270620897344099 0.01116608241981652 0.014450224307997814
0 0.5399083525046872 0.25968456582367766 0.009852425664543887 0.01313656755272529
0 0.5472976717530952 0.2550867671802238 0.010837668230998432 0.012698681967634436
0 0.5098584542278282 0.22793786090459156 0.010837668230998361 0.011822910797452693
0 0.5110079038886916 0.2036352109320498 0.009852425664543958 0.01313656755272529
0 0.46929930190878894 0.22093169154313813 0.008538768909271468 0.01445022430799778
0 0.4359652617437486 0.22903257486731868 0.011494496608634677 0.011385025212361875
0 0.4085426769774345 0.221369577128229 0.009852425664543958 0.012698681967634436
0 0.4333379482332035 0.21939909199532015 0.013464981741543411 0.014012338722906961
0 0.429396977967386 0.2553057099727692 0.008867183098089483 0.01138502521236191
0 0.4213508303413417 0.19203124292714255 0.009852425664543816 0.013574453137816108
0 0.4266054573624318 0.17473476231605425 0.010509254042180203 0.014012338722906924
0 0.4116626117712067 0.12328320606788033 0.015435466874452217 0.014450224307997797
0 0.43760733268783925 0.12941360425915213 0.010180839853362116 0.011822910797452764
0 0.4504154860517463 0.1427691146044228 0.011494496608634677 0.011385025212361892
0 0.44844500091883754 0.1357629452429693 0.012808153363907166 0.00875771170181686
0 0.4798085559509691 0.10489201149406498 0.009195597286907642 0.010071368457089367
0 0.5597774109281841 0.1686043641247825 0.008210354720453238 0.012260796382543581
0 0.5950819362261334 0.2145823505593209 0.010509254042180132 0.014888109893088596
0 0.6106816101949946 0.1769241902415085 0.011494496608634464 0.015763881063270303
0 0.6146225804608122 0.14167440064169567 0.012151324986270922 0.013574453137816108
0 0.6359695027339908 0.21283080821895756 0.010180839853362116 0.014012338722906961
0 0.6684825074269858 0.215677064522048 0.012808153363907166 0.013574453137816108
0 0.6867094949063919 0.19619115598550557 0.010509254042180203 0.014888109893088633
0 0.6857242523399375 0.211517151463685 0.011822910797452693 0.013136567552725253
0 0.714296286767115 0.24611011268586153 0.009195597286907713 0.011385025212361875
0 0.5558364406623667 0.23253565954804542 0.00952401147572587 0.016639652233451974
0 0.6146225804608122 0.2855198153440373 0.010180839853362116 0.012260796382543581
0 0.6781707259971208 0.27632421805712964 0.011166082419816661 0.01313656755272529
0 0.6911430864554368 0.2894607856098549 0.008867183098089555 0.013136567552725253
0 0.6954124709100725 0.29734272614149004 0.010180839853362187 0.010509254042180166
0 0.7202077421658416 0.2896797284024003 0.01247973917508901 0.01620176664836116
0 0.7420472857222472 0.29602906938621754 0.010837668230998361 0.011385025212361838
0 0.7013239263087989 0.3163907490929417 0.012151324986270709 0.013574453137816108
0 0.6709456138431217 0.28354933021112855 0.01116608241981652 0.0126986819676344
0 0.6773496905250752 0.29143127074276365 0.008210354720453238 0.010947139627270985
0 0.6601079456121235 0.31748546305566877 0.013136567552725324 0.012260796382543617
0 0.6261170770694467 0.30982246531657903 0.011494496608634606 0.011822910797452693
0 0.6208624500483567 0.3036920671253073 0.010180839853362045 0.0126986819676344
0 0.6126520953279033 0.311355064864397 0.0095240114757258 0.01138502521236191
0 0.6699603712766674 0.31157400765694243 0.009852425664544029 0.010071368457089313
0 0.6717666493151669 0.3849198431596585 0.008867183098089697 0.013136567552725324
0 0.7333443097185668 0.4339630286898328 0.009852425664544029 0.009633482871998495
0 0.7389273509284748 0.4357145710301961 0.009852425664544029 0.009633482871998566
0 0.743853563760747 0.4411881408438317 0.009852425664544029 0.010947139627270985
0 0.6229971422756744 0.3542678522032995 0.010509254042180203 0.009633482871998566
0 0.6009933916248597 0.3649960490380251 0.009195597286907642 0.013574453137816108
0 0.5996797348695871 0.3741916463249329 0.010509254042180274 0.01007136845708935
0 0.5681519727430465 0.3840440719894768 0.013793395930361427 0.01138502521236191
0 0.5763623274634998 0.3967427539571112 0.010509254042180203 0.01138502521236191
0 0.6100247818173583 0.4098793215098365 0.010180839853362045 0.011385025212361838
0 0.591962001432361 0.43396302868983283 0.010180839853362045 0.013136567552725253
0 0.5538659555294578 0.4109740354725636 0.014121810119179656 0.011822910797452764
0 0.5586279612673207 0.48388198539018873 0.009852425664544029 0.013136567552725253
0 0.5653604521380924 0.48760401286346094 0.008867183098089555 0.010947139627271056
0 0.5899915162994522 0.5162855186869111 0.008210354720453238 0.012260796382543546
0 0.5780043984075905 0.5186938894049107 0.009195597286907642 0.010947139627271127
0 0.5537017484350488 0.5226348596707282 0.009852425664543887 0.01007136845708935
0 0.5852295105615893 0.5832820132058099 0.009852425664543887 0.010509254042180132
0 0.5786612267852267 0.5922586677001722 0.009852425664543958 0.012698681967634328
0 0.521681365025281 0.5607309055736316 0.00821035472045331 0.01007136845708935
0 0.5280854417072345 0.5830630704132644 0.007225112153998907 0.009195597286907642
0 0.5238160572525987 0.5887555830194454 0.008538768909271468 0.010947139627271127
0 0.7039512398193437 0.5423397109998161 0.012151324986270851 0.014450224307997743
0 0.6648699513499863 0.5723348735785388 0.007553526342817065 0.011385025212361838
0 0.6476282064370343 0.6275084572999851 0.013136567552725182 0.013136567552725253
0 0.6113384385726309 0.6603498761817981 0.01083766823099829 0.012260796382543617
0 0.6001723561528144 0.6531247640277992 0.013464981741543411 0.0126986819676344
0 0.6037849122298138 0.6603498761817983 0.007553526342816994 0.009633482871998495
0 0.5298917197457342 0.623348544241622 0.010837668230998361 0.010947139627270985
0 0.48374952621678674 0.6561899631234351 0.00788194053163508 0.009195597286907713
0 0.47849489919569665 0.654000535197981 0.006568283776362662 0.010071368457089563
0 0.4949156086366033 0.6535626496128899 0.008538768909271468 0.011822910797452693
0 0.599351320680769 0.6960375513667018 0.010509254042180274 0.013574453137816108
0 0.604277533513041 0.6833388693990672 0.007225112153998907 0.008319826116726006
0 0.6037849122298138 0.6874987824574303 0.008867183098089483 0.008757711701816788
0 0.6187277578210387 0.7214349153019706 0.007881940531635151 0.008319826116726006
0 0.6087111250620858 0.714428745940517 0.010837668230998361 0.013574453137815965
0 0.5847368892783622 0.6969133225368833 0.0095240114757258 0.009195597286907713
0 0.4612531542827447 0.714428745940517 0.014778638496815972 0.013574453137815965
0 0.506902726528465 0.7196833729616071 0.009524011475725729 0.010947139627270985
0 0.49097463837078564 0.7468322792372394 0.010509254042180274 0.011822910797452551
0 0.46207418975479003 0.7371987963652407 0.010509254042180274 0.013574453137816108
0 0.4824358694615141 0.7833957255923246 0.009852425664543958 0.017515423403633577
0 0.4272622857400681 0.7691644440768723 0.011166082419816448 0.009195597286907713
0 0.4261128360792046 0.761720389130328 0.010180839853362045 0.010947139627270985
0 0.42102241615252356 0.7706970436246904 0.009195597286907642 0.010509254042180203
0 0.45829742658338146 0.7971891215226862 0.010180839853362116 0.013574453137816108
0 0.45961108333865397 0.8131719453785021 0.010837668230998361 0.015763881063270445
0 0.5734065997641367 0.8083552039425028 0.009852425664543887 0.013136567552725182
0 0.5894988950162251 0.8241190850057731 0.011822910797452764 0.013136567552725324
0 0.3830905773440294 0.7245001143976064 0.0095240114757258 0.010947139627270985
0 0.36683407499753184 0.7385124531205133 0.009852425664543958 0.01007136845708942
0 0.3568174422385789 0.735228311232332 0.0095240114757258 0.010509254042180203
0 0.416917238792297 0.6288221140552575 0.010180839853362116 0.014888109893088596
0 0.34909970880135277 0.6605688189743435 0.008538768909271396 0.013574453137816179
