0 0.40481029748916625 0.36855352719624834 0.009897589683532715 0.012312730153401695
0 0.43093419075012207 0.09395709832509358 0.009322834014892579 0.012551816304524739
0 0.2519049048423767 0.4924835364023844 0.008769011497497559 0.012005074818929035
0 0.614063811302185 0.3338577270507812 0.010068845748901368 0.013122304280598957
0 0.4927006006240845 0.6269117673238118 0.008861684799194336 0.011984697977701823
0 0.7199709177017212 0.24706435203552246 0.009227895736694336 0.01323229471842448
0 0.6988467216491699 0.480126937230428 0.00850086212158203 0.011716492970784505
0 0.5672086715698242 0.5873849868774415 0.00874643325805664 0.012484486897786458
0 0.5691095352172852 0.19988683859507245 0.00937185287475586 0.0139252503712972
0 0.6035317182540894 0.5035670598347981 0.008821535110473632 0.010900052388509114
0 0.4585667371749878 0.2948216597239176 0.008176374435424804 0.010657978057861329
0 0.6328143358230591 0.49591407775878904 0.008954668045043945 0.011396980285644532
0 0.7102237939834595 0.34863398869832357 0.00957798957824707 0.013682047526041664
0 0.4792556524276733 0.4040712356567383 0.007803106307983398 0.010299428304036457
0 0.3473632216453552 0.24999264876047766 0.008875393867492675 0.011878220240275066
0 0.5403751373291016 0.49380615552266444 0.008344173431396484 0.011207294464111329
0 0.4377767562866211 0.2810394287109375 0.007936191558837891 0.01000385284423828
0 0.41172289848327637 0.558964188893636 0.00860595703125 0.010516548156738281
0 0.5205920219421387 0.5523966153462727 0.007903003692626953 0.010352643330891927
0 0.2516030788421631 0.3429797490437826 0.009580183029174804 0.013057136535644531
0 0.32811760902404785 0.4113825956980387 0.0074484825134277345 0.011061318715413411
0 0.4570042371749878 0.11333499749501547 0.008016443252563477 0.01098618507385254
0 0.34701148271560667 0.2965729236602783 0.008882737159729004 0.011113007863362633
0 0.505471110343933 0.780161730448405 0.00853714942932129 0.011171340942382812
0 0.6192334413528442 0.6621954282124837 0.008528947830200195 0.011201922098795574
0 0.42838106155395506 0.15461145242055258 0.009589481353759765 0.013389380772908528
0 0.36008898019790647 0.2762491703033447 0.009365487098693847 0.012722810109456383
0 0.4404489278793335 0.4974877516428629 0.00773768424987793 0.010417779286702476
0 0.5530335426330566 0.3100913683573405 0.007274341583251953 0.010222752888997398
0 0.46805012226104736 0.1013348658879598 0.00778508186340332 0.009798924128214518
0 0.5627027988433838 0.35686914126078284 0.00793285369873047 0.010602283477783202
0 0.4148674488067627 0.48402428627014166 0.00746450424194336 0.010127226511637367
0 0.5337600708007811 0.6398786226908366 0.007198905944824219 0.009871737162272135
0 0.5313034296035767 0.1829078038533529 0.007556390762329101 0.009587701161702473
0 0.5514463663101197 0.40726173908538044 0.007838964462280273 0.010258229573567708
0 0.45058445930480956 0.509411366780599 0.008200263977050782 0.010633087158203125
0 0.5165405750274659 0.25122229258219403 0.008159065246582031 0.012054347991943359
0 0.5616888867607587 0.41219718551152157 0.006250619888305664 0.009237384796142578
0 0.6414483308792114 0.3187511126200358 0.007380151748657226 0.010008430480957032
0 0.47095916973771407 0.33869035365157063 0.006446981430053711 0.010952520370483398
0 0.5783310651779175 0.3013989448547363 0.009208250045776366 0.012880007425944008
0 0.34485071897506714 0.607804807027181 0.0095534086227417 0.01181500752766927
0 0.5753422737121582 0.3422455469767253 0.008568286895751953 0.01152941385904948
0 0.45158839225769043 0.45662358601888026 0.00835123062133789 0.011622301737467448
0 0.44192962646484374 0.11202535231908163 0.007855606079101563 0.011107993125915528
0 0.3683051347732544 0.1830500364303589 0.00785360336303711 0.010765790939331055
0 0.6964891910552978 0.44784666697184244 0.009014129638671875 0.012328147888183594
0 0.5124516010284423 0.4413397789001465 0.007712841033935547 0.009946187337239584
0 0.32527937889099123 0.3879339853922526 0.008358430862426759 0.010802777608235677
0 0.7344541072845459 0.25848267873128256 0.00703277587890625 0.010703945159912109
0 0.7460681676864624 0.44925764401753737 0.008873510360717773 0.012114556630452473
0 0.26067854166030885 0.47608377138773605 0.008941435813903808 0.012646452585856121
0 0.5388061285018921 0.7549331029256184 0.008457422256469727 0.011334609985351563
0 0.7284883499145508 0.275948699315389 0.00882892608642578 0.012376117706298827
0 0.47528126239776614 0.38010096549987793 0.00731968879699707 0.00933402379353841
0 0.7454394340515137 0.4341618061065674 0.007650566101074219 0.010381539662679039
0 0.5820369720458985 0.6103287696838379 0.007937812805175781 0.010978635152180989
0 0.38637160062789916 0.4961571375528971 0.008089566230773925 0.009250577290852864
0 0.42422563515855033 0.7051965319296055 0.007997417449951172 0.010718981424967446
0 0.5487049579620361 0.19228626092274984 0.008067512512207031 0.010972197850545247
0 0.5305609464645386 0.4007634162902832 0.009018659591674805 0.01263287862141927
0 0.6304263353347779 0.1466833750406901 0.009159231185913086 0.011168988545735677
0 0.42316858768463134 0.12748678127924604 0.007145929336547852 0.010073018074035645
0 0.3409905552864075 0.2639783223470052 0.00782182216644287 0.009740384419759114
0 0.6824939727783204 0.5055500507354735 0.007169246673583984 0.009635829925537109
0 0.6542659282684327 0.4352662722269694 0.007807159423828125 0.011532338460286458
0 0.5246646881103516 0.07559965054194133 0.008370399475097656 0.010308384895324707
0 0.616194949304988 0.696796850510365 0.00876932144165039 0.010645548502604164
0 0.6777669191360474 0.32893187204996743 0.00746312141418457 0.010226567586263023
0 0.5608738660812379 0.3913382053375244 0.007220411300659179 0.009991868336995443
0 0.5168880002111077 0.45533224632939484 0.008241465967869734 0.010233754106346743
0 0.6374956607818604 0.753286075592041 0.008740425109863281 0.009934425354003906
0 0.2321995868154443 0.5106369903538706 0.008359633897188842 0.012738489748097308
0 0.29041846574229496 0.537109164361635 0.008359633897188808 0.009155789506444734
0 0.30146512482072296 0.4616734203846218 0.007165400483304722 0.007961556092560827
0 0.40819973618661576 0.46147438148230774 0.008061075543717705 0.013932723161981358
0 0.37670182989542217 0.5502457319143603 0.007165400483304722 0.012340411943469149
0 0.4640301482856981 0.5848785009169997 0.009255308957601826 0.012340411943469149
0 0.45850681874648413 0.5838833064054296 0.007165400483304651 0.00955386731107275
0 0.46835924441102805 0.5649746106855977 0.0065682837763625206 0.0083596338971887
0 0.4982150797581309 0.535914930947751 0.005374050362478471 0.013932723161981358
0 0.48194364949395985 0.6445901716112055 0.006866842129833657 0.009951945115701051
0 0.4980658005813954 0.6471776773412877 0.007463958836775788 0.007165400483304722
0 0.5164271393198636 0.5789073338475791 0.005971167069420531 0.01234041194346922
0 0.4780623908988364 0.4340070129629732 0.007463958836775646 0.013932723161981358
0 0.49045256256788405 0.43420605186528716 0.006568283776362662 0.013534645357353341
0 0.46343303157875604 0.36533859166463656 0.008061075543717777 0.012738489748097308
0 0.30803340859708556 0.452517630878177 0.006568283776362662 0.009553867311072963
0 0.3060927792995239 0.44893493063652457 0.009852425664543923 0.00875771170181686
0 0.29071702409576594 0.2727855020886177 0.011942334138841168 0.010748100724957048
0 0.31818439261510056 0.22103538748697274 0.008956750604130903 0.009155789506444877
0 0.489556887507471 0.3271231224203449 0.010150984018015024 0.011942334138841063
0 0.4404440383614868 0.26482394599605696 0.006269725422891667 0.009155789506444911
0 0.5007528257626346 0.30323845414266265 0.006866842129833657 0.011942334138841168
0 0.5495671165551478 0.3995732828626478 0.007762517190246783 0.012738489748097166
0 0.572556109772417 0.3565808799628198 0.007165400483304651 0.007961556092560827
0 0.5800200686091926 0.3681251362970329 0.007165400483304722 0.009553867311072892
0 0.5259810066309366 0.23058925479804565 0.007762517190246783 0.011544256334213117
0 0.2673673444315851 0.2767870637770777 0.0067854171243415 0.007599667179262503
0 0.3949331863692065 0.12877449823810713 0.009499583974078192 0.014113667618630484
0 0.4866720258903044 0.1296792205213527 0.01004241734402548 0.015199334358525097
0 0.4903361511374488 0.1673156675043672 0.008142500549209756 0.012304223052139313
0 0.5554761555311277 0.07829099483300593 0.00814250054921004 0.009409111745753637
0 0.6210232849522672 0.1899337245855057 0.01112808408392013 0.0112185563122447
0 0.6379868277631211 0.21273272612329336 0.007599667179262468 0.010494778485648233
0 0.644500828202489 0.16532527848122702 0.010856667398946555 0.017008778925016177
0 0.6762565803444076 0.1497640552094037 0.009228167289104618 0.011218556312244736
0 0.765145544673282 0.3404795125175638 0.008413917234183544 0.009771000659051907
0 0.7644670029608478 0.3460887906736862 0.005428333699473171 0.008685333919157188
0 0.7705738783727551 0.3500695687199665 0.007871083864236397 0.008685333919157188
0 0.7050875462890497 0.4090632518101886 0.005780089723199069 0.013486876020797851
0 0.6456609988224088 0.42688519512338585 0.009753901407898552 0.011560179446398209
0 0.6649881738343558 0.4302569141285853 0.008670134584798603 0.014450224307997814
0 0.6740195640268541 0.451450576446982 0.006502600938598988 0.009633482871998566
0 0.6567912270553338 0.44666961016956735 0.006067022656830261 0.008089363542440466
0 0.6492917129378628 0.45644425778334957 0.009269062392379795 0.01235874985650625
0 0.6707790848474704 0.474982382568109 0.0060670226568304035 0.007639954456749365
0 0.6735598035651842 0.4706006439826204 0.005898494249696142 0.009662295342359357
0 0.75934076279648 0.44565843972676233 0.007246721506769518 0.010561113513741774
0 0.7542458035655792 0.47475136382760946 0.006168561022128642 0.010527677477766275
0 0.7035402319636814 0.5431812674330904 0.009869697635405999 0.015133536374289065
0 0.7406749693168961 0.6030574330878862 0.009129470312750385 0.011185657320126694
0 0.5781950719940265 0.7126110768408919 0.007402273226554499 0.009211717793045438
0 0.5731368519558809 0.714914006289153 0.005181591258588085 0.008553737950685019
0 0.5541376840077246 0.7682103735203449 0.008142500549209898 0.012501617004847532
0 0.5293400686987673 0.7721582525745074 0.010856667398946484 0.015791516216649343
0 0.4269419557314309 0.6951746110183413 0.010856667398946484 0.010527677477766275
0 0.41645540199381215 0.6917202168459491 0.006168561022128713 0.009540707714225646
0 0.43274040309223183 0.6798765796834619 0.019492652829926627 0.007566768187144532
0 0.4427334719480804 0.6788896099199215 0.007895758108324671 0.014146566610748437
0 0.3674509971532687 0.4854620382882716 0.004934848817702999 0.009570615888878465
0 0.5867211926794118 0.518336496087598 0.008867183098089483 0.013136567552725182
