0 0.3816588295830621 0.3547994684290003 0.00865584479437934 0.011950429280598958
0 0.38303917778862845 0.6016132496021411 0.007903628879123263 0.011008933738425925
0 0.6822797775268554 0.6042895564326534 0.009374279446072048 0.012315707736545138
0 0.525739394293891 0.6912986472800925 0.009159723917643229 0.011850992838541664
0 0.28752558346769785 0.345644158765387 0.007787492540147568 0.010266537136501736
0 0.48183358510335283 0.18102809764720773 0.009990480211046007 0.013273083722149885
0 0.33518142700195314 0.4975643016673901 0.008144590589735243 0.01067437065972222
0 0.47968928019205737 0.21075942428023725 0.008848402235243056 0.011800214979383682
0 0.2888940069410536 0.5143225210684317 0.007933659023708767 0.010919189453125
0 0.3082508405049642 0.48196832162362563 0.008437410990397135 0.011406849048755788
0 0.5982345157199436 0.18378977598967375 0.008182101779513888 0.009898108023184317
0 0.4147233115302192 0.6649953488950376 0.008414840698242188 0.011212553801359954
0 0.5331945207383898 0.6136310718677662 0.008005354139539931 0.01065911187065972
0 0.4188209533691406 0.6038636384186922 0.008457099066840277 0.012233366789641204
0 0.6720854865180121 0.4464545921043113 0.008362070719401041 0.012097111454716435
0 0.6237533357408311 0.33095721492060903 0.007419459025065103 0.009205429642288774
0 0.43079840342203773 0.2193806401005498 0.007777277628580729 0.009823354085286458
0 0.6225001033549491 0.5249983176203938 0.008398267957899306 0.011305575900607639
0 0.505158805847168 0.13562049159297238 0.007748794555664062 0.010475540161132812
0 0.5970414267645942 0.1694314956665039 0.008835389879014758 0.010521994696723092
0 0.5952767690022785 0.6593680487738716 0.008991410997178819 0.012358827944155094
0 0.4413021511501736 0.4439953839337384 0.00826297336154514 0.010829219111689815
0 0.3633283191257053 0.7832412437156395 0.008035829332139756 0.010568293818721064
0 0.35733229319254556 0.5334650675455729 0.00755721198187934 0.009702894422743056
0 0.64892152150472 0.34310407285337097 0.00887099372016059 0.010680869773582175
0 0.6163359536064995 0.6448577033148871 0.007743284437391493 0.010067240397135418
0 0.4665863460964627 0.5424461647316262 0.007292260064019097 0.009868706597222223
0 0.31838020748562285 0.41568843700267655 0.0072811974419487845 0.010471598307291668
0 0.3032920201619466 0.36716139051649305 0.008106655544704862 0.01225433349609375
0 0.35912244584825304 0.2549883100721571 0.008365080091688367 0.011012183295355905
0 0.6518839730156791 0.21530880398220487 0.009235254923502604 0.01251325254087095
0 0.7277449289957681 0.4800255952058015 0.006879764133029514 0.00888813160083912
0 0.6438867797174787 0.46346995398133267 0.008936564127604166 0.013085598415798611
0 0.3107500712076823 0.3825745617901837 0.006754981146918403 0.00863119054723669
0 0.3926291147867838 0.7653842502170138 0.007590399848090278 0.010379480432581018
0 0.41546851264105905 0.44485979433412903 0.008730146620008681 0.011934633608217593
0 0.3901587592230903 0.812733742042824 0.008509318033854166 0.010417005750868055
0 0.5174967235989041 0.8437472308123553 0.00875867207845052 0.01112049244068287
0 0.39775208367241743 0.5580477961787471 0.007739935980902778 0.010114373101128473
0 0.6346506754557292 0.7896711278844762 0.008261362711588541 0.010579031485098377
0 0.25679950714111327 0.5414822331181279 0.007391187879774306 0.009359458640769676
0 0.49411017100016275 0.272983494511357 0.006471294826931423 0.009441686559606482
0 0.3573472691377181 0.6667739491425455 0.009164110819498698 0.01294696949146412
0 0.3829526053534614 0.2557735866970486 0.007265175713433159 0.009774723759403935
0 0.3316672113206652 0.6334872493037471 0.009044922722710503 0.012616814507378473
0 0.6137713962131076 0.7137300561975549 0.008002387152777778 0.010310815881799768
0 0.6571528567911131 0.7564975658802005 0.007262759738498265 0.00965129711009838
0 0.39628853268093533 0.5215128015588831 0.00874680413140191 0.012011492693865741
0 0.7167625851101346 0.2836781113236039 0.00867216322157118 0.010932441993995949
0 0.37901579538981117 0.8056627909342446 0.008014127943250867 0.010982767740885418
0 0.7596592373318142 0.39059549967447915 0.009532504611545138 0.01232005931712963
0 0.4189903683132596 0.230001703898112 0.00804841783311632 0.011188365794994213
0 0.36911561754014754 0.39345519454390915 0.008380466037326388 0.010949311433015045
0 0.3430354330274794 0.7109987894694011 0.007543500264485677 0.010239947283709493
0 0.7418405320909288 0.601025390625 0.008368259006076389 0.010924162688078705
0 0.486415269639757 0.5106933876320168 0.008290184868706597 0.011332928692853008
0 0.531494606865777 0.7912919221100985 0.007720353868272569 0.010597511574074075
0 0.7175375196668837 0.4849130418565538 0.006838141547309028 0.010180720576533565
0 0.5851475397745769 0.3114331280743634 0.006953472561306424 0.009635303638599537
0 0.2399790339999729 0.46860417966489437 0.010178184509277344 0.012758975558810764
0 0.5820855246649849 0.7390798215512876 0.009057066175672743 0.010441137243200232
0 0.26634254075240843 0.6685442443587319 0.007212320963541669 0.009967041015625
0 0.7264225853814018 0.2976322315357349 0.008572302924262153 0.012014827021846065
0 0.2745904074774848 0.32370474073621963 0.006941901312934028 0.008949760154441551
0 0.5323090447319878 0.801227852150246 0.007056172688802083 0.008623645923755786
0 0.656665293375651 0.31457009492097077 0.007743411593967015 0.010672025327329282
0 0.35740910636054146 0.6913759019639757 0.008458646138509114 0.01292724609375
0 0.25631223698870403 0.46131349833871044 0.011670917453867488 0.013028000878735782
0 0.2580764454410328 0.4960548340153393 0.008685333919157188 0.011580445225542989
0 0.27164727968971597 0.4965976673852866 0.008142500549209827 0.016285001098419797
0 0.2871180307332147 0.4960548340153393 0.008685333919157222 0.011580445225542989
0 0.268390279470032 0.5098066127206714 0.008142500549209827 0.01230422305213935
0 0.257126487043625 0.5251868915358456 0.01058525071397284 0.011942334138841134
0 0.23052765191620608 0.5016641121714617 0.0067854171243415 0.009771000659051836
0 0.237041652355574 0.537310170131336 0.008413917234183544 0.013028000878735782
0 0.24436990284986287 0.542376614917511 0.008956750604130868 0.01230422305213942
0 0.27083302963479505 0.5772988950507889 0.009228167289104512 0.010494778485648268
0 0.3684073278828266 0.5317008919752135 0.009499583974078121 0.013389889792033927
0 0.35320799352430154 0.4987690008650759 0.006785417124341606 0.011218556312244842
0 0.40301295521696856 0.5427385038308092 0.009228167289104477 0.011580445225542918
0 0.4338187489614792 0.5438241705707038 0.010585250713972769 0.013028000878735782
0 0.31159303030071483 0.5798502118895413 0.010837668230998361 0.01138502521236198
0 0.3666024069277518 0.5879510952137218 0.01116608241981652 0.012698681967634328
0 0.4938629050947778 0.4609642755373777 0.008210354720453238 0.01269868196763447
0 0.484338893619052 0.41848937378356593 0.011494496608634606 0.013574453137816108
0 0.27267594892576624 0.36900830266830087 0.011166082419816483 0.013574453137816108
0 0.2598677955618591 0.3760144720297543 0.009852425664543923 0.0126986819676344
0 0.28039368236299234 0.3247818585741258 0.00886718309808952 0.010947139627270985
0 0.2904103151219454 0.32237348785612613 0.008538768909271468 0.013136567552725218
0 0.3010837762585346 0.3256576297443074 0.0095240114757258 0.01007136845708935
0 0.27891581851331076 0.29325409644758516 0.008538768909271362 0.011822910797452728
0 0.43031475955846943 0.3381373689193964 0.006568283776362662 0.011385025212361838
0 0.43819670009010453 0.3372615977492147 0.006568283776362733 0.012260796382543546
0 0.50929837196923 0.34711402341375874 0.007553526342816994 0.011822910797452764
0 0.5386914418684527 0.4241818863897469 0.009195597286907642 0.0126986819676344
0 0.4608572791185556 0.281212242857587 0.008538768909271396 0.010509254042180238
0 0.42029812679951634 0.2899699545594038 0.0095240114757258 0.011385025212361875
0 0.41487929268401724 0.2656673045868621 0.011822910797452693 0.010071368457089313
0 0.3925471278443842 0.24946553793850093 0.009195597286907713 0.011822910797452764
0 0.40108589675365564 0.23808051272613903 0.010509254042180132 0.0126986819676344
0 0.3702149630047514 0.2893131261817675 0.007225112153998836 0.010947139627271056
0 0.3595415018681621 0.2722355883632247 0.010180839853362116 0.010947139627271021
0 0.45773734432478336 0.24705716722050133 0.006239869587544575 0.012260796382543581
0 0.4628277642514644 0.2485897667683193 0.007225112153998907 0.010947139627271021
0 0.44525760514969437 0.152254938048334 0.006239869587544505 0.010071368457089402
0 0.5007596030599586 0.12247871826215671 0.008867183098089555 0.011822910797452745
0 0.5201360402002284 0.12926594483106477 0.010180839853362116 0.010509254042180186
0 0.5608593996136767 0.1283901736608831 0.008867183098089555 0.014012338722906961
0 0.5703834110894025 0.20436332267414417 0.008867183098089697 0.015325995478179522
0 0.559381535763995 0.23895628389632073 0.007881940531635151 0.013574453137816108
0 0.5542911158373139 0.23939416948141157 0.0062398695875444336 0.011822910797452728
0 0.6030606228768066 0.2866858126712225 0.007881940531635222 0.015325995478179486
0 0.5823705289812643 0.29412986761776677 0.00788194053163508 0.013574453137816071
0 0.6301547934543025 0.2398320550665024 0.008867183098089483 0.011822910797452764
0 0.5546195300261322 0.3304743711803067 0.0095240114757258 0.01007136845708935
0 0.57432438135522 0.3565285634932118 0.008867183098089626 0.010509254042180274
0 0.5961639249116258 0.34382988152557736 0.00919559728690757 0.010509254042180203
0 0.5956713036283987 0.3528065360199396 0.00821035472045331 0.010947139627270985
0 0.656263721465344 0.37426292968939096 0.008538768909271539 0.010947139627271056
0 0.6759685727944319 0.36747570312048283 0.00919559728690757 0.014888109893088596
0 0.7414872034636492 0.3698840738384825 0.00952401147572587 0.013574453137816108
0 0.6950165957458835 0.41104531883702167 0.01116608241981652 0.01269868196763447
0 0.6654593187522516 0.41739465982083884 0.009195597286907713 0.009633482871998566
0 0.7037195717495639 0.44279202375610766 0.009524011475725729 0.012260796382543617
0 0.7301569139494235 0.4559285913088329 0.00919559728690757 0.01138502521236191
0 0.559053121575177 0.4495792503250158 0.007225112153998907 0.01269868196763447
0 0.594029232684308 0.46709467372864943 0.008210354720453238 0.007444054946544298
0 0.5795790083763103 0.47650921380810246 0.00952401147572587 0.013136567552725324
0 0.5785937658098558 0.4846100971322831 0.010180839853362045 0.01007136845708942
0 0.5721896891279024 0.49621406513719035 0.008538768909271396 0.01138502521236191
0 0.5943576468731261 0.4970898363073721 0.010180839853362045 0.010509254042180203
0 0.6725202238118415 0.49008366694591854 0.011494496608634677 0.014888109893088667
0 0.6071658002370333 0.5170136304290054 0.008867183098089483 0.013574453137816037
0 0.6119278059748962 0.5200788295246412 0.00525462702109003 0.008319826116726006
0 0.536720956735544 0.5432867655344559 0.007225112153998978 0.010947139627271056
0 0.5935366114010807 0.5518255344437274 0.007881940531635151 0.009633482871998495
0 0.6035532441600338 0.5559854475020903 0.00821035472045331 0.010071368457089207
0 0.6161971904295319 0.5417541659866381 0.007881940531635151 0.011385025212361838
0 0.7804042848385976 0.5078180331420977 0.008538768909271539 0.013574453137815965
0 0.7633267470200548 0.5021255205359167 0.008538768909271396 0.010071368457089279
0 0.728843257194151 0.5040960056688255 0.009195597286907713 0.012260796382543617
0 0.7449355524462393 0.5329964542848212 0.009195597286907713 0.014012338722907032
0 0.7104520626203356 0.5509497632735457 0.00919559728690757 0.011385025212361838
0 0.6322894856816204 0.5489792781406369 0.007225112153998907 0.015325995478179522
0 0.6283485154158028 0.5516065916511819 0.0065682837763625206 0.010947139627271198
0 0.5514995952323599 0.5820396398149955 0.008538768909271539 0.014012338722906961
0 0.66923608192366 0.5754713560386329 0.008867183098089555 0.013136567552725253
0 0.6739980876615229 0.5759092416237237 0.006568283776362591 0.012260796382543617
0 0.7299927068550144 0.6067801753726281 0.010180839853362187 0.013574453137816179
0 0.6485459880281178 0.6328343676855333 0.006896697965180749 0.014888109893088667
0 0.6580699995038435 0.630644939760079 0.008210354720453238 0.012260796382543617
0 0.7170203463966982 0.6748713838542539 0.010509254042180203 0.01751542340363372
0 0.6216160245450311 0.7541286747556964 0.00821035472045331 0.011385025212361767
0 0.6001048951774435 0.7254471689322461 0.007881940531635151 0.010947139627270985
0 0.50404374494814 0.6547286469400752 0.007553526342816923 0.01138502521236191
0 0.469231840933418 0.70661808877334 0.007553526342816994 0.010947139627270985
0 0.4807263375420526 0.7092454022838851 0.008210354720453238 0.011822910797452835
0 0.49139979867864186 0.7077128027360672 0.008538768909271468 0.012260796382543617
0 0.49386290509477787 0.7206304274962468 0.0095240114757258 0.0126986819676344
0 0.5147172060847293 0.7101211734540667 0.007225112153998907 0.010947139627271127
0 0.5240770104660459 0.7361753657669717 0.007553526342817065 0.008757711701816646
0 0.5247338388436822 0.7521581896227876 0.008867183098089555 0.010071368457089136
0 0.49977436049350416 0.8587833295924077 0.010837668230998361 0.011385025212362052
0 0.41060990822938154 0.7955088625467809 0.009195597286907713 0.011822910797452693
0 0.4097888727573361 0.7828101805791465 0.010180839853362116 0.013574453137816108
0 0.45461740953101115 0.6882268941995247 0.00919559728690757 0.011822910797452693
0 0.34739017688189117 0.7771176679729654 0.008867183098089555 0.011822910797452693
0 0.34229975695521014 0.7587264733991502 0.008538768909271396 0.010947139627270985
0 0.32193807724848594 0.7668273567233308 0.007881940531635151 0.012260796382543617
0 0.357078395452026 0.6985172054491595 0.009195597286907713 0.011385025212361767
0 0.372021241043251 0.6591075027909836 0.008210354720453238 0.012260796382543617
0 0.3698865488159332 0.626485026701716 0.01116608241981652 0.016201766648361086
0 0.27825899013567446 0.6704925280033456 0.0072251121539988715 0.011385025212362052
0 0.2831852029679464 0.6711493563809818 0.007225112153998907 0.013574453137816108
