0 0.710822606086731 0.37955474853515625 0.007861948013305664 0.010805384318033856
0 0.31329302787780766 0.5041350364685059 0.008462953567504882 0.010559272766113282
0 0.7344399690628052 0.36818656921386717 0.008282709121704101 0.011055628458658852
0 0.3485351800918579 0.370013682047526 0.007742547988891601 0.010328038533528644
0 0.42866671085357666 0.7954346338907878 0.01019272804260254 0.0130126953125
0 0.6345414638519287 0.30613226890563966 0.008489990234375 0.010567188262939453
0 0.3270059466362 0.33327445983886717 0.00841071605682373 0.010899035135904948
0 0.36379443407058715 0.4341145197550456 0.008210492134094239 0.010200564066569011
0 0.4861454963684082 0.45486179987589526 0.009389114379882813 0.012520790100097656
0 0.41013824939727783 0.2475433270136515 0.008533906936645509 0.011160389582316082
0 0.7293884754180908 0.543277899424235 0.00887918472290039 0.012199592590332032
0 0.6368255615234375 0.27860199610392256 0.009133529663085938 0.012763786315917968
0 0.6235008239746094 0.6670405705769856 0.008894729614257812 0.01169878641764323
0 0.5492670774459839 0.5665438016255697 0.00920710563659668 0.011999575297037761
0 0.6091742992401122 0.4803117275238038 0.008526992797851563 0.010681502024332682
0 0.37246328592300415 0.5754865328470866 0.009484410285949707 0.012701479593912761
0 0.5436158180236816 0.5199810028076172 0.008461475372314453 0.011631520589192708
0 0.4662755250930786 0.24294370015462238 0.00743708610534668 0.010093116760253906
0 0.6929872274398804 0.5894017855326336 0.008610200881958009 0.011761156717936198
0 0.7391630649566651 0.3186729272206624 0.008645915985107422 0.011606693267822266
0 0.28445519208908077 0.48158281644185386 0.008054804801940919 0.010949420928955077
0 0.28427026271820066 0.6519537925720215 0.008354473114013671 0.0114657719930013
0 0.3530454158782959 0.6978928248087564 0.009910011291503906 0.01330095926920573
0 0.3814143419265747 0.7272938410441081 0.008905839920043946 0.01083526611328125
0 0.6558285236358643 0.38945186932881676 0.00830698013305664 0.010983880360921223
0 0.5903846502304078 0.5156426111857096 0.007540369033813476 0.008992322285970052
0 0.3666874885559082 0.21226270198822023 0.00874018669128418 0.010971625645955406
0 0.5256112337112426 0.14636425971984862 0.009325361251831055 0.012323633829752606
0 0.5264719486236572 0.7077189127604165 0.009477806091308594 0.012473169962565105
0 0.5132644653320313 0.7398911476135254 0.007334136962890625 0.009105745951334636
0 0.6286120998768735 0.4325339447469558 0.008549976348876952 0.011088879903157552
0 0.548979640007019 0.6457379023234049 0.008192968368530274 0.01032854715983073
0 0.5400257825851441 0.7636879285176597 0.0073433399200439455 0.009356244405110677
0 0.6528267860412598 0.33877655590436306 0.008261775970458985 0.010443417231241862
0 0.2656006336100024 0.4073321615002907 0.008935976028442382 0.01099745432535807
0 0.4053271532058716 0.759394677480062 0.008987855911254884 0.013297589619954427
0 0.36166720707390004 0.5502516858764349 0.010416412353515625 0.012360159556070964
0 0.3046117663383484 0.40383760134379065 0.00936453342437744 0.011457665761311847
0 0.6541026115417481 0.541989008585612 0.008292579650878906 0.011142476399739582
0 0.7528828460521656 0.310656294094457 0.007838201522827149 0.011443805694580079
0 0.2699419617652893 0.542487144470215 0.008938241004943847 0.01165606180826823
0 0.5816190481185912 0.33409395217895516 0.008856439590454101 0.011763064066569011
0 0.7196347713470459 0.5317619005839029 0.008159351348876954 0.011091804504394532
0 0.693056869506836 0.23328583240509032 0.009315204620361329 0.012589057286580406
0 0.29871248786623705 0.46445221245530066 0.010502767562866212 0.014928563435872394
0 0.7010433673858643 0.47977871894836427 0.006476116180419922 0.008323955535888671
0 0.5759393215179444 0.6391252199808757 0.008524131774902344 0.010914929707845052
0 0.44300618171691897 0.5713418006896973 0.009069347381591797 0.01086012522379557
0 0.6121578931808472 0.29200533231099446 0.009119081497192382 0.011981550852457683
0 0.5721735000610352 0.6200280825297038 0.007727622985839844 0.01008141835530599
0 0.6838932514190674 0.6388853708902995 0.008505630493164062 0.009806315104166666
0 0.6514628410339356 0.6927229563395183 0.007610893249511719 0.010140228271484374
0 0.31577554941177366 0.27988386154174805 0.009368634223937989 0.011691538492838542
0 0.5016058444976806 0.6201042811075846 0.008441638946533204 0.01061236063639323
0 0.49828624725341797 0.4931635856628418 0.008722305297851562 0.011502011617024738
0 0.6609183311462402 0.37383432388305665 0.00791482925415039 0.010727818806966145
0 0.4797446012496948 0.7210877736409504 0.008602285385131836 0.012233606974283854
0 0.3254753351211548 0.43924900690714525 0.008681249618530274 0.012111727396647136
0 0.4608621597290039 0.2596514145533244 0.007842540740966797 0.010536845525105793
0 0.6599851929166486 0.36342024948509793 0.007984590530395509 0.010046132405598958
0 0.6225068761073558 0.7389060786377436 0.006020355224609375 0.0081939697265625
0 0.7339771270751954 0.405583127339681 0.007496547698974609 0.009699312845865886
0 0.23948630094528198 0.5306735515594483 0.009500479698181153 0.012735843658447266
0 0.5588203636797743 0.4150524867109721 0.006946277618408202 0.010001214345296223
0 0.5877042531967163 0.6562482198079427 0.007842683792114257 0.009628677368164062
0 0.5982500553131104 0.46458339691162104 0.00839090347290039 0.011006673177083336
0 0.48576378900060846 0.2290922701645762 0.008565807342529297 0.011182149251302086
0 0.668710680486156 0.6460241007260841 0.006769084930419921 0.008448219299316407
0 0.3411105494286536 0.4984846423702799 0.008742385706338639 0.01324603894899795
0 0.3375341189124241 0.49159670211680095 0.005563336358579179 0.011126672717158287
0 0.3232283968475063 0.4860333657582217 0.005563336358579108 0.008477464927358725
0 0.35859532084133083 0.425631428150791 0.006358098695519061 0.007417781811438928
0 0.3568071055832162 0.4237769826979313 0.0051659551901091305 0.005828257137559234
0 0.42992524058168496 0.5337191059746144 0.006755479863988967 0.011656514275118254
0 0.4356872675244991 0.5350437098695143 0.005563336358579108 0.014305722064917958
0 0.4766175278769029 0.530010215068895 0.003973811684699342 0.007417781811438999
0 0.4811421797237563 0.5255585109797398 0.006866842129833657 0.009155789506444805
0 0.4920395596254488 0.5239661997612278 0.0059711670694206735 0.009155789506444805
0 0.49248739715565537 0.5361075728023829 0.004478375302065345 0.0071654004833047935
0 0.4887554177372675 0.5398893119463493 0.005374050362478542 0.005971167069420602
0 0.5150285528427181 0.5741240031443605 0.007165400483304865 0.010748100724957155
0 0.5469742966641181 0.49430940331643897 0.005374050362478613 0.011942334138841134
0 0.5653356354025865 0.49709594794883516 0.008061075543717777 0.007165400483304651
0 0.2566262979135427 0.4863478472238781 0.008061075543717742 0.009553867311072892
0 0.2539392727323035 0.4636574123600799 0.005672608715949608 0.011146178529585028
0 0.2512522475510642 0.33886002060918996 0.005672608715949572 0.00995194511570098
0 0.25811908968089786 0.3374667482929919 0.008658192250659873 0.010350022920328996
0 0.364107305163113 0.2781531554034142 0.009852425664543958 0.010350022920328996
0 0.3711234264696822 0.28770702271448706 0.008359633897188842 0.011146178529585065
0 0.42590888433161594 0.3109945742852273 0.007463958836775717 0.011544256334213117
0 0.3912761153289766 0.3263205697634068 0.005075492009007476 0.007961556092560756
0 0.3876934150873243 0.33547635926985164 0.006269725422891526 0.009553867311072892
0 0.4160564586670721 0.3372677093906779 0.008061075543717848 0.010748100724957013
0 0.4474050857815301 0.3452292654832387 0.008658192250659766 0.009155789506444946
0 0.42665528021529353 0.3490110046272049 0.005374050362478471 0.008757711701816788
0 0.4617358867481394 0.3096013019690292 0.005075492009007476 0.008757711701816823
0 0.4705433581755348 0.3207474804986142 0.005971167069420602 0.011146178529585028
0 0.4906960470348292 0.29945031795101423 0.006269725422891597 0.009155789506444877
0 0.3355949824066298 0.17982793766028862 0.006568283776362591 0.010350022920329032
0 0.35335920443815605 0.16967695364227367 0.009852425664544029 0.009155789506444877
0 0.42889446786632635 0.16410386437748115 0.008658192250659837 0.00995194511570098
0 0.508609548243091 0.2293886243364794 0.006269725422891597 0.008359633897188808
0 0.546377179957176 0.2337674801873878 0.010150984018014952 0.00915578950644484
0 0.5510048344359771 0.22680111860639715 0.007463958836775646 0.010350022920328996
0 0.5687690564675032 0.25466656493035983 0.005971167069420602 0.009553867311072928
0 0.5674255438768836 0.2703906382131674 0.005672608715949537 0.00995194511570091
0 0.5807113906063444 0.25247713700490565 0.007762517190246783 0.010748100724957048
0 0.57653157365775 0.24969059237250935 0.0053740503624784 0.009155789506444877
0 0.3714219848231533 0.15454999706640823 0.007762517190246712 0.008359633897188825
0 0.38366287731546544 0.1549480748710363 0.008956750604130832 0.013932723161981358
0 0.41381727101603927 0.151763452434012 0.005971167069420531 0.009951945115700961
0 0.410533129127858 0.15793365840574655 0.006568283776362662 0.006369244874048619
0 0.405308357942115 0.1541519192617802 0.005672608715949608 0.009155789506444877
0 0.42337113832711226 0.13544226244426238 0.007762517190246712 0.009951945115700961
0 0.4184449254948403 0.12270377269616517 0.0068668421298335855 0.0115442563342131
0 0.4929352346858619 0.21585397897912614 0.006568283776362591 0.011544256334213117
0 0.4960700973973078 0.20590203386342515 0.006269725422891667 0.010748100724957048
0 0.5033847770573481 0.20689722837499527 0.004776933655536553 0.00875771170181686
0 0.5086095482430909 0.20490683935185508 0.0068668421298335855 0.007165400483304687
0 0.6552016997973661 0.17743947083252043 0.006269725422891526 0.009553867311072892
0 0.6553509789741016 0.17067214815384374 0.007165400483304722 0.007165400483304687
0 0.6607250293365801 0.17664331522326435 0.005374050362478613 0.008757711701816823
0 0.7586521692750776 0.3663273891285246 0.00716540048330458 0.009155789506444946
0 0.7449184850154101 0.3844399292391003 0.007165400483304722 0.010350022920328996
0 0.7423807390109064 0.40593613068901446 0.006269725422891526 0.007961556092560685
0 0.7476055101966494 0.40792651971215466 0.006568283776362733 0.007165400483304722
0 0.5596630266866369 0.4198688538509957 0.005672608715949537 0.005573089264792514
0 0.565783472932793 0.4214611650695079 0.005374050362478471 0.007961556092560827
0 0.5636935644584958 0.4465400667610743 0.00597116706942046 0.00875771170181686
0 0.6557988165043086 0.47022569613644305 0.006269725422891193 0.009951945115700989
0 0.661769983573729 0.46823530711330236 0.005075492009007547 0.007563478287932739
0 0.6825197891399654 0.46266221784850986 0.004776933655536339 0.013136567552725253
0 0.6111643426603893 0.5162036825709809 0.008359633897188771 0.0111461785295851
0 0.6216138850318754 0.5408845064579194 0.005971167069420602 0.0111461785295851
0 0.7038667114131436 0.5765124699721288 0.006269725422891526 0.01074810072495687
0 0.6631134961643482 0.6477683970005476 0.00716540048330458 0.0083596338971887
0 0.6596800750994315 0.6545357196792243 0.005672608715949537 0.010748100724956942
0 0.6678904298198848 0.6680703650365775 0.005374050362478613 0.009155789506444734
0 0.6153441596089837 0.5715364974142783 0.00716540048330458 0.00955386731107275
0 0.645946390839764 0.7110627679364058 0.007463958836775788 0.010748100724956942
0 0.6307199148127417 0.7604244157102826 0.007463958836775716 0.00995194511570091
0 0.6305706356360062 0.7715705942398676 0.007165400483304722 0.00995194511570091
0 0.6369896402356333 0.7743571388722637 0.006269725422891667 0.008359633897188842
0 0.6413187363609633 0.7813235004532544 0.005374050362478542 0.007165400483304722
0 0.6449014366026157 0.7892850565458153 0.007762517190246712 0.007961556092560756
0 0.5596630266866369 0.7713715553375536 0.008658192250659908 0.011942334138841063
0 0.4793508296029302 0.7769446446023461 0.009255308957601897 0.009553867311072963
0 0.4765145252449554 0.7709734775329256 0.005971167069420602 0.010350022920328996
0 0.39903863251922345 0.7283791524377256 0.007463958836775717 0.00875771170181693
0 0.3709741472929467 0.672449220887486 0.009852425664543887 0.013136567552725324
0 0.3744075683578636 0.6485645526098037 0.009553867311072892 0.010748100724957084
0 0.3594796506843121 0.6678713261342637 0.006568283776362591 0.00875771170181693
0 0.264538094280525 0.6501568638283157 0.008359633897188879 0.009951945115701194
