0 0.3180485725402832 0.29514653241192856 0.009475347730848524 0.012888223153573495
0 0.5675393210517036 0.5639309070728443 0.008451122707790798 0.012429413972077545
0 0.5125314076741537 0.43182343377007376 0.008898417154947916 0.011950259738498264
0 0.615301873948839 0.26837128533257376 0.008173327975802952 0.011395235414858217
0 0.5538827048407661 0.43101245738841876 0.008616680569118924 0.012057636402271412
0 0.34789635340372727 0.6916426199453848 0.009012285868326824 0.011929264775028935
0 0.31234007941351993 0.7250688340928819 0.009067323472764757 0.01290271900318287
0 0.6501369900173611 0.3691213961000796 0.010065036349826388 0.013362262867115162
0 0.43952702416314016 0.740403860586661 0.009726503160264757 0.013051350911458336
0 0.48529724544949 0.6693435386375145 0.009166505601671007 0.011435445149739583
0 0.4102930068969727 0.7255034835250289 0.00820359124077691 0.010367838541666667
0 0.638871341281467 0.29541600545247393 0.010445064968532987 0.012950699417679396
0 0.38711619906955297 0.43969362046983507 0.008249494764539931 0.012273039641203704
0 0.40451867845323347 0.42014254817256225 0.007782151963975695 0.011307525634765624
0 0.45504883660210504 0.3771656036376953 0.009222157796223958 0.012887940583405673
0 0.3869757970174154 0.437267995763708 0.008760113186306423 0.01386919374819155
0 0.6801692538791232 0.7680136221426506 0.009459601508246528 0.01278008355034722
0 0.5386341306898329 0.47442439555146637 0.010159174601236973 0.009869515827044031
0 0.54788638220893 0.652756189416956 0.01002269321017795 0.013950263129340277
0 0.5065073649088542 0.3826067747893157 0.00822262234157986 0.011202409532335068
0 0.5449231889512803 0.509784444173177 0.009157223171657985 0.011783175998263888
0 0.2665745311313205 0.6419179280598958 0.008862113952636719 0.011399219654224538
0 0.565932273864746 0.20773083722149885 0.00909072028266059 0.011363559299045138
0 0.49507556491427956 0.2572470629656757 0.008067406548394097 0.009659350359881367
0 0.3685955259535048 0.3780149954336661 0.008540132310655382 0.012023643211082175
0 0.7190472496880426 0.5332125345865886 0.008960045708550347 0.01273956298828125
0 0.42021164364284935 0.8469955726906107 0.008131790161132812 0.011801995171440972
0 0.6566766526963975 0.8018227753815828 0.009797837999131944 0.011725136085792825
0 0.5405204561021593 0.5665447376392505 0.007338078816731771 0.009796199092158564
0 0.2720497873094347 0.4446940245451751 0.008654763963487412 0.011637002450448495
0 0.632788594563802 0.289342357494213 0.008838399251302084 0.013233382613570604
0 0.5995929506089952 0.2182265316998517 0.008390087551540798 0.0111198001437717
0 0.5208654615614149 0.34028304771140766 0.008426666259765625 0.012388526068793402
0 0.5243261761135526 0.5438973885995371 0.007476086086697049 0.010023555049189815
0 0.24651701225417694 0.5737474609121409 0.008260726928710938 0.010922467267071759
0 0.5305879804823134 0.21738267827917027 0.008321126302083334 0.011599971629955151
0 0.6506319046020508 0.3119051897967303 0.009158367580837674 0.012135823567708336
0 0.4898495780097113 0.7888862327293115 0.00908673604329427 0.010579653139467593
0 0.7470508999294705 0.6646102340133102 0.008610195583767362 0.011170789930555557
0 0.45695624881320535 0.5730732670536747 0.007914945814344617 0.011931355794270833
0 0.6091798570421006 0.4495693065502026 0.009171973334418403 0.01287994384765625
0 0.5062776777479384 0.32141507466634117 0.008346048990885417 0.010773185447410301
0 0.5252232577293717 0.19227659133022645 0.006633037990993924 0.008502451578776042
0 0.3910193761189779 0.6006376760977286 0.009086312188042536 0.011693601255063657
0 0.2413532771533871 0.5564252696288323 0.007152861032458908 0.011656514275118183
0 0.24592316059079142 0.5540409826180127 0.00834500453786866 0.01642508829675748
0 0.44481243540999593 0.6054356137401247 0.006358098695519061 0.007947623369398756
0 0.4547469646217445 0.6287486422903612 0.0071528610324589435 0.007947623369398969
0 0.45196529644245487 0.616827207236263 0.006358098695519061 0.008477464927358796
0 0.44739541300505054 0.623715147489742 0.006755479863989038 0.010596831159198388
0 0.4748147136294763 0.5890105254433674 0.006755479863989038 0.01006698960123856
0 0.48077543115652543 0.5823875059688683 0.009139766874808686 0.009537148043278378
0 0.4819675746619353 0.5739100410415097 0.0075502422009288495 0.010596831159198388
0 0.5272690278675084 0.5908649708962269 0.007550242200928778 0.010596831159198246
0 0.45276005877939485 0.5211908060244977 0.008742385706338708 0.011126672717158287
0 0.4324936191874278 0.5280787462779766 0.008742385706338568 0.01006698960123849
0 0.42911587925543343 0.5214557268034777 0.01072929154868838 0.009537148043278662
0 0.5153475928134101 0.6006670397184856 0.007550242200928921 0.012186355833078082
0 0.5077973506124812 0.6043759306242049 0.005165955190109202 0.010066989601238419
0 0.3369234481704075 0.492844282673642 0.0075502422009288495 0.008477464927358654
0 0.3430828562816915 0.485956342420163 0.010331910380218403 0.012716197391038051
0 0.36533620171600817 0.46158363075400677 0.008742385706338639 0.011656514275118183
0 0.3641440582105983 0.4525763242686882 0.007947623369398827 0.008477464927358725
0 0.5205135480035195 0.44568838401520927 0.00834500453786866 0.009537148043278591
0 0.28129008458461596 0.4719155411342253 0.005960717527049048 0.01006698960123849
0 0.28506520568508037 0.4658223632176861 0.008742385706338745 0.014835563622877714
0 0.5058104447701317 0.5349666865314556 0.005960717527049084 0.00900730648531855
0 0.36732310755835784 0.4851615800832232 0.008742385706338708 0.009007306485318622
0 0.35858072185201917 0.48463173852526326 0.007152861032458801 0.01006698960123849
0 0.3645414393790682 0.4803930060615839 0.006358098695519132 0.007947623369398898
0 0.3770589461858714 0.5007919060430408 0.0075502422009288495 0.009537148043278591
0 0.2560563803867749 0.4030361385994358 0.008742385706338602 0.011126672717158287
0 0.326790228374424 0.27243019456231576 0.008742385706338708 0.011656514275118183
0 0.33732082933887747 0.3206457763366684 0.008345004537868732 0.008477464927358725
0 0.4547469646217445 0.2899149659749931 0.011126672717158427 0.009537148043278591
0 0.5874722748907042 0.28700083740621357 0.011126672717158358 0.015365405180837684
0 0.41520753835898544 0.25944907639229775 0.008345004537868803 0.009007306485318587
0 0.3379169010915824 0.3919094658822775 0.007947623369398756 0.007947623369398756
0 0.33473785174382287 0.38661105030267834 0.00635809869551899 0.0068879402534788884
0 0.3303666588906535 0.3927042282192174 0.007947623369398756 0.009537148043278591
0 0.6065465709772613 0.23110255304144214 0.009537148043278591 0.010596831159198317
0 0.6021753781240919 0.24487843354840003 0.007947623369398827 0.009537148043278557
0 0.6864201858397191 0.4332371074031512 0.010331910380218403 0.012186355833078153
0 0.7496037916264393 0.3892602580924779 0.00874238570633878 0.011126672717158215
0 0.6574113605414134 0.4591993437431872 0.007947623369398684 0.01324603894899795
0 0.7545710562323136 0.48807570865200284 0.006755479863988967 0.009537148043278591
0 0.7494051010422044 0.4909898372207823 0.008345004537868732 0.012186355833078153
0 0.7527828409741987 0.49946730214814095 0.008742385706338496 0.011126672717158287
0 0.7955013165847171 0.5627833683243513 0.005960717527049013 0.012716197391038051
0 0.7857654779572038 0.5792084566211089 0.008742385706338496 0.011656514275118397
0 0.7891432178891984 0.5712608332517101 0.012318816222568075 0.01059683115919846
0 0.7500011727949092 0.597752911149706 0.006358098695519061 0.011656514275118112
0 0.738874500077751 0.5890105254433674 0.007947623369398827 0.011126672717158287
0 0.7120512712060301 0.7174971032486477 0.005165955190109344 0.010596831159198388
0 0.7174159169803742 0.7188217071435474 0.006358098695519061 0.009007306485318622
0 0.7184093699015491 0.7222656772702869 0.005960717527049013 0.008477464927358654
0 0.7476168857840898 0.7490226759472628 0.007152861032459015 0.01006698960123856
0 0.7209923474966038 0.6854416889920725 0.009537148043278449 0.01218635583307801
0 0.6023740687083269 0.7453137850415433 0.00834500453786866 0.012186355833078295
0 0.7670885630391165 0.6941840746984113 0.006358098695519061 0.013775880506957917
0 0.5123672340498857 0.7712760213815792 0.01192143505409831 0.011126672717158358
0 0.49051126978403903 0.7763095161821986 0.007947623369398684 0.010596831159198388
0 0.6027714498767968 0.8136633460183728 0.008345004537868803 0.01642508829675748
0 0.6299920599169876 0.7863765057834371 0.007947623369398684 0.009537148043278449
0 0.6286012258273428 0.7924696836999761 0.00834500453786859 0.01218635583307801
0 0.6212496742106489 0.7924696836999761 0.006358098695519061 0.010066989601238419
0 0.601777996955622 0.7977680992795753 0.010331910380218403 0.012186355833078153
0 0.6880097105135988 0.7975031785005953 0.008742385706338496 0.010596831159198388
0 0.7037062666681613 0.8197565239349118 0.009934529211748639 0.012716197391038122
0 0.5731665528257863 0.8428046317061684 0.006358098695519061 0.011126672717158215
0 0.5829023914532998 0.8936694212703206 0.007550242200928921 0.009007306485318622
0 0.5910487054069335 0.903736410871559 0.008742385706338568 0.01006698960123856
0 0.49051126978403903 0.8767144914156032 0.013510959727977863 0.01324603894899795
0 0.4998497272430825 0.8035963564171342 0.006755479863988896 0.010066989601238419
0 0.5006444895800223 0.8430695524851484 0.00834500453786866 0.010596831159198388
0 0.3895764529926744 0.7577650616536016 0.011921435054098239 0.01589524673879751
0 0.36732310755835784 0.7943241291528358 0.007947623369398827 0.014835563622877856
0 0.40408086564182727 0.7368363201141847 0.008345004537868803 0.014305722064917745
0 0.4078559867422916 0.6939191539194313 0.008742385706338568 0.009007306485318622
0 0.4050743185630021 0.6740500954959343 0.009537148043278591 0.012716197391038122
0 0.32857387374910146 0.5938490385506573 0.0068758863580353595 0.012693944045604012
0 0.5398057974237597 0.4683050033978038 0.01121556549477944 0.011365106368043172
0 0.6302472187739443 0.5420452829121731 0.0065682837763625206 0.00995194511570091
0 0.6362183858433649 0.5426423996191151 0.008956750604130832 0.016719267794377473
