0 0.5586128234863281 0.6282296074761285 0.009014214409722223 0.012763581452546297
0 0.7277801937527127 0.4435098718713831 0.009534793429904515 0.012495817961516205
0 0.730281024509006 0.3792481316460503 0.01074278089735243 0.015094728823061343
0 0.38776478237575956 0.7432585822211373 0.011082882351345486 0.01581923873336227
0 0.3117096689012316 0.405030596697772 0.009582371181911893 0.013119563349971063
0 0.38228026496039497 0.30802708378544563 0.008150906032986112 0.0113424230504919
0 0.42408743964301215 0.8727024784794559 0.009182145860460069 0.01345226146556713
0 0.5909830941094293 0.599598580819589 0.009490754869249132 0.013537823712384258
0 0.6426065021091039 0.762448459201389 0.00993147956000434 0.014534166124131944
0 0.44321801927354604 0.8286602444118923 0.010197109646267362 0.013634236653645833
0 0.27527398003472225 0.71893231427228 0.00959260728624132 0.012504295066550925
0 0.4661395602756076 0.38709586814597796 0.009645250108506944 0.012700398763020836
0 0.5219065560234918 0.8255744651511864 0.00836533440483941 0.011019671404803241
0 0.6106271107991535 0.7174529464156539 0.010464392768012153 0.013813047055844907
0 0.5849909676445856 0.4831883748372396 0.009147262573242188 0.010663859049479167
0 0.6364162868923612 0.6184635021068432 0.009848276774088541 0.013743252224392362
0 0.6335725996229383 0.8559635868778934 0.010027143690321181 0.01329944751880787
0 0.7178120930989583 0.6544860557273583 0.00744967990451389 0.010614183213975694
0 0.6834722306993273 0.696358405219184 0.010721418592664931 0.013493290653935185
0 0.5238408499496157 0.4162262076377463 0.007366689046223958 0.010677563702618636
0 0.6065858629014756 0.2583537914134838 0.009473419189453125 0.012786300094039351
0 0.7254056294759114 0.639480279993128 0.008274163140190973 0.011172089753327546
0 0.35820482042100693 0.39744970533582896 0.009536573621961806 0.01342753657588252
0 0.5302810457017686 0.40836568761754927 0.008142386542426215 0.011991147641782407
0 0.3347566922505697 0.8045264067473235 0.01067557864718967 0.013820676450376157
0 0.3427042325337728 0.4131516209355107 0.009160084194607204 0.011730985288266781
0 0.3203701972961426 0.49629858511465563 0.00983329349093967 0.013354435673466437
0 0.7267528110080295 0.7206427114981193 0.008727179633246528 0.011336149992766205
0 0.5596605724758572 0.3839044217710142 0.010344907972547744 0.014362843831380208
0 0.29961993885334354 0.7218291425304821 0.009388097127278646 0.012321867766203703
0 0.3368236329820421 0.8206428810402199 0.011889775594075523 0.013841078016493057
0 0.3217771212259929 0.753825604474103 0.008061027526855469 0.01187698929398148
0 0.4721833611556702 0.9417864192497523 0.008379024929470485 0.009776193124276621
0 0.7307420126010655 0.6565955357290428 0.00901442633734809 0.011553163881655093
0 0.7318907419840496 0.5730381718388311 0.012080128987630208 0.014350608543113425
0 0.3796920524488083 0.6408352862471837 0.008594936794704862 0.011410578974971063
0 0.26080898156729054 0.7279464288228265 0.005055852214025265 0.008089363542440253
0 0.25743841342460705 0.7273846674657125 0.003370568142683581 0.007415249913903636
0 0.2909755664443081 0.6791855430253381 0.0057299658425619526 0.007190545371058335
0 0.295610097640498 0.6801967134681433 0.005224380621159561 0.008314068085286124
0 0.29004866020507014 0.6707591226686292 0.004550266992622731 0.0069658408282127484
0 0.30403651799720677 0.6614338841405382 0.005224380621159419 0.007190545371058192
0 0.29982330781885236 0.6661526795402952 0.005224380621159454 0.007190545371058192
0 0.42495565011597825 0.7465969058790085 0.008763477170977155 0.013931681656425212
0 0.43641558180110224 0.7644609170352312 0.006404079471098711 0.009212886256668185
0 0.3877951363428924 0.8732179157724864 0.007920835135306276 0.009662295342359357
0 0.40582767590624924 0.889059586043099 0.007583778321037897 0.010336408970896115
0 0.7196275699900855 0.7101947699380265 0.008257891949574657 0.010336408970896115
0 0.7914206714292447 0.6380646116845992 0.0069096646925012805 0.011235227142278603
0 0.7240935727791412 0.45964920466521775 0.008089363542440395 0.009437590799513841
0 0.6997412179482528 0.5003207269202656 0.005561437435427763 0.006291727199675919
0 0.7021006156481313 0.4968378065061593 0.005561437435427763 0.006965840828212606
0 0.7112854138369439 0.5023430678058758 0.004381738585488643 0.007639954456749045
0 0.7053869195872476 0.5027924768915669 0.0037076249569518893 0.005842318113984746
0 0.6711756529390098 0.30258072921616547 0.0060670226568304035 0.010785818056587288
0 0.451414610036044 0.2293270482485101 0.0060670226568304035 0.009886999885205014
0 0.45512223499299587 0.2251700142058671 0.005392909028293644 0.010111704428050601
0 0.41979951653572445 0.29140121394401397 0.004596229285477591 0.007056836882753323
0 0.4271813393275519 0.3014293505668741 0.0037605512335725424 0.006685424415240036
0 0.42892233526902074 0.3046792096576158 0.00417839025952496 0.005756893246456691
0 0.4255796230614007 0.3148001993973542 0.00501406831143008 0.006314011947726676
0 0.42446538565886066 0.3036578253719541 0.003899830908890038 0.005942599480213389
0 0.4248135848471545 0.2963224291385657 0.004874788636112583 0.0076139555840233795
0 0.4212619531265582 0.295022485502269 0.004178390259525031 0.006128305713970015
0 0.4351899206583083 0.3586268705639279 0.0066854244152399645 0.011142374025400059
0 0.5110277038686877 0.43680919497548515 0.006824704090557603 0.008542486752806723
0 0.3998825229653218 0.506820445101749 0.00571046668801749 0.0074282493502666825
0 0.39751476848492423 0.4997636082189956 0.005431907337382569 0.007428249350266754
0 0.40698578640651434 0.66114232535354 0.006824704090557603 0.010770961557886807
0 0.4813611330260599 0.6199155414595598 0.008217500843732637 0.010028136622860088
0 0.527114506367859 0.6753488522359254 0.0058497463633349865 0.005014068311430151
0 0.4970853236780667 0.47466670728632665 0.006953650606763162 0.008972452395823538
