0 0.431781268119812 0.15935610135396322 0.009296369552612305 0.013070742289225258
0 0.4022385120391846 0.2682835737864176 0.008178997039794921 0.010333728790283204
0 0.651914095878601 0.26157965660095217 0.00755763053894043 0.010059165954589843
0 0.38296267986297605 0.26920863787333166 0.007654380798339844 0.0094087282816569
0 0.5521334648132324 0.7909573237101237 0.009743022918701171 0.01304155985514323
0 0.638120436668396 0.16283643245697021 0.01109766960144043 0.014482895533243813
0 0.6137601137161255 0.46561638514200854 0.008594083786010741 0.012345314025878906
0 0.2820057272911072 0.6306585947672526 0.009187912940979004 0.011876169840494792
0 0.3212169289588928 0.495245377222697 0.0072760343551635746 0.010280386606852215
0 0.3632254362106323 0.35829242070515954 0.00933218002319336 0.012398401896158852
0 0.6177968502044677 0.32241999308268227 0.008553123474121094 0.01285203297932943
0 0.31915042400360105 0.22389668623606365 0.008651018142700195 0.010949977238972982
0 0.6522831439971923 0.4696488062540691 0.009269142150878906 0.012162844340006508
0 0.3231003458833443 0.4043843775255131 0.01123964786529541 0.014167881011962891
0 0.29564355611801146 0.5642544746398926 0.009999728202819825 0.01313368479410807
0 0.25227994918823243 0.5520168940226238 0.008765411376953126 0.012594985961914062
0 0.6547095537185669 0.24498998324076335 0.008487558364868164 0.011136372884114586
0 0.38439475297927855 0.10803788900375366 0.007906317710876465 0.010047682126363118
0 0.67088303565979 0.5719577153523763 0.007983016967773437 0.011783218383789063
0 0.4136018991470337 0.44069293340047194 0.00811018943786621 0.01171735127766927
0 0.28248666524887084 0.42334464391072596 0.008586382865905762 0.011016464233398438
0 0.31317378282547 0.6206059455871581 0.00887453556060791 0.010427029927571614
0 0.5159700870513916 0.44296444257100426 0.007774066925048828 0.011050001780192059
0 0.5091575145721436 0.758110205332438 0.008459186553955078 0.010630098978678386
0 0.7341646194458008 0.24575197696685788 0.007970142364501952 0.011099259058634438
0 0.6412989139556885 0.23744436899820962 0.006917762756347656 0.009608236948649089
0 0.4777915239334106 0.36880524953206384 0.0077437877655029295 0.010486030578613281
0 0.7783682751247882 0.4521547358816948 0.009836673736572266 0.013325246175130208
0 0.5283252055978523 0.3045445350042023 0.008460426330566406 0.011502393086751298
0 0.4913489580154419 0.24032434622446694 0.009028291702270508 0.011690346399943034
0 0.3956823587417603 0.33652583758036303 0.009523725509643555 0.011644903818766277
0 0.26193838119506835 0.40503203074137367 0.0070667266845703125 0.009888458251953124
0 0.7546166896820068 0.4402944246927898 0.008767986297607422 0.011546007792154948
0 0.3794009566307068 0.6147551218668619 0.00834205150604248 0.010887654622395833
0 0.4692744970321655 0.8070074081420898 0.008884572982788086 0.012246195475260417
0 0.6065468788146974 0.23309528827667236 0.008414649963378906 0.011053578058878582
0 0.5979384422302246 0.2704885482788086 0.007704830169677735 0.008882459004720051
0 0.4719014406204224 0.41006299654642747 0.009256982803344726 0.01138741175333659
0 0.7196082830429077 0.2921806653340657 0.008550310134887695 0.011955070495605468
0 0.5511307477951051 0.14389108816782634 0.008241510391235352 0.01076493263244629
0 0.7425040960311889 0.29145973523457847 0.008493757247924805 0.011802577972412109
0 0.5995632469986024 0.7691533640904495 0.008075428009033204 0.010149192810058594
0 0.5518797397613526 0.2904759089152018 0.009767627716064453 0.012987772623697914
0 0.6077869653701783 0.5078832308451333 0.008082914352416991 0.010488446553548176
0 0.2895293116569519 0.45950223604838053 0.008797478675842286 0.011330127716064453
0 0.2575871348381042 0.4916123231252035 0.008881497383117675 0.012441094716389973
0 0.3963140368461609 0.4299951076507568 0.007947850227355956 0.00926510492960612
0 0.6818842649459839 0.3855134010314941 0.00764622688293457 0.010595639546712242
0 0.5266963720321655 0.32918736139933263 0.008428049087524415 0.011114056905110676
0 0.5423957586288453 0.07524503469467164 0.008786249160766601 0.011567187309265137
0 0.4072664595322123 0.2209902980452074 0.008018922805786134 0.010717614491780597
0 0.30273735005915947 0.1817184206397883 0.008118677139282226 0.011188085873921711
0 0.23517569303512573 0.4068021297454834 0.008048367500305176 0.010491466522216797
0 0.4179376602172852 0.15802834033966065 0.009491348266601562 0.012478844324747723
0 0.717760419845581 0.4708451588948568 0.008393478393554688 0.009762446085611979
0 0.6240057706832886 0.3083621660868327 0.008650445938110351 0.011775398254394531
0 0.5849724292755127 0.1682695547739665 0.007935047149658203 0.011478932698567708
0 0.47837491035461427 0.6654144922892251 0.007466506958007812 0.010611597696940105
0 0.46434769630432127 0.11770526170730591 0.009612751007080079 0.012981136639912925
0 0.6914822340011597 0.26458847522735596 0.008748102188110351 0.011258395512898763
0 0.3053857207298279 0.5882153828938802 0.008318448066711425 0.01092363993326823
0 0.3349517464637756 0.4709191799163818 0.00839388370513916 0.011004797617594401
0 0.4491567850112915 0.4161658604939778 0.008572626113891601 0.011434682210286458
0 0.5927827843640675 0.353267417271294 0.005526065826416016 0.00810228983561198
0 0.6199944047214536 0.1230312836518085 0.009070777893066406 0.0126867135365804
0 0.4101760345183545 0.3553993905839618 0.006737732887268066 0.00931390126546224
0 0.5307492017745972 0.20165808200836183 0.00851750373840332 0.011761236190795898
0 0.24232419729232788 0.5403713544209798 0.007235980033874512 0.008603858947753906
0 0.2646250486373901 0.5151584625244141 0.0075343608856201175 0.010228665669759114
0 0.5950503587722779 0.3419571081797282 0.008293581008911134 0.011947091420491536
0 0.6976729393005371 0.6333906809488932 0.009166336059570313 0.011130650838216148
0 0.46161324977874757 0.6907458623250325 0.00940251350402832 0.012845484415690105
0 0.39875378608703616 0.5348038673400879 0.008107757568359375 0.010630480448404948
0 0.5111921072006226 0.7875078519185386 0.007681894302368164 0.010197385152180988
0 0.620534610748291 0.490908670425415 0.00862417221069336 0.01131766637166341
0 0.4324919474472797 0.6486357030875971 0.010611915588378906 0.014592679341634114
0 0.507845115661621 0.2263926426569621 0.008737564086914062 0.010764233271280925
0 0.3016056060791016 0.5303641160329183 0.008301210403442384 0.010667006174723305
0 0.3847731631140474 0.5775573236387994 0.010535764694213866 0.01260236104329427
0 0.2232486940539422 0.454562827871774 0.009626641647803141 0.014491718609596091
0 0.27635049153053387 0.40508396004758146 0.012110936266591068 0.012421473093939569
0 0.33519722031307253 0.4551839015264711 0.006831810201666784 0.009937178475151711
0 0.3350419518993983 0.4632578590375318 0.010868788957197069 0.010351227578282902
0 0.38690160206659596 0.4887218788801079 0.008384494338409211 0.010765276681414377
0 0.3615928506376942 0.5241230771978356 0.00931610482045464 0.01117932578454571
0 0.4105024009450811 0.46408595724379437 0.008384494338409211 0.012007423990808164
0 0.31563340019011776 0.3473241101607625 0.009937178475151711 0.011179325784545568
0 0.32510477342424665 0.32786380231359047 0.00900556799310614 0.013663620403333496
0 0.41904216369716457 0.3386290789950048 0.008073957511060713 0.012835522197070902
0 0.4210606530749297 0.3235162867307117 0.007763420683712283 0.009937178475151711
0 0.3476186934070121 0.3659563198016718 0.008695031165757712 0.011179325784545639
0 0.4032047855023916 0.35560509222338893 0.007452883856363712 0.008695031165757641
0 0.3979256594374674 0.33117619513864116 0.008073957511060641 0.009523129372020307
0 0.30833578474742823 0.24940149727020555 0.007142347029015248 0.010765276681414306
0 0.25973677126738964 0.26699858415328664 0.007452883856363712 0.008695031165757712
0 0.2985538746859508 0.22745689480424566 0.00993717847515164 0.008280982062626414
0 0.3055409533012918 0.23118333673242755 0.0065212733743182484 0.006624785650101046
0 0.2954485064124659 0.2111019552305586 0.008695031165757747 0.008695031165757712
0 0.2883061593834506 0.2098598079211646 0.008695031165757676 0.007866932959495046
0 0.48052845551216544 0.1783920760831844 0.008695031165757712 0.015319816815858794
0 0.5320775688520146 0.13885038673414343 0.008695031165757712 0.008280982062626379
0 0.5322328372656888 0.1450611232811132 0.007763420683712212 0.009937178475151657
0 0.5750869194397802 0.23739407327939735 0.01024771530250014 0.012421473093939569
0 0.669490114953721 0.2765217135253069 0.00962664164780307 0.008695031165757712
0 0.6589318628238723 0.27465849256121605 0.00962664164780307 0.008280982062626379
0 0.6592423996512209 0.2802481554534888 0.009005567993106069 0.008695031165757641
0 0.6646767941298195 0.3400782508559644 0.008073957511060713 0.00993717847515164
0 0.6899855455587214 0.3661633443532375 0.00714234702901507 0.009109080268889045
0 0.7808175675581543 0.4729880129611177 0.008073957511060855 0.0115933748876769
0 0.6080038231387203 0.4495942386341982 0.007763420683712283 0.008695031165757641
0 0.603501039142167 0.4566330733874306 0.006210736546969784 0.011179325784545568
0 0.59775610783622 0.453941754217077 0.0071423470290152835 0.009937178475151711
0 0.6711980675041377 0.5460676796637954 0.008695031165757712 0.012835522197070902
0 0.7452611008267525 0.582296976187786 0.007763420683712212 0.010765276681414235
0 0.7451058324130782 0.5918201055598061 0.007452883856363854 0.009109080268889045
0 0.5382883053989843 0.6448183907606151 0.006210736546969784 0.009937178475151569
0 0.6708875306767894 0.6924340376207166 0.00745288385636357 0.009109080268888903
0 0.6842406142527743 0.7114802963647574 0.008073957511060713 0.009109080268888903
0 0.6628135731657286 0.7096170754006664 0.006210736546969855 0.010351227578283044
0 0.6284992537437205 0.7715174163187988 0.01024771530250014 0.013249571300202235
0 0.6143698280993642 0.759095943224859 0.006210736546969784 0.010765276681414377
0 0.6064511390019778 0.7733806372828894 0.007142347029015212 0.007866932959494904
0 0.529127468992204 0.7789703001751624 0.0071423470290152835 0.0115933748876769
0 0.5044397912179991 0.8050553936724353 0.008073957511060641 0.009109080268889187
0 0.45382228836019534 0.6655208459171809 0.008073957511060713 0.012421473093939569
0 0.4494747727773165 0.6700753860516255 0.007452883856363783 0.013249571300202235
0 0.3754117394547019 0.5909920073535435 0.00838449433840914 0.009937178475151569
0 0.5030423754949309 0.6001010876224325 0.01024771530250007 0.010765276681414235
0 0.48580758157708975 0.5945114247301597 0.007452883856363712 0.008695031165757712
0 0.28659820683303394 0.6609663057827363 0.0065212733743182484 0.011593374887677043
0 0.28799562255610217 0.684981153764353 0.008073957511060713 0.009937178475151569
0 0.2623763342998518 0.5673912084750584 0.0071423470290152835 0.011593374887676831
0 0.518413948448681 0.46719132551727927 0.008073957511060713 0.011593374887677043
0 0.5566099782125452 0.49244832080828965 0.009316104820454712 0.012421473093939569
0 0.45428809360121813 0.4193686541056118 0.008384494338409211 0.012007423990808164
0 0.5104952593512945 0.38852199592232867 0.0059001997196212845 0.012421473093939569
0 0.5066135490094384 0.38852199592232867 0.004347515582878927 0.010765276681414235
0 0.6036563075558415 0.28500972013949893 0.0071423470290152835 0.010765276681414306
