0 0.655397457546658 0.7317693357114439 0.010758887396918403 0.013921045373987268
0 0.3392718844943577 0.7034610607005931 0.009913677639431424 0.012514863190827546
0 0.4755614810519749 0.8401965671115452 0.009951273600260416 0.01288746021412037
0 0.6994562996758356 0.6986753393102575 0.01069992913140191 0.014349308720341436
0 0.40004861619737414 0.6771494547526042 0.00965915256076389 0.012743914568865741
0 0.732207234700521 0.5836850201642072 0.01067318386501736 0.014661774811921298
0 0.6211636649237738 0.6516255131474247 0.009959030151367187 0.013407841435185187
0 0.4282642152574327 0.47713100292064525 0.008980941772460938 0.012443994592737269
0 0.6686740027533637 0.8739463523582177 0.008592393663194444 0.012008440936053239
0 0.7650221082899306 0.44783612004032847 0.008873833550347222 0.010893277768735532
0 0.340546989440918 0.7488061975549769 0.009261237250434028 0.012478298611111112
0 0.25155010223388674 0.5501699942129631 0.01036084493001302 0.014027235243055556
0 0.6029051038953993 0.29340282016330294 0.009678310818142362 0.013099585639105902
0 0.39783927069769964 0.5422173111527054 0.011034223768446181 0.014229951081452545
0 0.5609749264187284 0.7935630515769677 0.009381188286675347 0.011809172453703705
0 0.6074187384711371 0.6030914024070458 0.006924692789713542 0.009029416684751157
0 0.4736538569132487 0.4339885711669922 0.009219572279188367 0.011053099455656827
0 0.6171179029676649 0.50692463627568 0.007600572374131944 0.010555182562934027
0 0.5856494691636828 0.38932002032244645 0.00970658196343316 0.013723952681929975
0 0.33324694490680046 0.6481745648244073 0.009176371768455809 0.01114759237056859
0 0.6684903935143897 0.49781801407015197 0.011623404240044124 0.009516237389509782
0 0.7202452859151016 0.49177787298666575 0.005423532761431318 0.0060858123395597374
0 0.7380482788696143 0.47591003603663495 0.005362267499723714 0.006536859428234791
0 0.7432573387264889 0.4579336726089895 0.005055852214025407 0.00694541314249939
0 0.5289172780437965 0.231907423173936 0.007366858859768613 0.007673811312259034
0 0.5019396048876302 0.42763547839981514 0.007626115333199124 0.004193053104164406
0 0.5039444084030588 0.42071694077794375 0.005660621690621994 0.007547495587496087
0 0.44518601906763194 0.6640164941907881 0.005951040672656873 0.008610016292354458
0 0.44126086458141145 0.6817429983221064 0.005191333352743186 0.009285311687833371
0 0.4386825176200713 0.7847776354590447 0.00827321271385955 0.01021384285661668
0 0.31174073663082996 0.8030952879411776 0.007523909663785133 0.008532863066974698
0 0.3033952506244476 0.7976181123238628 0.0058807569785906825 0.007033846582235981
0 0.3091462850226282 0.8158945825416396 0.0052753849366768794 0.004612358414580769
0 0.3101840656659089 0.820391631995856 0.004929458055583424 0.005765448018226209
0 0.3090529300024561 0.8116111214721965 0.007341097414764696 0.00706920491792161
0 0.6615588775677586 0.8786395108011831 0.0073438374258317654 0.009285311687833513
0 0.5634846179808409 0.6486531425500027 0.0058704656538781565 0.007980763764749384
0 0.5892110704051892 0.627626899554413 0.005294929805458608 0.008594668669730084
0 0.5966354828498 0.6359913538847753 0.005640251314510394 0.005678620371071759
0 0.5974322525358334 0.6207433074201405 0.0041031511573546686 0.005083443248338207
0 0.5975554598961442 0.6177362001464758 0.006927086398263569 0.004081074157116618
0 0.6003780258292751 0.6198920461853986 0.004842976335309928 0.00553483009749705
0 0.6070949516171134 0.6257096694672784 0.005383471437494194 0.005981634930549049
0 0.5819828444250813 0.6323093432348529 0.005849746363335129 0.0074282493502666825
0 0.5702144573966241 0.5240353788648042 0.007078193099635541 0.012358749856506179
