0 0.5218389723036024 0.5546979268391927 0.008189731174045138 0.011300037525318288
0 0.42336788177490237 0.6884679158528647 0.008242416381835937 0.010914781358506945
0 0.3769629160563151 0.2561353188973886 0.009341345893012153 0.011885268599898725
0 0.310952271355523 0.4103802151150173 0.009303622775607638 0.011529823585792824
0 0.48617000579833985 0.6709801002785012 0.00795334710015191 0.010998196072048612
0 0.5893996556599935 0.39789900603117767 0.009286541408962673 0.013362178096064815
0 0.4289668613009983 0.15594806671142578 0.008799913194444444 0.011991670396592881
0 0.44574481116400827 0.17019709127920646 0.009995057847764758 0.013854090372721355
0 0.6451169331868489 0.6177656668203848 0.008845011393229166 0.011265790020978009
0 0.5209739049275716 0.17053216298421225 0.009490415785047742 0.013070268984194156
0 0.44802042643229173 0.7032145464861834 0.008725992838541667 0.011270763255931713
0 0.5065653059217665 0.6066846776891637 0.009079827202690972 0.012679658112702547
0 0.4297379811604818 0.6435001232005932 0.0071533203125 0.010176312481915507
0 0.6695443471272787 0.7312392058195891 0.008774651421440972 0.012303105107060185
0 0.631908098856608 0.17308102360478156 0.009738794962565104 0.012669965955946182
0 0.5696911070081923 0.43435441476327397 0.007665718926323784 0.009853871663411458
0 0.5364576127794054 0.502961504900897 0.010114881727430556 0.014417521158854167
0 0.5756584167480469 0.82189862286603 0.009353892008463541 0.01291741265190972
0 0.4573488447401258 0.6635953832555701 0.007779439290364582 0.00987079761646412
0 0.4985634062025282 0.25694999694824217 0.008817333645290798 0.0105097735369647
0 0.4750033272637261 0.16116188897026912 0.008303197224934895 0.012209348325376157
0 0.4136472066243489 0.6524984289098669 0.008478291829427083 0.01161815502025463
0 0.6861007445888834 0.47327591804570784 0.009638171725802952 0.013066977041739005
0 0.5867200427585177 0.715072321008753 0.010363133748372395 0.013520021791811342
0 0.49504150814480247 0.6500666583025897 0.00800336201985677 0.011626914695457175
0 0.3593834029303657 0.6038112781665943 0.008692147996690538 0.012137801558883101
0 0.6320891698201498 0.7781064633969907 0.009093941582573786 0.01223438404224537
0 0.6351667192247179 0.4782999250623915 0.007978651258680556 0.010463771113642939
0 0.48682234022352433 0.2470754270200376 0.007842169867621528 0.00971080638744213
0 0.7460405985514322 0.4539873476381655 0.009546915690104166 0.013023093894675925
0 0.5327725304497614 0.4318153240062572 0.008242289225260416 0.010539669460720486
0 0.7168416341145835 0.6530105025679976 0.008188713921440972 0.011155870225694444
0 0.42276634640163846 0.6677200599952982 0.008813688490125869 0.012357189037181714
0 0.701753807067871 0.39905762849030674 0.008758248223198786 0.011987022117332175
0 0.7602735307481554 0.5413630732783565 0.009385257297092013 0.012508590133101854
0 0.5524803797403971 0.835599602593316 0.007645204332139757 0.010453174732349538
0 0.5897250069512261 0.8010370325159143 0.00869280497233073 0.011429737232349538
0 0.7655215369330511 0.6059981169524017 0.009076182047526042 0.01221550835503472
0 0.6459831449720594 0.5880512943974248 0.00898390875922309 0.011903889973958333
0 0.35750402874416776 0.44736978036385994 0.008203019036187066 0.011298116048177083
0 0.5909688525729709 0.4982584070276331 0.00866288079155816 0.011634544089988425
0 0.4857951905992296 0.6351768776222512 0.008478927612304687 0.012642867476851852
0 0.4302307764689127 0.7070479498969184 0.007963604397243924 0.010477419252748843
0 0.39951903025309243 0.470879477041739 0.008594640096028646 0.01097869873046875
0 0.39702508714463974 0.24576647723162615 0.008634185791015625 0.010840861002604167
0 0.3233067406548394 0.45502384327076106 0.00937546624077691 0.01253594292534722
0 0.6269836213853623 0.40736892135054975 0.007935714721679688 0.010496916594328705
0 0.5332876629299588 0.37703045032642507 0.009893586900499131 0.01292303579824942
0 0.35698012246025934 0.7327238294813366 0.008840115865071614 0.012229523835358797
0 0.6506745868259006 0.460803547611943 0.008328882853190105 0.01142903080692998
0 0.2523353894551595 0.4982873987268519 0.008664766947428385 0.011738077799479168
0 0.689530160692003 0.53444095187717 0.007810507880316841 0.010512514467592594
0 0.46158758799235033 0.752922425446687 0.00900925530327691 0.011814541286892362
0 0.5203393936157227 0.6034319559733073 0.009266874525282118 0.01236046685112847
0 0.31595161226060653 0.4937294571487992 0.009137323167588975 0.012069871690538194
0 0.5599660661485459 0.47196043509024166 0.007439168294270834 0.0092839276349103
0 0.3870276557074653 0.5541574266221788 0.0077312893337673615 0.009725104437934028
0 0.5415062798394097 0.44682422214084205 0.008748796251085069 0.012379399052372685
0 0.3758882522583008 0.8161907054759838 0.008386951022677952 0.01154468677662037
0 0.315843571556939 0.553367445203993 0.008776071336534288 0.011726096824363425
0 0.3922586864895291 0.6131195068359375 0.00746506585015191 0.01078197337962963
0 0.6807134840223524 0.7489159195511429 0.007950676812065972 0.011020971227575232
0 0.5154227998521593 0.5330534758391203 0.007583067152235243 0.010811134620949075
0 0.5983744515313043 0.21415309199580443 0.00860794915093316 0.011398795798972801
0 0.5017723931206597 0.2287788744325991 0.00977842542860243 0.012915674845377605
0 0.4752026663886176 0.5610275833695024 0.00942760043674045 0.01346446849681713
0 0.7243245866563585 0.5634104410807291 0.008030276828342014 0.011153609664351851
0 0.4087346606784397 0.5547872472692419 0.008839119805230035 0.01177130805121528
0 0.3492491828070747 0.48204207243742764 0.0064542558458116316 0.009580089427806714
0 0.6980346043904622 0.544732157389323 0.007736502753363715 0.01015331127025463
0 0.6413980907864041 0.21583991580539283 0.008301332261827258 0.010973372282805266
0 0.5329716364542643 0.8548044840494792 0.008526314629448785 0.01149834526909722
0 0.7172548929850261 0.5463586312753183 0.00833926730685764 0.011203228985821758
0 0.5666995154486762 0.21534233799687136 0.009354061550564237 0.012985130592628761
0 0.6151775572035048 0.6336665400752315 0.008011160956488714 0.011099469220196757
0 0.29028959274291993 0.6221308390299479 0.008825196160210503 0.0113525390625
0 0.46896826426188154 0.5161173220033999 0.006921429104275173 0.009456888834635416
0 0.6610247717963325 0.613569810655382 0.0077563815646701385 0.010160092954282407
0 0.6916228188408745 0.4480638715955946 0.008404752943250868 0.011954611319082755
0 0.42186084893850273 0.2583935298372293 0.00677935282389323 0.009066037778501157
0 0.5549579408433702 0.1690278583102756 0.009927664862738715 0.013109772293655961
0 0.6013858795166015 0.4168542791295935 0.008104112413194444 0.0106593096697772
0 0.6152787738376194 0.22742270716914423 0.008899561564127604 0.012724600897894966
0 0.6955013699001736 0.3035828766999421 0.009085167778862847 0.01222031204788773
0 0.2601805475023058 0.4213244402850116 0.009183947245279949 0.012406525788483795
0 0.4784663730197483 0.6043764185022424 0.007611846923828125 0.009923694751880787
0 0.66559018029107 0.21693270647967303 0.009351391262478298 0.01279096250180845
0 0.4766809017880878 0.42223072577134707 0.006519317626953125 0.00874950267650463
0 0.34133054945203994 0.49182626229745374 0.008790842692057292 0.011373223198784723
0 0.5081757227579753 0.1720447822853371 0.009144041273328993 0.012289993851273148
0 0.7632767264295395 0.578632451097141 0.0070151011149088525 0.00901760525173611
0 0.5400102191501194 0.7554218998661747 0.007494905259874131 0.010483353226273149
0 0.623204951816135 0.36845729969165947 0.006864208645290798 0.009595037389684606
0 0.4683058632744683 0.33600260416666666 0.008261489868164062 0.009598286946614583
0 0.4113328509860569 0.2690346188015408 0.007100550333658854 0.009207916259765626
0 0.39215520222981765 0.7823870340983073 0.007947116427951388 0.01104888916015625
0 0.7521561092800565 0.6239357277199074 0.008290863037109375 0.012706615306712963
0 0.3679797914293077 0.46152908890335653 0.008656183878580729 0.011704621491608795
0 0.3434790717230903 0.6225545247395833 0.009350543551974826 0.012117739076967593
0 0.6249040443339575 0.5098508003428492 0.006930457221137152 0.008915993019386574
0 0.46822590298122824 0.17495726832637082 0.007205963134765625 0.009106628983109086
0 0.7011606852213542 0.6005183467158565 0.007193077935112847 0.011198368778935186
0 0.4685497919718425 0.32380293386953846 0.007784652709960938 0.00966551038953993
0 0.23849972163761038 0.50226870292248 0.007553526342817065 0.008319826116725935
0 0.2788946668622405 0.566199998345743 0.006896697965180749 0.014450224307997743
0 0.30516780196769105 0.553720259170654 0.00755352634281703 0.01138502521236198
0 0.32109589012537043 0.5681704834786518 0.009852425664543958 0.012260796382543689
0 0.35229523806309293 0.5307312659533848 0.008538768909271396 0.014450224307997743
0 0.35968455731150084 0.5213167258739317 0.00821035472045331 0.013136567552725324
0 0.4265168447359908 0.5143105565124781 0.008538768909271468 0.013136567552725182
0 0.3900628697771781 0.5648863415904704 0.007881940531635151 0.011822910797452622
0 0.42175483899812777 0.5710167397817423 0.00821035472045331 0.01007136845708942
0 0.4759431801531195 0.5694841402339244 0.008210354720453238 0.010509254042180203
0 0.5063214926187967 0.5694841402339244 0.007225112153999049 0.011385025212361838
0 0.4992605875592069 0.545400433053928 0.00952401147572587 0.011385025212361838
0 0.3245442391079608 0.42191669805831056 0.011494496608634606 0.013136567552725253
0 0.34572695428673034 0.3628021440710469 0.007225112153998907 0.01138502521236191
0 0.44671431734830575 0.36105060173068343 0.008210354720453238 0.01138502521236191
0 0.4591940565233948 0.3726545697355908 0.010180839853362116 0.01007136845708935
0 0.4611645416563036 0.3660862859592281 0.008867183098089483 0.01007136845708935
0 0.45410363659671377 0.38819950800631575 0.007225112153998765 0.010509254042180132
0 0.5421186391999729 0.42191669805831056 0.007881940531635151 0.013136567552725253
0 0.5493437513539718 0.4138158147341299 0.010509254042180274 0.01007136845708935
0 0.41502234812735606 0.4370237507439446 0.007225112153998836 0.011822910797452693
0 0.4378471342502162 0.4643915998121223 0.01083766823099829 0.011385025212361838
0 0.4557457075408044 0.46636208494503095 0.006568283776362662 0.01007136845708935
0 0.5353861483292013 0.47665239619466576 0.006239869587544505 0.010509254042180203
0 0.262473957421334 0.35360654678413916 0.0095240114757258 0.01401233872290689
0 0.33029148741227815 0.3293038968115974 0.007881940531635151 0.010947139627271056
0 0.35886352183945563 0.2634021162554257 0.010509254042180203 0.014888109893088596
0 0.5028731436362063 0.2774144549783326 0.007553526342817065 0.012260796382543581
0 0.5079635635628873 0.27829022614851434 0.007225112153998978 0.014012338722906924
0 0.494662788915753 0.28551533830251324 0.007553526342817136 0.009195597286907713
0 0.49154285412198073 0.2940541072117846 0.005911455398726418 0.01138502521236191
0 0.49548382438779826 0.2920836220788759 0.00525462702109003 0.01007136845708935
0 0.5534489287141985 0.33981315085377767 0.00689669796518082 0.011822910797452693
0 0.5811999276693307 0.3286470684339611 0.009852425664543887 0.011385025212361838
0 0.5830062057078303 0.3181378143917809 0.00952401147572587 0.013136567552725253
0 0.5880966256345114 0.3240492697905073 0.007881940531635151 0.015325995478179415
0 0.6102645833797353 0.36345897244868314 0.00821035472045331 0.012698681967634328
0 0.5958143590717375 0.2697514572392429 0.005583041209908331 0.010947139627271056
0 0.5964711874493738 0.2629642306703348 0.00821035472045331 0.010509254042180203
0 0.5989342938655098 0.2601179743672443 0.007225112153999049 0.008319826116726006
0 0.6028752641313274 0.27938494011124143 0.007225112153998907 0.009195597286907749
0 0.602218435753691 0.28485850992487693 0.0059114553987263466 0.009633482871998566
0 0.5736464013265136 0.17757654157762062 0.007225112153998907 0.014888109893088596
0 0.4917070612163898 0.18677213886452834 0.006239869587544575 0.014012338722906996
0 0.4861240200064816 0.18699108165707373 0.00558304120990826 0.01007136845708935
0 0.4854671916288453 0.19750033569925393 0.007553526342817065 0.011822910797452728
0 0.457551985579304 0.13247432631326392 0.0095240114757258 0.01138502521236191
0 0.7074751832699022 0.2903320797385125 0.008210354720453238 0.013574453137816071
0 0.7541099980820769 0.31310213016323624 0.009524011475725729 0.015325995478179451
0 0.7043552484761298 0.3402510364388685 0.008538768909271396 0.010947139627271056
0 0.707146769081084 0.3461624918375948 0.010837668230998361 0.00875771170181686
0 0.6885913674128596 0.3501034621034124 0.007225112153998907 0.012260796382543617
0 0.6647813387235451 0.36521051478904637 0.010180839853362187 0.013574453137816179
0 0.7128940173854014 0.4370237507439445 0.01510705268563413 0.015325995478179451
0 0.7897429375688441 0.5053339020181159 0.007225112153999049 0.014450224307997672
0 0.587111383068057 0.47139776917357556 0.008538768909271396 0.012260796382543617
0 0.5784084070643765 0.4527876318072148 0.006239869587544575 0.010947139627271056
0 0.6348956475410951 0.45497705973266905 0.008210354720453167 0.01620176664836116
0 0.6642887174403179 0.47293036872139355 0.009195597286907713 0.01269868196763447
0 0.6608403684577274 0.46570525656739464 0.008210354720453238 0.012260796382543546
0 0.5848124837463301 0.5486845749421092 0.007881940531635151 0.009195597286907784
0 0.7491837852498048 0.5780229091431955 0.008210354720453238 0.016201766648361017
0 0.5654360466060603 0.5986035316424653 0.009852425664544029 0.013574453137816108
0 0.5468806449378358 0.7080749279151758 0.006896697965180749 0.01007136845708942
0 0.5631371472843333 0.698879330628268 0.008538768909271396 0.008319826116726006
0 0.49170706121638974 0.7284366076218999 0.01083766823099829 0.009633482871998495
0 0.5550909996582891 0.7593075413708043 0.01083766823099829 0.00919559728690757
0 0.6013974002816457 0.7875511616091635 0.008867183098089555 0.009633482871998495
0 0.6991006214550397 0.7715683377533479 0.007225112153998907 0.011822910797452551
0 0.749676406533032 0.6728251383153631 0.00919559728690757 0.009633482871998495
0 0.7641266308410298 0.6616590558955465 0.007881940531635222 0.010947139627271127
0 0.7414660518125789 0.6204978108970073 0.008538768909271396 0.012698681967634328
0 0.6284915708591415 0.6579370284222743 0.008538768909271396 0.013136567552725182
0 0.6373587539572311 0.6769850513737259 0.007225112153998765 0.010947139627270985
0 0.6649455458179543 0.7943383881780719 0.008538768909271396 0.010947139627270985
0 0.6334177836914135 0.8085696696935242 0.007881940531635294 0.01138502521236191
0 0.6230727367436423 0.8188599809431588 0.008867183098089697 0.010071368457089136
0 0.42388953122544565 0.7676273674875301 0.010509254042180132 0.013574453137816108
0 0.3623118708220459 0.7792313354924376 0.008210354720453238 0.009633482871998637
0 0.37150746810895363 0.7715683377533479 0.006239869587544575 0.01007136845708942
0 0.3736421603362715 0.7652189967695306 0.006568283776362591 0.013136567552725324
0 0.35245944515750194 0.696689902702814 0.00821035472045331 0.012698681967634257
0 0.35295206644072913 0.6721683099377267 0.006568283776362591 0.012698681967634542
0 0.355086758668047 0.6559665432893655 0.008210354720453238 0.012698681967634257
0 0.34753323232523003 0.6647242549911823 0.007553526342817065 0.011822910797452693
0 0.3053320090621001 0.6929678752295417 0.009195597286907678 0.011385025212361767
0 0.3073024941950089 0.6995361590059044 0.0072251121539988715 0.007881940531635222
0 0.4020499876690398 0.6299123509764605 0.0095240114757258 0.009633482871998637
0 0.39975108834731293 0.6235630099926432 0.008210354720453238 0.009195597286907642
0 0.4036920586131305 0.6080180717219182 0.007553526342816994 0.010509254042180203
0 0.3362029428110045 0.6091127856846454 0.006568283776362591 0.010947139627271127
0 0.3294704519402327 0.6080180717219184 0.00689669796518082 0.01138502521236191
0 0.4368618916837618 0.6296934081839151 0.008867183098089555 0.0126986819676344
0 0.4409670690439884 0.6196220397268256 0.009195597286907642 0.010947139627270985
0 0.46067192037307636 0.6285986942211879 0.006568283776362662 0.015763881063270445
0 0.4539394295023047 0.6016687307381011 0.0095240114757258 0.01269868196763447
0 0.4590298494289857 0.5972898748871927 0.007225112153998907 0.013574453137816037
0 0.25951822972197075 0.6544339437415476 0.00821035472045331 0.014012338722907032
0 0.39772952659166466 0.2214781600743744 0.008174130635426593 0.013463273987761575
