0 0.586239242553711 0.6882497469584148 0.008113384246826172 0.010730171203613281
0 0.478933048248291 0.40396931966145827 0.008553695678710938 0.011039288838704427
0 0.5403873682022095 0.457471497853597 0.007551336288452148 0.010670407613118488
0 0.5504731655120849 0.6655466079711914 0.009181404113769531 0.012124252319335938
0 0.34846270084381104 0.3311420281728109 0.009117412567138671 0.011351362864176434
0 0.3820806384086609 0.4837884744008382 0.008771395683288575 0.012209288279215495
0 0.600639346910491 0.3068035022992105 0.010171747207641602 0.013110637664794922
0 0.587710189819336 0.44413008689880373 0.008466815948486328 0.011513614654541015
0 0.5524054527282715 0.2384170452753703 0.008303546905517578 0.010933860143025715
0 0.6793825387954712 0.42071634928385415 0.008126592636108399 0.012160682678222656
0 0.31916717290878294 0.6640251159667969 0.008444762229919434 0.01186981201171875
0 0.466126537322998 0.2961391131083171 0.007291126251220703 0.010569890340169273
0 0.6430591821670533 0.16505928039550782 0.009181833267211914 0.012125651041666664
0 0.32551997900009155 0.596732743581136 0.008694100379943847 0.011384391784667968
0 0.48445236682891846 0.37118132909139 0.007320547103881836 0.009568532307942709
0 0.47970402240753174 0.5219521204630534 0.00940861701965332 0.011080423990885414
0 0.6811916112899781 0.5438492139180502 0.007750368118286133 0.009566688537597656
0 0.5588948965072632 0.5567106246948242 0.007154512405395508 0.009561411539713542
0 0.689771580696106 0.3406285285949707 0.010134649276733399 0.013492647806803386
0 0.5221497058868408 0.30566075642903645 0.00820465087890625 0.010549545288085938
0 0.49274048805236814 0.6538890202840171 0.008838367462158204 0.01147473653157552
0 0.5134765386581421 0.39976622263590494 0.00874190330505371 0.011709340413411458
0 0.3033254384994507 0.4883617719014486 0.00825514793395996 0.01143175760904948
0 0.4047048807144165 0.6793985684712729 0.006801748275756836 0.009509976704915364
0 0.6489701986312866 0.2307902415593465 0.009955072402954101 0.013384167353312175
0 0.5588778734207154 0.7116607666015625 0.00806879997253418 0.011223729451497395
0 0.2771802662443463 0.38367918782663774 0.00831308364868164 0.010334173838297524
0 0.2728708744049072 0.5842904090881348 0.008099603652954101 0.010865084330240886
0 0.5768498420715332 0.4211052258809407 0.008121776580810546 0.010257275899251302
0 0.6761790990829468 0.6602200826009116 0.00841212272644043 0.010902150472005207
0 0.6512486934661865 0.4988186995188395 0.008822250366210937 0.012638123830159505
0 0.6180912256240845 0.4522478421529134 0.008541536331176759 0.011979293823242188
0 0.6765368570008964 0.5183711407122883 0.009674930572509765 0.012517674763997394
0 0.5134403705596924 0.14654557704925536 0.008968067169189454 0.010591745376586914
0 0.41947178840637206 0.5872237841288249 0.008892345428466796 0.011612383524576823
0 0.4380756616592407 0.6441942850748699 0.008995771408081055 0.011594518025716144
0 0.6377423286437988 0.6209030469258626 0.009223651885986329 0.011495653788248699
0 0.31378170251846316 0.7009567896525065 0.009586405754089356 0.0121124267578125
0 0.44571402072906496 0.7466830889383952 0.009703493118286133 0.013477516174316407
0 0.26127922534942627 0.4979208469390869 0.00869288444519043 0.011299419403076171
0 0.6335697650909424 0.3846620082855224 0.008581924438476562 0.010792764027913411
0 0.6734610557556152 0.34384816487630204 0.007651424407958985 0.010869216918945313
0 0.6399605035781861 0.4136693318684896 0.008174753189086914 0.011498069763183594
0 0.3391377806663513 0.349293867746989 0.008100581169128419 0.01081377665201823
0 0.26644656658172605 0.35624504089355474 0.008388948440551759 0.011614481608072914
0 0.4856830358505249 0.8164456049601237 0.007082223892211914 0.008286031087239583
0 0.7112191915512085 0.6568320910135905 0.010487031936645509 0.012942822774251302
0 0.6490659952163697 0.6046007156372071 0.008968210220336914 0.01020673116048177
0 0.48404329212899355 0.4237692343115958 0.009095525741577149 0.012236817677815754
0 0.5289921283721923 0.21408669153849286 0.008435630798339843 0.011383247375488282
0 0.4656441926956177 0.20395071506500245 0.01051955223083496 0.013050317764282227
0 0.4304704189300537 0.7067311604817708 0.008408737182617188 0.010856882731119793
0 0.4129305601119995 0.2787134329477946 0.009464502334594727 0.013045406341552735
0 0.4188582181930542 0.5386458980206144 0.008375883102416992 0.010991827646891278
0 0.6204368076714831 0.6417608466619867 0.008387374877929687 0.011181386311848958
0 0.5141532182693481 0.4480952421824137 0.007081937789916992 0.009926891326904297
0 0.5412938455286611 0.5366563018995087 0.00724339485168457 0.009737650553385416
0 0.43350141048431395 0.37439398765563964 0.008753633499145508 0.012717914581298829
0 0.6103396892547608 0.4150393327077229 0.00911121368408203 0.012204774220784505
0 0.6108450239035392 0.6886042953172559 0.007078313827514648 0.008890787760416666
0 0.5832740775985618 0.2952634645505606 0.007281970977783203 0.010448869069417317
0 0.5288348623328569 0.23364220547736525 0.00880575180053711 0.011497084299723308
0 0.40314899682998656 0.7571342150370279 0.0074629545211791996 0.010703722635904946
0 0.7654899835586548 0.3586207707722982 0.007575273513793945 0.01159515380859375
0 0.48845412731170657 0.7457435290018717 0.008885335922241212 0.012783241271972657
0 0.583466362953186 0.644750436147054 0.010189485549926759 0.012782351175944012
0 0.23110198338350482 0.5201582382339354 0.008413917234183473 0.010132889572350123
0 0.3203980727398397 0.46316073438946626 0.008956750604130832 0.009047222832455475
0 0.4532565400344475 0.4521231225338706 0.008685333919157188 0.013028000878735782
0 0.3953090777925706 0.5042351260488138 0.007871083864236255 0.010856667398946555
0 0.3805168684615059 0.4248005095798552 0.008142500549209827 0.012666111965437637
0 0.4179723709878714 0.4253433429498025 0.005971167069420531 0.010856667398946484
0 0.34957536637450837 0.41937217588038195 0.006514000439367891 0.008323445005858972
0 0.2913564874476578 0.3877068959667881 0.008413917234183544 0.01230422305213942
0 0.2989561546269204 0.3873450070534898 0.00678541712434157 0.010856667398946484
0 0.30139890479168335 0.3804691177008237 0.0073282504942888595 0.007237778265964323
0 0.3122555721906298 0.35423217148670294 0.01004241734402555 0.014113667618630359
0 0.402094494916912 0.3535083936601066 0.008956750604130903 0.009047222832455404
0 0.3878451189557948 0.3332426145154065 0.010856667398946555 0.0112185563122447
0 0.4073871202738985 0.3028439457983562 0.009771000659051836 0.015561223271823365
0 0.5064542102892853 0.3384900037582305 0.006514000439367891 0.01230422305213935
0 0.5239605864700865 0.36056522746942177 0.007328250494288895 0.00940911174575362
0 0.5025186683571672 0.30429150145154904 0.008413917234183544 0.009771000659051801
0 0.48677650062869476 0.29072066720286593 0.007871083864236255 0.013751778705332214
0 0.2961062794346969 0.22503782943923967 0.01085666739894652 0.016285001098419762
0 0.5274890033747441 0.1542885468894383 0.007871083864236326 0.015199334358525114
0 0.5257247949224153 0.06996843009095385 0.006514000439367891 0.010856667398946503
0 0.5350886705540066 0.07449204150718157 0.008956750604130903 0.010494778485648287
0 0.5892362992062523 0.1298610452418087 0.007599667179262468 0.009771000659051853
0 0.6555976786823128 0.15338382460619276 0.012213750823814849 0.011218556312244719
0 0.6788038052475608 0.15139343558305257 0.010313834028999196 0.011580445225542952
0 0.54608104629544 0.2787783330640248 0.009771000659051765 0.010856667398946484
0 0.5737655481627536 0.3053771681914437 0.008685333919157259 0.009771000659051801
0 0.5739012565052404 0.33631867027844126 0.007328250494288895 0.008685333919157188
0 0.5435165657474663 0.30369293718895385 0.008308878977098715 0.012523527733598066
0 0.7629793474251827 0.31332642006095235 0.007947623369398684 0.012523527733598066
0 0.6565895709575489 0.3629388568517447 0.006863856546298877 0.010596831159198388
0 0.6714010508732465 0.4253156584479352 0.006141345330899099 0.0081884604411988
0 0.6506288534305 0.4566244777819304 0.006502600938598988 0.011078505302798334
0 0.6535188982920994 0.4539752699921308 0.007947623369398684 0.010596831159198388
0 0.5308726194779684 0.48672911175692574 0.009031390192498634 0.015413572595197635
0 0.51877055662002 0.4953992463417245 0.005780089723199069 0.007706786297598853
0 0.51877055662002 0.5011793360649236 0.006502600938598988 0.008670134584798745
0 0.6966403700060644 0.523906068280886 0.005710466688017561 0.009656724155346623
0 0.7024901163693994 0.5282701647741678 0.00877461954500248 0.008356780519049992
0 0.7008884001032482 0.5210276216576577 0.005571187012699994 0.009842430389103499
0 0.5744682230665689 0.512757987499209 0.007463958836775717 0.0111461785295851
0 0.6205954886778429 0.5728677359980425 0.006568283776362662 0.009553867311072892
0 0.6079067586553242 0.5955581708618407 0.006866842129833728 0.011942334138841205
0 0.5811857860196672 0.609689932926136 0.008359633897188913 0.011544256334213188
0 0.5780509233082214 0.619442839139523 0.008061075543717705 0.011942334138841134
0 0.6929958893945674 0.5889898870854781 0.005672608715949537 0.009155789506444877
0 0.7003105690546074 0.6375553792500986 0.008956750604130832 0.011544256334212974
0 0.6273130516309409 0.6851256769031493 0.009255308957601897 0.012738489748097095
0 0.6668720334658522 0.691494921777198 0.008956750604130832 0.011942334138841205
0 0.6096981087761502 0.7237392239520691 0.009255308957601826 0.014330800966609445
0 0.512965202251537 0.6982622444558746 0.008658192250659837 0.010350022920328996
0 0.4996793555220762 0.6287976675482819 0.0077625171902466405 0.009155789506444805
0 0.5035606141171997 0.6349678735200165 0.007165400483304722 0.010350022920329067
0 0.4725105453562126 0.6415361572963793 0.011345217431899073 0.010748100724957013
0 0.5223697903858744 0.5704792691702744 0.010748100724957013 0.015126956575865477
0 0.4807209000766659 0.5599302073476313 0.007463958836775646 0.013136567552725253
0 0.6149228799618933 0.6992574389674447 0.007762517190246712 0.009155789506444734
0 0.5532705799701259 0.7366767526024803 0.0068668421298335855 0.010748100724956942
0 0.5543155342072745 0.7440411919880989 0.006568283776362591 0.007165400483304722
0 0.49340963009918454 0.7715085605074337 0.008359633897188771 0.014330800966609445
0 0.4980372845779856 0.7967865011013141 0.008658192250659908 0.009155789506444877
0 0.5343121245247155 0.8115153798725515 0.0083596338971887 0.012340411943469291
0 0.41712797078733677 0.7844460891578449 0.009255308957601897 0.009951945115700767
0 0.38876492720758904 0.77329991062826 0.008658192250659908 0.013136567552725324
0 0.3071092175332627 0.6303899787667939 0.007762517190246712 0.0075634782879326675
0 0.32323136862069823 0.5706783080725883 0.007762517190246747 0.010748100724957013
0 0.28307527007884487 0.5738629305096127 0.008658192250659802 0.009155789506445017
0 0.2488903386064121 0.5929706651317584 0.008956750604130903 0.011544256334213117
0 0.5049041267078193 0.6266082396228277 0.005672608715949608 0.009553867311072963
0 0.5095175739832885 0.2841058606136164 0.0063358648217619875 0.009386466402610302
