0 0.36721079084608294 0.6121162697120949 0.009634950425889757 0.012744479709201388
0 0.6836016337076823 0.5160938404224537 0.009748077392578125 0.013337877061631944
0 0.44710208045111766 0.5554456640172888 0.008492067125108508 0.011171863697193286
0 0.27526264190673827 0.6921442102502893 0.01125772264268663 0.013374272099247686
0 0.28622220357259115 0.7426766007034867 0.01095521714952257 0.013627059371383102
0 0.752441872490777 0.6068318402325665 0.009701622856987847 0.013960492169415507
0 0.6968342463175454 0.47218853985821757 0.00862261454264323 0.012026299370659722
0 0.26089593039618597 0.5998456036603009 0.009885851542154949 0.013747603804976851
0 0.4054931216769748 0.4537461598714192 0.009027269151475694 0.011678540265118635
0 0.4578720940483941 0.28466484634964556 0.009264204237196181 0.012038082546657987
0 0.5143870883517795 0.8611703095612703 0.009376441107855902 0.013335220902054398
0 0.32925780614217126 0.3431374302616826 0.008841896057128906 0.011540250424985531
0 0.29152578777737087 0.42356296115451386 0.00851540035671658 0.012181204336660877
0 0.4462299982706706 0.6560156363028068 0.008856582641601562 0.011653193721064815
0 0.36780454847547744 0.2676622320104528 0.008943939208984375 0.01215382328739873
0 0.6273611280653212 0.562843492296007 0.009507073296440972 0.012824390552662037
0 0.7054703818427192 0.40398488927770543 0.008721118503146701 0.01082413284866898
0 0.3675821728176541 0.5924800166377314 0.008841917249891492 0.0121490478515625
0 0.6058689117431642 0.5965334009241174 0.009495629204644097 0.012721704553674768
0 0.4148615307278103 0.5546435038248698 0.008966361151801215 0.011920674641927082
0 0.7114699681599936 0.5603238141095196 0.01094983418782552 0.01364734790943287
0 0.6138485590616862 0.7598213478370949 0.010802247789171007 0.014286408600983796
0 0.7832834879557292 0.6260654590747974 0.008642747667100695 0.012413759584780092
0 0.39041520607663993 0.5658086271454867 0.00901993645562066 0.01102272316261574
0 0.650997284585286 0.37891070462946047 0.007992808024088542 0.010266169795283563
0 0.619344753689236 0.4696270836724175 0.010659366183810763 0.013218999792028356
0 0.5975978639390734 0.6823812414098669 0.009726757473415799 0.013320357711226851
0 0.4482628097372244 0.19620677381761298 0.008019171820746528 0.010095949526186343
0 0.36742443508572054 0.49582861441153064 0.008376651340060763 0.010814355920862268
0 0.46370402442084413 0.7819975676359954 0.009591039021809895 0.012844509548611112
0 0.5851115332709418 0.8824277807165076 0.007947709825303819 0.010633511013454862
0 0.4321429782443576 0.35018772549099386 0.008837466769748264 0.011585744222005208
0 0.36105694240993924 0.3215270713523582 0.01062647501627604 0.013669275354456018
0 0.4010737203706829 0.3114410250220585 0.006609174940321181 0.007977803548177084
0 0.38073764377170144 0.39913924888328267 0.009066942003038194 0.01120738276728877
0 0.6487556457519531 0.8262057551631221 0.009835391574435763 0.013474245424623842
0 0.5151669184366862 0.5954886824996383 0.0067445966932508684 0.00946830466941551
0 0.43565169440375434 0.4408763179072627 0.007916514078776042 0.010771744339554398
0 0.43280465867784296 0.7091789810745804 0.010263146294487848 0.012796529134114583
0 0.485893546210395 0.3859331342909071 0.007633293999565972 0.009276863380714699
0 0.619285413953993 0.3767677448413991 0.009248267279730903 0.013192833794487848
0 0.39798155890570747 0.6595073558666088 0.008892737494574653 0.011417530201099537
0 0.3092334163875915 0.38896279376289067 0.00760527393138401 0.008997699283225248
0 0.4029651217990451 0.5876772562662761 0.008202870686848959 0.011693262170862268
0 0.5152962579654635 0.4314148939530471 0.007689158121744793 0.010347069634331598
0 0.4524144702487522 0.28716465985333484 0.009180831909179687 0.01289263124819155
0 0.5744963390634064 0.6502813352044783 0.008370717366536459 0.011020236545138888
0 0.42683777279324 0.25471421700936775 0.008838780721028646 0.011390601264105902
0 0.4224084854125977 0.4033145480685764 0.007238727145724827 0.010366086606626157
0 0.7520163642035591 0.5833741364655671 0.008459981282552083 0.011361355251736111
0 0.7134383307562934 0.46020072654441546 0.008259921603732638 0.011037021213107638
0 0.3301065762837727 0.26618830362955725 0.007499419318305122 0.012392397280092593
0 0.731531482272678 0.6809652540418837 0.008168284098307292 0.011592554163049768
0 0.5192454867892795 0.41898316277398 0.009304300944010416 0.010586010968243636
0 0.5272076076931423 0.17116334703233504 0.009971194797092013 0.011686537000868056
0 0.5394384858103863 0.2513329330084339 0.008456208970811632 0.010614861382378472
0 0.31233779626673713 0.3972224847004992 0.0068591061703610024 0.00840394990242423
0 0.31966035555671707 0.4025367471387969 0.008156774905294135 0.00914547489381455
0 0.4032518332691635 0.30226822038247414 0.005650715602663539 0.008790002048587589
0 0.45276411831794056 0.20274487229674584 0.008511724534796627 0.010482632760411156
0 0.4990621888046587 0.23470910035967507 0.006278572891848242 0.009132469660870264
0 0.5036759885812441 0.24060715368232047 0.005041884291938743 0.007990910953261512
0 0.5003940072968689 0.24510996858455505 0.005898053322645325 0.008625110235266327
0 0.5080995285732282 0.24054373375411994 0.004946754399638067 0.009132469660870229
0 0.5472938701371791 0.18774351213495027 0.005896480927731318 0.009958501122390686
0 0.5377415710342544 0.19204139156671884 0.006604058639059005 0.007861974570308412
0 0.5486679439636539 0.17775345764547018 0.007044487418208618 0.00988699988520505
0 0.6235083041897894 0.26094069718584806 0.004813572550417007 0.009627145100834084
0 0.6364317000588438 0.2508252186378703 0.00554607272113266 0.00892952589062869
0 0.6203166963030998 0.23687283443376295 0.006592501536440736 0.010603811995121538
0 0.6350190211581779 0.2571735534507391 0.005232144076540237 0.009348097416751884
0 0.6279556266548485 0.2497787898225622 0.006173930010317506 0.007952858996341128
0 0.7240928635614091 0.3381812363472949 0.006204276445961483 0.007428249350266754
0 0.7249791887679752 0.40993137211691677 0.007723691085788573 0.010129430932181905
0 0.7335892050603298 0.4106066675123955 0.006204276445961483 0.010804726327660674
0 0.7302338310640445 0.41609344260066067 0.008103544745745381 0.011311197874269823
0 0.7301900471220543 0.4756673936472767 0.006278572891848171 0.008929525890628724
0 0.733381655008744 0.47748120359381074 0.005546072721132731 0.010045716626957173
0 0.7224987953295404 0.4814576330919813 0.00722035882562551 0.009627145100834013
0 0.7366405937097431 0.4302736835051311 0.005174567711176649 0.0063136234966556515
0 0.730123567394252 0.42900444991559733 0.005125751034655934 0.005467467770299664
0 0.7327596679263607 0.4287115498564739 0.003758884092080777 0.007355045929093644
0 0.732393542852457 0.4350902622551571 0.005272201064217512 0.006183445692600884
0 0.780350341207026 0.5609109794063262 0.007597073199136304 0.009622959385572899
0 0.728626934509572 0.5277370931034305 0.00671074799257056 0.007428249350266754
0 0.7358441540487519 0.5269773857835169 0.005951040672656944 0.00793472089687576
0 0.6100045432294692 0.8280794810751618 0.013532831092874389 0.013841799839287034
0 0.5954521152734331 0.7848238565773898 0.010381349879465276 0.009886999885204943
0 0.6113620343430104 0.885930649175289 0.0069328321210900155 0.008767292854162036
0 0.5983897763020015 0.8765439280216479 0.0068613596249964106 0.007909622901037494
0 0.6128629567609782 0.8608199788810313 0.005646327191403202 0.007337842932287941
0 0.6214396562922239 0.8752097747612322 0.0053604372070283545 0.007147249609371187
0 0.6159720103410549 0.8541968609096806 0.007147249609371329 0.008386106208328954
0 0.5095447041097688 0.8215137277737691 0.008972452395823538 0.014655005579844982
0 0.47709663326557517 0.9123107611638696 0.005448348377223695 0.012222749798639682
0 0.4732914375735459 0.905795804903274 0.005967238698864037 0.008878789948068259
0 0.4951280719425775 0.9135791597278795 0.005707793538043831 0.009224716829161822
0 0.4484226170987522 0.8619692010372989 0.006646942136715168 0.009815556130203192
0 0.4504953194854698 0.867734649055525 0.005360437207028497 0.007433139593746034
0 0.4456582753673356 0.8725166831758324 0.0060883131072466765 0.007990910953261477
0 0.41050778016221523 0.7803675275005238 0.005232144076540237 0.006849352245652512
0 0.4077014483393437 0.8038963208629047 0.005707793538043901 0.009512989230073146
0 0.41250550790053053 0.7964761892634477 0.005993183214946071 0.006341992820048858
0 0.4295337586223616 0.8125848510263716 0.005041884291938814 0.007356711671256733
0 0.41816573649242417 0.813028790523775 0.005707793538043901 0.006468832676449949
0 0.44694252891339536 0.7837287836951495 0.006563962568750412 0.0074835515276573976
0 0.4417103848368552 0.7860753210385676 0.006563962568750483 0.008117750809662426
0 0.43814301387557775 0.7901976163715994 0.006468832676449736 0.008244590666063516
0 0.42625177733798636 0.7810017267825287 0.005898053322645254 0.00761039138405863
0 0.42325518573051324 0.7849337623309589 0.005802923430344649 0.007356711671256448
0 0.419973204446138 0.7791625488647145 0.005517533753442336 0.007737231240459579
0 0.4165485283233117 0.7816359260645335 0.0051370141842394905 0.006088313107246961
0 0.4186889509000781 0.7863290007513696 0.0046613647227358255 0.007610391384058346
0 0.3321970314142699 0.7934965007829553 0.006918537621871366 0.010168153777598974
0 0.3623477038914026 0.8081197734837287 0.005267522962106597 0.006289579656246786
0 0.3630945914755819 0.8038743072157623 0.005346142707809634 0.006394405983850788
0 0.3597532522832008 0.8002577989134204 0.004953043979294307 0.007128190277079512
0 0.29808203276492606 0.6997644443494448 0.007264464502964998 0.011415587076087802
0 0.3033141768414663 0.7047803841253016 0.007005019342144756 0.009685952670619856
0 0.496877226288793 0.7089083780219735 0.006100679993245919 0.006906430181032874
0 0.4964743511948994 0.7177332610310714 0.005755358484194275 0.007673811312259176
0 0.49866138741889315 0.7247164293252272 0.005755358484194275 0.008748144895975116
0 0.5067188892967651 0.7375316942166998 0.005755358484194275 0.007980763764749241
0 0.49066143912586313 0.6595657712841481 0.007481966029452565 0.008287716217240018
0 0.45405735916638773 0.6159017849173943 0.0063308943326136815 0.00752033508601393
0 0.45774078859627204 0.6199689049128917 0.005870465653878085 0.007673811312258963
0 0.46481987953183107 0.6228849532115501 0.006446001502297563 0.007059906407278263
0 0.5510104358682494 0.6100165623248435 0.007850895846345622 0.012561433354153096
0 0.4671810214736732 0.538659628779261 0.007470455312484105 0.010467078629921361
0 0.4453421388140332 0.43226556251485504 0.009255308957601897 0.012738489748097237
0 0.4635541983757659 0.38489430376411854 0.010449542371486018 0.01592311218512151
0 0.6225950872429088 0.5867119473958745 0.012235162357941292 0.01441030233268627
0 0.6273871924997692 0.5981314322632864 0.008768533023191196 0.013322732345313639
0 0.5991443593901882 0.6522380391350708 0.01019596863161759 0.009516237389509711
0 0.5861954792280337 0.644896941720306 0.006729339296867707 0.009516237389509711
0 0.586909197032247 0.6516942541413845 0.006117581178970539 0.0062535274273921
0 0.5912934635438425 0.6378277368023845 0.00591366180633834 0.007884882408450906
0 0.47176459877415877 0.6951258849595603 0.00962295519452077 0.013159596847207808
0 0.5659734437932674 0.5154599297478802 0.006281513356819274 0.009601012285219781
0 0.5691908042931018 0.5214860970332843 0.005055852214025265 0.008171074285293543
