0 0.41971920861138234 0.2933724156132451 0.007810507880316841 0.010475978144892938
0 0.4789779663085937 0.24639350043402777 0.008335791693793403 0.012042123300057873
0 0.5896229637993706 0.5003933094165943 0.010224066840277778 0.013391282823350694
0 0.31936813990275065 0.4476500051992911 0.008169534471299913 0.011476304796006944
0 0.5069196277194553 0.38297938594111686 0.007946480645073785 0.010814525462962963
0 0.5814836502075195 0.5435610735857928 0.008849885728624132 0.010959088360821758
0 0.624870702955458 0.23410834559687863 0.009097332424587674 0.01199915850604022
0 0.6316153632269966 0.5034451802571615 0.008609602186414931 0.012127176920572918
0 0.39383460150824656 0.457100409048575 0.007432725694444444 0.010006855152271413
0 0.5045288721720378 0.3981370996545862 0.00840136210123698 0.009757713035300927
0 0.5203323210142063 0.18363067469362046 0.008568064371744791 0.01085535685221354
0 0.2713161574469672 0.5941488760489004 0.008681763543023004 0.01059276439525463
0 0.5659907446967231 0.8848613880298756 0.0091339111328125 0.012484684696903937
0 0.7735911899142794 0.6515074270742912 0.009176127115885417 0.012399574562355324
0 0.3374758614434136 0.7316052189579717 0.007791307237413194 0.010563433611834492
0 0.6372421900431315 0.8019217597113716 0.00919753180609809 0.012602629484953705
0 0.7681842380099826 0.5105193244086371 0.008714463975694444 0.011849466959635417
0 0.7456968519422743 0.48553653293185767 0.00861053466796875 0.011602218062789351
0 0.3190215640597873 0.42234211674442995 0.007487275865342881 0.009491531937210649
0 0.6996305677625868 0.7787837840892651 0.008908843994140625 0.012841344762731481
0 0.6591128455268012 0.2656892705846716 0.007586161295572918 0.010803307427300348
0 0.40355975693555424 0.567365132032223 0.009398566351996528 0.013143073187934028
0 0.7133550643920898 0.38820354320384837 0.008646519978841145 0.011597244827835649
0 0.44359238942464196 0.7645129451045284 0.009179645114474826 0.010697145815248842
0 0.5626147588094075 0.6846716421621817 0.00770979987250434 0.010977398907696757
0 0.5086612913343642 0.5645944948549624 0.007304000854492188 0.009598173918547453
0 0.4121978759765625 0.41805213645652484 0.00770721435546875 0.010240455910011574
0 0.6040956497192382 0.45671032093189384 0.006697209676106771 0.008951059977213542
0 0.28042553300972 0.6492293097209607 0.008235083685980903 0.011105572735821759
0 0.5269550571496991 0.4339731491490224 0.008127678765190972 0.010301378038194444
0 0.36825226677788625 0.4946848834002459 0.007225799560546875 0.010600845902054396
0 0.6178458531697592 0.6933273315429688 0.007462522718641494 0.010598528826678243
0 0.37300834430443486 0.4255128272801473 0.008431625366210938 0.011358275236906827
0 0.6892283121744792 0.49113989935980906 0.007167137993706597 0.009693626121238426
0 0.33014776441786026 0.5318623860677083 0.006994756062825521 0.009444625289351851
0 0.5375313652886285 0.2803714752197266 0.009242418077256944 0.010964089852792245
0 0.6153479470147027 0.8498498987268519 0.006406444973415798 0.00870316116898148
0 0.34220379723442923 0.26927861814145687 0.007852215237087673 0.01059957433629919
0 0.27141045464409724 0.38960024515787756 0.008843146430121528 0.0111933672869647
0 0.3883713381805741 0.6414048840410509 0.007998572455512153 0.01123634620949074
0 0.28217769198947484 0.6065646136248554 0.00743526882595486 0.009441799587673612
0 0.4538046560578815 0.3600602241251796 0.006821102566189234 0.00855266429759838
0 0.7491066402859158 0.6219207198531539 0.009792327880859375 0.012230993200231481
0 0.4904648674858942 0.5418361239963108 0.009848870171440972 0.012036641438802086
0 0.39471655951605894 0.7268093250415945 0.005477820502387153 0.007758642126012731
0 0.2834276699117181 0.6194822925233416 0.0076776829263945955 0.009478620896783524
0 0.2684988419992841 0.5844113952052428 0.010236910568526127 0.010616055404397357
0 0.38579677559697956 0.6452641413625926 0.007677682926394667 0.010236910568526127
0 0.41750276249672025 0.6439371344370428 0.007962041553298107 0.013649214091368194
0 0.45418502536727234 0.6573967761104754 0.00853075880710513 0.01251177958375422
0 0.46570154975686423 0.6718042798735863 0.009383834687815593 0.011753489912011474
0 0.4260335213038255 0.6699085556942296 0.009099476060912152 0.01251177958375422
0 0.39816637586728204 0.5815678089362076 0.007962041553298107 0.010995200240268801
0 0.37200538219215973 0.559008691201863 0.0056871725380700155 0.011374345076140102
0 0.3748489684611947 0.5629897119785121 0.0056871725380700155 0.010995200240268873
0 0.5077866265385829 0.6035582094167453 0.004265379403552672 0.007962041553298178
0 0.518023537107109 0.5971127472069326 0.005971531164973527 0.012511779583754148
0 0.5278339097352799 0.5957857402813829 0.008530758807105202 0.010616055404397499
0 0.51404251633046 0.6062122232678446 0.0076776829263945955 0.013270069255496892
0 0.5023838126274163 0.5470656288719159 0.008246400180201618 0.012511779583754148
0 0.5427627376477139 0.513700883315238 0.0088151174340085 0.015544938270724984
0 0.49044075029746914 0.5082032831951036 0.008246400180201618 0.014407503763110795
0 0.5448954273494901 0.47142623411558376 0.00625588979187711 0.012132634747882919
0 0.5339476202137052 0.47768212390746084 0.009383834687815593 0.010995200240268801
0 0.2717689662086744 0.5106677246282674 0.012227420956850707 0.011753489912011545
0 0.3037593117353186 0.47938827566888187 0.010236910568526127 0.011374345076140173
0 0.4028582932111898 0.440905074827941 0.007108965672587715 0.00872033122504078
0 0.28513382167313905 0.4261184262289588 0.008246400180201618 0.014028358927239637
0 0.27091589032796387 0.4289620124979938 0.007108965672587537 0.009857765732654827
0 0.26622397298405603 0.42479141930340913 0.007962041553298107 0.009099476060912152
0 0.27091589032796387 0.41133177762997664 0.008246400180201618 0.010995200240268944
0 0.2780248560005515 0.4086777637788772 0.0076776829263945955 0.010236910568526056
0 0.31044173946755094 0.3870665081342109 0.006540248418780585 0.010236910568526198
0 0.3788299892378437 0.3775878872374274 0.0068246070456840615 0.012511779583754148
0 0.4348486387378341 0.3402421209041006 0.009099476060912152 0.013649214091368194
0 0.42759749375179473 0.3356923828736445 0.00881511743400864 0.009857765732654827
0 0.4258913419903736 0.3419482726655215 0.005971531164973598 0.009478620896783453
0 0.5005354815525435 0.329057348245896 0.00853075880710513 0.01327006925549682
0 0.39688676204621615 0.31616642382627047 0.009383834687815593 0.010995200240268836
0 0.39987252762870296 0.30422336149632334 0.0073933242994910844 0.009857765732654861
0 0.38664985147769004 0.301569347645224 0.007677682926394667 0.011374345076140137
0 0.38707638941804534 0.29076371982289084 0.00853075880710513 0.011753489912011474
0 0.3668869269078966 0.27123776077551687 0.00853075880710506 0.012890924419625485
0 0.5471702963647183 0.3061190856756801 0.0073933242994911556 0.013649214091368158
0 0.5518622137086261 0.25152222931020723 0.0065402484187805495 0.011374345076140137
0 0.5757483383685204 0.23218584268076894 0.0071089656725875725 0.010616055404397464
0 0.58058243502588 0.23180669784489763 0.0065402484187805495 0.00834118638916948
0 0.5815776902200424 0.22687781497857024 0.0073933242994911556 0.00985776573265479
0 0.5963643388190245 0.33607152770951587 0.008530758807105202 0.010616055404397499
0 0.5920989594154719 0.3436544244269426 0.007962041553298107 0.010616055404397428
0 0.6010562561629322 0.3453605761883637 0.008246400180201618 0.010995200240268944
0 0.5915302421616648 0.370952852609679 0.0073933242994910844 0.011374345076140173
0 0.6094448356565856 0.3719007146993573 0.005687172538070158 0.00872033122504071
0 0.612714959865976 0.3705737077738076 0.006540248418780478 0.011374345076140173
0 0.6218144359268881 0.37701916998362045 0.008246400180201618 0.010616055404397428
0 0.6363167258989668 0.38858308747769627 0.008815117434008712 0.011753489912011474
0 0.5126207231959424 0.16848951025438402 0.0065402484187805495 0.011374345076140137
0 0.502525991940868 0.17398711037451847 0.007962041553298035 0.010995200240268836
0 0.5485920894992357 0.21664090441004408 0.008530758807105202 0.010616055404397499
0 0.5487342688126874 0.2234655114557282 0.00881511743400864 0.010616055404397499
0 0.5448954273494903 0.23787301521883905 0.007962041553298178 0.009099476060912152
0 0.6698710438735803 0.26592973307331813 0.0065402484187805495 0.01289092441962552
0 0.6860794856070801 0.2871618438821131 0.011089986449236732 0.01289092441962552
0 0.6643260506489619 0.29796747170444626 0.00682460704568399 0.00947862089678349
0 0.6539469607669841 0.3732277216249071 0.008246400180201618 0.012132634747882847
0 0.6532360641997252 0.38289591493962616 0.007962041553298178 0.007962041553298107
0 0.6515299124383043 0.4018531567331931 0.00682460704568399 0.010236910568526127
0 0.6803923130690098 0.39730341870273705 0.009383834687815522 0.010995200240268801
0 0.6828093613976898 0.4037488809125498 0.007962041553298178 0.010236910568526127
0 0.6394446707949054 0.4107630603761696 0.007108965672587715 0.011374345076140173
0 0.6075965045817129 0.3912371013287956 0.008246400180201618 0.010995200240268873
0 0.6078808632086163 0.39863042562828666 0.008246400180201618 0.008341186389169409
0 0.6112931667314584 0.42649757106483016 0.006540248418780621 0.01327006925549682
0 0.637311981093129 0.42460184688547337 0.009668193314719176 0.011753489912011474
0 0.7240413622986978 0.4268767159007015 0.010236910568525985 0.010236910568526127
0 0.7283067417022504 0.44412780593284734 0.008530758807105202 0.012132634747882847
0 0.773235404753004 0.4130379293913976 0.011374345076140316 0.01668237277833896
0 0.58058243502588 0.3726590043711 0.008246400180201618 0.010236910568526127
0 0.5845634558025291 0.37038413535587195 0.0076776829263945955 0.010236910568526127
0 0.7301550727771232 0.4547438613372449 0.008246400180201618 0.009857765732654827
0 0.5539949034104024 0.4704783720259055 0.007962041553298178 0.010995200240268873
0 0.5652270691730907 0.46972008235416285 0.006540248418780692 0.007203751881555362
0 0.5636630967251215 0.46535991674164245 0.010236910568526127 0.00834118638916948
0 0.6004875389091252 0.4300994470056079 0.007108965672587644 0.009857765732654756
0 0.6836624372784001 0.503463972746712 0.011374345076140316 0.01251177958375422
0 0.7034253618481938 0.5129425936434955 0.008246400180201618 0.011753489912011545
0 0.5903928076540508 0.4369240540512921 0.0073933242994911556 0.009099476060912152
0 0.635037112077901 0.6575863485284111 0.007962041553298178 0.009099476060912224
0 0.6836624372784003 0.5595774084556701 0.00625588979187711 0.009478620896783524
0 0.7025722859674832 0.5815678089362077 0.008246400180201618 0.012511779583754148
0 0.6806766716959135 0.5736057673829096 0.0088151174340085 0.012511779583754148
0 0.673425526709874 0.5838426779514359 0.008530758807105344 0.010995200240268801
0 0.7196338035816936 0.6031790645808741 0.008246400180201618 0.009478620896783453
0 0.6139945736870417 0.6276339064945754 0.009668193314719105 0.009857765732654827
0 0.6189708496578531 0.6539844725876336 0.006540248418780621 0.009478620896783384
0 0.6158429047619145 0.6378708170631016 0.0065402484187805495 0.008341186389169338
0 0.6375963397200326 0.5942691609378976 0.005687172538070087 0.007582896717426877
0 0.5926676766692789 0.6170178510901779 0.0068246070456840615 0.007582896717426806
0 0.6900605063837293 0.6640318107382239 0.0088151174340085 0.01061605540439757
0 0.7544677353773729 0.6517096035724055 0.009099476060912081 0.009478620896783384
0 0.7210555967162111 0.6081079474472015 0.007108965672587715 0.007962041553298035
0 0.7224773898507286 0.6118993958059148 0.0065402484187805495 0.005687172538070087
0 0.7364109625690003 0.6101932440444938 0.0065402484187805495 0.010616055404397499
0 0.6579279815436331 0.717301660178147 0.008246400180201618 0.010236910568526127
0 0.6822406441438826 0.7891496065757658 0.009668193314719105 0.015924083106596213
0 0.6975960099966718 0.8001448068160346 0.006824607045684133 0.01289092441962552
0 0.6940415271603781 0.7990073723084206 0.005971531164973669 0.009099476060912081
0 0.6902026856971808 0.7610928887212868 0.0073933242994911556 0.011374345076140031
0 0.6737098853367776 0.8166376071764379 0.0073933242994911556 0.010236910568525985
0 0.6054638148799366 0.8858315397229571 0.008530758807105202 0.010616055404397428
0 0.5377864616769026 0.8058319793541046 0.009668193314719176 0.012132634747882776
0 0.5099193162403592 0.7322778811950649 0.009668193314719176 0.011374345076140173
0 0.5066491920309688 0.7540787092576668 0.00881511743400864 0.01099520024026873
0 0.4659859083837678 0.8299076764319346 0.007677682926394667 0.010995200240269015
0 0.47266833611600023 0.716164225670533 0.007962041553298107 0.01099520024026873
0 0.43712350775306213 0.7971116481290639 0.009668193314719105 0.01289092441962552
0 0.35864052672769486 0.8426090284336246 0.007962041553298107 0.012132634747882634
0 0.4938530538203112 0.9040304918447813 0.005971531164973598 0.009099476060912366
0 0.48674408814772363 0.9053574987703311 0.007108965672587644 0.00872033122504078
0 0.4981184332238638 0.895120588201805 0.008246400180201547 0.014786648598982311
0 0.4853222950132061 0.8932248640224484 0.007677682926394667 0.00872033122504078
0 0.44508554930636024 0.8615662702271913 0.005687172538070087 0.007582896717426735
0 0.4241851902289527 0.8558790976891214 0.00881511743400864 0.010616055404397428
0 0.34399605744216444 0.8200499106992798 0.007108965672587644 0.009478620896783524
0 0.4577395082035662 0.756922295526702 0.007677682926394524 0.01061605540439757
0 0.3994459896883478 0.7021358667432935 0.005402813911166576 0.007962041553298178
0 0.4968388194027979 0.6744582937246858 0.006255889791877181 0.010995200240268873
0 0.523141992391372 0.6549323346773117 0.007108965672587715 0.009857765732654684
0 0.3782612719840367 0.6854534939649546 0.009099476060912081 0.011753489912011474
0 0.3789721685512955 0.6742687213067501 0.008246400180201618 0.01061605540439757
0 0.28712433206146365 0.6943633976079309 0.006540248418780621 0.011374345076140031
0 0.2714846075817709 0.7047898805943927 0.0076776829263945955 0.010236910568526127
0 0.28086844226958657 0.6996714253101297 0.009952551941622615 0.010616055404397428
0 0.2764608835525822 0.7277281431646088 0.005118455284263028 0.009857765732654684
0 0.28584471824039787 0.671425135037715 0.006824607045684168 0.01099520024026873
0 0.2962238081223758 0.6755957282322999 0.005971531164973562 0.007962041553298178
0 0.634468394824094 0.4486775439633034 0.0073933242994910844 0.009857765732654898
