0 0.5218311733669705 0.8720885382758248 0.009368133544921876 0.013147255226417824
0 0.340206241607666 0.7393188193992332 0.009907044304741753 0.01377727367259838
0 0.48541480170355905 0.49161877102322044 0.010649193657769097 0.013972925256799768
0 0.6961076312594944 0.3389788451018157 0.011440997653537326 0.014078013102213542
0 0.6424544652303059 0.3558753543429905 0.010010740492078993 0.013312813087745949
0 0.6893691592746312 0.751450037073206 0.009529961480034722 0.012190077039930556
0 0.7281399197048611 0.5150499414514612 0.010119289822048612 0.014078041359230324
0 0.40023140377468536 0.5298048231336806 0.010088814629448783 0.014079341182002315
0 0.7826400756835937 0.6497029339825666 0.010027058919270833 0.013609540020978007
0 0.641534423828125 0.7579768145525897 0.009900156656901042 0.012459366409866899
0 0.6407022476196289 0.673302064118562 0.010594389173719618 0.014193895128038194
0 0.6818997277153862 0.3609781759756583 0.009490542941623263 0.011543641266999421
0 0.6506689283582899 0.6120483681007669 0.010042232937282987 0.013207499186197917
0 0.4978352440205366 0.6055891253932386 0.008712918648836948 0.009886999885205085
0 0.36918065801430644 0.40883782767765875 0.007600631161751323 0.011370049867985727
0 0.6996227323026427 0.7006279117897718 0.007415249913903779 0.010134174882335003
0 0.5094215720110112 0.8968848595110912 0.010010587383770045 0.013100274847896571
0 0.5803298993127161 0.927905321650922 0.006488343674665771 0.01235874985650625
0 0.5852425023806772 0.9197485467456278 0.0066737249225133155 0.008403949902424301
0 0.612771617686045 0.47038440196306 0.007229868666056234 0.01186439986224599
