0 0.3594067931175232 0.4673037052154541 0.00955793857574463 0.013735930124918617
0 0.5057883024215699 0.2514011859893799 0.009506559371948243 0.01185137430826823
0 0.4952937841415405 0.7602834383646647 0.009912538528442382 0.0138308842976888
0 0.5675256729125976 0.23532946904500324 0.00827474594116211 0.011183834075927735
0 0.4493846893310547 0.22105831305185955 0.008501815795898437 0.010959291458129882
0 0.29746069572219375 0.351436767939608 0.009263920783996581 0.012487983703613282
0 0.7185905456542969 0.5411851565043131 0.010288238525390625 0.014379564921061199
0 0.5497006177902222 0.17602599461873372 0.009798955917358399 0.012866878509521484
0 0.5247749567031861 0.2958307584126791 0.008180952072143555 0.01124401092529297
0 0.2604433655738831 0.5433749834696452 0.010061526298522949 0.013137245178222656
0 0.578745436668396 0.2227514187494914 0.007982683181762696 0.011404434839884438
0 0.6539262771606446 0.23396524588267006 0.008582210540771485 0.011578957239786782
0 0.69117751121521 0.45450215339660643 0.007651138305664063 0.010016918182373047
0 0.4224438190460205 0.7392906188964844 0.008890628814697266 0.012125778198242187
0 0.47786917686462405 0.5554288546244304 0.00823678970336914 0.010710334777832032
0 0.5231184005737305 0.4171428839365642 0.008585453033447266 0.011676375071207683
0 0.5540915489196777 0.21935436725616456 0.008982086181640625 0.011920499801635741
0 0.34662048816680907 0.2249332269032796 0.010223960876464844 0.013121191660563152
0 0.3814335227012634 0.5063313484191895 0.008716225624084473 0.012339464823404948
0 0.6278309106826783 0.29794065157572425 0.007852315902709961 0.009934139251708985
0 0.3402287483215332 0.5141156037648519 0.008631229400634766 0.012142403920491535
0 0.6245878458023071 0.669580332438151 0.008612298965454101 0.010509363810221354
0 0.4482307434082031 0.4529286066691081 0.009192562103271485 0.012007522583007812
0 0.46911139488220216 0.5793443997701009 0.008001232147216797 0.010785230000813802
0 0.4784734010696411 0.4306602954864502 0.008373022079467773 0.011316267649332683
0 0.39282151460647585 0.3229601701100668 0.008247780799865722 0.011234251658121745
0 0.3908957004547119 0.27999629974365237 0.008045625686645509 0.010491561889648438
0 0.4922882080078125 0.2852180004119873 0.007945442199707031 0.009855238596598308
0 0.4048431634902954 0.6692944526672363 0.008052968978881836 0.011064720153808594
0 0.39375408761097846 0.45690156872434123 0.007419848442077636 0.009471861521402995
0 0.7333314657211304 0.3738468805948893 0.008127546310424805 0.01056671142578125
0 0.5850153923034668 0.7899548530578613 0.008598232269287109 0.011193911234537758
0 0.43536112308502195 0.26888462702433263 0.00835108757019043 0.011103502909342448
0 0.5753144741058349 0.6579483032226563 0.009572982788085938 0.012919108072916664
0 0.5263606071472168 0.4528425216674805 0.00878610610961914 0.011499659220377606
0 0.5966634273529053 0.26044030189514156 0.007942485809326171 0.009766292572021485
0 0.6739938497543335 0.6120538393656413 0.008432149887084961 0.011594200134277343
0 0.3017476432840984 0.634858963922778 0.010762524604797364 0.013784344991048176
0 0.5395504236221313 0.6021288553873698 0.008356332778930664 0.01056658426920573
0 0.473209547996521 0.34059667587280273 0.009045743942260742 0.011985079447428387
0 0.47869970798492434 0.7777417818705241 0.007733678817749024 0.01050217946370443
0 0.40461207096356266 0.434513042781318 0.007747793197631836 0.010509141286214193
0 0.6117553472518922 0.5657301584879557 0.009381628036499024 0.011153030395507812
0 0.6614547729492187 0.2727029005686442 0.008156108856201171 0.011092662811279297
0 0.3712478160858154 0.5767905871073404 0.00889277458190918 0.011713091532389324
0 0.543017840385437 0.768549633026123 0.00879979133605957 0.011957486470540367
0 0.5113530286422665 0.6903469624983736 0.006593227386474609 0.008999315897623698
0 0.6516218423843384 0.1618434031804403 0.007524442672729492 0.009536218643188477
0 0.5621334314346313 0.5901378313700358 0.008008909225463868 0.011338233947753906
0 0.6767144203186035 0.40560092926025393 0.009611034393310547 0.0123992919921875
0 0.5697012901306152 0.434683624903361 0.009636878967285156 0.013080819447835285
0 0.6061897993087768 0.36870617866516114 0.008916521072387695 0.011766274770100914
0 0.3047022217562663 0.46149046208674216 0.00802922248840332 0.01090539296468099
0 0.3946126580238342 0.3892930507659913 0.009750628471374511 0.012895933787027995
0 0.597581148147583 0.27061490217844647 0.008379650115966798 0.011149104436238606
0 0.5933173656463623 0.39753524462382006 0.00920276641845703 0.009858481089274089
0 0.5442318201065063 0.6325087229410807 0.008429002761840821 0.010845947265625
0 0.3003432273864746 0.6084376335144044 0.008519220352172851 0.010691134134928386
0 0.3343857526779175 0.7577785809834797 0.008737707138061523 0.011913744608561198
0 0.44012477397918703 0.5936016400655111 0.007805585861206055 0.00977166493733724
0 0.6310091257095337 0.3606657187143961 0.008497285842895507 0.011406612396240235
0 0.5175180196762085 0.591854476928711 0.00879683494567871 0.011365509033203125
0 0.41089630126953125 0.4283766428629557 0.008681964874267579 0.0121548334757487
0 0.2689132332801819 0.6596260388692221 0.008971333503723145 0.012124951680501301
0 0.3356319308280945 0.7200654665629069 0.008366894721984864 0.010909080505371094
0 0.5238338708877565 0.36373702685038256 0.010121965408325195 0.012827269236246745
0 0.48529328354586754 0.43561908616418693 0.009392645800198522 0.016376920882397457
0 0.49992413565771526 0.4404358276001862 0.009753901407898552 0.010596831159198388
0 0.6001725667944499 0.4729488322931812 0.008670134584798745 0.013005201877197977
0 0.6285311319988955 0.4375457827385867 0.007586367761698725 0.011560179446398209
0 0.6106489794177482 0.4146662609175901 0.007947623369398827 0.012041853589998226
0 0.6191384861986969 0.356624526613799 0.007586367761698866 0.0125235277335981
0 0.6424394728953433 0.3766140035731959 0.0057800897231989265 0.012041853589998154
0 0.7033110427927841 0.40117938489679217 0.009753901407898552 0.010115157015598442
0 0.658334719634141 0.49077077560637844 0.009392645800198522 0.009151808728398691
0 0.41286153420202854 0.46813209085718194 0.01119892383869832 0.009151808728398691
0 0.41159713957507876 0.4606661416313831 0.007225112153998907 0.01059683115919846
0 0.4715655704532696 0.32073980291560455 0.007947623369398827 0.01204185358999812
0 0.46921740900321995 0.2749807592736115 0.008308878977098786 0.011078505302798297
0 0.7403397425820285 0.34434183595200096 0.006502600938598988 0.013968550164397797
0 0.7361853030934791 0.4146662609175901 0.008308878977098857 0.011078505302798334
0 0.741784765012828 0.4182788169945896 0.006502600938598988 0.00674343801039889
0 0.7287795631356301 0.4746346917957809 0.005780089723199069 0.008670134584798603
0 0.6202222530217969 0.17960927884082611 0.008308878977098715 0.011078505302798334
0 0.6319630602720451 0.17069830718422752 0.007225112153999049 0.015413572595197671
0 0.6377431499952441 0.1548030604454299 0.005780089723199069 0.011560179446398209
0 0.5169031492196126 0.19959875580022307 0.006141345330899028 0.009633482871998531
0 0.5215994721197119 0.20200712651822264 0.00686385654629909 0.009633482871998531
0 0.5154581267888129 0.20947307574402152 0.007586367761698866 0.010115157015598477
0 0.5093167814579138 0.21862488447242015 0.01047641262329833 0.008188460441198728
0 0.4630760636723209 0.1743108632612269 0.007586367761698795 0.01589524673879758
0 0.53370153497766 0.11313824702403633 0.010115157015598442 0.013968550164397868
0 0.2849770490762481 0.2790749894942109 0.00903139019249867 0.010596831159198352
0 0.34079104046588954 0.1786459305536263 0.006502600938598988 0.012041853589998154
0 0.3792647626859336 0.3335041677210026 0.008308878977098644 0.009633482871998566
0 0.37836162366668374 0.32820575214140335 0.00578008972319914 0.009633482871998566
0 0.3346496951349905 0.4151479350611901 0.006502600938598988 0.010115157015598513
0 0.35469938136233753 0.4866765453857792 0.009753901407898481 0.011560179446398209
0 0.30249794604969543 0.6470740352045545 0.011560179446398209 0.009633482871998637
0 0.38847678068228225 0.624435350455358 0.005057578507799292 0.007706786297598853
0 0.3919087089554318 0.6261212099579577 0.006141345330899099 0.005298415579599123
0 0.39768879867863083 0.6217861426655584 0.006141345330899099 0.00915180872839862
0 0.4545865568913722 0.6723619277435506 0.013005201877197977 0.013005201877197834
0 0.4728299650802194 0.6297337660349572 0.007586367761698725 0.0125235277335981
0 0.5037173195385647 0.6754928096769501 0.008670134584798674 0.009633482871998495
0 0.4518771398336226 0.7992830645821312 0.009753901407898481 0.011560179446398137
0 0.43291122042937547 0.7935029748589321 0.006502600938598988 0.010596831159198388
0 0.5096780370656137 0.6851262925489487 0.004696322900099261 0.006743438010398819
0 0.5037173195385646 0.6860896408361483 0.007225112153998907 0.009633482871998495
0 0.5129293375349132 0.7072833031545452 0.007586367761698725 0.012523527733598029
0 0.604868889694549 0.7106550221597447 0.006502600938598988 0.009633482871998495
0 0.6126358852600979 0.6897021969131479 0.008308878977098644 0.013968550164397868
0 0.6204028808256468 0.7207701791753433 0.006502600938598988 0.009633482871998637
0 0.625099203725746 0.7212518533189431 0.007947623369398684 0.009633482871998637
0 0.6404525670529937 0.7125817187341446 0.009753901407898481 0.014450224307997956
0 0.670617410295939 0.7015032134313463 0.008670134584798745 0.008670134584798745
0 0.670617410295939 0.7087283255853452 0.008670134584798745 0.007706786297598853
0 0.6489420738339424 0.7352204034833412 0.006502600938598988 0.010596831159198388
0 0.6516514908916919 0.7477439312169392 0.006863856546299019 0.009633482871998495
0 0.6444263787376932 0.754728206299138 0.006141345330899099 0.012041853589998226
0 0.6511096074801421 0.7595449477351373 0.008670134584798603 0.012041853589998083
0 0.6480389348146925 0.6227494909527581 0.01047641262329833 0.01589524673879751
0 0.6655598317881399 0.6282887436041574 0.007947623369398684 0.010596831159198317
0 0.5721752571977041 0.5247288027301732 0.007586367761698725 0.009633482871998495
0 0.5197931940812122 0.5240062915147733 0.010476412623298402 0.013005201877198048
0 0.6205835086294966 0.5427915831151704 0.008308878977098786 0.014931898451597831
0 0.6140809076908977 0.5868647672545637 0.006863856546299019 0.008670134584798745
0 0.618957858394847 0.5854197448237639 0.007225112153998765 0.00578008972319914
0 0.7844129267214217 0.49245663510897814 0.007225112153999049 0.013486876020797994
0 0.7757427921366229 0.558686829853968 0.007947623369398827 0.010115157015598585
