0 0.2918317159016927 0.6393870883517796 0.008380932278103298 0.01138469554759838
0 0.5037769317626953 0.6947600188078704 0.009439680311414931 0.012515484845196758
0 0.3796929808332121 0.359861123253015 0.009043714735243055 0.012611530445240162
0 0.3581956757439507 0.7287605850784867 0.009340222676595051 0.013189640751591436
0 0.6177841822306315 0.7745080170808015 0.00883496602376302 0.010857532642505788
0 0.43063367207845055 0.7985048364709924 0.008979966905381944 0.012075184009693287
0 0.5424021826850043 0.6756547150788483 0.007999759250217014 0.01001824273003472
0 0.7646612379286024 0.5850301389341002 0.008765496148003472 0.011827991626880786
0 0.7748074425591363 0.5762918260362413 0.00888883802625868 0.010844760470920138
0 0.273532231648763 0.565735258879485 0.008843782212999132 0.010909016927083333
0 0.298364692264133 0.6178734673394097 0.007707956102159288 0.010524269386574074
0 0.4542875077989366 0.6612755952058015 0.008152516682942708 0.010599037452980324
0 0.5717096752590604 0.6879679079409 0.008211051093207465 0.010493130154079862
0 0.6841034783257379 0.588156975640191 0.009433068169487847 0.01274707935474537
0 0.3306840790642632 0.4567199283175999 0.008632723490397136 0.011150416621455439
0 0.6979903962877061 0.643444569905599 0.008502833048502604 0.011835338451244213
0 0.679731051127116 0.25656560262044276 0.008675172593858508 0.012028277361834492
0 0.7546809302435981 0.48443318119755496 0.008912573920355903 0.011620698151765045
0 0.28409434424506297 0.6619224265769675 0.009408315022786459 0.011795496057581019
0 0.6079754087660048 0.5068916038230613 0.00782636006673177 0.010563038013599537
0 0.37778161366780594 0.4054488005461516 0.007741504245334202 0.009442195185908565
0 0.3304025014241536 0.6061710781521268 0.007133780585394965 0.01014511673538773
0 0.43941188388400604 0.6436171072500723 0.0074283175998263885 0.010757615831163194
0 0.6720299614800347 0.7786614312065971 0.008667246500651041 0.011042503074363426
0 0.5245610978868273 0.8387481124312789 0.00793363783094618 0.010223388671875
0 0.326093938615587 0.23274197048611112 0.009143765767415364 0.012421784577546295
0 0.52873412238227 0.5884720413773149 0.009123653835720487 0.01192626953125
0 0.5019558376736112 0.39763969138816546 0.007724846733940972 0.01094733344184028
0 0.4393554475572374 0.1709553118105288 0.007834243774414062 0.00949120698151765
0 0.5351116604275173 0.4560813197383174 0.008003913031684028 0.010329832854094329
0 0.7100332683987088 0.49276911417643227 0.007739045884874131 0.009948560926649306
0 0.3814027150472005 0.38096550835503473 0.008538140190972222 0.0106109619140625
0 0.3684017605251736 0.1987905502319336 0.009089406331380208 0.012327024671766494
0 0.5867251160531528 0.516331815254068 0.007266998291015625 0.008971998426649306
0 0.4481696234809028 0.7975334450050637 0.007328881157769097 0.011711629231770833
0 0.6797644721137153 0.48334486219618056 0.00716764662000868 0.009288420500578704
0 0.3508108456929525 0.5553933320222078 0.009178437127007378 0.011049793384693286
0 0.34090627034505205 0.28607458891691984 0.008260515001085069 0.010625288221571182
0 0.3673743565877279 0.8170704311794705 0.007892396714952257 0.010218471950954862
0 0.2749337938096788 0.651160600450304 0.007100635104709202 0.009540303548177084
0 0.6794594234890406 0.21420870886908638 0.009229871961805556 0.01285506354437934
0 0.34436478084988065 0.59663331773546 0.008133358425564237 0.010784968623408563
0 0.5176979064941406 0.7771933944137007 0.009276580810546876 0.010925123426649306
0 0.45894612206353075 0.7424249154550057 0.0063105689154730905 0.009670681423611112
0 0.4605730480617947 0.34374858714916084 0.008497238159179688 0.012022795500578705
0 0.26450488832261826 0.6304660090693721 0.007969178093804253 0.010550209327980325
0 0.4607480155097114 0.5005555329499422 0.008083894517686633 0.012751826533564815
0 0.5300078497992622 0.5299270912452981 0.008126915825737848 0.01127777099609375
0 0.58909117380778 0.4103592060230396 0.006584548950195312 0.009246458830656829
0 0.542043579949273 0.2243109243887442 0.007360967000325521 0.009869526050708913
0 0.6725304709540474 0.2983327229817709 0.00797284444173177 0.011194582338686343
0 0.6274895562065973 0.20799970273618346 0.008152855767144097 0.010825545699508101
0 0.2911792013380263 0.4976769623933015 0.008220100402832031 0.011143719708478009
0 0.34192231496175135 0.709778227629485 0.008270899454752604 0.01081226490162037
0 0.4833252165052626 0.6780147693775318 0.00722948710123698 0.007847708242910879
0 0.28150850931803384 0.49367619267216434 0.007297515869140625 0.011418434425636574
0 0.41458566453721785 0.7463224057798032 0.009503682454427084 0.0140228271484375
0 0.45553781721327036 0.38496058428729024 0.008256657918294271 0.010664000334563077
0 0.7381736755371093 0.6186238324200666 0.008450656467013888 0.01165313720703125
0 0.474740982055664 0.3177769696270978 0.006259070502387153 0.008645290798611111
0 0.3619683583577473 0.7756246496129918 0.009191301133897569 0.011838898835358798
0 0.689640850490994 0.3479939072220414 0.007636600070529515 0.010359107123480902
0 0.5631167517768012 0.6352397777416088 0.008434549967447916 0.01140396683304398
0 0.4699886957804362 0.740825624819155 0.007536188761393229 0.011011307327835649
0 0.6526046117146811 0.23569155799018013 0.00816357930501302 0.010828809384946469
0 0.47945804595947267 0.6640493039731626 0.00838330586751302 0.01019439697265625
0 0.39380198584662535 0.21295862551088685 0.00859480963812934 0.011230751320167825
0 0.3494311650594076 0.31015273200141064 0.007367028130425347 0.01005534419307002
0 0.6502183066474067 0.3944290302417896 0.008008193969726563 0.010639812328197338
0 0.5649120542738173 0.8068841722276475 0.007466337415907119 0.009929911295572916
0 0.5388627370198568 0.47667323924877025 0.007334815131293403 0.010842952021846064
0 0.4325775994194878 0.4363286336263021 0.007970174153645834 0.010901726616753472
0 0.30595982869466143 0.4614381013093171 0.00879762437608507 0.01151897289134838
0 0.4448279486762153 0.41957004688404226 0.009452650282118056 0.011548642758969907
0 0.6473744498358833 0.47967226946795427 0.008960851033528646 0.009976591887297454
0 0.5418468475341797 0.3537423734311704 0.00770229763454861 0.010394145824291087
0 0.619485961066352 0.4463700471100984 0.009465662638346355 0.012113387496383101
0 0.6557900958591039 0.2717962759512442 0.007996156480577258 0.010466851128472222
0 0.44273404015435114 0.3004250844319662 0.008138995700412327 0.010442747893156827
0 0.6644616021050348 0.3477696030228226 0.00705354478624132 0.01028970789026331
0 0.48611346350775825 0.7186876085069445 0.007121149698893229 0.009141484013310185
0 0.6998646842108833 0.42117318047417535 0.007065370347764757 0.009121930157696759
0 0.7061173968844944 0.5713436833134403 0.007653850979275173 0.010437407316984953
0 0.5349102867974175 0.1892048517862956 0.007864888509114583 0.010637113783094619
0 0.516361427307129 0.402486659862377 0.007459725273980034 0.011272656476056136
0 0.6504472520616319 0.25050457142017507 0.008669281005859375 0.010046584517867475
0 0.6954079733954535 0.6630314014576101 0.007444296942816841 0.009816487630208334
0 0.39944801330566404 0.7837801897967303 0.007829454210069444 0.010510706018518518
0 0.56025636461046 0.485357666015625 0.007208251953125 0.010151841905381945
0 0.5890740712483725 0.7079232957628038 0.008226860894097222 0.011303880479600695
0 0.5933106952243381 0.4834832085503472 0.009196853637695313 0.010368629738136575
0 0.32332400996312954 0.523109204215295 0.009490479363335504 0.011269180862991899
0 0.24817682388211992 0.4715490203730605 0.008345004537868768 0.014835563622877714
0 0.3135460260954249 0.39631151914275214 0.0071528610324589435 0.009537148043278591
0 0.32328186472293846 0.3732634113714957 0.008345004537868697 0.012186355833078153
0 0.2942730394246329 0.35789800619065804 0.007550242200928778 0.010066989601238419
0 0.3153342413535396 0.3324656114085819 0.008345004537868768 0.010066989601238419
0 0.2809607702808899 0.3210740179124437 0.007947623369398861 0.010596831159198388
0 0.2825502949547697 0.3266373542710228 0.0071528610324589435 0.005828257137559092
0 0.4724984934834005 0.5168504735786337 0.0071528610324589435 0.012186355833078153
0 0.5197868525313234 0.5491708086141887 0.011126672717158287 0.015365405180837755
0 0.5426362697183449 0.5613571644472669 0.005960717527049084 0.010066989601238419
0 0.5193894713628534 0.44293757624322505 0.00635809869551899 0.007417781811438857
0 0.5251514983056675 0.43340042819994645 0.006755479863989038 0.010596831159198388
0 0.5195881619470883 0.43498995287382625 0.005165955190109202 0.00953714804327852
0 0.4609744395977724 0.4402883684534254 0.00635809869551899 0.008477464927358725
0 0.4669351571248215 0.44638154636996447 0.007152861032458872 0.01006698960123849
0 0.49097671781725283 0.37061420358169606 0.009934529211748498 0.01324603894899795
0 0.5537629424355032 0.41061724120766996 0.010729291548688309 0.01271619739103798
0 0.5784005748806393 0.3989607269325518 0.00834500453786866 0.00953714804327852
0 0.5782018842964045 0.4079680334178704 0.007947623369398827 0.007417781811438786
0 0.580983552475694 0.41565073600828917 0.006358098695518919 0.009007306485318622
0 0.29367696767192797 0.3086227413003856 0.007947623369398827 0.00794762336939879
0 0.29705470760392244 0.3136562361010048 0.010729291548688416 0.008477464927358725
0 0.3679872461758066 0.3263724334920428 0.007152861032458801 0.013775880506957848
0 0.4097122688651502 0.3155106815538645 0.006358098695519061 0.013246038948997984
0 0.4554111032391932 0.3666403918969967 0.007947623369398827 0.011656514275118183
0 0.5044876775452306 0.3518048282741189 0.01072929154868838 0.01059683115919846
0 0.49832826943394665 0.32425306726020314 0.009537148043278591 0.011656514275118149
0 0.4834264756163239 0.3141860776589647 0.007550242200928707 0.008477464927358725
0 0.4864068343798485 0.3088876620793656 0.007152861032458872 0.009537148043278485
0 0.4730945652361055 0.2659704958846121 0.008345004537868803 0.0074177818114388215
0 0.4649482512824717 0.26332128809481253 0.005563336358579037 0.007417781811438857
0 0.4532255068126086 0.2627914465368526 0.007550242200928778 0.009537148043278557
0 0.3967973808898771 0.27736208938075035 0.009139766874808544 0.007947623369398756
0 0.411103102954795 0.2781568517176903 0.009934529211748498 0.009537148043278557
0 0.47985004510009444 0.21669523099433965 0.009139766874808615 0.011656514275118254
0 0.4997191035235914 0.23788889331273644 0.008345004537868732 0.012716197391038015
0 0.5327017405065964 0.266765258221552 0.005165955190109344 0.006887940253478994
0 0.5376690051124706 0.26703017900053194 0.008742385706338708 0.007417781811438928
0 0.57522152553288 0.21748999333127952 0.005165955190109273 0.01324603894899795
0 0.5386624580336454 0.2053036374982014 0.009934529211748498 0.009007306485318622
0 0.627079768018207 0.38597960876253373 0.010331910380218261 0.009007306485318622
0 0.6284706021078518 0.39048326200519307 0.01072929154868838 0.008477464927358654
0 0.6139661894586989 0.41882978535604876 0.007152861032458801 0.01006698960123849
0 0.6854947997832881 0.38333040097273413 0.008742385706338354 0.012186355833078153
0 0.6644335978543814 0.37485293604537545 0.007947623369398827 0.01324603894899802
0 0.6544990686426327 0.3666403918969967 0.007152861032458872 0.010596831159198246
0 0.6417828712515947 0.3714089659186359 0.007152861032458872 0.012716197391038122
0 0.646948826441704 0.3698194412447562 0.0039738116846994844 0.009537148043278591
0 0.6523134722160481 0.3525995906110589 0.005165955190109344 0.01006698960123849
0 0.6463527546889989 0.3446519672416601 0.009934529211748639 0.007947623369398756
0 0.6453593017678243 0.3306111659557222 0.0071528610324590155 0.012716197391038122
0 0.554160323603973 0.3234583049232633 0.006755479863988967 0.011126672717158215
0 0.5295226911588368 0.3359095815353214 0.00834500453786866 0.011656514275118254
0 0.6837065845251732 0.29908559325710704 0.005960717527049013 0.007947623369398719
0 0.6779445575823592 0.3001452763730269 0.005563336358579249 0.011126672717158215
0 0.6805275351774138 0.34730117503145963 0.007550242200928778 0.012186355833078082
0 0.5599223505467872 0.14993519469138986 0.008742385706338708 0.011656514275118202
0 0.5531668706827982 0.14808074923853018 0.00635809869551899 0.010066989601238472
0 0.5315095970011865 0.15417392715506922 0.005960717527049084 0.01165651427511822
0 0.46991551588834596 0.15020011547036982 0.005960717527049155 0.010066989601238453
0 0.4730945652361055 0.15337916481812935 0.006755479863989038 0.009007306485318604
0 0.46335872660859195 0.15920742195568846 0.007947623369398756 0.00900730648531864
0 0.45978229609236254 0.16662520376712728 0.007947623369398684 0.011126672717158321
0 0.4852146908744387 0.19285236088614327 0.007152861032458872 0.01165651427511822
0 0.4905793366487827 0.1743079063575462 0.007550242200928813 0.011656514275118192
0 0.4792539733473896 0.16583044143018744 0.0071528610324589435 0.012716197391038034
0 0.6898659926364573 0.33961847244104076 0.007947623369398827 0.009537148043278449
0 0.7286106565622764 0.43578471521076606 0.00834500453786859 0.01006698960123849
0 0.7319883964942707 0.4577731398661027 0.011126672717158358 0.012716197391038122
0 0.7212591049455825 0.4739333073838802 0.011126672717158215 0.01006698960123849
0 0.7292067283149813 0.4829406138691988 0.008742385706338639 0.012186355833078082
0 0.7693422263304451 0.4829406138691988 0.00874238570633878 0.012186355833078082
0 0.789409975338177 0.46863489180428103 0.01152405388562812 0.012186355833078153
0 0.7802702084633684 0.5065185631984153 0.007550242200928778 0.008477464927358512
0 0.7872243789115925 0.5089028502092349 0.005563336358579108 0.012186355833078153
0 0.7842440201480678 0.5131415826729142 0.007550242200928778 0.013246038948997878
0 0.7415255445375496 0.54095826446581 0.008742385706338639 0.012716197391038193
0 0.7892112847539421 0.5775173319650443 0.005563336358579249 0.008477464927358796
0 0.7594076971186968 0.6395087942463549 0.007947623369398827 0.013775880506957848
0 0.7707330604200899 0.612221954011419 0.009139766874808686 0.010066989601238419
0 0.6380077501511302 0.6206994189387777 0.01311357855950817 0.011126672717158358
0 0.6326431043767861 0.6116921124534591 0.010331910380218403 0.012186355833078153
0 0.6477435887786439 0.5629466891211465 0.010331910380218546 0.013246038948997878
0 0.6376103689826603 0.6501056254055533 0.007550242200928778 0.014835563622877572
0 0.6248941715916222 0.6564637241010723 0.009139766874808544 0.010596831159198388
0 0.5654856869053664 0.6487810215106535 0.0071528610324589435 0.011126672717158358
0 0.5633000904787816 0.6675903968182305 0.006755479863988967 0.008477464927358796
0 0.5931036781140271 0.6093078254426395 0.007550242200928921 0.013775880506957777
0 0.5921102251928523 0.5351300073282509 0.008742385706338639 0.009537148043278591
0 0.6749641988188347 0.5065185631984153 0.011524053885628263 0.011656514275118183
0 0.6686061001233157 0.4967164943761567 0.010729291548688309 0.012186355833078153
0 0.6666191942809658 0.481880930753279 0.009139766874808544 0.01006698960123849
0 0.5728372385220603 0.4916829995755375 0.008345004537868803 0.009537148043278449
0 0.6942371854896265 0.717660424045443 0.00874238570633878 0.012186355833078153
0 0.6107871401109395 0.6869296136837676 0.007947623369398827 0.01324603894899795
0 0.6336365572979609 0.7785922032108337 0.008345004537868732 0.010066989601238419
0 0.5285292382376621 0.7001756526327657 0.007152861032458801 0.010066989601238276
0 0.4681273006302312 0.7197797902772827 0.007152861032458801 0.012186355833078153
0 0.49057933664878284 0.7070635928862445 0.01072929154868845 0.01006698960123856
0 0.4734919464045754 0.6577883279959721 0.0075502422009288495 0.01218635583307801
0 0.4554111032391932 0.6429527643730943 0.008742385706338639 0.01324603894899802
0 0.46057705842930247 0.7205745526142227 0.007947623369398898 0.011656514275118041
0 0.44269490584815513 0.7346153539001604 0.011921435054098168 0.012186355833078153
0 0.44845693279096926 0.7396488487007796 0.008345004537868732 0.011656514275118183
0 0.45103991038602387 0.7470666305122186 0.00953714804327852 0.011656514275118183
0 0.5577367541202026 0.8072036473406692 0.0075502422009288495 0.01324603894899795
0 0.5442257943922246 0.8127669836992485 0.009139766874808686 0.01271619739103798
0 0.5517760365931536 0.8196549239527272 0.007550242200928921 0.01271619739103798
0 0.626881077433972 0.8350203291335648 0.007550242200928778 0.010596831159198246
0 0.4575966996657779 0.8564789122309416 0.009934529211748427 0.011126672717158215
0 0.3965986903056422 0.7592529863452966 0.00953714804327852 0.011656514275118183
0 0.5329004310908313 0.6879892967996875 0.007152861032458872 0.011126672717158073
0 0.26347599886821255 0.6554040409851524 0.008742385706338673 0.01271619739103798
0 0.26804588230561693 0.5735435202803449 0.007550242200928885 0.012186355833078082
0 0.28533196313405923 0.6034795683050804 0.009537148043278557 0.011656514275118112
0 0.2962599452669826 0.6077183007687598 0.009934529211748498 0.013775880506957989
0 0.32328186472293846 0.5923528955879221 0.008345004537868732 0.012716197391038122
0 0.36520557799651704 0.5828157475446436 0.008742385706338639 0.011656514275118254
0 0.3896445198574183 0.5963267072726215 0.006755479863988896 0.012186355833078153
0 0.4071292912700956 0.5889089254611827 0.009139766874808615 0.014305722064917887
0 0.5811822430599289 0.5134065034518942 0.00834500453786866 0.00953714804327852
0 0.3177185283643593 0.5224138099372129 0.006755479863989038 0.013775880506957917
