0 0.5227005428738064 0.5544023584436487 0.007207658555772569 0.009450107150607638
0 0.4466336356268989 0.16894832187228734 0.008677885267469617 0.012688106960720487
0 0.49522936079237195 0.6511641608344185 0.007943767971462673 0.01121323196976273
0 0.5760315153333876 0.8226626925998264 0.008898629082573785 0.012470725730613426
0 0.5379814359876844 0.5025984870062934 0.01002701653374566 0.014058035391348377
0 0.5337716632419163 0.8548730355721933 0.008868450588650174 0.012196858723958336
0 0.5215947045220269 0.16983142428927953 0.00807766384548611 0.010664819788049769
0 0.31825233035617406 0.5548221164279514 0.007722218831380207 0.010147320782696761
0 0.7256298489040799 0.5655238681369358 0.006688774956597222 0.008994604040075231
0 0.3117328113979764 0.4109964017514829 0.00807289547390408 0.011137022795500577
0 0.4317263709174262 0.6448793481897424 0.007780795627170139 0.010384623209635417
0 0.6647987297401245 0.4724405270100523 0.008387247721354166 0.012070097746672453
0 0.3540674739413791 0.5312190020525897 0.008891656663682726 0.011635391800491899
0 0.468420155843099 0.17546528003833914 0.007467481825086806 0.010005244502314815
0 0.5161306381225585 0.5323946917498553 0.008387968275282117 0.011021931966145836
0 0.3603846204941359 0.5218909905714646 0.0080810546875 0.01123575281213831
0 0.48632469177246096 0.6709468135127316 0.007554796006944444 0.010539867259837963
0 0.262286122639974 0.42043735362865303 0.007293616400824653 0.009685742413556134
0 0.5905238045586481 0.8013624685781974 0.007746505737304688 0.010645718044704862
0 0.3940414640638564 0.6148355837221499 0.007935884263780382 0.010200952600549769
0 0.6322763019137912 0.17266021304660373 0.008838780721028646 0.01180370472095631
0 0.6368570327758789 0.478480374371564 0.007685046725802952 0.010332093415436923
0 0.5667241838243273 0.600715806749132 0.008940378824869791 0.012196632667824074
0 0.3777074178059896 0.2554021623399523 0.008719889322916667 0.0109166180645978
0 0.6467727237277562 0.6191539623119212 0.008600023057725694 0.011005542896412037
0 0.3164092063903809 0.49420479668511286 0.008448982238769531 0.011251548484519676
0 0.5348035176595052 0.43175194351761426 0.00790345933702257 0.0115900958025897
0 0.59112425910102 0.39914361459237563 0.008764902750651041 0.011501736111111112
0 0.5006489647759331 0.2583432798032408 0.009380849202473958 0.011410805031105324
0 0.3641832139756944 0.7642348112883391 0.006407843695746528 0.008948206018518519
0 0.5212238311767579 0.6038376702202691 0.008720567491319444 0.011982274938512732
0 0.7478727128770616 0.4543823242187501 0.00854585435655382 0.011580855758101851
0 0.5427643458048502 0.4466160668267144 0.008919058905707464 0.012069221779152199
0 0.6812106026543511 0.749524575692636 0.007447263929578994 0.01026164867259838
0 0.670468775431315 0.7312453941062644 0.007857004801432291 0.011190513328269676
0 0.7615790049235025 0.5420409591109664 0.008950381808810763 0.011886370623553239
0 0.44989916483561193 0.7034614280418112 0.008039262559678819 0.01057467990451389
0 0.41045046912299266 0.5555876272696035 0.007901806301540798 0.01136695014105903
0 0.4758626937866211 0.16000305458351416 0.0077020857069227434 0.010890169496889469
0 0.42810537550184463 0.5148007145634405 0.008123779296875 0.011006277578848377
0 0.4326703601413303 0.7063133239746092 0.007767359415690105 0.010064188639322917
0 0.5711153242323133 0.43463783264160155 0.007068040635850694 0.009511679190176505
0 0.5438305841142054 0.4245496161198726 0.00782900916205512 0.011152677182798032
0 0.4097261640760634 0.4798946239330151 0.007540130615234375 0.010097927517361112
0 0.6970574273003473 0.3049089784975405 0.007275899251302082 0.010170435022424769
0 0.587727525499132 0.7161582381637009 0.008787706163194445 0.012182673701533565
0 0.27976287206013994 0.5671019094961661 0.008219167921278211 0.010331273961950231
0 0.3317564051391516 0.33035292521143433 0.00651995340983073 0.008761455394603587
0 0.3775147967868381 0.8178908171477142 0.007980643378363714 0.010833740234375
0 0.6990318086412217 0.5453032316984953 0.008113988240559896 0.009947939272280092
0 0.6248331069946289 0.36743007236056857 0.007386398315429687 0.010241388391565394
0 0.5568328221638998 0.16915692929868345 0.00882097880045573 0.012111889874493636
0 0.6335434171888563 0.7779343781647858 0.007043923272026909 0.0097808837890625
0 0.5609140819973415 0.47178700764973963 0.006812413533528645 0.009424845377604166
0 0.4242631912231445 0.6902257566098814 0.007501517401801216 0.008803021466290509
0 0.3882215054277285 0.5555310570819971 0.0075991312662760414 0.011728752983940972
0 0.5355009078979492 0.3771242071081091 0.00891253153483073 0.012642556649667245
0 0.39996117485894095 0.22212308247884113 0.008097754584418403 0.010439413565176504
0 0.7178169250488281 0.6520957664207176 0.008363850911458333 0.011025548864293981
0 0.7090021981133354 0.29186974984628183 0.007546446058485244 0.010796271430121528
0 0.32136519749959314 0.5679300378870081 0.007048140631781684 0.010178177445023149
0 0.7657399919297961 0.5796564172815393 0.008059438069661458 0.01067267523871528
0 0.6903227064344618 0.5336930451569735 0.007192230224609375 0.009255416304976852
0 0.5037061055501302 0.2285083912037037 0.00957734849717882 0.01324392248083044
0 0.2917103449503581 0.6221348232693142 0.008135689629448785 0.01121718795211227
0 0.34589476055569124 0.6218908239293982 0.007592667473687066 0.010260800962094908
0 0.6013434092203775 0.21412992124204283 0.008647494845920138 0.01086391872829861
0 0.34937100940280497 0.4825770060221355 0.006382264031304253 0.009403370044849537
0 0.6863022274441188 0.47214563157823347 0.009029218885633681 0.012081598352502894
0 0.46979692247178817 0.516926461678964 0.007342020670572918 0.009629878291377314
0 0.541926638285319 0.7560009143970631 0.007681825425889756 0.009871701841001158
0 0.5356203799190886 0.475764753334495 0.00666656494140625 0.008151584201388888
0 0.7670480092366536 0.6052575570565683 0.009030066596137153 0.011630022967303241
0 0.7410139998744287 0.39895644238354067 0.008502960205078125 0.011242760552300345
0 0.45498930613199867 0.3877882215711806 0.007547717624240452 0.010243733723958336
0 0.5753152211507161 0.1765981391624168 0.008830600314670138 0.011737752843786168
0 0.4919066958957249 0.7285959031846788 0.008808135986328125 0.010476288972077545
0 0.5073479970296224 0.6078553941514757 0.008149888780381944 0.0122283935546875
0 0.4150136947631835 0.6532693368417245 0.008136876424153646 0.0101776123046875
0 0.46321673923068574 0.7531278257016782 0.009759351942274305 0.01188411006221065
0 0.7017078823513455 0.6023880570023148 0.007120174831814236 0.009582971643518519
0 0.4884778340657552 0.2475470083731192 0.0067593892415364586 0.009035746256510416
0 0.4580938975016276 0.6633796126754196 0.007502661810980903 0.00974262378833912
0 0.6919103410508899 0.4480265158194083 0.009347703721788194 0.012164447925708912
0 0.35624121559990773 0.7337880735044124 0.008338525560167101 0.012340573911313657
0 0.424602296617296 0.7675066064905236 0.009396447075737847 0.012148652253327546
0 0.7904188680175969 0.5060949286700044 0.00668885972764757 0.008416239420572917
0 0.47964596218532984 0.6041226704915365 0.0075795491536458336 0.009486841272424768
0 0.2540463977389866 0.498246341281467 0.00770229763454861 0.010904100206163194
0 0.58039304945204 0.452366793597186 0.007618798149956597 0.011434569182219327
0 0.4695702870686849 0.33589206271701394 0.0072672526041666664 0.008965894911024305
0 0.7538666195339627 0.6240804319028501 0.007673899332682293 0.012503899468315972
0 0.32804148991902665 0.6070461414478444 0.005681927998860677 0.009044901529947916
0 0.2606309784783257 0.6550970289442275 0.008620050218370225 0.01077185736762153
0 0.6895761701795791 0.5821113021285447 0.006737603081597222 0.008495359067563657
0 0.6664828700345502 0.2171229345427886 0.006157769097222222 0.007945661191587095
0 0.34694811503092454 0.3619932245325159 0.007466210259331597 0.010072015832971643
0 0.5539836671617295 0.8355043764467592 0.007773632473415799 0.010299908673321761
0 0.4693469153510199 0.322381846110026 0.006987508138020833 0.009554940682870371
0 0.40301054984485873 0.24603656939168556 0.005693520439995659 0.00754066749855324
0 0.4128585902343181 0.2713282448409108 0.008487192789713542 0.011592073793764469
0 0.43106712765163846 0.15659492633960867 0.00796496073404948 0.010349796436451099
0 0.5678942125813673 0.2156130596994349 0.009816487630208334 0.010092926025390626
0 0.7024457295735678 0.3991270418520327 0.008625878228081597 0.011341603597005208
0 0.4038411812474496 0.6301778540501993 0.007758543226453993 0.009926124855324073
0 0.7434686073807623 0.6205086693200248 0.00824033949110243 0.011646977177372685
0 0.3430310567220052 0.49220671477141203 0.009843741522894965 0.012000755027488425
0 0.39286596510145394 0.5661749945746527 0.006104787190755207 0.007561351634837963
0 0.6503155814276802 0.46317806950321905 0.00885208977593316 0.013233523898654514
0 0.6019760767618815 0.4178122343840422 0.00794970194498698 0.011082684552228009
0 0.662074597676595 0.6150325068721064 0.007036972045898438 0.00824573658130787
0 0.587362748280275 0.4720210945331729 0.0060002644856770836 0.007989106354890045
0 0.3527937253316243 0.6994275410970053 0.008690028720431857 0.011420751501012731
0 0.46213687695513106 0.37408572647218236 0.006815931532118057 0.009085309063946759
0 0.6467060301038954 0.5883144519947193 0.008313793606228298 0.011142363371672454
0 0.3243379380967882 0.41943598146791816 0.009652455647786459 0.011983603018301505
0 0.43694021436903213 0.6280004995840567 0.008187188042534722 0.010280467845775463
0 0.47672670152452257 0.4227267936423973 0.007706960042317707 0.010226581714771412
0 0.23938684169734895 0.501201462731187 0.007225112153998907 0.007444054946544369
0 0.3241177024124269 0.4571939614295574 0.007225112153998907 0.014888109893088667
0 0.36927465337491994 0.46157281728046584 0.008867183098089483 0.010509254042180274
0 0.3625421625041483 0.49879309201318733 0.005911455398726418 0.00875771170181686
0 0.36336319797619354 0.49353846499209736 0.0049262128322720145 0.00875771170181686
0 0.36599051148673867 0.4966036640877332 0.0049262128322720145 0.008757711701816788
0 0.39981717293500624 0.47383361366300947 0.006896697965180749 0.00875771170181686
0 0.40162345097350594 0.4703305289822826 0.005911455398726418 0.010509254042180132
0 0.4106548411660046 0.44712259297246804 0.00558304120990826 0.007881940531635151
0 0.4551549637508614 0.46704638709410135 0.006568283776362591 0.008319826116726006
0 0.4628726971880875 0.47711775555119074 0.00558304120990826 0.007444054946544298
0 0.4618874546216331 0.48346709653500797 0.0055830412099081884 0.010509254042180274
0 0.4400479110652274 0.4589455037699209 0.005911455398726418 0.009633482871998566
0 0.5003119147133545 0.5445521356551803 0.007553526342817065 0.01007136845708935
0 0.47551664345758554 0.5600970739259052 0.007881940531635151 0.012260796382543546
0 0.4613948333384059 0.3672084736933894 0.008538768909271396 0.008319826116726006
0 0.44907930125772594 0.36064018991702673 0.00558304120990826 0.008319826116726006
0 0.44595936646395373 0.3630485606350264 0.0059114553987263466 0.00875771170181686
0 0.46517159650981443 0.46770321547173765 0.00689669796518082 0.007881940531635151
0 0.26434632004752695 0.3549476773108458 0.0072251121539988715 0.01007136845708935
0 0.3986677232741428 0.2443815670754082 0.0059114553987262754 0.008757711701816823
0 0.4231345803410936 0.260364390931224 0.00558304120990826 0.010071368457089384
0 0.4200146455473214 0.28773223999940156 0.00525462702109003 0.0070061693614534805
0 0.40950539150514104 0.2912353246801283 0.007225112153998836 0.009633482871998495
0 0.4180441604144125 0.2822586701857661 0.0052546270210901014 0.007444054946544298
0 0.35944234726616736 0.26536923460729633 0.006866842129833657 0.010350022920328996
0 0.4918529770305686 0.18555463477937464 0.005374050362478542 0.008359633897188808
0 0.48677748502156115 0.18575367368168874 0.006568283776362591 0.010350022920328996
0 0.45916083732549096 0.13121701444764744 0.005672608715949537 0.00796155609256079
0 0.4888673934958583 0.19212291855573727 0.004179816948594492 0.004776933655536482
0 0.4914051395003621 0.19510850209044756 0.005075492009007547 0.005971167069420567
0 0.49080802279342 0.20008447464829804 0.005672608715949679 0.007961556092560756
0 0.5076765697645331 0.1718209505197073 0.005971167069420602 0.010350022920328996
0 0.5051388237600295 0.2759182964299393 0.005672608715949608 0.008359633897188879
0 0.5103635949457724 0.2789038799646496 0.007165400483304651 0.010350022920328961
0 0.6172474854884007 0.22794992097226072 0.00716540048330458 0.013534645357353305
0 0.6436698997705866 0.21640566463804758 0.006866842129833657 0.008757711701816823
0 0.5832118331927034 0.3177164659158834 0.008359633897188842 0.011544256334213153
0 0.5897801169690662 0.3260760998130721 0.006568283776362591 0.009155789506444877
0 0.5821668789555549 0.32866360554315444 0.011643775785369997 0.012738489748097237
0 0.6112763184189802 0.3640925301550497 0.006568283776362662 0.010350022920329067
0 0.6892000486749186 0.35035884589538246 0.005971167069420602 0.011544256334213117
0 0.6647182636902943 0.3640925301550497 0.0083596338971887 0.009553867311073034
0 0.6051558721728241 0.2848750470340702 0.005672608715949537 0.009553867311072928
0 0.6050065929960886 0.2798990744762197 0.005374050362478471 0.0075634782879326675
0 0.6056037097030306 0.2685538570443206 0.005971167069420602 0.00796155609256079
0 0.6006774968707586 0.2613884565610159 0.006866842129833514 0.007165400483304651
0 0.5970947966291063 0.2635778844864701 0.005672608715949537 0.007563478287932703
0 0.5981397508662549 0.272335596188287 0.005374050362478613 0.008359633897188736
0 0.5956020048617512 0.28049619118316177 0.005672608715949537 0.007961556092560756
0 0.6954697740978102 0.2753211797229973 0.007165400483304722 0.008757711701816894
0 0.7538379322013963 0.3115462599441488 0.008061075543717777 0.009553867311072821
0 0.7048743622321476 0.3410040174866236 0.008658192250659766 0.00875771170181686
0 0.7077106665901224 0.34697518455604415 0.008359633897188842 0.007961556092560756
0 0.6275477486831511 0.407483010859506 0.008061075543717777 0.0111461785295851
0 0.5520068220940941 0.33661545377937085 0.0046345311961898976 0.007168074916773648
0 0.5540460158204176 0.3395815537449323 0.005005293691884987 0.006179374928253054
0 0.5555290658031983 0.3420533037162336 0.0053760561875802896 0.006673724922513387
0 0.5528410377094083 0.34501940368179507 0.004819912444037442 0.005685024933992863
0 0.7130688309428014 0.43691783173979004 0.01816921610154253 0.013458678593735413
0 0.6610286070470248 0.4653305976598979 0.009196763705719207 0.010467861128460853
0 0.5929501244937136 0.4994259167640274 0.0076265845364500255 0.012860515100680417
0 0.5755659979768055 0.5164735763160923 0.008748141085928083 0.009271534142351072
0 0.5800522241747172 0.5197634755278941 0.004710537507807331 0.008673370649296075
0 0.6261481983582607 0.5103424005122794 0.0076265845364500255 0.010766942874988245
0 0.7196860145847214 0.5474285370816835 0.009421075015614804 0.011963269861098098
0 0.7512017536250517 0.5774862526076925 0.00650502798697218 0.009869697635405999
0 0.7525476214844251 0.6737905749895319 0.014131612523422064 0.009869697635405857
0 0.7047693124766647 0.6543502614652473 0.007850895846345764 0.009869697635405857
0 0.5892489878804364 0.587505491116362 0.007402273226554357 0.010766942874988104
0 0.6156055667931681 0.6343117844479081 0.00807520715624122 0.012262351607625632
0 0.6299614906264859 0.6585374059166318 0.00807520715624122 0.011664188114570635
0 0.5068145814938076 0.5698596680712423 0.008972452395823609 0.011365106368043101
0 0.4795607573414935 0.5713550768038796 0.007402273226554499 0.007776125409713828
0 0.4228099959379095 0.5712055359306158 0.010991254184883772 0.009869697635405928
0 0.3066167374119946 0.5558028259844522 0.007402273226554464 0.009570615888878465
0 0.3376838538325336 0.6109834082187668 0.008972452395823538 0.009869697635405857
0 0.3586569613077711 0.6072448863871738 0.006505027986972109 0.008374288902768612
0 0.36291887619578733 0.6036559054288443 0.008299518466136746 0.01016877938193339
0 0.4060988033506882 0.6093384586128658 0.00807520715624115 0.010168779381933248
0 0.3999302423285595 0.6239934641927111 0.006056405367180844 0.008374288902768683
0 0.35203977766585126 0.6646685817204445 0.005383471437494194 0.008972452395823467
0 0.35338564552522483 0.6730428706232132 0.007177961916658759 0.007177961916658973
0 0.3502452871866866 0.6489667900277533 0.009421075015614733 0.008673370649296146
0 0.42662328820613454 0.6682575626787739 0.007402273226554428 0.011365106368043314
0 0.4627374090993244 0.6298255582499963 0.009196763705719065 0.012860515100680488
0 0.4410913676944 0.6186099927552169 0.008972452395823538 0.009570615888878465
0 0.4546622019430832 0.6012632514566247 0.008299518466136675 0.013757760340262805
0 0.4595970507607862 0.5972256478785041 0.007850895846345551 0.012860515100680417
0 0.48774812015268254 0.6356576523072817 0.008972452395823609 0.010168779381933248
0 0.5651355220666606 0.6986143599513102 0.0076265845364500255 0.008673370649296146
0 0.6389339430223093 0.6755850654686966 0.0067293392968676355 0.009869697635405999
0 0.6509345981017234 0.7454206532828564 0.005607782747389649 0.007776125409713757
0 0.6997223080040138 0.7717398469772722 0.006729339296867493 0.008972452395823609
0 0.6642811210405108 0.7941709779668309 0.010318320255197052 0.011365106368043172
0 0.6473456171433939 0.7467665211422301 0.005607782747389649 0.010467861128460782
0 0.6031562890939629 0.787142556923436 0.010991254184883843 0.011664188114570493
0 0.557845404495054 0.7606738223557565 0.009196763705719136 0.010766942874988387
0 0.5482000181695437 0.7084840575867162 0.006953650606763375 0.00927153414235093
0 0.391518568207475 0.7832544942185791 0.010766942874988316 0.010467861128460782
0 0.36258240923094404 0.7784691862741397 0.004486226197911733 0.008673370649296004
0 0.3986965301241338 0.8363415042272018 0.008972452395823609 0.010766942874988387
0 0.6335504715848151 0.8088259835466762 0.005832094057285246 0.007776125409713757
0 0.6307465802111203 0.8164525680831263 0.005607782747389578 0.009869697635405999
0 0.6232321513296182 0.8182470585622909 0.0040376035781206805 0.0074770436631864355
0 0.6124652084546298 0.8299112466768617 0.0067293392968676355 0.00807520715624122
