0 0.6223078012466431 0.4907443205515544 0.008941888809204102 0.012275791168212891
0 0.5025959014892578 0.10166189273198446 0.009798526763916016 0.01264510949452718
0 0.40234036445617677 0.17719562848409015 0.009270286560058594 0.01304470698038737
0 0.5908818960189819 0.6041064580281575 0.007943487167358399 0.009254837036132812
0 0.39433386325836184 0.5080139636993407 0.008599042892456055 0.011912568410237629
0 0.4932488679885864 0.670538838704427 0.008990907669067382 0.011659876505533856
0 0.5154508590698241 0.2886257807413737 0.007676029205322265 0.011089769999186198
0 0.6239957332611084 0.644289493560791 0.009011173248291015 0.011530876159667969
0 0.4280237197875977 0.6549736022949219 0.00893259048461914 0.012215296427408852
0 0.6348296165466308 0.32402288118998207 0.006501960754394531 0.008826351165771485
0 0.5155168533325195 0.44964712460835776 0.008907604217529296 0.012694454193115235
0 0.3640633225440979 0.6152906099955241 0.007813334465026855 0.009798494974772136
0 0.6268765449523925 0.5172928015391032 0.00803518295288086 0.010206063588460289
0 0.6839514017105103 0.47736536661783857 0.009128427505493164 0.011644744873046875
0 0.4280562162399292 0.458561642964681 0.008733415603637695 0.010887591044108073
0 0.27580851316452026 0.3583374977111816 0.009211993217468262 0.012051328023274738
0 0.2995124697685242 0.5420841852823893 0.007590174674987793 0.010097376505533854
0 0.7619082689285278 0.3808815161387125 0.008515405654907226 0.012366008758544923
0 0.48090577125549316 0.35587956110636393 0.009557437896728516 0.0128848393758138
0 0.5793048143386841 0.6562574068705241 0.008498144149780274 0.010481198628743492
0 0.4028881072998047 0.6095887184143067 0.008190727233886719 0.011609713236490883
0 0.5870268821716309 0.5100270907084147 0.008036422729492187 0.010616175333658854
0 0.3291873574256897 0.5208923816680909 0.0090346097946167 0.012289905548095703
0 0.7286183118820191 0.3568171501159668 0.008282995223999024 0.010762532552083336
0 0.6270267248153687 0.2858059565226237 0.00762629508972168 0.01055908203125
0 0.6360973834991455 0.7296338081359863 0.008422279357910156 0.011904589335123698
0 0.5034037351608276 0.7089264869689942 0.008490037918090821 0.012304751078287761
0 0.44832093715667726 0.12184732755025228 0.009101438522338866 0.011882591247558593
0 0.5147463321685791 0.15710813999176027 0.007954692840576172 0.011804946263631185
0 0.36661108732223513 0.5272767702738445 0.008046698570251466 0.01037769317626953
0 0.7228878736495972 0.32546191215515136 0.009732675552368165 0.012190914154052735
0 0.655362868309021 0.5606349309285482 0.008512163162231445 0.011155064900716145
0 0.2521816730499268 0.44851767222086586 0.008766269683837891 0.011846097310384114
0 0.5245748996734619 0.27041752338409425 0.007933712005615235 0.010411723454793293
0 0.37757350206375123 0.17452515761057533 0.008140492439270019 0.011065212885538737
0 0.5122234582901001 0.18676512241363524 0.006187009811401367 0.008208576838175457
0 0.55198392868042 0.5032052675882975 0.00767812728881836 0.008989206949869792
0 0.672691309218617 0.39715489616058497 0.007186365127563476 0.009511502583821614
0 0.638748025894165 0.2661993741989136 0.009124469757080079 0.011431105931599935
0 0.6453213691711426 0.34556775093078607 0.007480907440185547 0.009111817677815754
0 0.7161764860153198 0.5883328119913737 0.008599615097045899 0.012106068929036458
0 0.6966113090515137 0.3084458192189534 0.007780265808105469 0.00969368616739909
0 0.6526735782623291 0.3382872581481934 0.008458995819091797 0.012439982096354168
0 0.2621679186820984 0.5904675483703614 0.008303189277648925 0.011161486307779946
0 0.25335155725479125 0.6057430267333984 0.008127284049987794 0.011614608764648437
0 0.4667243957519531 0.24602027734120685 0.007390785217285156 0.009318208694458008
0 0.41398422718048095 0.5551007906595866 0.0077937602996826175 0.0115597407023112
0 0.4653395891189575 0.4221785704294841 0.007774496078491211 0.010073439280192059
0 0.3858448266983032 0.2832379023234049 0.007172346115112305 0.00961290995279948
0 0.42863898277282714 0.5090766112009684 0.00804595947265625 0.010083802541097005
0 0.5417701482772828 0.6054203351338704 0.009144353866577148 0.012838681538899742
0 0.5067825317382812 0.12264419794082641 0.007741165161132812 0.010656476020812988
0 0.4338958501815796 0.5619839668273926 0.008191156387329101 0.010775438944498698
0 0.6184969902038574 0.7774775822957358 0.009063148498535156 0.011372121175130208
0 0.6563125794355491 0.23784676280791078 0.009340238571166993 0.012358681360880535
0 0.4706275216309561 0.48608838550021227 0.009935712814331055 0.014164129892985024
0 0.5500014543533325 0.41558620134989427 0.007541513442993164 0.010357062021891274
0 0.6260900020599365 0.6055203437805176 0.0064793586730957035 0.007871564229329426
0 0.3909165382385254 0.7696257591247558 0.008960866928100586 0.01134904225667318
0 0.33083282709121703 0.3294365406036377 0.00819547176361084 0.011652469635009766
0 0.5856539964675904 0.7391418457031249 0.008803224563598633 0.01174303690592448
0 0.38288413286209105 0.6127227783203125 0.007528233528137207 0.010631052652994792
0 0.6525036811828613 0.731927998860677 0.007370567321777344 0.00959154764811198
0 0.5236556023875295 0.7128119385048083 0.008648967742919922 0.01147289276123047
0 0.5268363237380981 0.3087024847666423 0.009375524520874024 0.011718018849690754
0 0.6902258634567261 0.5511692682902019 0.008782720565795899 0.011324183146158856
0 0.4050272464752197 0.5464624404907227 0.007620620727539063 0.009504572550455729
0 0.3396237254142761 0.2387782653172811 0.008628010749816895 0.011846144994099937
0 0.4508516311645508 0.6948643366495769 0.008026981353759765 0.01049054463704427
0 0.5355603933334351 0.2252662976582845 0.008704710006713866 0.012024593353271485
0 0.7346455574035644 0.44917314847310386 0.007936573028564453 0.011124769846598305
0 0.6721510648727417 0.6321459134419759 0.007806539535522461 0.010216458638509113
0 0.5058011531829835 0.1624445597330729 0.007466602325439453 0.010015805562337242
0 0.6009175062179565 0.38948496182759607 0.007723760604858398 0.010154628753662109
0 0.6998391151428223 0.2517764409383138 0.009617805480957031 0.012323538462320961
0 0.6770375490188598 0.3187955856323242 0.008457326889038086 0.010257784525553386
0 0.7560520648956299 0.435343329111735 0.007134914398193359 0.010053952534993492
0 0.5772581338882445 0.8199514706929524 0.008753442764282226 0.012218538920084636
0 0.7395940780639648 0.29676318168640137 0.009384727478027344 0.011482715606689453
0 0.5319774627685547 0.5790338198343913 0.007115840911865234 0.008816210428873698
0 0.3015498399734497 0.41946579615275065 0.008164787292480468 0.011140251159667968
0 0.5392165660858155 0.32735888163248694 0.008152580261230469 0.012795639038085938
0 0.6888472080230713 0.4050905704498291 0.007197380065917969 0.009152444203694661
0 0.4818598985671997 0.6904150644938152 0.009643793106079102 0.012849044799804688
0 0.5772772073745728 0.6426242192586265 0.008054971694946289 0.008430099487304688
0 0.47162935733795164 0.33980488777160645 0.008349466323852538 0.010770702362060547
0 0.6548536777496338 0.6132270812988281 0.008475399017333985 0.010942967732747395
0 0.6540147066116333 0.2516903320948283 0.007299089431762695 0.010988632837931313
0 0.6161095690308429 0.18813618177551916 0.007944488525390625 0.009196996688842773
0 0.5672621488571167 0.4419507503509522 0.007562685012817383 0.009569708506266277
0 0.26362165944639177 0.4720059740608158 0.006987333297729492 0.008819198608398438
0 0.5520486354827882 0.46995930671691893 0.00809793472290039 0.011178112030029297
0 0.44069201946258546 0.3613680998484293 0.008246183395385742 0.011130619049072265
0 0.3232490301132202 0.27249677975972486 0.009441661834716796 0.012316672007242839
0 0.3191951036453247 0.4464796384175619 0.008120155334472657 0.01119524637858073
0 0.4488133430480957 0.6266698837280273 0.007912540435791015 0.009670893351236979
0 0.5779738903045654 0.4037116209665934 0.006433677673339844 0.009276421864827473
0 0.43315863609313965 0.23405521710713703 0.008710861206054688 0.011655362447102864
0 0.6182266762114847 0.39957294434989116 0.0076339244842529306 0.012353992462158203
0 0.5401413679122925 0.2511287212371826 0.008553266525268555 0.011218738555908204
0 0.6367670774459839 0.6093362490336101 0.00868535041809082 0.011795234680175782
0 0.3468535304069519 0.41995987892150877 0.007425093650817871 0.009759871164957683
0 0.46850974559783937 0.7747765858968099 0.007149744033813477 0.00993334452311198
0 0.3754706859588623 0.27431435585021974 0.00785360336303711 0.010120296478271484
0 0.5445761919021607 0.5398212750752767 0.008163881301879884 0.01078675587972005
0 0.2559072971343994 0.5510459264119466 0.008233451843261718 0.011375681559244793
0 0.42737176418304446 0.24565010865529377 0.009068822860717774 0.009209903081258138
0 0.4668853998184204 0.8305279731750488 0.007427358627319336 0.010270118713378906
0 0.28512733693638687 0.5529982582301144 0.010991254184883914 0.013757760340262735
0 0.29623074677621847 0.5102295684766888 0.010766942874988245 0.012561433354152954
0 0.27806153067467576 0.47643333111908676 0.00852382977603245 0.011963269861098098
0 0.3622904275404694 0.5552413713290703 0.007402273226554499 0.010467861128460711
0 0.3714871912461885 0.5927761305182654 0.009645386325510258 0.014355923833317661
0 0.42655561782555557 0.5769247979523104 0.010318320255197052 0.013757760340262735
0 0.3967222136094422 0.46940491007569163 0.007626584536449883 0.01226235160762549
0 0.4053581990404224 0.4686572057093729 0.009196763705719136 0.011365106368043172
0 0.29499703457179277 0.3938867690775101 0.0074022732265543924 0.013159596847207808
0 0.2961185911212707 0.37444645555322575 0.009645386325510258 0.011365106368043172
0 0.2775007523999368 0.3454355261400629 0.010991254184883843 0.013159596847207808
0 0.35197210728527223 0.3244998038831413 0.008299518466136746 0.010168779381933356
0 0.3939183222357474 0.3772877321452365 0.01278574466404848 0.011664188114570635
0 0.4264434621706077 0.3635299718049737 0.006505027986972109 0.011664188114570564
0 0.4176953210846798 0.34498690352027167 0.00560778274738972 0.007477043663186293
0 0.42173292466280043 0.3482768027320736 0.005159160127598526 0.007477043663186293
0 0.42184508031774826 0.34214562692826095 0.007177961916658902 0.006579798423603904
0 0.4230787925221739 0.33780894160361286 0.005159160127598526 0.009869697635405785
0 0.4273407074101901 0.33601445112444817 0.004710537507807402 0.012860515100680345
0 0.45380944197786954 0.4214022897580356 0.006953650606763233 0.010766942874988245
0 0.48981140721611155 0.4211032080115082 0.008523829776032556 0.01315959684720788
0 0.31697954294156044 0.20456802352563316 0.008299518466136746 0.011963269861098063
0 0.40748915648443046 0.24793487677211368 0.007177961916658759 0.007776125409713757
0 0.39133874217194814 0.23447619817837834 0.0058320940572853175 0.0071779619166588305
0 0.3895442516927834 0.2225129283172803 0.0076265845364500255 0.012561433354152989
0 0.4268920847903989 0.2356725251644881 0.006953650606763304 0.01315959684720788
0 0.43721040504559594 0.21443772116103907 0.008748141085928012 0.012561433354152989
0 0.40883502434380403 0.11903064401878201 0.008972452395823538 0.010766942874988264
0 0.5278321742434139 0.2065120548780616 0.0096453863255104 0.012860515100680417
0 0.5289537307928918 0.19918455208813904 0.009196763705719136 0.007776125409713721
0 0.5470107912394867 0.19918455208813904 0.008523829776032343 0.011963269861098027
0 0.5569926445298404 0.19410016239717237 0.006056405367180844 0.010168779381933356
0 0.5285051081731007 0.16194887464547128 0.008299518466136888 0.009271534142351
0 0.6639891393500363 0.24344865057420187 0.007402273226554428 0.011963269861098098
0 0.6357259143031923 0.2132413941749293 0.008748141085928012 0.013159596847207916
0 0.6427917205649032 0.21593312989367633 0.007177961916658973 0.011365106368043172
0 0.6230523252940914 0.31537781061405395 0.006729339296867707 0.012262351607625526
0 0.5551981540506756 0.33750985985708537 0.008299518466136817 0.010467861128460711
0 0.6159865190323802 0.34453828090048055 0.006505027986972039 0.01016877938193332
0 0.6209213678500831 0.346482312252909 0.006953650606763233 0.009869697635405928
0 0.6473901024177627 0.36397859442476493 0.009196763705719207 0.013757760340262735
0 0.5919852088735523 0.4085417746573552 0.007850895846345551 0.013757760340262735
0 0.6119489154542597 0.387905134146961 0.006056405367180986 0.011365106368043172
0 0.6505304607563009 0.41153259212262966 0.009196763705719207 0.009570615888878465
0 0.6396513622263649 0.4148224913344316 0.006280716677076441 0.008972452395823538
0 0.6494089042068231 0.4209536671382444 0.006056405367180986 0.007477043663186293
0 0.6390905839516259 0.4237949437302552 0.006505027986972039 0.008972452395823609
0 0.5854801808865802 0.43979581716947386 0.009196763705719136 0.008673370649296004
0 0.6475022580727106 0.5189029391259848 0.0067293392968676355 0.01315959684720788
0 0.6547923756443171 0.5208469704784133 0.006953650606763233 0.009869697635405928
0 0.6525492625453612 0.5129213041954358 0.009196763705719065 0.01016877938193339
0 0.6607366253565502 0.5371469256641594 0.0071779619166588305 0.011963269861098027
0 0.6647742289346706 0.5461193780599829 0.010318320255197052 0.011365106368043172
0 0.6181174764763883 0.5709431630217614 0.0076265845364500255 0.011365106368043101
0 0.5946769445922994 0.492583745431569 0.006953650606763233 0.008972452395823538
0 0.5998361047198979 0.49796721686906326 0.006953650606763233 0.008374288902768754
0 0.7162536745557084 0.6030944507734625 0.010094008945301595 0.01226235160762542
0 0.7571904886116534 0.5745321439800908 0.006729339296867778 0.011365106368043101
0 0.7566297103369144 0.49811675774232694 0.008748141085928012 0.011664188114570564
0 0.5747132380115919 0.5947201618706938 0.010542631565092435 0.01226235160762549
0 0.5825641338579375 0.6271705313689222 0.008748141085927941 0.010766942874988245
0 0.6487359702771363 0.6433209456814046 0.00785089584634548 0.008972452395823538
0 0.6280993297667421 0.6789116735181713 0.006953650606763233 0.011365106368043172
0 0.6229401696391436 0.6871364215476764 0.006953650606763233 0.00807520715624122
0 0.7101972691885274 0.6370402290043282 0.008299518466136675 0.007177961916658902
0 0.7143470284215959 0.640479669089394 0.005832094057285389 0.010467861128460782
0 0.7142348727666481 0.6473585492595254 0.006505027986972039 0.01106602462151571
0 0.7359930698265202 0.6618640139661067 0.01143987680467518 0.012561433354153025
0 0.717487386760134 0.6158054250008792 0.009421075015614662 0.01016877938193339
0 0.6632040497654016 0.5812614832769585 0.009421075015614804 0.009869697635405928
0 0.5209906792915985 0.7191381684261137 0.009421075015614733 0.009271534142351072
0 0.5191961888124338 0.7364849097247059 0.0076265845364500255 0.01226235160762556
0 0.5139248730298874 0.7574206319816276 0.00874814108592787 0.01226235160762556
0 0.5868260487459538 0.7728233419277912 0.008299518466136746 0.013159596847207808
0 0.6116124484894163 0.8106571828635137 0.008972452395823538 0.011664188114570635
0 0.517401698333269 0.7236243946240254 0.007626584536450096 0.009869697635405857
0 0.44618285744141956 0.7351390418653324 0.007402273226554499 0.011963269861098098
0 0.4540337532877652 0.7447096577542109 0.006056405367180915 0.010766942874988245
0 0.45807135686588574 0.7493454248253864 0.005159160127598597 0.011664188114570635
0 0.4538094419778696 0.7699820653357804 0.007850895846345622 0.012860515100680345
0 0.4812875774400791 0.7791040586048678 0.008972452395823538 0.012561433354153167
0 0.48151188874997475 0.7629536442923853 0.008972452395823538 0.01016877938193332
0 0.5034943971197425 0.7508408335580237 0.010766942874988245 0.010467861128460924
0 0.45908075776041585 0.7904691649729108 0.008972452395823538 0.010766942874988245
0 0.4460707017864718 0.8196296352593376 0.008523829776032343 0.01226235160762556
0 0.46491285181770126 0.8060214157923384 0.008972452395823538 0.009570615888878536
0 0.476689195587219 0.798544372129152 0.00874814108592787 0.012561433354152895
0 0.49328823251949316 0.8283030059086335 0.006953650606763304 0.011664188114570777
0 0.48420362446872184 0.8179846856534365 0.00807520715624122 0.011963269861098098
0 0.49732583609761377 0.808414069764558 0.006953650606763162 0.01315959684720795
0 0.48835338370179016 0.839518571403413 0.009196763705719136 0.011365106368043172
0 0.38763760555867094 0.7204840362854873 0.00964538632551033 0.013757760340262735
0 0.35982300313161786 0.678612591771644 0.01143987680467511 0.01615041431248244
0 0.3031843973829818 0.6757713151796332 0.010318320255197086 0.014056842086790198
0 0.33402720249362533 0.637189769877592 0.00964538632551033 0.01405684208679034
0 0.35724342306781864 0.6309090532005155 0.009421075015614733 0.01226235160762542
0 0.4582956681757814 0.5171084486468202 0.006953650606763304 0.011963269861098098
0 0.462333271753902 0.5221928383377868 0.006056405367180915 0.011963269861098098
0 0.4715300354596211 0.5165102851537653 0.009196763705719136 0.013757760340262805
0 0.47758644082680207 0.5622697923724654 0.00964538632551033 0.01016877938193332
0 0.5527307296418242 0.5781211249384203 0.008299518466136746 0.010766942874988245
0 0.5454406120702177 0.5772238796988379 0.00628071667707637 0.010766942874988245
0 0.5446555224855831 0.6119173622960222 0.006953650606763233 0.010766942874988245
0 0.5175138539882167 0.6443677317942508 0.00874814108592787 0.011664188114570635
0 0.5240188819751889 0.6219366008046919 0.008299518466136746 0.013458678593735413
0 0.5572169558397361 0.49841583948885443 0.006505027986972039 0.012262351607625632
0 0.5761712615259132 0.5006589525878102 0.0062807166770765125 0.012561433354153025
0 0.5230094810806587 0.3654740031574022 0.00807520715624122 0.01315959684720788
0 0.6509790833760922 0.43665545883093565 0.010094008945301453 0.012561433354152883
0 0.5934393436025123 0.7046859872549601 0.006514000439367891 0.010132889572350052
