0 0.5781170129776001 0.49474099477132166 0.007185888290405273 0.00953222910563151
0 0.5136937618255615 0.5033089796702067 0.007477951049804687 0.009156576792399089
0 0.7252601146697998 0.36665183703104653 0.00816516876220703 0.011125596364339192
0 0.53515465259552 0.4157970905303955 0.00796971321105957 0.011300373077392577
0 0.7576091766357422 0.4532360871632894 0.009289360046386719 0.012397416432698568
0 0.7236994743347168 0.5655173937479655 0.009040260314941406 0.012639935811360676
0 0.6182975769042969 0.4804640293121337 0.008327770233154296 0.010632928212483723
0 0.7420585632324219 0.6016616503397624 0.008864974975585938 0.011211458841959636
0 0.3382045149803162 0.730839188893636 0.009158873558044433 0.012678972880045573
0 0.32080367803573606 0.5538691838582356 0.008501410484313965 0.011156463623046875
0 0.5208832025527953 0.564661725362142 0.008583879470825196 0.011474990844726562
0 0.5579998731613159 0.4799917697906494 0.007808065414428711 0.010138988494873047
0 0.4795551300048828 0.39493323961893717 0.008733272552490234 0.011558055877685547
0 0.5386458635330201 0.7995317141215007 0.008600378036499023 0.011337089538574218
0 0.527822756767273 0.3170187632242839 0.008543920516967774 0.011761411031087238
0 0.6535813331604003 0.29633447329203283 0.0082916259765625 0.010362974802652995
0 0.5406175613403321 0.23471205234527587 0.008553123474121094 0.012103700637817382
0 0.4517362117767334 0.5415726661682129 0.008356380462646484 0.011360867818196613
0 0.4880934715270996 0.7539253552754721 0.006582927703857422 0.010224850972493489
0 0.30974501371383667 0.21956544717152912 0.007850861549377442 0.009477917353312175
0 0.5339467048645019 0.2236843744913737 0.007314300537109375 0.008752663930257162
0 0.5806946277618408 0.22930644353230792 0.008565902709960938 0.01250613530476888
0 0.5137973070144654 0.6832621892293294 0.008018922805786134 0.011177317301432293
0 0.49385621547698977 0.6310165723164876 0.007552480697631836 0.011644681294759117
0 0.5205776691436768 0.42838144302368164 0.007559299468994141 0.011342557271321614
0 0.5118728160858155 0.359263022740682 0.007834243774414062 0.00967721939086914
0 0.42970709800720214 0.2963540236155192 0.006574153900146484 0.008783499399820963
0 0.24894473552703858 0.5888131141662598 0.007844114303588867 0.010407956441243489
0 0.5778450727462768 0.2637056827545166 0.006642007827758789 0.010927549997965495
0 0.4508941173553467 0.5032852013905843 0.008616828918457031 0.011262226104736327
0 0.5538949489593505 0.40425232251485194 0.007756423950195312 0.009499835968017577
0 0.5199085474014282 0.7989667574564615 0.00834345817565918 0.0107662836710612
0 0.7658970164912426 0.4265810833654311 0.008607101440429688 0.01082118352254232
0 0.7362460851669311 0.335702912012736 0.008097600936889649 0.009307320912679036
0 0.533180332183838 0.10752493143081665 0.007732486724853516 0.011152386665344238
0 0.4192535161972046 0.22225758234659831 0.007483625411987304 0.009704113006591797
0 0.5302376747131348 0.4955897808074951 0.007047843933105469 0.0089933713277181
0 0.4157132148742676 0.19477184613545734 0.009064006805419921 0.010833549499511718
0 0.5950624465942382 0.260654354095459 0.00835275650024414 0.011487611134847005
0 0.23404821157455444 0.5305807908376058 0.00775301456451416 0.010847314198811847
0 0.5848401784896851 0.444744618733724 0.008621644973754884 0.01128851572672526
0 0.48752365112304685 0.4318640391031901 0.009129142761230469 0.012407302856445312
0 0.4383562088012695 0.5513086954752605 0.007900333404541016 0.01167449951171875
0 0.47338061332702636 0.36423511505126954 0.00781698226928711 0.010780143737792968
0 0.3096550107002259 0.41939172744750974 0.007177424430847168 0.009593645731608072
0 0.26465641260147094 0.458913246790568 0.007887434959411622 0.010606924692789711
0 0.4698023319244385 0.18498837153116862 0.0070708274841308595 0.00932143529256185
0 0.7283781290054321 0.4592225710550944 0.00779414176940918 0.009504318237304688
0 0.4057976722717285 0.5023547808329264 0.008087348937988282 0.01105206807454427
0 0.30039794445037843 0.6649826367696128 0.00695333480834961 0.009143765767415364
0 0.5709433555603027 0.5799934387207031 0.007973861694335938 0.011606597900390625
0 0.4994582592376342 0.7215342844741205 0.008963696235938049 0.010467924911561087
0 0.44833495616912844 0.19588462511698407 0.007953023910522461 0.009911950429280598
0 0.3383673787117004 0.4588322480519612 0.00817248821258545 0.010130723317464195
0 0.2802650332450866 0.35288281440734864 0.008897709846496581 0.011828200022379559
0 0.29770257472991946 0.6014434496561687 0.008141756057739258 0.0114681879679362
0 0.6333370923995972 0.35438612302144373 0.006965208053588867 0.008926486968994141
0 0.41950991153717043 0.6161868413289388 0.007906675338745117 0.011823654174804688
0 0.654394555091858 0.33360082308451333 0.00674748420715332 0.010184129079182945
0 0.35281368494033816 0.4577781200408936 0.008795428276062011 0.011935965220133465
0 0.357231867313385 0.5070489406585693 0.007035994529724121 0.0097291628519694
0 0.3882188320159912 0.43041920661926264 0.00919651985168457 0.010669549306233726
0 0.40582735538482667 0.3559063275655111 0.008678865432739259 0.010747718811035156
0 0.4410806655883789 0.271712589263916 0.005690383911132813 0.007468159993489583
0 0.5521687984466552 0.2707411686579386 0.006462001800537109 0.00848530133565267
0 0.4200364351272583 0.40897717475891116 0.009149408340454102 0.011423206329345703
0 0.494594144821167 0.7275108337402344 0.007232666015625 0.009797032674153645
0 0.37799777984619143 0.5189385890960694 0.007847261428833009 0.010886669158935547
0 0.5911248445510864 0.5061206022898356 0.008053922653198242 0.010598532358805339
0 0.6250019788742066 0.633262856801351 0.008722352981567382 0.011867332458496093
0 0.45218329429626464 0.6388366063435873 0.008107757568359375 0.009969202677408855
0 0.48481552600860595 0.3255475521087646 0.00771021842956543 0.010790157318115234
0 0.5755177497863769 0.757456906636556 0.008475971221923829 0.011716079711914063
0 0.6894629955291748 0.6712969462076823 0.00827960968017578 0.011776987711588542
0 0.4154575109481812 0.4807395776112874 0.008707857131958008 0.01002353032430013
0 0.7356596946716308 0.5073500156402588 0.006874752044677734 0.00871712366739909
0 0.34519152641296386 0.6948884010314942 0.008834123611450195 0.010877927144368492
0 0.621665096282959 0.7338393847147624 0.007722377777099609 0.010745048522949219
0 0.2720774531364441 0.4714022954305013 0.008050084114074707 0.010869534810384114
0 0.28219743967056277 0.6623715082804362 0.007942795753479004 0.010427220662434894
0 0.5714176893234252 0.3812974452972412 0.008169031143188477 0.011861260732014973
0 0.6955572201883534 0.4617217742082178 0.007302284240722655 0.010405921936035156
0 0.352195942401886 0.6157583554585776 0.009842562675476074 0.013057009379069012
0 0.2754055619239807 0.29257295926411947 0.008164525032043457 0.01028598149617513
0 0.6170149087905883 0.784817123413086 0.00855269432067871 0.010325113932291664
0 0.580162501335144 0.5744575149085257 0.006833696365356445 0.009317398071289062
0 0.44131653308868407 0.7328967412312825 0.007179689407348633 0.011698404947916664
0 0.6036885499954223 0.3392227967580159 0.007682943344116211 0.010350831349690755
0 0.4065649747848511 0.5537556012471517 0.009043359756469726 0.011297162373860676
0 0.5115897655487059 0.6255681355794271 0.007977104187011719 0.011072794596354164
0 0.5991773128509521 0.7508748054504395 0.00774679183959961 0.01026503245035807
0 0.2873599767684936 0.5365058898925781 0.007710552215576172 0.010417683919270832
0 0.24237356185913086 0.3651313463846842 0.009428596496582032 0.012782414754231773
0 0.35782015323638916 0.2347124735514323 0.00714726448059082 0.010485235850016277
0 0.3819570422172546 0.7319480895996093 0.008841681480407714 0.01156450907389323
0 0.37274430990219115 0.1484711249669393 0.007497143745422363 0.00908068021138509
0 0.5804572582244873 0.5189006328582764 0.00685586929321289 0.009289391835530599
0 0.5141069650650025 0.4358855724334717 0.008313512802124024 0.011967436472574871
0 0.5562981843948365 0.578972848256429 0.009437894821166993 0.013684908548990883
0 0.4656838893890381 0.7724506378173828 0.008099174499511719 0.01189130147298177
0 0.4189079761505127 0.5129673639933268 0.008172416687011718 0.011047935485839844
0 0.5791043043136597 0.7375446637471517 0.006377172470092773 0.00951976776123047
0 0.7750260829925537 0.5067027409871419 0.009041976928710938 0.011691411336263023
0 0.6432657480239868 0.16915871302286786 0.007332944869995117 0.009625466664632161
0 0.6144879579544067 0.5030391693115235 0.007971906661987304 0.009596570332845052
0 0.6605220079421997 0.39083964029947915 0.00819087028503418 0.010758018493652344
0 0.31178696155548097 0.4947228113810222 0.006425142288208008 0.009073321024576824
0 0.3191353797912598 0.3549289067586263 0.007473993301391602 0.009414482116699218
0 0.2667046666145325 0.6081818898518879 0.00789182186126709 0.01135101318359375
0 0.502535629272461 0.7040745417277017 0.00746622085571289 0.011348597208658854
0 0.31148902177810667 0.619831403096517 0.00829923152923584 0.009964752197265624
0 0.48834450244903566 0.13810425599416096 0.008408689498901367 0.010386991500854491
0 0.544881534576416 0.5328181743621827 0.008059215545654298 0.009729480743408203
0 0.4140384435653687 0.6334207852681478 0.007129144668579101 0.010475985209147136
0 0.5402215957641602 0.8371738433837891 0.007510185241699219 0.009936650594075521
0 0.6543706178665161 0.577431583404541 0.007848119735717774 0.010028139750162762
0 0.7345253705978394 0.5901214917500813 0.00574803352355957 0.008090527852376302
0 0.6283153772354125 0.7112495104471843 0.009440374374389649 0.011932182312011718
0 0.5111069440841676 0.4048268795013427 0.007142400741577149 0.00965579350789388
0 0.3568738341331482 0.522215747833252 0.008075785636901856 0.010142580668131512
0 0.5785263538360595 0.6796383857727051 0.008025074005126953 0.011070823669433594
0 0.2494497060775757 0.5454711914062499 0.0097625732421875 0.013100179036458333
0 0.42883079051971434 0.4393494129180909 0.007648611068725586 0.011478583017985024
0 0.47158987522125245 0.6879771550496419 0.007140398025512695 0.009585952758789063
0 0.4281024932861328 0.5445226033528646 0.006588268280029297 0.006452051798502604
0 0.43583629131317136 0.14255985418955486 0.007901525497436524 0.01089482307434082
0 0.3775137305259705 0.1634305238723755 0.007395005226135254 0.010406796137491863
0 0.3875866889953613 0.40457077026367183 0.008553171157836914 0.010242207845052082
0 0.5111969709396361 0.7084821701049805 0.00777277946472168 0.009953053792317708
0 0.5969581365585327 0.45913073221842454 0.007343435287475586 0.009197107950846354
0 0.3130521522751325 0.30317006840602795 0.009081101417541504 0.012844308217366535
0 0.6093219518661498 0.5640631675720215 0.008935308456420899 0.010841433207194011
0 0.5668323755264282 0.3223052342732748 0.007090902328491211 0.009092076619466146
0 0.4276044607162476 0.13692971467971804 0.007740831375122071 0.009625474611918131
0 0.4189957618713379 0.15085883935292563 0.007987403869628906 0.010235071182250977
0 0.4079898834228516 0.17291417121887206 0.009090518951416016 0.01164712905883789
0 0.4000314186908588 0.6986431001760789 0.008359633897188771 0.010350022920328996
0 0.40600258576027926 0.700235411394591 0.007762517190246783 0.01114617852958517
0 0.4403367964094476 0.6759526653122808 0.0083596338971887 0.013534645357353412
0 0.4551154349062635 0.6727680428752564 0.011643775785370068 0.01114617852958517
0 0.480492894951301 0.6729670817775704 0.009255308957601755 0.009155789506445017
0 0.4428745424139514 0.7052113839524415 0.008061075543717848 0.009155789506444877
0 0.4585488559711804 0.710784473217234 0.008956750604130903 0.010748100724956942
0 0.465117139747543 0.7006334891992191 0.008359633897188771 0.012738489748097237
0 0.38570061772424935 0.740242230759709 0.007762517190246712 0.012340411943469291
0 0.32419759690921746 0.7653211324512753 0.010748100724957048 0.013932723161981358
0 0.3885369220822241 0.7999539014539147 0.008658192250659766 0.013136567552725324
0 0.39719511433288396 0.8114981577881278 0.008658192250659908 0.013932723161981499
0 0.40645042329048586 0.8085125742534174 0.010449542371486018 0.01353464535735327
0 0.40227060634189143 0.7979635124307746 0.009255308957601897 0.012340411943469149
0 0.41346654459705495 0.7659182491582175 0.010150984018014952 0.010350022920328996
0 0.41018240270887374 0.7559663040425164 0.008359633897188842 0.01114617852958517
0 0.47078974846349253 0.8419511098421725 0.011345217431899073 0.015126956575865477
0 0.5487134787194311 0.8198577916853165 0.008359633897188771 0.010748100724957084
0 0.5839433644290124 0.7894048396312716 0.007165400483304865 0.011942334138841205
0 0.5833462477220703 0.7820404002456529 0.008359633897188913 0.0083596338971887
0 0.5817041767779797 0.7766663498831744 0.006866842129833657 0.010350022920328996
0 0.5697618426391386 0.7356643360064864 0.0068668421298335855 0.011942334138841205
0 0.5266201605625749 0.6721709261683144 0.007165400483304651 0.011544256334213117
0 0.532143490101789 0.6729670817775704 0.007463958836775646 0.012340411943469291
0 0.5384132155246806 0.6739622762891405 0.008658192250659766 0.011146178529585028
0 0.5467728494218693 0.6741613151914544 0.010449542371486018 0.012340411943469149
0 0.5519976206076123 0.6697824593405461 0.007165400483304722 0.0083596338971887
0 0.5728967053505845 0.6755545875076527 0.008359633897188842 0.01114617852958517
0 0.6085744285903723 0.7862202171942471 0.008658192250659766 0.010350022920328996
0 0.5972292111584732 0.805128912914079 0.009852425664543887 0.012340411943469291
0 0.6384302639374753 0.7685057548882994 0.008061075543717848 0.010748100724957084
0 0.6430579184162761 0.7581557319679706 0.007762517190246712 0.013136567552725324
0 0.6594786278571826 0.7627336267211929 0.00716540048330458 0.011146178529585028
0 0.6466406186579284 0.7776615443947443 0.007762517190246854 0.013136567552725324
0 0.6446999893603669 0.7860211782919332 0.008061075543717634 0.010748100724956942
0 0.6717195203494949 0.730688363448636 0.007762517190246854 0.010748100724957084
0 0.6658976324568099 0.7229258462583892 0.008061075543717777 0.009553867311072821
0 0.610813616241405 0.7147652512635142 0.008956750604130903 0.012340411943469149
0 0.64126656829545 0.6870988438418657 0.010150984018014952 0.011942334138841205
0 0.6472377353648704 0.6815257545770731 0.009553867311072821 0.011942334138841063
0 0.6496262021926387 0.6305717955846843 0.010748100724956942 0.010350022920329067
0 0.6560452067922656 0.6281833287569163 0.008658192250659766 0.011942334138841134
0 0.7041131017011014 0.6321641068031966 0.011643775785370139 0.011942334138841276
0 0.7218773237326278 0.6488833745975743 0.00895675060413069 0.012738489748097237
0 0.5846897603126899 0.6140515666926208 0.008658192250659908 0.011544256334213045
0 0.588720298084549 0.6094736719393983 0.006568283776362591 0.01114617852958517
0 0.5937957900935564 0.6027063492607218 0.005971167069420602 0.011942334138841205
0 0.5015412588710084 0.5893707428056825 0.007762517190246783 0.013136567552725324
0 0.49780927945262055 0.595341909875103 0.005075492009007405 0.00995194511570098
0 0.4985556753362982 0.6122602165717946 0.008956750604130832 0.012738489748097237
0 0.5085573801775777 0.636144884849477 0.009255308957601968 0.01114617852958517
0 0.5134835930098497 0.6453006743559218 0.008956750604130903 0.014330800966609302
0 0.52079827266989 0.6620199421502995 0.008061075543717777 0.010350022920328996
0 0.6779892457723864 0.5507571957567627 0.009553867311073105 0.013136567552725324
0 0.6730630329401146 0.5207023215073459 0.008658192250659766 0.00875771170181686
0 0.6111121745948761 0.5155273100471812 0.006568283776362591 0.0111461785295851
0 0.7215787653791566 0.5029878592013981 0.009553867311072963 0.012340411943469149
0 0.741134337531509 0.4856714747000784 0.006866842129833657 0.0111461785295851
0 0.5755837305318237 0.47432625726817934 0.007762517190246783 0.00995194511570098
0 0.5766286847689721 0.4643743121524783 0.007463958836775646 0.009155789506444877
0 0.575135893001617 0.4136193920624035 0.007463958836775788 0.010350022920329067
0 0.5949900235074403 0.4257607651035586 0.007762517190246783 0.01234041194346922
0 0.6870952755532528 0.4546214059390914 0.007463958836775646 0.011942334138841205
0 0.7048594975847791 0.4257607651035586 0.008359633897188985 0.01234041194346922
0 0.7087407561799023 0.4174011312063699 0.00716540048330458 0.010748100724957013
0 0.6745844478932128 0.5344733432182658 0.009255308957601755 0.010350022920328925
0 0.630248532402765 0.5860244189175967 0.011345217431899073 0.011544256334213045
0 0.6011390929393396 0.6160792931670136 0.009255308957601897 0.011942334138841205
0 0.7342961185874185 0.6280216273058548 0.008658192250659908 0.012738489748097237
0 0.7053359583007287 0.46122702716670666 0.008061075543717777 0.010350022920328996
0 0.7062316333611417 0.46958666106389546 0.007463958836775788 0.011942334138841134
0 0.7216073885648998 0.4321673474288598 0.010748100724957084 0.009553867311072963
0 0.7163826173791569 0.4474933429070393 0.008061075543717777 0.011544256334213188
0 0.7141434297281241 0.4528673932695179 0.008956750604130832 0.011942334138841134
0 0.7302655808155598 0.4520712376602618 0.011345217431899215 0.011146178529585028
0 0.5562060607419498 0.3921605280637421 0.009553867311073034 0.011544256334213117
0 0.6669712098797015 0.37225663783234014 0.007762517190246712 0.008359633897188842
0 0.6277107863982612 0.36827585978605976 0.007463958836775646 0.009155789506444877
0 0.6395038413603669 0.318516134207555 0.008359633897188913 0.009155789506444911
0 0.649953383731853 0.3179190175006129 0.008359633897188842 0.009553867311072928
0 0.666523372349495 0.2996074384877231 0.008061075543717777 0.010350022920328996
0 0.7253393679832877 0.3035882165340035 0.009255308957601897 0.009553867311072928
0 0.7260857638669651 0.3149334339659026 0.007762517190246854 0.010748100724957048
0 0.7208609926812222 0.3175209396959849 0.006269725422891526 0.009553867311072963
0 0.766391141585554 0.37086336551614196 0.008956750604130974 0.0111461785295851
0 0.7163826173791569 0.37364991014853827 0.009852425664544029 0.0111461785295851
0 0.6696582350609407 0.3213026788399512 0.007165400483304722 0.01234041194346922
0 0.6774207522511876 0.33025942944408215 0.007762517190246854 0.0111461785295851
0 0.7563894367442746 0.33603155761118864 0.008061075543717777 0.00995194511570091
0 0.7320569309363859 0.2812958594748334 0.0065682837763624494 0.012738489748097201
0 0.7041417248868446 0.22078803317137158 0.007463958836775646 0.014330800966609339
0 0.5980042302278938 0.2689554475313642 0.008359633897188842 0.010350022920328996
0 0.6289050198121454 0.2906506878835923 0.008658192250659837 0.00915578950644484
0 0.5438158890729021 0.3051805277525157 0.009255308957601826 0.0111461785295851
0 0.5409795847149274 0.3752422213670505 0.00895675060413076 0.010350022920328925
0 0.5600873193370731 0.21521494390657903 0.008956750604130832 0.011942334138841134
0 0.5757616328943022 0.2032726097677379 0.009852425664543958 0.009553867311072963
0 0.6229338527427248 0.15450807870080321 0.007463958836775646 0.010748100724957013
0 0.5175427539674515 0.1953110536751771 0.008658192250659766 0.013534645357353305
0 0.5379940011802171 0.14375997797584616 0.008359633897188842 0.009951945115700961
0 0.5123179827817087 0.12465224335370034 0.006568283776362662 0.009951945115700961
0 0.5003756486428675 0.15251768967766302 0.009553867311072963 0.013932723161981322
0 0.4888811520342329 0.1596830901609677 0.007463958836775788 0.010748100724957013
0 0.4599209917475431 0.1292301381069228 0.009255308957601897 0.012738489748097237
0 0.48201430990439925 0.1982966372098874 0.008658192250659908 0.012340411943469186
0 0.4524570329107673 0.20367068757236595 0.009255308957601897 0.011146178529585065
0 0.39692517916515596 0.1461484448036144 0.008658192250659837 0.009951945115700961
0 0.3881177077377606 0.1491340283383247 0.008956750604130903 0.011942334138841134
0 0.3736376275944157 0.1801840970993117 0.0068668421298335855 0.0111461785295851
0 0.3934917581002392 0.2313370949940146 0.009553867311072963 0.01313656755272529
0 0.3630388060461943 0.2428813513282277 0.010150984018014952 0.013136567552725253
0 0.3512457510840886 0.2526342575416146 0.008658192250659837 0.010350022920328996
0 0.38199726149160457 0.27293622557764463 0.007463958836775717 0.011942334138841205
0 0.3860277992634634 0.2697516031406203 0.008359633897188771 0.0111461785295851
0 0.43215506487473737 0.24666309047219412 0.006866842129833657 0.0111461785295851
0 0.4521584745572963 0.25144002412773053 0.008061075543717777 0.012738489748097166
0 0.45977171257080757 0.2641785138758278 0.007762517190246712 0.011942334138841097
0 0.5079888866563786 0.23113805609170057 0.009852425664544029 0.011942334138841168
0 0.5256038295111695 0.25601791888095293 0.009852425664543887 0.011544256334213117
0 0.4776852137790692 0.25502272436938284 0.007165400483304651 0.009553867311072928
0 0.48395493920196087 0.29025261007896425 0.008359633897188771 0.009951945115701015
0 0.453203428794445 0.28686894873962593 0.0077625171902466405 0.01353464535735327
0 0.4409625363021328 0.2916458823951624 0.008359633897188842 0.008757711701816894
0 0.4397683028882486 0.2663679418012819 0.007762517190246783 0.009155789506444877
0 0.4276766895726719 0.2649746694850838 0.009852425664543958 0.009553867311072928
0 0.39976148352313073 0.28945645446970825 0.007762517190246712 0.01313656755272529
0 0.4060312089460224 0.2856747153257418 0.009553867311072892 0.011146178529585028
0 0.4003586002300728 0.29861224397615305 0.007762517190246712 0.011544256334213082
0 0.45514405809200653 0.3523527476009382 0.009255308957601826 0.013932723161981358
0 0.3233305450345474 0.22675920024079219 0.009553867311072928 0.011942334138841168
0 0.2688436455260847 0.2751256535030988 0.008658192250659802 0.010748100724957013
0 0.2576477072709211 0.30159782751086334 0.009553867311072963 0.012738489748097166
0 0.3275103619831418 0.2699506420429343 0.0083596338971887 0.01234041194346922
0 0.33213801646194274 0.27691700362392496 0.008061075543717777 0.009553867311073
0 0.3230319866810764 0.2753246924054128 0.009553867311072963 0.010350022920328996
0 0.3204942406765726 0.2842814430095437 0.011046659078428042 0.008359633897188879
0 0.32571901186231567 0.28806318215351007 0.009553867311072963 0.011146178529585065
0 0.3300481079876456 0.33065750724871007 0.009255308957601897 0.01353464535735327
0 0.31422451525368106 0.36429508173977937 0.008061075543717777 0.010748100724957084
0 0.37095060241317657 0.3674797041768037 0.008658192250659837 0.01472887877123739
0 0.31258244430959037 0.2936362714183026 0.010150984018014987 0.010350022920328996
0 0.24331690630431177 0.3312546239556522 0.009553867311072928 0.013136567552725253
0 0.30183434358463335 0.4011172786678729 0.007762517190246712 0.011942334138841134
0 0.23256880557935472 0.39892785074241893 0.010748100724957084 0.011544256334213117
0 0.3060141605332278 0.4741645558171179 0.010748100724957048 0.013136567552725182
0 0.3879684285610252 0.4807328395934806 0.009852425664543887 0.012738489748097166
0 0.3961787832814785 0.4799366839842245 0.008359633897188842 0.009553867311072963
0 0.3984179709325112 0.48451457873744697 0.008658192250659837 0.00756347828793281
0 0.43275218158167944 0.4528673932695179 0.007463958836775717 0.010350022920328996
0 0.448575774315644 0.46441164960373094 0.008061075543717777 0.010350022920328996
0 0.4617123418683693 0.47794629496108426 0.009255308957601755 0.010350022920329067
0 0.47246044259332637 0.48212611190967863 0.008061075543717705 0.009155789506444805
0 0.4852984517925805 0.4632174161898469 0.006866842129833657 0.012738489748097166
0 0.4432017239531655 0.5095934804290134 0.008658192250659837 0.011544256334213045
0 0.42125768497304494 0.5344733432182658 0.007165400483304651 0.012738489748097237
0 0.3852814033797859 0.5430320160177686 0.007463958836775646 0.010748100724957155
0 0.3803551905475139 0.5565666613751219 0.009553867311072963 0.013136567552725324
0 0.32661468692272877 0.5225310090794246 0.008359633897188771 0.012738489748097308
0 0.3310930622247942 0.5155646474984339 0.009553867311072963 0.010748100724957013
0 0.3064619980634343 0.5605474394214024 0.009852425664543994 0.015525034380493423
0 0.3770710486593326 0.5732859291694994 0.008956750604130903 0.016321189989749598
0 0.38587852008672796 0.5832378742852005 0.007463958836775788 0.009155789506444946
0 0.2870557050878174 0.6120985151207333 0.009255308957601897 0.011942334138841063
0 0.2600361740986893 0.6534986068020491 0.008359633897188808 0.012738489748097095
0 0.3285553162202904 0.6586736182622138 0.007463958836775646 0.010350022920328996
0 0.3082533481842605 0.6702178745964268 0.010449542371485982 0.011942334138841205
0 0.531873554934061 0.5340752654136378 0.009255308957601826 0.0111461785295851
