0 0.34790818956163194 0.42948290506998693 0.008270475599500868 0.009902756302445023
0 0.4289693408542209 0.491075755931713 0.006637700398763022 0.008949223271122686
0 0.3860936058892144 0.8307536372432002 0.009461212158203124 0.011508517795138888
0 0.6459819369845919 0.49363606770833335 0.008182101779513888 0.011076524522569443
0 0.3645056830512153 0.38172374301486545 0.007301754421657985 0.0095149004900897
0 0.6518654717339409 0.3193002771448206 0.007948133680555556 0.010305729618778936
0 0.4052520963880751 0.8393955371997974 0.008094067043728299 0.010755750868055556
0 0.4398426903618706 0.7052901373969185 0.007527669270833332 0.009800494158709492
0 0.4149498833550347 0.8149568345811632 0.009063296847873263 0.011950457537615741
0 0.6450363159179687 0.8518182825159144 0.007883707682291666 0.010450236002604167
0 0.34818781746758354 0.727855399802879 0.008299361334906684 0.010567954734519675
0 0.6373611450195313 0.23379628216778792 0.008158365885416666 0.010537747983579282
0 0.4230540805392795 0.4798158151132089 0.0070149739583333336 0.008083371762876157
0 0.503633075290256 0.35405945954499424 0.006821950276692707 0.009664182309751157
0 0.3843724144829644 0.5459261576334635 0.00667970445421007 0.009053378634982638
0 0.46922499338785806 0.35659905892831306 0.007205242580837674 0.00924106174045139
0 0.3629049513075087 0.5771290249294705 0.00830018785264757 0.011835564507378472
0 0.49756709204779725 0.5142668547453704 0.007521947224934895 0.010762306495949074
0 0.3871040132310655 0.5290124963831019 0.007626300387912326 0.0085174560546875
0 0.755505116780599 0.4727084265814887 0.007559882269965278 0.011314872459129051
0 0.7722261216905382 0.4532359370478877 0.006957160101996528 0.009911261664496528
0 0.4275242063734266 0.29120821069788044 0.00822859870062934 0.011606823956524882
0 0.46754135555691184 0.2505124692563657 0.007841873168945312 0.010991131817853009
0 0.6715637842814126 0.742207477710865 0.008879046969943577 0.012139723036024307
0 0.41909198760986327 0.6113359239366319 0.007640372382269965 0.0103302001953125
0 0.732705815633138 0.3650331143979673 0.0075062221950954865 0.010628226951316551
0 0.743987316555447 0.6183043868453414 0.0077288309733072914 0.01135502567997685
0 0.42848987579345704 0.19478008128978586 0.007592646280924479 0.009479466191044561
0 0.6715940263536243 0.766482091833044 0.00811708238389757 0.010689968532986111
0 0.6473374260796442 0.45378987347638167 0.008841027153862847 0.010685475667317708
0 0.733766963783829 0.37783800806969653 0.009541575113932292 0.013465005380135998
0 0.48860674964057077 0.4891145211678964 0.007813220553927951 0.010259162055121528
0 0.42128020392523874 0.6420669273093894 0.006182098388671875 0.0073053995768229164
0 0.5444325341118706 0.4847261216905382 0.007785797119140625 0.011371075665509258
0 0.3444997893439399 0.7068095737033421 0.007778316073947482 0.010090185094762732
0 0.410876210530599 0.37912159672489876 0.006338840060763889 0.009264515064380786
0 0.4931077321370443 0.2219840508920175 0.006580352783203125 0.009728707207573784
0 0.7524211035834418 0.6722263477466726 0.008623335096571181 0.012596412941261575
0 0.5427873883146046 0.7418074140775793 0.0077076382107204855 0.009604729546440972
0 0.5885890748765734 0.6449001170970776 0.008224699232313368 0.01212146900318287
0 0.4083383136325412 0.7936893604419849 0.009573745727539062 0.012017483181423611
0 0.5441676881578233 0.32956732290762447 0.0083671145968967 0.010629046404803243
0 0.465396605597602 0.8010227062084057 0.0066644880506727434 0.00922382496021412
0 0.3585277027553982 0.47007330435293687 0.00631249745686849 0.008631105776186343
0 0.38655387030707467 0.23503841117576318 0.007591671413845485 0.010792951230649595
0 0.4622615774182775 0.31680538688340026 0.007675594753689235 0.009822760687934027
0 0.538826666937934 0.8718046682852286 0.007319132486979168 0.010718847204137731
0 0.7089436001247829 0.6081843340838397 0.008394877115885416 0.011864838776765045
0 0.4793281979031033 0.26305835865162036 0.007657708062065972 0.011105290165653935
0 0.35823374854193785 0.7729468451605902 0.007966910468207465 0.011536774811921295
0 0.7516688028971354 0.6329811661331742 0.008098178439670138 0.010405420373987269
0 0.4788587146335178 0.4759077001501012 0.00791214836968316 0.012384654857494213
0 0.5089147779676649 0.9037152890805845 0.008365207248263888 0.010969373914930556
0 0.24099547577644437 0.5547701720923264 0.008142500549209864 0.016285001098419797
0 0.2365171004743789 0.5656268394912729 0.006785417124341606 0.01121855631224463
0 0.2747868530556653 0.5611032280750452 0.007871083864236184 0.015199334358525007
0 0.29622877116858465 0.5668934506878167 0.0111280840839202 0.014475556531928788
0 0.305592646800176 0.5793786181966052 0.01085666739894652 0.012666111965437637
0 0.28577922879709866 0.505553279883769 0.008685333919157151 0.0112185563122447
0 0.47156394966157067 0.5625507837282381 0.007871083864236184 0.010132889572350052
0 0.3419624825866468 0.6177388430062161 0.010856667398946555 0.013389889792033927
0 0.3536334000405143 0.5220192254388378 0.010856667398946484 0.012304223052139492
0 0.3321914819275949 0.5283522814215567 0.008685333919157188 0.012666111965437423
0 0.31305660563695176 0.5477133382830113 0.01112808408392013 0.013751778705332143
0 0.2618945605194164 0.5667125062311676 0.006514000439367891 0.009047222832455262
0 0.27356547797328384 0.46465983268107053 0.009771000659051907 0.009047222832455475
0 0.49463436788433185 0.5764835068902195 0.01004241734402541 0.014113667618630572
0 0.4862204506501483 0.5900543411389025 0.007871083864236184 0.006514000439368033
0 0.4866275756776088 0.5936732302718848 0.009771000659051836 0.005790222612771388
0 0.48730611739004304 0.6005491196245508 0.007328250494288895 0.007961556092560756
0 0.4883917841299376 0.6345666774745831 0.008413917234183615 0.010856667398946413
0 0.27370118631577073 0.6293192882317591 0.010585250713972805 0.012666111965437637
0 0.4137521957621804 0.4711738331204384 0.008413917234183473 0.011942334138841205
0 0.2716655611784682 0.4431274423398267 0.007599667179262503 0.01230422305213942
0 0.2774897628371799 0.43116340885033533 0.008538768909271396 0.0126986819676344
0 0.2958809574109953 0.39284842015488664 0.007225112153998907 0.010509254042180274
0 0.32428878474376366 0.37620876792143465 0.01018083985336208 0.013136567552725253
0 0.2998219276768129 0.368107884597254 0.009852425664543923 0.014450224307997743
0 0.28077390472536123 0.3457757197576211 0.009852425664543887 0.01269868196763447
0 0.2971946141662678 0.32147306978507934 0.008538768909271433 0.010509254042180238
0 0.3318423110865807 0.34336734903962146 0.008210354720453238 0.009633482871998495
0 0.33644010973003446 0.33482858013035 0.00821035472045331 0.01007136845708935
0 0.3706135010840226 0.36547065649780774 0.007463958836775788 0.01353464535735327
0 0.45704614441388536 0.3764177961250789 0.007165400483304722 0.011544256334213045
0 0.46003172794859565 0.37084470686028626 0.005971167069420531 0.009155789506444805
0 0.44764155627954794 0.36945143454408813 0.006269725422891597 0.007961556092560756
0 0.4512242565212003 0.36706296771631997 0.006866842129833657 0.0111461785295851
0 0.453164885818762 0.35671294479599097 0.006568283776362591 0.009553867311072892
0 0.536164108083708 0.3553196724797928 0.011345217431899073 0.012340411943469149
0 0.5381047373812697 0.39691880306342286 0.00925530895760211 0.010350022920328925
0 0.5351191538465594 0.315511892016989 0.008061075543717705 0.00995194511570091
0 0.5654228267238688 0.2617713883922038 0.010150984018014952 0.010748100724957048
0 0.5207883528799501 0.23967807023534768 0.009852425664543958 0.011942334138841134
0 0.44286462262401144 0.1976808618470897 0.009255308957601897 0.010748100724957013
0 0.45406056087917507 0.190714500266099 0.00716540048330458 0.009553867311072892
0 0.45913605288818254 0.18633564441519063 0.007762517190246712 0.011942334138841168
0 0.49914287225330045 0.17737889381105973 0.008359633897188842 0.011544256334213082
0 0.4867527005842527 0.19290392819155325 0.008061075543717777 0.007563478287932739
0 0.4889918882352855 0.19708374514014765 0.005971167069420531 0.00796155609256079
0 0.4915296342397892 0.20026836757717192 0.008061075543717777 0.011146178529585065
0 0.49227603012346677 0.20544337903733642 0.0071654004833047935 0.008757711701816823
0 0.5292972659538743 0.20385106781882428 0.008956750604130832 0.014330800966609339
0 0.5424338335065996 0.20743376806047664 0.006568283776362804 0.011942334138841134
0 0.5464643712784585 0.21161358500907107 0.006866842129833514 0.008359633897188808
0 0.5506441882270529 0.1946952783123794 0.008061075543717777 0.010350022920328996
0 0.6309563853107596 0.2167885964692355 0.010449542371486018 0.012340411943469149
0 0.5969207330150624 0.34218310492706755 0.0068668421298335855 0.010748100724957084
0 0.5885610991178736 0.357509100405247 0.0068668421298335855 0.00875771170181686
0 0.46689857007842933 0.2209684134178299 0.0071654004833047935 0.010350022920328961
0 0.6955942688372374 0.3788062629528471 0.007762517190246712 0.011544256334213117
0 0.6911158935351719 0.3923409083102004 0.007165400483304722 0.00995194511570098
0 0.6464814196912531 0.4377217780377967 0.011643775785370281 0.010748100724957013
0 0.6726052756199681 0.4219977047549892 0.007762517190246854 0.0111461785295851
0 0.681263467870628 0.41941019902490695 0.009553867311072821 0.01234041194346922
0 0.7230616373565719 0.4243861715827575 0.007165400483304722 0.011942334138841205
0 0.6840997722286027 0.48569015349547534 0.010449542371485876 0.01114617852958517
0 0.5631836390728361 0.42717271621515374 0.009852425664543887 0.011146178529585028
0 0.5740810189745287 0.4182159656110228 0.007165400483304651 0.014728878771237462
0 0.553331213408292 0.4337409999915164 0.007463958836775717 0.00995194511570098
0 0.5555704010593248 0.45464008473448836 0.010150984018014952 0.011146178529585028
0 0.5555704010593249 0.4709612747242379 0.007762517190246783 0.009553867311072963
0 0.5585559845940351 0.5175363778657185 0.006568283776362662 0.009553867311072892
0 0.6324491770781147 0.5147498332333221 0.008658192250659837 0.006369244874048619
0 0.6772329300987692 0.5410229683387726 0.006866842129833658 0.007961556092560827
0 0.7645612484890449 0.5274883229814193 0.006568283776362733 0.011146178529585028
0 0.7708309739119364 0.5223133115212549 0.006568283776362591 0.010350022920328925
0 0.6526018659374092 0.5497806800405894 0.011942334138841205 0.014330800966609374
0 0.5600487763613903 0.5750586206344699 0.009553867311072892 0.011544256334213188
0 0.5760216482720903 0.6096913896371092 0.007463958836775717 0.011544256334213188
0 0.5736331814443222 0.616856790120414 0.010449542371486018 0.00995194511570098
0 0.5566153552964734 0.6305904743800812 0.01044954237148609 0.010350022920329067
0 0.552136979994408 0.6417366529096662 0.011643775785370281 0.011942334138841134
0 0.6469292572214596 0.6674126713081747 0.0065682837763624494 0.009951945115701051
0 0.7536638685873523 0.7145848911565973 0.008061075543717777 0.011942334138841205
0 0.4582403778277695 0.7336926257787431 0.005971167069420602 0.007961556092560614
0 0.45883749453471157 0.7450378432106421 0.007762517190246783 0.010748100724957084
0 0.48421495457974906 0.7297118477324628 0.005971167069420602 0.007961556092560898
0 0.4828714419891294 0.7597667219818797 0.009852425664543887 0.013932723161981358
0 0.4704812703200817 0.7472272711360965 0.008956750604130832 0.009553867311072963
0 0.5266102407726351 0.7281195365139507 0.008359633897188771 0.010350022920328996
0 0.5461658129249876 0.7173714357889936 0.006269725422891597 0.008757711701816788
0 0.5615415681287454 0.7231435639561 0.0077625171902466405 0.012340411943469291
0 0.5736331814443222 0.7715100172184067 0.008658192250659766 0.01273848974809738
0 0.5491513964596978 0.7038367904316403 0.007463958836775788 0.010350022920328996
0 0.5676620143749015 0.8115168365835247 0.010449542371486018 0.013932723161981074
0 0.5703490395561408 0.8439601776607097 0.008061075543717705 0.01353464535735327
0 0.576768044155768 0.8371928549820331 0.006568283776362662 0.010350022920328996
0 0.7305255961933477 0.7372753260203955 0.008956750604130832 0.011942334138841205
0 0.619461888702125 0.7233426028584141 0.005971167069420602 0.011942334138841205
0 0.4733175746780565 0.9116334044474762 0.009255308957601897 0.01353464535735327
0 0.3906169107665815 0.8608784843574014 0.0068668421298335855 0.008359633897188842
0 0.3870342105249292 0.8654563791106239 0.008061075543717777 0.010350022920328853
0 0.4119638330397601 0.8646602235013677 0.010150984018014952 0.01353464535735327
0 0.40778401609116555 0.7273233809046945 0.008956750604130832 0.015126956575865477
0 0.40300708243562916 0.7398628317504778 0.006568283776362591 0.00995194511570091
0 0.3864370938179871 0.7390666761412217 0.007463958836775788 0.009155789506444877
0 0.39151258582699455 0.7340907035833711 0.005672608715949679 0.010350022920328996
0 0.3850935812273674 0.6922925340974271 0.007762517190246783 0.010350022920328996
0 0.39255754006414306 0.6819425111770983 0.007762517190246783 0.010350022920328996
0 0.39554312359885346 0.690302145074287 0.008359633897188842 0.009553867311072821
