0 0.540451455116272 0.4096060752868652 0.008492803573608399 0.012125651041666664
0 0.6239147901535034 0.18129470348358157 0.007646894454956055 0.010045417149861654
0 0.5353607416152955 0.33094689051310217 0.007990217208862305 0.010036977132161458
0 0.6506788253784179 0.24707404772440594 0.007833290100097656 0.010760974884033204
0 0.3455517411231995 0.6798295656840007 0.007366251945495605 0.010205777486165364
0 0.43340919017791746 0.7868403434753418 0.008386373519897461 0.010605430603027344
0 0.4982087850570679 0.2550601164499919 0.008319902420043945 0.011924839019775391
0 0.5812415628543292 0.6113076184913683 0.007576274871826172 0.009024937947591146
0 0.5950692892074586 0.17246426741282142 0.008550310134887695 0.010364484786987305
0 0.5588846445083618 0.280236275990804 0.007415628433227539 0.009913317362467448
0 0.3082206010818482 0.6096014022827148 0.008121633529663086 0.01107635498046875
0 0.3178964495658875 0.4970753351847331 0.007842612266540528 0.009813944498697916
0 0.6323401689529419 0.3294401009877522 0.008111715316772461 0.01068385442097982
0 0.7200147867202759 0.5533820152282716 0.008593225479125976 0.011219596862792969
0 0.6433363199234009 0.7005575497945149 0.008294820785522461 0.010282961527506511
0 0.5627595826791135 0.21900820229442902 0.009163475036621094 0.011909198760986329
0 0.6971768856048584 0.23068741162618 0.008300495147705079 0.011375617980957032
0 0.6869331359863281 0.423616615931193 0.009020614624023437 0.011390145619710286
0 0.43917796611785886 0.23159507115681965 0.007727861404418945 0.010287253061930339
0 0.6687991619110107 0.3606760183970133 0.008670520782470704 0.011526393890380859
0 0.5422162294387818 0.6532015164693196 0.008392858505249023 0.010714785257975262
0 0.5965064525604248 0.5950353304545085 0.007505607604980469 0.009851900736490886
0 0.2559145092964173 0.3943620204925537 0.007843804359436036 0.010137589772542317
0 0.6700231075286865 0.6187954266866048 0.008819007873535156 0.010971641540527344
0 0.5611101150512695 0.36680873235066724 0.00841989517211914 0.010469563802083333
0 0.6499363899230957 0.4773008505503336 0.008589839935302735 0.010739549001057941
0 0.5430542945861816 0.3503196080525716 0.008745193481445312 0.012684885660807292
0 0.39153610467910765 0.1433847904205322 0.008911681175231934 0.011673291524251304
0 0.6530498743057251 0.17120942274729412 0.008081388473510743 0.010096025466918946
0 0.37281763553619385 0.286124324798584 0.00826106071472168 0.010917091369628906
0 0.2693472146987915 0.6013543128967285 0.010336351394653321 0.013761838277180992
0 0.45983998775482177 0.516849978764852 0.007727766036987304 0.010627905527750649
0 0.6867951154708862 0.3001653353373209 0.008833169937133789 0.012472025553385417
0 0.3346280404135657 0.5114691599007972 0.006941032409667969 0.00911401112874349
0 0.4287369728088379 0.21508753299713135 0.008213138580322266 0.011829646428426106
0 0.3752235770225525 0.6554549853006998 0.007064270973205567 0.008799044291178386
0 0.4909989356994629 0.709425417582194 0.008263969421386718 0.01067212422688802
0 0.6986993789672852 0.4079867543657462 0.007250785827636718 0.00957797368367513
0 0.5360232353210449 0.3916528065999349 0.00912923812866211 0.010879898071289062
0 0.7390462160110474 0.4250098705291748 0.009767770767211914 0.013531080881754557
0 0.43341960906982424 0.4979114214579265 0.00938262939453125 0.012104098002115886
0 0.5194381359930459 0.18569822094044686 0.008393049240112305 0.010668245951334636
0 0.4005862236022949 0.27634873390197756 0.008903980255126953 0.011594231923421223
0 0.38416261672973634 0.18923749923706054 0.00841817855834961 0.01111154556274414
0 0.569106435648012 0.6363828211229586 0.006263446807861328 0.00821081797281901
0 0.7398427248001098 0.4054164091746012 0.009280157089233399 0.011508973439534505
0 0.5129651176283558 0.45098854908708325 0.007843637466430664 0.010137494405110676
0 0.6306786818566692 0.6708374992715166 0.007478475570678711 0.010741869608561196
0 0.3005043625831604 0.3087569713592529 0.006857466697692871 0.009039020538330078
0 0.6188441991806031 0.5084836959838867 0.008012819290161132 0.010544013977050782
0 0.6131254196166993 0.5719142913818359 0.008446311950683594 0.010594685872395836
0 0.6898017406463623 0.25850111643473306 0.007907581329345704 0.010628128051757812
0 0.3532847881317139 0.6493047078450522 0.008496952056884766 0.011816914876302083
0 0.5990742444992065 0.6641977310180665 0.007637453079223633 0.009350458780924479
0 0.29794000387191777 0.6029524485270182 0.00750272274017334 0.009687678019205729
0 0.4745208263397217 0.09955547253290811 0.007480525970458984 0.010563413302103676
0 0.5460367229913786 0.2092073219562741 0.006441879272460938 0.007988961537679036
0 0.44083660233296645 0.3066168391568391 0.008368158340454101 0.011088275909423828
0 0.6707741022109985 0.2735470453898112 0.006764745712280274 0.008056449890136718
0 0.48759939670562746 0.22068835099538167 0.010029363632202148 0.014022588729858398
0 0.5979063987731934 0.4604944705963135 0.00801553726196289 0.010759067535400391
0 0.30314162969589237 0.7187513033548991 0.008611464500427246 0.010889244079589844
0 0.4178290605545044 0.4023306369781494 0.008829832077026367 0.011507956186930339
0 0.36907880306243895 0.2253909905751546 0.008965539932250976 0.011797682444254559
0 0.40924720764160155 0.32431807518005373 0.007551956176757813 0.010107898712158203
0 0.43281285762786864 0.7296985308329264 0.007161569595336914 0.0107052485148112
0 0.4027098059654236 0.19768867492675782 0.008359456062316894 0.010284137725830079
0 0.4989712953567505 0.5834296226501465 0.00907273292541504 0.011228116353352864
0 0.4605328321456909 0.4885906060536703 0.007840681076049804 0.01204245885213216
0 0.3034741384711434 0.29918892191118135 0.006848382949829102 0.009164683024088542
0 0.5293211221694946 0.44276088078816733 0.008349370956420899 0.010099411010742188
0 0.5743746995925904 0.15821357568105063 0.009777498245239259 0.011855808893839519
0 0.3812620401382446 0.5788485527038574 0.007778167724609375 0.00989360809326172
0 0.4358432531356812 0.5508159001668294 0.009448575973510741 0.012002182006835938
0 0.3535451686759474 0.5200342775382848 0.010115157015598442 0.009633482871998708
0 0.2726239125511598 0.4082858762231018 0.005780089723199104 0.007706786297598783
0 0.3018199339370917 0.42291125476513597 0.009524011475725765 0.014012338722906961
0 0.30723876805259087 0.4121830579304104 0.010509254042180309 0.0126986819676344
0 0.3977168770719861 0.39050772146841367 0.010180839853362116 0.00875771170181686
0 0.407405095642121 0.3894130075056866 0.006568283776362662 0.01007136845708935
0 0.4711174482728385 0.37474384040514336 0.005911455398726418 0.011385025212361838
0 0.32300264911586124 0.32789008280042337 0.011822910797452764 0.013136567552725253
0 0.2514083559535085 0.449403332663132 0.0072251121539988715 0.013574453137816108
0 0.4211984915724825 0.2974570346366098 0.009195597286907642 0.014450224307997814
0 0.4287520179152996 0.3070905175086082 0.007881940531635151 0.012698681967634436
0 0.29360957921663844 0.2904508652751563 0.010180839853362116 0.011822910797452728
0 0.3326908676859961 0.24797596352134463 0.007553526342816994 0.010947139627271056
0 0.33893073727354056 0.24447287884061786 0.00952401147572587 0.015325995478179451
0 0.30214834812590985 0.22126494283080325 0.006896697965180713 0.00831982611672597
0 0.35255992610949305 0.17900898386953698 0.007881940531635151 0.010509254042180166
0 0.5056009380987424 0.12909002716918103 0.007225112153999049 0.01138502521236191
0 0.5238279255781486 0.21491560184698608 0.00821035472045331 0.01839119457381539
0 0.6124997565590441 0.26045570269643364 0.007553526342816994 0.008757711701816823
0 0.6836014284381696 0.2626451306218878 0.007881940531635222 0.012260796382543581
0 0.6328614362657683 0.1437591942697242 0.007553526342817136 0.010071368457089367
0 0.6144702416919529 0.21382088788425893 0.004926212832271872 0.008319826116726006
0 0.6162765197304527 0.21031780320353222 0.005911455398726418 0.006568283776362626
0 0.5586398295928705 0.1507653636311777 0.004269384454635769 0.007444054946544298
0 0.6954243392356224 0.29066980806770176 0.00788194053163508 0.010509254042180238
0 0.7597935202439763 0.33686673729478556 0.005911455398726418 0.011822910797452764
0 0.7031420726728485 0.36226410123005437 0.012151324986270994 0.011822910797452835
0 0.6960811676132588 0.36335881519278146 0.0065682837763624494 0.007881940531635151
0 0.6203816970906793 0.3565715886238735 0.00821035472045331 0.0126986819676344
0 0.6008410528560004 0.3672997854585991 0.007881940531635151 0.007881940531635151
0 0.5345013867147379 0.4362667651104067 0.008538768909271396 0.010947139627271056
0 0.549772646494781 0.4658240421040386 0.00558304120990826 0.007006169361453374
0 0.5537136167605986 0.4599125867053122 0.0049262128322720145 0.008319826116726077
0 0.5287541384104206 0.512896742501304 0.007553526342817136 0.01007136845708935
0 0.5814512959476877 0.4104892472451179 0.006100679993245919 0.007673811312259034
0 0.5865160114137786 0.41094967592385345 0.006100679993245919 0.008901621122220434
0 0.5824872604748426 0.4185467491229899 0.005640251314510323 0.007520335086013859
0 0.5903721015981886 0.42077215440354493 0.005985572823562038 0.008594668669730155
0 0.5898541193346112 0.4270646796795974 0.005179822635774869 0.007366858859768613
0 0.5938828702735472 0.4251462268515327 0.0067913230113492064 0.007213382633523438
0 0.6010195147939481 0.42560665553026816 0.006330894332613539 0.009055097348465609
0 0.5947461740461765 0.43251308571130126 0.007366858859768684 0.007827287538504138
0 0.590026780089137 0.43481522910497894 0.007366858859768613 0.007520335086013859
0 0.5838109929262073 0.42790879892394584 0.005985572823562038 0.008748144895975259
0 0.5416257224273218 0.5260292600363953 0.0076265845364500255 0.008972452395823538
0 0.5429715902866953 0.5155613989079345 0.0076265845364500255 0.011365106368043101
0 0.6400983874714852 0.5816584648905012 0.00807520715624122 0.011365106368043243
0 0.7590617662939896 0.496141334414217 0.006755479863988967 0.014835563622877785
0 0.7781360623805466 0.4635560785996819 0.00834500453786859 0.01324603894899795
0 0.7076009049771324 0.6145609226182588 0.007152861032458872 0.012186355833078153
0 0.5783715575795805 0.6733324042707661 0.0059218185812435565 0.006908788344783971
0 0.5872888956758815 0.6638324190522266 0.005755358484194275 0.007952858996341234
0 0.5861378239790426 0.6689250392867259 0.005127501195009359 0.007534287470217862
0 0.5818474658362797 0.7050617143753637 0.006801787299502422 0.007255239786135803
0 0.5824230016846991 0.7097357630837396 0.005232144076540237 0.007394763628176832
0 0.5675113910665593 0.7174095743959987 0.01015035950848798 0.009069049732669754
0 0.5907944322071634 0.7082707627423082 0.006697144417971472 0.008929525890628582
0 0.6227105110740588 0.6807148039391965 0.007115715944094631 0.009069049732669612
0 0.6182108671682341 0.6629255140789597 0.006487858654909857 0.008929525890628724
0 0.6637573352678838 0.6967198700231279 0.008527537400989332 0.0098869998852048
0 0.6733044695320349 0.6949896450432171 0.007229868666056234 0.009886999885205085
0 0.6413262042783249 0.738121682042424 0.008898299896684635 0.011122874870855526
0 0.6147239952121951 0.7554239318415328 0.009825206135922429 0.009639824888074884
0 0.6086991046571483 0.7722318316463813 0.005561437435427905 0.007168074916773577
0 0.6101821546399292 0.7764338065975934 0.004819912444037442 0.0081567749052941
0 0.6067526015547486 0.775568694107638 0.004634531196189826 0.007415249913903779
0 0.6132409452294144 0.7953426938780481 0.008342156153141857 0.009392649890944682
0 0.5114050008961759 0.7190326041890615 0.008635985430980072 0.009869697635405857
0 0.4847568172805799 0.7708485167749426 0.0056750761403583285 0.0069087883447841135
0 0.48216602165128586 0.7678876074843207 0.005921818581243628 0.0069087883447841135
0 0.4773545440540255 0.7627882637060277 0.0056750761403583285 0.007895758108324743
0 0.5073337506215709 0.7654201830754692 0.007402273226554428 0.013817576689568227
0 0.49708158382048157 0.6458366217859983 0.007431027850387934 0.009908037133850484
0 0.4275724859816912 0.7457853582380745 0.00759966717926261 0.009771000659051907
0 0.36202535656055174 0.7814314161979488 0.01112808408392013 0.010856667398946484
0 0.333662312980804 0.6330569617456798 0.008142500549209898 0.010856667398946413
0 0.36950879896647637 0.5801108414854215 0.007044487418208618 0.008898299896684421
0 0.37469947390620895 0.6098954286396016 0.0040783874526471205 0.007662424911033838
0 0.3804462925894843 0.6140974035908138 0.006673724922513387 0.008651124899554432
0 0.3710845395731809 0.608783141152516 0.006488343674665771 0.008403949902424372
