0 0.35803054173787435 0.802504136827257 0.010150040520562066 0.012897293655960646
0 0.30825465520222983 0.5946901392053675 0.0099193361070421 0.013831075032552083
0 0.6972831090291343 0.7671272842972366 0.009395726521809896 0.013153810854311342
0 0.600124888949924 0.6413974903247974 0.01032880147298177 0.013666788736979164
0 0.36880082024468314 0.49690941704644104 0.010092586941189237 0.014716480396412037
0 0.4927819357977972 0.32122696770562065 0.00938063727484809 0.012607574462890625
0 0.6878666135999891 0.5179004245334201 0.009890789455837674 0.013199417679398149
0 0.4007981406317816 0.67866131817853 0.009594090779622396 0.012225341796875
0 0.67088074154324 0.6220733077437789 0.010749265882703994 0.014389264142071761
0 0.64161622789171 0.7936462967484086 0.01036131117078993 0.013287014431423612
0 0.7213298373752169 0.6278042828595197 0.009775458441840277 0.012171314380787036
0 0.4215587192111545 0.7608169273093894 0.009798261854383681 0.013732627586082175
0 0.38664830525716143 0.5833326551649306 0.009679582383897569 0.013074182581018518
0 0.5220080269707573 0.8028152465820314 0.009644529554578993 0.012996193214699074
0 0.3254793485005696 0.7125534905327692 0.009879790412055122 0.013400890209056713
0 0.3249188423156738 0.29373807553891784 0.010602590772840712 0.014396893536603011
0 0.40588673485649956 0.34466609248408564 0.009455659654405382 0.012999923140914351
0 0.3542450057135688 0.43022747746220347 0.008648067050509982 0.01327534428349248
0 0.346624575720893 0.6446579262062354 0.009419610765245225 0.012104006166811343
0 0.7269493103027344 0.7401490105523003 0.010456678602430556 0.015828846119068287
0 0.7207933637830947 0.3404309731942636 0.010599178738064237 0.014500738073278356
0 0.41002042558458124 0.2430019943802445 0.009760750664605035 0.013284556070963542
0 0.5249314414130317 0.48557267365632234 0.010074742635091146 0.012149104365596065
0 0.7157246193438535 0.45077184778225116 0.00980811157152792 0.008879620494405053
0 0.41790269215901693 0.36895397327564383 0.010100767347547744 0.013355594211154514
0 0.5264617919921875 0.8853791413483796 0.008723958333333334 0.011481730143229167
0 0.6978960249159072 0.508547521520544 0.009241739908854166 0.012661404079861112
0 0.5940143797132704 0.46281799033836085 0.010908465915256077 0.013863090232566551
0 0.520907571580675 0.7441825866699219 0.009634950425889757 0.012198949743200231
0 0.46076291402180986 0.530923518428096 0.00771636962890625 0.010419492368344907
0 0.296389283074273 0.6467691774721499 0.011125861273871527 0.014351569281684028
0 0.36007986068725584 0.45419263486508976 0.009312544928656684 0.01206348560474537
0 0.5841828452216254 0.7401514689127605 0.010507244533962673 0.01349555121527778
0 0.5047005335489909 0.32681247569896554 0.01118058098687066 0.015502957944516782
0 0.5513794157240125 0.8590801380298756 0.009551366170247396 0.013321657533998842
0 0.7686388227674698 0.5475580286096643 0.010495927598741319 0.012733855070891203
0 0.3384120941162109 0.7676633764196326 0.008700773451063367 0.010977794505931712
0 0.7471458011203341 0.41073776527687356 0.008797793918185763 0.010875927960431136
0 0.655347294277615 0.8627008226182725 0.00839373270670573 0.01125946044921875
0 0.41831304762098526 0.8214710094310618 0.010458458794487847 0.014211414478443287
0 0.5867634685144976 0.5290879237015225 0.007504993014865452 0.010086624710648149
0 0.7250674777560764 0.7485964457194011 0.008703443739149306 0.011414647985387731
0 0.3759188334147136 0.44632154394079143 0.007087537977430555 0.009649969030309607
0 0.2958074555099766 0.5447552792835254 0.007137178042132355 0.009244344892666732
0 0.286223244996256 0.4986695010686135 0.005097984315808866 0.008428667402137293
0 0.32313265144271197 0.3494005203017308 0.0071371780421323906 0.008972452395823538
0 0.5375538717656315 0.31826882941319157 0.005301903688441172 0.0065254199242352935
0 0.5506047116141022 0.3203080231395151 0.005301903688441172 0.006797312421078417
0 0.5489733566330434 0.31473422695423076 0.004894064943176488 0.005981634930549049
0 0.5466282838477712 0.3087525920236817 0.004282306825279391 0.009788129886352977
0 0.5504007922414698 0.3095682695142111 0.004486226197911733 0.006525419924235329
0 0.6048472647343082 0.326017765573221 0.005301903688441172 0.008428667402137293
0 0.7188381940357936 0.4550307553252899 0.005301903688441172 0.009788129886352977
0 0.7876609822992131 0.5321122781803195 0.007952855532661972 0.008972452395823538
0 0.6950815871241245 0.7074829386441434 0.007137178042132462 0.009516237389509711
0 0.5201187654055652 0.7358957045642512 0.007952855532661758 0.007612989911607855
0 0.3421991127838371 0.7837487840086436 0.004486226197911733 0.008700559898980487
0 0.338732483449087 0.7808939127917907 0.006933258669500049 0.007884882408450977
0 0.33720308815434435 0.7743684928675552 0.00795285553266183 0.007884882408450977
0 0.4020494486514328 0.646714965599702 0.008768533023191196 0.010875699873725466
0 0.407963110457771 0.6427725243954765 0.006729339296867707 0.010603807376882414
0 0.36228517098812385 0.6291778995533196 0.0067293392968676355 0.008428667402137364
0 0.5909807473953081 0.5287136219697802 0.006117581178970397 0.008700559898980416
0 0.5929179814353155 0.5236836107781822 0.004690145570544004 0.0073410974147647325
0 0.6089256521869553 0.5435317630477312 0.0053019036884412426 0.007884882408450977
