0 0.426725435256958 0.4300261974334717 0.010494804382324219 0.013794485727945964
0 0.573025393486023 0.22954789797465008 0.009927606582641602 0.013409646352132161
0 0.659857702255249 0.7282668113708496 0.009195709228515625 0.011684862772623698
0 0.34618079662323 0.7059872945149739 0.009075736999511719 0.012933985392252606
0 0.6045639514923096 0.6283109982808431 0.008784008026123048 0.010752296447753907
0 0.45170185565948484 0.18206546306610105 0.009836626052856446 0.014273754755655925
0 0.34559552669525145 0.19619439442952472 0.008626174926757813 0.012815443674723308
0 0.4762227773666382 0.36237004597981765 0.009980154037475587 0.01302808125813802
0 0.4519304037094116 0.7120205561319985 0.008864736557006836 0.012369028727213542
0 0.3926361083984375 0.6374566396077473 0.009749650955200195 0.013205846150716148
0 0.30296576023101807 0.32224197387695314 0.009406185150146485 0.012740453084309898
0 0.5593261003494262 0.49428764979044604 0.009187650680541993 0.011669031778971354
0 0.5206071138381959 0.16800880432128906 0.00812544822692871 0.011379973093668621
0 0.4988165140151978 0.7405609130859375 0.00967421531677246 0.013344446818033852
0 0.6597023010253906 0.6208489418029784 0.00880136489868164 0.011482556660970054
0 0.4863662004470825 0.2485388199488322 0.008691167831420899 0.011582263310750325
0 0.6964802026748658 0.702597713470459 0.010652875900268555 0.013591575622558593
0 0.32058016061782835 0.21064070065816246 0.00947120189666748 0.011051781972249349
0 0.33536769151687623 0.6161505063374837 0.009916949272155761 0.013495445251464844
0 0.5496484041213989 0.5522024472554525 0.00851750373840332 0.011390495300292968
0 0.7271036148071289 0.5151968955993652 0.009573745727539062 0.012351226806640626
0 0.4014168977737427 0.7981725374857586 0.008881807327270508 0.011584281921386719
0 0.332001256942749 0.3047227700551351 0.009509754180908204 0.012434991200764973
0 0.5447604179382324 0.3977702935536703 0.008705615997314453 0.012104193369547524
0 0.37811864614486695 0.7608097076416016 0.008452725410461426 0.011200459798177083
0 0.2306152105331421 0.4719131628672282 0.010063695907592773 0.011518128712972005
0 0.7300812482833863 0.5760650952657064 0.009674787521362305 0.012369219462076824
0 0.3289832353591919 0.2630873282750448 0.008922433853149414 0.012134695053100586
0 0.24562523365020753 0.4060698509216308 0.008930349349975586 0.011470349629720052
0 0.45150978125096175 0.8153447999884357 0.008216476440429688 0.009751701354980468
0 0.39595766067504884 0.7188801765441895 0.007703018188476562 0.00975488026936849
0 0.3471939206123352 0.1516076962153117 0.008145356178283691 0.0106993834177653
0 0.6243171691894531 0.6691524187723794 0.009255599975585938 0.011530749003092448
0 0.6832116365432739 0.5283870538075766 0.008539533615112305 0.010750865936279297
0 0.5320866346359253 0.625016180674235 0.009946680068969727 0.013503074645996094
0 0.5869327545166017 0.6541132926940918 0.00921926498413086 0.011145846048990887
0 0.444265079498291 0.7695724487304687 0.010254859924316406 0.013350931803385417
0 0.4092134475708008 0.2835876782735189 0.00864410400390625 0.011445426940917968
0 0.4618407964706421 0.3075406551361084 0.009653997421264649 0.012395318349202473
0 0.5117513024180989 0.24634152164626447 0.008293724060058594 0.010295422871907552
0 0.3785728096961975 0.6926045099894206 0.008991360664367676 0.011293792724609375
0 0.5984961271286011 0.2617483933766683 0.006447553634643555 0.008852736155192057
0 0.3733250617980957 0.5174514770507812 0.00783538818359375 0.010641098022460938
0 0.40729674307302544 0.24952629850698005 0.008383560180664062 0.011025222142537434
0 0.6350870370864868 0.30021878878275554 0.00805802345275879 0.010889530181884766
0 0.42620086669921875 0.1852170467376709 0.010383319854736329 0.014591598510742187
0 0.4038140892982483 0.22948149045308433 0.009038996696472169 0.012319215138753255
0 0.5853997230529785 0.5964173634847006 0.008660316467285156 0.010647074381510418
0 0.683305811882019 0.26392425696055094 0.009180402755737305 0.012677939732869466
0 0.2450791809305604 0.4751955735463849 0.010081805862942446 0.009650959458543084
0 0.260201889724974 0.46209784285264777 0.0067212039086283325 0.01102966795262077
0 0.2781681847884227 0.4503788206529882 0.006462696065988709 0.010340313705581963
0 0.31784913863359354 0.4700254166935939 0.006204188223349192 0.009650959458543084
0 0.31875391608283193 0.45934042586449253 0.008013743121825954 0.008272250964465471
0 0.3287064680244546 0.4622701814144074 0.010857329390860997 0.00999563658206263
0 0.3279309444965359 0.4262514220066302 0.009306282335023753 0.008961605211504419
0 0.33142080037216987 0.4129813527511334 0.010598821548221409 0.013442407817256523
0 0.3714895159813 0.3726541292993637 0.009047774492384307 0.01206369932317898
0 0.35080888857013603 0.3616244613467429 0.008013743121826025 0.011374345076140173
0 0.34783604837978127 0.35455858031459525 0.00517015685279091 0.006893542470387998
0 0.4901446157528531 0.2971698392486153 0.006979711751267743 0.011374345076140173
0 0.5180634627579245 0.28131469156672295 0.004394633324872359 0.007927573840946209
0 0.511988528455895 0.27442114909633497 0.004653141167511805 0.007927573840946103
0 0.5162539078594476 0.27304244060225735 0.006462696065988709 0.008616928087984982
0 0.503974785334069 0.24029811386791447 0.004653141167511876 0.009306282335023753
0 0.4010886639635284 0.24908738051765916 0.006204188223349121 0.008961605211504384
0 0.4147895796234245 0.18463275841953156 0.007755235279186436 0.014476439187814804
0 0.3796325130244458 0.2054857243924552 0.007238219593907402 0.016199824805411753
0 0.4257761629356054 0.14034174804728874 0.00749672743654699 0.01344240781725656
0 0.45886516679346767 0.10794209843646525 0.008013743121826096 0.01206369932317898
0 0.5290500460701053 0.15361181730278564 0.008272250964465542 0.010340313705581946
0 0.6395621487985126 0.2440895622266278 0.008013743121825883 0.009995636582062595
0 0.6421472272249079 0.31405901830106586 0.009564790177663412 0.01206369932317898
0 0.587085056742684 0.44262358537380164 0.008013743121826025 0.010684990829101366
0 0.7136246457147434 0.5196589224803874 0.010340313705581963 0.010340313705581963
0 0.5455945479990365 0.5313779446800468 0.006721203908628297 0.01309773069373712
0 0.6664469644330256 0.7500755795531054 0.009564790177663412 0.008616928087984945
0 0.6542970958289669 0.7592095233263695 0.006979711751267814 0.008961605211504348
0 0.602078511615778 0.7624839559998037 0.004911649010151393 0.006548865346868667
0 0.5992349253467429 0.7616222631910055 0.004394633324872359 0.009650959458543155
0 0.3413733523137925 0.6676977470319692 0.010857329390861068 0.009306282335023753
0 0.36761189834170677 0.715952544324685 0.009564790177663412 0.011374345076140173
0 0.48148460302442814 0.5677413812113435 0.008789266649744647 0.008616928087984874
0 0.35442799836708977 0.5670520269643047 0.005945680380709604 0.010684990829101366
0 0.26304547599400907 0.5368927786563572 0.008789266649744682 0.0110296679526207
0 0.4583481511081885 0.7612775860674862 0.00956479017766334 0.008272250964465827
0 0.6381403556639951 0.5236227094008603 0.007238219593907402 0.007927573840946209
0 0.5272404911716283 0.3766179162198368 0.008789266649744647 0.009650959458543227
0 0.4343069217427105 0.4715764637494313 0.00853075880710506 0.012753053570217715
0 0.7765816518738932 0.3883498263430934 0.008246400180201476 0.016303227942467587
0 0.7221269748218723 0.25868229247509555 0.009668193314719105 0.01175348991201151
0 0.5989996893726547 0.24806623707069803 0.009099476060912152 0.013270069255496892
0 0.6707018209696912 0.16812022516586794 0.008866152300469991 0.012560382425665928
