0 0.7468011379241943 0.5025483926137289 0.00814056396484375 0.01123189926147461
0 0.6057114839553832 0.16849709351857503 0.00954451560974121 0.0127503236134847
0 0.5023928642272949 0.4333714485168457 0.010512924194335938 0.01404921213785807
0 0.4573537588119507 0.7759912490844725 0.009034490585327149 0.012081400553385418
0 0.45962064266204833 0.31273550987243653 0.009446191787719726 0.012928231557210285
0 0.6739893198013306 0.2817124207814535 0.010015439987182618 0.013216431935628254
0 0.48389079570770266 0.5404170354207356 0.008891916275024414 0.011822128295898437
0 0.5165723085403442 0.08368365367253622 0.010814523696899414 0.014746673901875814
0 0.7174500942230224 0.4703859806060791 0.009354209899902344 0.013069248199462891
0 0.5700792789459228 0.5273202419281006 0.009474658966064453 0.012921365102132161
0 0.5026269435882569 0.6878248850504556 0.008098030090332031 0.011233774820963542
0 0.5421307086944581 0.5386593341827391 0.008836650848388672 0.012035401662190755
0 0.3451996445655823 0.22582918008168537 0.008145928382873535 0.011557118097941082
0 0.593937349319458 0.6249543825785319 0.00971221923828125 0.013566398620605468
0 0.4673536062240601 0.662775198618571 0.009320688247680665 0.012582206726074218
0 0.24253692626953124 0.5391837279001872 0.009567737579345703 0.011726284027099609
0 0.3571326494216919 0.2864062786102295 0.009061670303344727 0.011329237620035808
0 0.6074902534484863 0.20117554664611817 0.007723236083984375 0.010542869567871094
0 0.418337082862854 0.11838534673055014 0.01015458106994629 0.013354523976643879
0 0.6642605781555175 0.1571013609568278 0.008583927154541015 0.011672592163085938
0 0.5612601995468139 0.5655869801839193 0.007996034622192384 0.010500081380208333
0 0.35827813148498533 0.5955172856648763 0.009207773208618163 0.012925338745117188
0 0.5681040048599244 0.24931575457255048 0.00846085548400879 0.012106768290201823
0 0.6156890869140624 0.248261833190918 0.00904674530029297 0.01310885747273763
0 0.4971305847167969 0.6411906242370605 0.008491039276123047 0.011778195699055992
0 0.7278964996337891 0.5306041399637859 0.009170818328857421 0.011802609761555989
0 0.5802940607070923 0.7374258995056152 0.008600568771362305 0.012342898050944011
0 0.3188412912512798 0.5758676086814055 0.007594675315199547 0.011687610635891526
0 0.624651575088501 0.23520660400390625 0.008524894714355469 0.011023998260498047
0 0.6601847887039185 0.5475098927815755 0.007885122299194336 0.01127484639485677
0 0.558251166343689 0.24787160555521648 0.007770395278930664 0.012463315327962238
0 0.3343882322311401 0.22211866260332103 0.009401512145996094 0.012396717071533203
0 0.3865144491195679 0.6701285362243652 0.008330869674682616 0.01168409983317057
0 0.6543622970581054 0.5112351099650065 0.010009479522705079 0.013695335388183594
0 0.4095923591430324 0.3370943925558869 0.008797192573547363 0.012424532572428386
0 0.6970830678939819 0.2702304204305013 0.009558820724487304 0.012530899047851563
0 0.6567323446273804 0.41142244338989264 0.009837102890014649 0.012233797709147136
0 0.3865529537200928 0.28616628646850584 0.009247112274169921 0.012581825256347656
0 0.6615712881088257 0.2228211561838786 0.007811784744262695 0.010113938649495441
0 0.2489527463912964 0.512061595916748 0.009268474578857423 0.011957041422526042
0 0.747650146484375 0.4726355234781901 0.007546901702880859 0.011229515075683594
0 0.31198903736054584 0.3244528391183078 0.007221150398254395 0.010089842478434245
0 0.616461992263794 0.6421975135803223 0.009760856628417969 0.012233034769694012
0 0.6556089639663696 0.16993513107299804 0.008176469802856445 0.010601043701171875
0 0.33335074186325075 0.6530355771382649 0.010911011695861816 0.013701057434082032
0 0.531253218650818 0.5687340418497722 0.009063386917114257 0.01131146748860677
0 0.395272433757782 0.5679046312967936 0.007982611656188965 0.011211458841959636
0 0.2694362998008728 0.2891801039377848 0.00961134433746338 0.012786388397216797
0 0.4081350088119507 0.4100434144337972 0.01020798683166504 0.014208952585856117
0 0.547874927520752 0.16759930451711022 0.008908748626708984 0.012231143315633138
0 0.3032744948287976 0.28094013484866304 0.009087252616882324 0.011954434712727864
0 0.5628471374511719 0.7146259625752768 0.007406997680664063 0.009268506368001302
0 0.41735379695892333 0.33519859313964845 0.009375238418579101 0.013394800821940105
0 0.3789173364639282 0.3490574359893799 0.009162044525146485 0.010236390431722005
0 0.42983858585357665 0.7457274754842121 0.008675050735473634 0.011751429239908856
0 0.4089450120925903 0.5356919924418132 0.009290552139282227 0.011711947123209636
0 0.4097133159637451 0.21225062211354576 0.008935832977294922 0.011557722091674804
0 0.682115690402119 0.5865491568422455 0.011008882522583007 0.013694063822428387
0 0.5490825653076171 0.7355650901794434 0.00899810791015625 0.012325350443522136
0 0.6956858396530151 0.19070339997609456 0.008662176132202149 0.01194745699564616
0 0.4766132116317749 0.3295785427093506 0.008517980575561523 0.011637274424235027
0 0.7355385303497315 0.609392515818278 0.008655834197998046 0.011517016092936198
0 0.5202780485153199 0.5122826417287191 0.010078001022338866 0.013232008616129559
0 0.6285729302176961 0.28965373024439095 0.010076141357421875 0.012050151824951172
0 0.3225716974000672 0.5603651929921247 0.011345217431899073 0.007961556092560685
0 0.39855479835844404 0.6001729734549284 0.010449542371485947 0.009553867311072963
0 0.47349294507967216 0.5912162228507976 0.008658192250659837 0.013932723161981358
0 0.43512819665864505 0.501847755711803 0.008956750604130974 0.010350022920328996
0 0.38317904315468604 0.4940852385215562 0.007762517190246712 0.008359633897188842
0 0.37795427196894305 0.5199602958223788 0.006269725422891667 0.010748100724957013
0 0.3810891346803888 0.5203583736270069 0.00417981694859435 0.008359633897188842
0 0.38079057632691776 0.5141881676552722 0.005971167069420602 0.00875771170181693
0 0.22330104487095015 0.39595905968074485 0.008658192250659802 0.009553867311072821
0 0.2951043288807325 0.27394821256225105 0.007762517190246712 0.011544256334213082
0 0.2477828298555745 0.3326646887448868 0.008061075543717777 0.009553867311072892
0 0.243005896200038 0.33505315557265497 0.008061075543717777 0.010350022920328996
0 0.3582494206398551 0.3133579152204269 0.009255308957601897 0.010748100724957048
0 0.3561595121655579 0.31833388777827737 0.009255308957601897 0.009553867311072963
0 0.47170159495884606 0.32012523789910347 0.006269725422891597 0.011544256334213045
0 0.3363053816597345 0.2490683497729987 0.007165400483304722 0.011942334138841134
0 0.3331705189482887 0.25324816672159306 0.007463958836775646 0.013136567552725253
0 0.3006276584199466 0.3742638193285167 0.007463958836775717 0.010748100724957084
0 0.29794063323870734 0.37784651957016907 0.005672608715949537 0.009155789506444946
0 0.5087228307892536 0.15631622129466577 0.009255308957601826 0.012738489748097237
0 0.5373844327224724 0.13681040886789192 0.009255308957601826 0.01273848974809722
0 0.5699272932508146 0.1543258322715256 0.011046659078427936 0.016719267794377598
0 0.5912742155239932 0.19274034041813132 0.006568283776362591 0.013136567552725253
0 0.5411164121408604 0.08565741097318899 0.007165400483304722 0.009951945115700961
0 0.5736592726692024 0.26240395622803797 0.005971167069420531 0.012340411943469257
0 0.6294896847682848 0.3014155810815857 0.0083596338971887 0.014728878771237462
0 0.7003972937176541 0.3396310503258774 0.01104665907842815 0.015525034380493423
0 0.703830714782571 0.2761376404877053 0.006568283776362591 0.011146178529585028
0 0.7350300627202934 0.48254098218734315 0.006866842129833799 0.011544256334213188
0 0.7330894334227318 0.4873179158428796 0.00716540048330458 0.007563478287932739
0 0.7333879917762027 0.4938861996192423 0.006568283776362591 0.010350022920328996
0 0.7320444791855831 0.5179699067992385 0.008061075543717777 0.008359633897188913
0 0.6741241586122035 0.5613603875036948 0.007463958836775646 0.011544256334213117
0 0.7012929687780672 0.5476267032440273 0.013435125906196247 0.009553867311072892
0 0.5366380368387947 0.4136735219866925 0.009553867311072892 0.009155789506444946
0 0.5623140552373033 0.699891463514252 0.007762517190246783 0.013932723161981358
0 0.45841574822938536 0.6716279393856612 0.008956750604130832 0.011544256334213259
0 0.5002139177153293 0.7994109146712617 0.00895675060413076 0.010748100724957084
0 0.403481011190716 0.6762058341388837 0.007165400483304651 0.010350022920328996
0 0.4006447068327412 0.6823760401106184 0.006866842129833657 0.009155789506444877
0 0.5414149704943313 0.5878325615114594 0.010748100724957013 0.0111461785295851
0 0.4825989748605386 0.39516290407148874 0.006568283776362662 0.010350022920328996
