0 0.4531316995620728 0.4784937222798665 0.010384607315063476 0.013037808736165364
0 0.4150232315063477 0.7535083770751954 0.009550189971923828 0.01234423319498698
0 0.5323451519012451 0.2611779530843099 0.009696388244628906 0.012847709655761718
0 0.42821969985961916 0.5826208750406902 0.007447624206542968 0.010580952962239583
0 0.6147281408309937 0.3583653132120768 0.009340906143188476 0.013270950317382813
0 0.661013126373291 0.48292805353800455 0.009457874298095702 0.01221936543782552
0 0.5496845722198486 0.4962815125783285 0.007855606079101563 0.010232639312744141
0 0.6713923692703248 0.331155792872111 0.008540105819702149 0.010350068410237633
0 0.5021405220031738 0.7859525362650553 0.007751750946044922 0.010573387145996094
0 0.29109797477722166 0.6005353291829427 0.00956411361694336 0.012791951497395836
0 0.6810398817062377 0.48227596282958984 0.009304475784301759 0.012073453267415364
0 0.5394379615783691 0.395152235031128 0.008156681060791015 0.011333433787027995
0 0.5202687740325928 0.18251776695251465 0.009050655364990234 0.011399205525716145
0 0.6074357271194458 0.5938331921895346 0.008800363540649414 0.01157550811767578
0 0.37503316402435305 0.7680413246154785 0.009057140350341797 0.01154918670654297
0 0.3178157091140747 0.7259721120198567 0.007720804214477539 0.009981536865234375
0 0.6237165451049804 0.2971106211344401 0.00855112075805664 0.010875320434570313
0 0.5778436899185181 0.1360981265703837 0.008085680007934571 0.011182951927185058
0 0.37800166606903074 0.6347809155782064 0.008271551132202149 0.011721356709798176
0 0.5030981063842773 0.15957924524943035 0.007263469696044922 0.009359455108642578
0 0.3774511218070984 0.33617930412292474 0.008901381492614746 0.011308129628499348
0 0.39059814214706423 0.7248759269714355 0.008186984062194824 0.011058870951334636
0 0.3303146600723267 0.42094035148620607 0.007614707946777344 0.010856723785400391
0 0.532214879989624 0.4764247735341389 0.009191226959228516 0.012769349416097005
0 0.41515800952911375 0.49359262784322105 0.00895676612854004 0.012306118011474609
0 0.3319563627243042 0.4575865427652995 0.00911855697631836 0.012701034545898438
0 0.7086863994598389 0.24197890758514404 0.008745861053466798 0.012668180465698241
0 0.6958192110061645 0.5178420384724934 0.009268617630004883 0.011800320943196614
0 0.446926212310791 0.532083781560262 0.009113311767578125 0.011127058664957683
0 0.3578551888465881 0.23477758566538495 0.007888245582580566 0.010985898971557616
0 0.5604476690292358 0.17570765813191735 0.008857297897338866 0.01155560811360677
0 0.48579959869384765 0.168550697962443 0.008206367492675781 0.01057278315226237
0 0.34075926542282103 0.3725463390350342 0.008449769020080567 0.010437552134195964
0 0.4292627811431885 0.4634504795074463 0.009169960021972656 0.012830575307210289
0 0.5699519157409668 0.5478555679321289 0.00909423828125 0.01149762471516927
0 0.5477083683013916 0.28517287572224936 0.008888053894042968 0.012007077534993492
0 0.7001800537109375 0.6700081189473469 0.008025550842285156 0.010445213317871094
0 0.39639768600463865 0.6131078402201335 0.008547019958496094 0.011838213602701824
0 0.5461330890655517 0.709742291768392 0.009722900390625 0.012121963500976562
0 0.31695675849914545 0.5771904627482096 0.007653284072875977 0.009652964274088542
0 0.5409296989440917 0.3478943506876627 0.009068870544433593 0.011191558837890626
0 0.3422697186470032 0.22001077334086097 0.007897400856018066 0.011126200358072914
0 0.41546556949615476 0.2940704822540283 0.009320211410522462 0.012529913584391277
0 0.3860325217247009 0.21352063814798988 0.007681107521057129 0.010866038004557292
0 0.6023829460144043 0.3914089361826579 0.009125614166259765 0.012249596913655599
0 0.6268025636672974 0.5017885684967041 0.008683252334594726 0.011924076080322265
0 0.46852426528930663 0.7480205535888672 0.010077381134033203 0.012884521484375
0 0.7365028858184814 0.5085740089416503 0.00867319107055664 0.010468101501464844
0 0.6200639247894287 0.6604601542154949 0.00871448516845703 0.011390304565429688
0 0.4769151210784912 0.7072071711222331 0.007968330383300781 0.010668309529622395
0 0.647321343421936 0.5965247472127279 0.00974259376525879 0.011646397908528646
0 0.6323333740234375 0.7706766764322918 0.009003543853759765 0.012031300862630207
0 0.3260192036628723 0.5703975041707356 0.00798628330230713 0.011003748575846356
0 0.5468815565109253 0.5155128161112468 0.008896875381469726 0.011804835001627606
0 0.7378820180892944 0.6394872665405272 0.008517789840698241 0.01105359395345052
0 0.46053740978240965 0.6253970464070638 0.009953546524047851 0.013335673014322917
0 0.6124527454376221 0.6864991823832195 0.009016799926757812 0.011385663350423176
0 0.6765847206115723 0.675774637858073 0.009412097930908202 0.011469777425130208
0 0.38142019510269165 0.43118168512980143 0.009124684333801269 0.011504173278808594
0 0.7837105168173406 0.4529770406462146 0.008133792877197265 0.011813100179036458
0 0.6617571804912876 0.6996028825858638 0.0069256782531738285 0.008260472615559896
0 0.6120367288589478 0.2355133295059204 0.008878087997436524 0.010518248875935872
0 0.7252437353134156 0.27555222511291505 0.007891607284545899 0.010861810048421223
0 0.6717335700988769 0.1966485818227132 0.007019329071044922 0.008926105499267579
0 0.4720874309539795 0.3874502658843994 0.00999298095703125 0.013141663869222005
0 0.6862787118267629 0.5452813001797364 0.008365774154663086 0.0110080083211263
0 0.2730751870138048 0.501897677180135 0.008210354720453275 0.010509254042180274
0 0.26798476708712377 0.46599105920268596 0.007881940531635151 0.007881940531635222
0 0.27274677282498666 0.4686183727132311 0.00821035472045331 0.007006169361453445
0 0.2750456721467136 0.4712456862237761 0.00755352634281703 0.007006169361453445
0 0.26617848904862407 0.4572333475008692 0.010837668230998325 0.007881940531635151
0 0.266014281954215 0.45285449164996067 0.00788194053163508 0.007881940531635151
0 0.27520987924112267 0.4458483222885073 0.006568283776362662 0.01138502521236191
0 0.27915084950694025 0.36440160346161066 0.008538768909271433 0.008757711701816788
0 0.2743888437690773 0.35367340662688496 0.006239869587544469 0.009195597286907713
0 0.3046029491403454 0.32455401521834404 0.009524011475725836 0.007006169361453587
0 0.3054239846123908 0.3192993881972539 0.009852425664543923 0.007881940531635151
0 0.35173038523574734 0.33922318231888726 0.009852425664543958 0.01007136845708935
0 0.3205310372980248 0.3904557957745158 0.006568283776362591 0.008319826116725935
0 0.418398465565828 0.40862804755578563 0.006568283776362591 0.009633482871998566
0 0.4451642219545057 0.42636241375196476 0.006239869587544505 0.009195597286907713
0 0.5175795505889037 0.43468223986869076 0.0059114553987263466 0.010947139627271056
0 0.48736544521763564 0.4940157366484999 0.005911455398726418 0.007881940531635151
0 0.31675427412661633 0.5082470181639523 0.0068966979651807845 0.008319826116725935
0 0.3144553748048894 0.5150342447328603 0.0068966979651807845 0.007006169361453445
0 0.47866246921395517 0.3260866147661619 0.00689669796518082 0.01007136845708942
0 0.5052640185082238 0.31776678864943597 0.005583041209908331 0.007444054946544334
0 0.5103544384349048 0.3063817634370741 0.007225112153998907 0.009195597286907642
0 0.2758667076187589 0.27988968553907817 0.007881940531635188 0.010509254042180238
0 0.3394148531550673 0.17720551583527566 0.004926212832271943 0.008319826116726077
0 0.34220637376002144 0.17457820232473065 0.007225112153998907 0.007444054946544298
0 0.36174701799470027 0.19669142437181816 0.0049262128322720145 0.007006169361453445
0 0.36667323082697223 0.1999755662599995 0.006239869587544575 0.007444054946544334
0 0.3688079230542901 0.18640111312218338 0.0052546270210901014 0.010071368457089313
0 0.4436863581048241 0.1868389987072742 0.009195597286907713 0.007444054946544298
0 0.5190574144385854 0.11196056365674022 0.0095240114757258 0.009195597286907695
0 0.6622460007632907 0.17019934647382218 0.006896697965180749 0.009195597286907642
0 0.5423748218446727 0.3405368390741597 0.007553526342817065 0.009195597286907642
0 0.6666795923123354 0.35367340662688496 0.006568283776362733 0.010947139627271127
0 0.6791593314874246 0.3236782440481623 0.007225112153998765 0.010509254042180203
0 0.7266151817716445 0.34075578186670513 0.007553526342816923 0.010509254042180203
0 0.5574818745303067 0.4156342169172392 0.006896697965180749 0.007006169361453445
0 0.5888454295624382 0.5124069312223153 0.009195597286907642 0.010509254042180274
0 0.5780077613314399 0.5625448307152167 0.007225112153998836 0.010071368457089207
0 0.6367939011298855 0.5526924050506727 0.00525462702109003 0.00875771170181686
0 0.7239878682610994 0.6488082909781125 0.008867183098089697 0.0126986819676344
0 0.6635596575185633 0.7107691012684668 0.008210354720453238 0.010509254042180203
0 0.6727552548054709 0.7260950967466462 0.007553526342816923 0.008757711701816646
0 0.6762036037880614 0.7320065521453728 0.0065682837763624494 0.008319826116725864
0 0.6773530534489248 0.7372611791664627 0.006896697965180607 0.010071368457089279
0 0.6671722135955628 0.734852808448463 0.00558304120990826 0.00788194053163508
0 0.6612607581968364 0.7587175728359139 0.008867183098089697 0.011822910797452693
0 0.6637238646129723 0.7486462043788247 0.008538768909271396 0.01007136845708942
0 0.5895022579400746 0.7591554584210048 0.009852425664544029 0.01007136845708942
0 0.46191334558423053 0.721278355310647 0.008210354720453452 0.011385025212361627
0 0.49245586514431666 0.7937484196431813 0.006896697965180678 0.011822910797452551
0 0.42496674934219064 0.8106070146691786 0.00788194053163508 0.013136567552725324
0 0.443357943916006 0.8123585570095421 0.007225112153998907 0.009633482871998495
0 0.45288195539173187 0.8204594403337228 0.007225112153998836 0.014450224307997956
0 0.45370299086377713 0.8090744151213607 0.00558304120990826 0.008319826116725864
0 0.455837683091095 0.8033819025151797 0.006568283776362591 0.007444054946544298
0 0.45567347599668595 0.7983462182866351 0.0049262128322720145 0.007006169361453374
0 0.4645406590947755 0.8046955592704523 0.006896697965180749 0.008319826116726006
0 0.4679890080773659 0.8016303601748166 0.005911455398726418 0.008319826116725864
0 0.4569871327519585 0.8377559209448109 0.006239869587544575 0.007006169361453516
0 0.45862920369604915 0.8298739804131757 0.004926212832271943 0.007881940531635222
0 0.35058093557488385 0.7011356183964682 0.011494496608634535 0.010509254042180203
0 0.4921274509554985 0.5794034257412142 0.004926212832271943 0.007881940531635151
0 0.2975420440807556 0.545467292896674 0.006568283776362626 0.010071368457089279
0 0.26782055999271465 0.6326065243297515 0.010837668230998361 0.010947139627271056
0 0.43777490270609776 0.5864095951026677 0.010509254042180274 0.012260796382543475
