0 0.7530026753743491 0.4360102759467231 0.00951995849609375 0.012432720043041088
0 0.3920489205254449 0.7624462268970631 0.006974156697591146 0.009708715368200232
0 0.6272949430677626 0.48105025114836514 0.00957840813530816 0.012599408185040508
0 0.6555274327596028 0.5318301730685764 0.008574295043945312 0.012428566261574075
0 0.7184153662787545 0.35422910054524737 0.009397294786241319 0.012586325186270255
0 0.549441401163737 0.8153360154893664 0.009765625 0.012982573332609954
0 0.6600809309217666 0.6281050505461515 0.01035987006293403 0.013465824833622686
0 0.442014037238227 0.8004588939525463 0.009116575453016492 0.0120513916015625
0 0.561887084113227 0.47715031659161605 0.008003531561957464 0.0119257891619647
0 0.5580739974975586 0.13456095942744503 0.008889812893337673 0.012673158998842592
0 0.4369437747531467 0.44888242085774743 0.009038628472222223 0.011513406259042245
0 0.5245845370822483 0.4844795227050781 0.007028367784288194 0.010271482114438657
0 0.587004386054145 0.3084957546657986 0.008846282958984375 0.01288158275462963
0 0.6982139163547093 0.23006386227077907 0.008134206136067709 0.01248215569390191
0 0.4982941097683377 0.13575144167299624 0.008756849500868056 0.011736834490740741
0 0.3409479141235352 0.5595456723813658 0.009723748101128473 0.012619583695023149
0 0.41479882134331597 0.5774258083767362 0.008295101589626735 0.011787245008680556
0 0.7352239396837023 0.47967133698640047 0.008566368950737847 0.011016845703125
0 0.36325948503282335 0.21847014957004124 0.008805889553493923 0.011787937305591724
0 0.7449273851182725 0.5786284552680121 0.008032904730902778 0.009869893391927084
0 0.48825742933485244 0.16953573580141423 0.007527923583984375 0.010138010095666956
0 0.5529985851711697 0.6278418929488571 0.008619393242730035 0.010615200466579862
0 0.6239297231038411 0.8242722122757523 0.009055667453342013 0.013232987015335646
0 0.6415586683485244 0.5287384033203125 0.007116105821397569 0.009487575954861112
0 0.3352660602993436 0.7652037443938079 0.008812226189507378 0.011334228515625
0 0.3629167132907443 0.29433453877766924 0.008791902330186632 0.011549292670355902
0 0.7050603654649522 0.713981600160952 0.01018583509657118 0.013782472963686343
0 0.432497427198622 0.27443298057273585 0.008727730645073786 0.011790325023509837
0 0.7166009691026476 0.5419177585177951 0.007509867350260418 0.009812757703993055
0 0.5422416687011719 0.6342525058322483 0.008793979220920138 0.01330391212745949
0 0.2633324305216471 0.54142170658818 0.009353552924262152 0.013546470359519676
0 0.5918296602037217 0.28777279324001737 0.00978041754828559 0.013067287868923612
0 0.5582390679253473 0.213647785893193 0.007139078776041666 0.010422318070023149
0 0.5122037039862739 0.28715279190628623 0.008526823255750868 0.010946400960286458
0 0.48634217580159506 0.7060152972186053 0.00890337626139323 0.011916888201678239
0 0.24632642534044052 0.4718765400074147 0.009400049845377604 0.011478198016131364
0 0.605886565314399 0.7849546361852576 0.00911301506890191 0.012787599916811342
0 0.31090586980183915 0.54018879643193 0.008074718051486546 0.011256634747540508
0 0.36243415408664276 0.5190054999457465 0.008965259128146701 0.011454490379050926
0 0.5531283908420139 0.5162918373390482 0.008783976236979166 0.012417093912760418
0 0.3061530325147841 0.6625940676088686 0.008110321892632378 0.011200911910445602
0 0.744898181491428 0.4652665597421152 0.008207278781467015 0.01090381763599537
0 0.24558767742580837 0.42426995171440973 0.008904329935709636 0.012296888563368056
0 0.5019498189290365 0.8315489592375579 0.008102840847439237 0.011304728190104167
0 0.6277271906534831 0.7999055367928964 0.008948135375976562 0.012388045699508101
0 0.29145682652791344 0.38625814649793844 0.008565372890896268 0.011074857358579281
0 0.77012693617079 0.3560387222855179 0.010128953721788195 0.014457420066550925
0 0.35955349604288744 0.26839654710557725 0.008211919996473525 0.011031115496600116
0 0.4680304991923955 0.4354635146249799 0.006636428833007813 0.008716328938802084
0 0.4332372029622396 0.7096039100929543 0.00806486341688368 0.011173559118200232
0 0.593188222249349 0.39497359946922017 0.009789784749348959 0.01176348085756655
0 0.4789555867513021 0.5393182542588977 0.008135053846571181 0.0127359460901331
0 0.6931652916802301 0.542438252766927 0.008813222249348959 0.01069652416087963
0 0.36748269399007155 0.34812917356137874 0.008980348375108508 0.01166627671983507
0 0.5391858206854926 0.15590490411829064 0.008254708184136286 0.011531448364257813
0 0.4562408871120877 0.6778403388129339 0.0074642605251736115 0.009870175962094907
0 0.4607149548000759 0.5404673258463542 0.007603073120117187 0.009539794921875
0 0.2666235393948025 0.3484016842312283 0.007884724934895834 0.010895086217809607
0 0.4249097188313802 0.1516773294519495 0.0099273681640625 0.01342113636158131
0 0.3265542560153537 0.6573752226652922 0.007140689425998265 0.00957172535083912
0 0.44706538844353494 0.5582961753943386 0.006378470526801216 0.00794208667896412
0 0.37938465542263455 0.18852101078739872 0.008296797010633681 0.011144482647931135
0 0.5913342157999675 0.7741097061722367 0.008794869316948785 0.010920941388165508
0 0.3307508044772678 0.6682902018229168 0.007370927598741319 0.009676897967303241
0 0.49556121826171873 0.42283797087492764 0.00767856174045139 0.009914256908275463
0 0.640238274468316 0.5947510330765335 0.009144253200954862 0.012389006438078705
0 0.4122941579573445 0.7448094544567857 0.006958431667751735 0.011384186921296295
0 0.45453417036268445 0.5185354444715711 0.008849122789171007 0.012256028917100694
0 0.5111477110120985 0.15888183028609665 0.008013619316948785 0.010517346417462386
0 0.6215971204969618 0.7307861893265336 0.008975558810763888 0.011754240813078704
0 0.4366723378499349 0.20219490616409863 0.008714718288845485 0.011570118091724537
0 0.28946420881483287 0.5460877595124422 0.008683098687065972 0.010691324869791664
0 0.5048207926956203 0.501234755556608 0.008301162719726562 0.009897133156105324
0 0.522446780734592 0.4117525595205801 0.006919521755642361 0.010836368136935764
0 0.6598289207162957 0.3043821467036622 0.006659502317547626 0.008171804633048941
0 0.7312582227918837 0.26771758750632957 0.008836534288194444 0.011566303394458912
0 0.2687079323662652 0.6095711602105035 0.00885242886013455 0.011519820601851851
0 0.2898108058505588 0.5529493826406974 0.008245743645562065 0.011175367567274306
0 0.39652540418836807 0.6464987578215422 0.00897276136610243 0.012050317834924768
0 0.6162583033243815 0.4226203494601779 0.008232413397894964 0.010543342872902199
0 0.5734066857231988 0.18848239050971138 0.009567006429036459 0.012964418199327256
0 0.28405522240532766 0.29765389053909863 0.007893583509657118 0.010887513337311921
0 0.4347060309516059 0.3621434529622396 0.008211602105034722 0.010563320583767362
0 0.48800540500217016 0.6132848103841145 0.006492275661892361 0.009741889105902778
0 0.6964361190795898 0.7589384290907119 0.007891888088650174 0.010555691189236112
0 0.49820264180501295 0.35246519865813075 0.008746253119574653 0.012543854890046295
0 0.374795044793023 0.4119633568657769 0.007793553670247397 0.010759339509186923
0 0.671984757317437 0.5263573823151766 0.00848528544108073 0.011348865650318287
0 0.4906104829576281 0.49887132997866024 0.010317696465386283 0.01304485179759838
0 0.37586135864257814 0.23505462363914206 0.00801603529188368 0.010657614248770255
0 0.26426110797458224 0.3635398864746094 0.009107017517089843 0.012427153410734955
0 0.2649792128864367 0.5344737386483474 0.009753901407898518 0.009633482871998566
0 0.29785347318713173 0.4904005545089541 0.006863856546298948 0.013005201877198048
0 0.3135680921220793 0.5997405851061374 0.009392645800198593 0.013005201877197977
0 0.3710077337463704 0.6476671623943301 0.007947623369398756 0.012523527733598171
0 0.4649341917483562 0.5549448897513442 0.008670134584798674 0.013005201877197977
0 0.44073006603245984 0.5527773561051446 0.006502600938598988 0.01348687602079778
0 0.3664920386501212 0.48197125699595533 0.009031390192498634 0.008670134584798674
0 0.4580703352020571 0.4925680881551537 0.007947623369398756 0.0125235277335981
0 0.4654760751599061 0.48654716136015463 0.005418834115499109 0.007225112153998907
0 0.5380884523075948 0.6103374162653358 0.008308878977098715 0.012041853589998226
0 0.5395334747383947 0.4990706890937527 0.008308878977098786 0.00915180872839862
0 0.36281936105848417 0.4495874517225931 0.009195597286907784 0.011822910797452764
0 0.3757917215168004 0.4789257859236795 0.008210354720453238 0.009195597286907642
0 0.46446355249769594 0.45396630757350154 0.00821035472045331 0.011822910797452764
0 0.5109341602154616 0.4478359093822298 0.009852425664544029 0.0126986819676344
0 0.5754675483182244 0.4255037445425968 0.008867183098089626 0.011822910797452764
0 0.4552679552107882 0.44849273775986603 0.00558304120990826 0.012260796382543546
0 0.5601962885381813 0.37470901667205914 0.011822910797452835 0.0126986819676344
0 0.29450920978431283 0.2693975334577116 0.005911455398726311 0.008757711701816788
0 0.31388564692458265 0.2617345357186218 0.006568283776362626 0.011822910797452728
0 0.3395019536523969 0.25450942356462297 0.008538768909271396 0.009633482871998531
0 0.5089636750825528 0.23874554250135266 0.008538768909271539 0.009633482871998495
0 0.5904103939094495 0.25275788122425963 0.006568283776362662 0.007881940531635151
0 0.5184876865582786 0.20371469569408515 0.010509254042179943 0.014888109893088855
0 0.5096205034601891 0.20218209614626736 0.00919559728690757 0.013574453137816071
0 0.567092986503362 0.2297688880069904 0.007225112153998836 0.009195597286907713
0 0.5303105973557313 0.1903591853488146 0.005911455398726418 0.007444054946544298
0 0.49205034435841905 0.15664199529681977 0.008867183098089555 0.008319826116725987
0 0.4559247835884246 0.22254377585299148 0.007553526342816923 0.007881940531635151
0 0.45099857075615263 0.2109398078480842 0.007553526342816994 0.011822910797452764
0 0.44820705015119844 0.2144428925288109 0.006568283776362733 0.009195597286907713
0 0.6606910303165295 0.2807825586700735 0.0052546270210901014 0.009633482871998531
0 0.6556006103898485 0.2770605311968013 0.007553526342817065 0.009195597286907713
0 0.6700508346978463 0.41346189095259867 0.00952401147572587 0.01138502521236191
0 0.7230897261919744 0.38105835765587637 0.010509254042180345 0.01138502521236191
0 0.731792702195655 0.3893781837726024 0.007553526342816923 0.010509254042180274
0 0.6115931090882188 0.4688544174665901 0.00689669796518082 0.011822910797452764
0 0.686799958327571 0.4857130124925875 0.00821035472045338 0.008757711701816717
0 0.7061763954678406 0.508264120124766 0.004926212832271943 0.01007136845708942
0 0.7030564606740686 0.5146134611085833 0.005911455398726418 0.010509254042180203
0 0.776785446063739 0.5629998182611212 0.010180839853362045 0.015325995478179522
0 0.7043701174293411 0.6240848573812937 0.010509254042180203 0.013136567552725324
0 0.6672593140928922 0.6969928072989188 0.009195597286907713 0.013574453137816108
0 0.6345821023054881 0.6724712145338316 0.006896697965180891 0.014450224307997814
0 0.6314621675117158 0.663275617246924 0.00919559728690757 0.008319826116726148
0 0.6079805530112193 0.6838562397461936 0.008210354720453238 0.010071368457089279
0 0.5833494888498595 0.6842941253312844 0.006896697965180749 0.008319826116726006
0 0.5391777804538208 0.7142892879100071 0.007881940531635151 0.009633482871998495
0 0.5380283307929573 0.7210765144789151 0.006896697965180749 0.009195597286907855
0 0.534908395999185 0.6735659284965587 0.005911455398726418 0.009633482871998495
0 0.5283401122228226 0.8642651008036205 0.008538768909271396 0.01007136845708942
0 0.502231184211781 0.8548505607241674 0.005583041209908331 0.01401233872290689
0 0.48334736835473846 0.8576968170272579 0.006568283776362591 0.010071368457089563
0 0.4904082734143283 0.853099018383804 0.0062398695875444336 0.00875771170181693
0 0.47250970012374016 0.7044368622454633 0.008538768909271396 0.012698681967634542
0 0.45576057649401547 0.6886729811821928 0.007881940531635151 0.00919559728690757
0 0.4193066015352029 0.7780016405407246 0.007225112153998907 0.008319826116725864
0 0.35116065735544055 0.7521663910203649 0.008867183098089555 0.011822910797452693
0 0.3987807147340696 0.7004958919796457 0.009524011475725729 0.015325995478179522
0 0.3038690141656296 0.6829804685760119 0.010180839853362045 0.008319826116726006
