0 0.4060532569885254 0.2189939260482788 0.00974273681640625 0.013194576899210613
0 0.6889184236526489 0.2562636852264404 0.008377790451049805 0.011125723520914711
0 0.35345289707183836 0.281831947962443 0.008816051483154296 0.011069520314534504
0 0.6688271760940552 0.20785480340321857 0.009096765518188476 0.011890459060668945
0 0.5876946687698364 0.2469261725743612 0.008785104751586914 0.011737998326619465
0 0.6975787162780762 0.5907695134480795 0.008857154846191406 0.01192614237467448
0 0.34851243495941164 0.691053835550944 0.008911561965942384 0.011553573608398437
0 0.34505546092987066 0.35789778722802223 0.009258985519409178 0.01167703655321302
0 0.7264531373977661 0.5269005298614502 0.008271074295043946 0.011091899871826173
0 0.5593626260757446 0.6936520258585612 0.007986688613891601 0.010901769002278648
0 0.5748767614364624 0.27575443585713705 0.009930086135864259 0.013211536407470702
0 0.5531649351119996 0.20864378611246745 0.007413244247436524 0.010490512847900391
0 0.7103410482406616 0.6922350565592449 0.00951085090637207 0.012956746419270833
0 0.33992130756378175 0.1964033762613932 0.0081787109375 0.01177822748819987
0 0.354615592956543 0.25058232943216957 0.007906866073608399 0.010913054148356117
0 0.5882582902908325 0.5551893552144369 0.010258913040161133 0.012857882181803386
0 0.37778769731521605 0.24690992037455242 0.008226466178894044 0.010850175221761066
0 0.6359598159790039 0.27219367027282715 0.008615589141845703 0.012042013804117839
0 0.503082537651062 0.16128983497619628 0.007386255264282227 0.010332838694254559
0 0.6706142902374268 0.47155251502990725 0.00787353515625 0.010948085784912109
0 0.6993980407714844 0.47917852401733396 0.00845193862915039 0.01032848358154297
0 0.47390668392181395 0.6703862826029459 0.009837579727172852 0.012095324198404948
0 0.45289787247354985 0.8349935491444362 0.011111497879028322 0.01553192138671875
0 0.4643855571746826 0.36509277025858566 0.009552288055419921 0.01300497055053711
0 0.4655612468719482 0.25697439511617026 0.007693958282470703 0.009055805206298829
0 0.6634795427322387 0.4476867357889811 0.008571195602416991 0.0119476318359375
0 0.5429227828979493 0.27275862693786623 0.008127498626708984 0.011431090037027995
0 0.3533264994621277 0.44096401532491053 0.00842115879058838 0.010994052886962891
0 0.372452974319458 0.791272481282552 0.008962011337280274 0.012811915079752606
0 0.371355926990509 0.32213023503621424 0.008743071556091308 0.010968716939290364
0 0.35395021438598634 0.18368124961853027 0.00879669189453125 0.012103335062662762
0 0.3611952424049377 0.46280593872070314 0.00888993740081787 0.010918490091959636
0 0.3040734052658081 0.40746399561564123 0.008679628372192383 0.011563428243001302
0 0.5812495470046997 0.35849614143371583 0.009258890151977539 0.012610403696695964
0 0.3627600073814392 0.4902552286783854 0.009256720542907715 0.011969375610351562
0 0.3104012727737427 0.6431323369344076 0.008029508590698241 0.009919357299804688
0 0.559231448173523 0.160261599222819 0.00832676887512207 0.011151154836018883
0 0.6033943891525269 0.44283237457275393 0.009656858444213868 0.012546412150065104
0 0.6156522989273071 0.5444700558980305 0.008368444442749024 0.009967358907063802
0 0.6397401094436647 0.5307005882263184 0.009192132949829101 0.011337852478027344
0 0.6026238441467285 0.225597333908081 0.009212207794189454 0.011701647440592449
0 0.3228336572647095 0.21680596669514973 0.008038187026977539 0.011095682779947914
0 0.5057512044906616 0.6702114105224609 0.009062433242797851 0.010863494873046876
0 0.38859852188526184 0.15180391527456114 0.010344743728637695 0.015021435419718425
0 0.5274264574050904 0.11662975152333578 0.008886194229125977 0.011375951766967773
0 0.3342760121691732 0.6122481749685567 0.008637762069702149 0.011296971638997394
0 0.36405534744262696 0.523405361175537 0.00826730728149414 0.011717987060546876
0 0.5766686201095581 0.676850446065267 0.007555532455444336 0.00869903564453125
0 0.5064277887344361 0.31166526476542156 0.00830836296081543 0.012079652150472004
0 0.33590691089630126 0.5949757893880208 0.008328056335449219 0.011044692993164063
0 0.2654936671257019 0.5849929173787435 0.008110737800598145 0.01192487080891927
0 0.5326483011245728 0.7689642270406086 0.007886266708374024 0.009788068135579427
0 0.360254168510437 0.6535271008809409 0.009088230133056641 0.010423215230305989
0 0.6244163990020752 0.14858304659525554 0.008276748657226562 0.011154937744140624
0 0.6495288372039795 0.5163138071695963 0.008568382263183594 0.011199378967285156
0 0.5663597583770752 0.5188434600830079 0.008671951293945313 0.010366376241048176
0 0.4036416644040323 0.612910888341271 0.009697389602661134 0.013730112711588542
0 0.6835903644561767 0.7410948753356934 0.009033489227294921 0.011870765686035156
0 0.6399182796478272 0.34013117154439293 0.008108901977539062 0.011094379425048827
0 0.6255548238754273 0.21692291895548504 0.008678007125854491 0.011907800038655597
0 0.3172701505223112 0.46427162438040864 0.010521269195429674 0.007582896717426735
0 0.2666543149334875 0.41176006461222825 0.0076776829263945955 0.010236910568526056
0 0.25655958367841314 0.4714753762619641 0.0068246070456840615 0.009099476060912152
0 0.25897663200709287 0.4762146867103558 0.007108965672587608 0.007203751881555433
0 0.25229420427486055 0.534034274180735 0.006824607045684097 0.00834118638916948
0 0.26167803896267616 0.5389631570470624 0.006824607045684097 0.011374345076140102
0 0.25527996985734736 0.5467356261824249 0.005402813911166576 0.007962041553298035
0 0.25513779054389557 0.5520436538846236 0.00739332429949112 0.007962041553298178
0 0.45404665006289674 0.4566887276629819 0.009383834687815593 0.009099476060912152
0 0.4530513948687344 0.4392480652129003 0.00853075880710513 0.009857765732654827
0 0.41821746307305524 0.4000065747002168 0.008246400180201476 0.013270069255496892
0 0.46229305024309836 0.38995923654962616 0.0065402484187805495 0.00834118638916926
0 0.4713925263040105 0.38692607786265554 0.0071089656725875725 0.010616055404397428
0 0.3468434477202757 0.36493567738211785 0.005971531164973598 0.009857765732654827
0 0.3589286893636746 0.2284435364684359 0.009099476060912152 0.011374345076140173
0 0.4721034228712693 0.20853843258519064 0.009099476060912224 0.008720331225040815
0 0.4706816297367517 0.21820662589990975 0.007962041553298107 0.007582896717426806
0 0.4789280299169533 0.22616866745320785 0.006824607045684133 0.00985776573265479
0 0.5085013271149177 0.27886979963932396 0.0073933242994911556 0.012132634747882811
0 0.5740459906161756 0.2092967222569333 0.0076776829263945955 0.014786648598982204
0 0.5665104870032326 0.15261456929416814 0.006824607045684133 0.010616055404397482
0 0.5127667065184704 0.16853865240076435 0.009099476060912081 0.01289092441962552
0 0.3927673659651916 0.14294637597944898 0.0068246070456840615 0.008720331225040815
0 0.42617950462635334 0.12228298242446105 0.012227420956850707 0.016682372778338905
0 0.48191379549944 0.1192498237374903 0.007677682926394667 0.011374345076140173
0 0.6283584883547448 0.1761215491181911 0.00881511743400864 0.010616055404397499
0 0.6302068194296175 0.18635845968671727 0.007962041553298035 0.010616055404397499
0 0.6221025985628676 0.1967849426731791 0.0065402484187805495 0.009478620896783453
0 0.6946140484232611 0.19981810136014977 0.008246400180201618 0.013270069255496857
0 0.6784056066897614 0.2784906548034526 0.009952551941622544 0.01289092441962552
0 0.6794008618839237 0.31545727630090814 0.007962041553298178 0.01175348991201151
0 0.7585947394765497 0.3918549607289829 0.007677682926394595 0.01061605540439757
0 0.6744245859131125 0.3675896912332173 0.0054028139111665045 0.009099476060912081
0 0.6799695791377307 0.36796883606908865 0.0073933242994911556 0.009099476060912152
0 0.7219124766059976 0.42578842353946783 0.009383834687815522 0.010236910568526198
0 0.6725762548382396 0.3747934431147727 0.00625588979187711 0.009099476060912081
0 0.5913918668572892 0.39488811941595364 0.0088151174340085 0.010616055404397428
0 0.7157987661275723 0.5268305222991796 0.0073933242994911556 0.009857765732654898
0 0.6859411103027044 0.5605744126917288 0.009099476060912081 0.009857765732654898
0 0.5864155908864779 0.59773060660712 0.007393324299491013 0.009099476060912224
0 0.6830975240336693 0.5120438737001974 0.006824607045684133 0.009857765732654827
0 0.6619128063293581 0.6837964843499139 0.00881511743400864 0.012132634747882919
0 0.672291896211336 0.6847443464395923 0.006824607045684133 0.01023691056852627
0 0.5612498524055178 0.7808575623329768 0.009952551941622687 0.011374345076140173
0 0.47025509179639646 0.7952650660960875 0.00881511743400864 0.013649214091368265
0 0.43016052540300237 0.7609524584497314 0.009952551941622544 0.010995200240269015
0 0.32267296443347776 0.6695785530047386 0.007677682926394667 0.009478620896783384
0 0.3243791161948988 0.6127068276240378 0.007108965672587537 0.010995200240268801
0 0.3973171039956476 0.6983935605309604 0.0073933242994910844 0.009478620896783524
0 0.3912033935172222 0.6938438225005044 0.007108965672587644 0.011753489912011616
