0 0.4651662190755208 0.4920122782389323 0.008077918158637152 0.011172993977864582
0 0.2994670761956109 0.6394127174660011 0.007160462273491753 0.010100866247106481
0 0.28000299665662975 0.6537922611942999 0.008160273234049479 0.011614199037905093
0 0.26527768241034616 0.5288958514178241 0.008158853318956162 0.011669695818865742
0 0.38487040201822914 0.2244940510502568 0.008031463623046875 0.01027138321487992
0 0.6980921215481228 0.5291144194426359 0.008831744723849826 0.010847699200665507
0 0.24212979210747612 0.5654311851218895 0.009348424275716145 0.012974096227575232
0 0.5392054875691731 0.5108920062029804 0.008586841159396702 0.011079011140046295
0 0.4489196353488498 0.4403871889467593 0.008077409532335069 0.010596776891637731
0 0.6709891849093966 0.5145728217230903 0.007502661810980903 0.010514096860532406
0 0.38226714664035377 0.25216091297290943 0.009316126505533854 0.013070141827618634
0 0.43387588924831816 0.30604964362250436 0.008499696519639758 0.010578212031611689
0 0.5044425116644965 0.8743247985839845 0.007794867621527778 0.009732112178096065
0 0.42075890435112845 0.8763642205132379 0.008671824137369792 0.011002886736834493
0 0.35915344026353624 0.8507141678421584 0.009812948438856337 0.012916282371238425
0 0.2955652025010851 0.44305719446252895 0.010268105400933158 0.012717748571325231
0 0.553218036227756 0.4918591817220052 0.0072163052029079865 0.010763041178385417
0 0.39642918904622393 0.31091397603352866 0.007977803548177084 0.011484131989655673
0 0.6714714050292969 0.4892667134602865 0.008235931396484375 0.011807759602864586
0 0.42378425598144537 0.6491940251103153 0.008127848307291666 0.01231231689453125
0 0.4684151543511285 0.6185483579282407 0.008312649197048612 0.011367232711226851
0 0.6608570098876954 0.7920945344147858 0.008837381998697916 0.01262500904224537
0 0.28324392106797963 0.5551919725206164 0.007369359334309895 0.01004802562572338
0 0.5155172771877713 0.7854626973470054 0.007574844360351563 0.011441096553096063
0 0.34569153255886503 0.2874655970820674 0.008707258436414931 0.011763311315465857
0 0.5350985209147134 0.8726683722601996 0.007910834418402778 0.010410619665075232
0 0.7008672502305773 0.6069109598795573 0.009122212727864584 0.011679924858940972
0 0.5382874594794379 0.5636160391348379 0.008386272854275173 0.01094676830150463
0 0.6053713904486762 0.750313624629268 0.00754886203342014 0.009791790997540508
0 0.39353353712293837 0.5272110550491899 0.00763363308376736 0.010077243381076389
0 0.35855575137668183 0.4974238360369647 0.007561450534396701 0.010560155797887731
0 0.5244480980767143 0.4165010664198134 0.007291158040364582 0.01095600834599248
0 0.4131235758463541 0.43627730475531684 0.007417466905381944 0.010486941867404514
0 0.315700806511773 0.411906009250217 0.009088304307725694 0.011760570384837963
0 0.6959356943766276 0.43563916241681133 0.009110344780815972 0.012057099518952546
0 0.5345484203762478 0.45591672261555993 0.009958012898763021 0.0111454999005353
0 0.45955301920572916 0.5590045787669995 0.007264455159505207 0.011028544108072918
0 0.43597530788845484 0.48597361246744797 0.007719336615668403 0.010599998191550926
0 0.668960698445638 0.42303738064236107 0.007860819498697916 0.010258822970920138
0 0.4665974934895833 0.3682272028040003 0.008038838704427084 0.010483211941189237
0 0.46418711344401037 0.7238237451623987 0.00895724826388889 0.01195842601634838
0 0.5229886160956488 0.21713316882098163 0.008421283298068577 0.01233776233814381
0 0.44724858601888023 0.5588458873607495 0.008412424723307292 0.012259984899450231
0 0.3867323557535807 0.3185481460006149 0.008797963460286459 0.013173449480975118
0 0.3918615129258897 0.752578537552445 0.006709459092881944 0.009456210666232638
0 0.5703678554958767 0.7540566055862992 0.006947072347005209 0.00968746609157986
0 0.4524699105156793 0.7134711654097946 0.008083809746636285 0.010584682888454862
0 0.4271180046929253 0.8245751274956598 0.008505927191840278 0.010200783058449075
0 0.3510659323798286 0.6214831034342448 0.009432601928710937 0.012167753996672455
0 0.34712153540717233 0.45589232268156826 0.006562550862630207 0.008691575792100694
0 0.6434143838075361 0.43616634480453054 0.009673817952473959 0.013009700068721064
0 0.6215939965756936 0.5961074243112421 0.00758010016547309 0.010041413483796295
0 0.730173577202691 0.6955083776403357 0.009002007378472222 0.011805781611689815
0 0.323816739241519 0.326869777110331 0.006164126925998265 0.008695475260416667
0 0.7153969234890408 0.5226225676359953 0.008680809868706597 0.011229903609664351
0 0.3934520509507921 0.408197742038303 0.007400809393988715 0.0101231610333478
0 0.5711595747205946 0.28844491464120375 0.007615915934244791 0.010777000144675926
0 0.3321446842617458 0.3934914624249493 0.008209376864963107 0.010935663293909144
0 0.4749037848578559 0.8877367090295861 0.006792280409071181 0.009448185673466435
0 0.42110440995958115 0.4486440729211878 0.007462861802842882 0.010172158700448495
0 0.5568479326036241 0.6709830955222802 0.00849761962890625 0.01065911187065972
0 0.6213727596700043 0.34122802195577784 0.008217705620659722 0.010919161196108218
0 0.24827382913976156 0.5829261089095067 0.008257774525277739 0.014221722793533828
0 0.27889640967099993 0.6333902865639819 0.008257774525277704 0.012386661787916609
0 0.26736993272946635 0.6622924974024539 0.0072255527096180576 0.0142217227935339
0 0.3709361882339916 0.64807077460892 0.0072255527096180576 0.010551600782299317
0 0.4022469166423365 0.6489883051117286 0.0072255527096180576 0.007799009273873452
0 0.49015780794268937 0.639354234832238 0.009634070279490672 0.011469131285108035
0 0.4999639151914566 0.629490781927045 0.007913700586724488 0.012845427039320895
0 0.5181998339347784 0.6563285491341978 0.006537404832511627 0.0096340702794906
0 0.3920967354550159 0.5627404378477165 0.007569626648171379 0.013304192290725325
0 0.3265506501606237 0.526268600361073 0.010666292095150496 0.012845427039321108
0 0.24965012489397453 0.5324619312550314 0.011010366033703676 0.01422172279353397
0 0.3642267464322035 0.4668585003042136 0.0061933308939583044 0.010551600782299246
0 0.48207207038668815 0.5076886076791981 0.00860184846383106 0.011469131285108035
0 0.4837924400794544 0.4982839200254096 0.009289996340937563 0.012845427039320895
0 0.5092539115323942 0.498972067902516 0.006537404832511627 0.015139253296342546
0 0.5128666878872031 0.4998895984053247 0.006193330893958376 0.009634070279490672
0 0.4478367135006408 0.523286626226945 0.008257774525277668 0.01238666178791668
0 0.5354035308624403 0.46984047443834176 0.007225552709618128 0.009175305028086384
0 0.27838029876317005 0.38198692879441454 0.009978144218043994 0.011469131285108104
0 0.2985086241685346 0.3778580415317756 0.006881478771064771 0.007799009273873452
0 0.39519340090199506 0.4253402450521227 0.00894592240238424 0.01009283553089503
0 0.5178557599962251 0.35927804884990067 0.007225552709618128 0.008257774525277739
0 0.5132107618257564 0.354002248458751 0.0068814787710648065 0.009634070279490672
0 0.5180277969655017 0.3494145959447077 0.0061933308939583044 0.009634070279490672
0 0.5488224144660167 0.34000990829091926 0.0072255527096179864 0.011927896536512321
0 0.6012936900953858 0.4129535832642061 0.007569626648171308 0.009175305028086455
0 0.609379427651387 0.4228170361693989 0.005849256955404982 0.010551600782299388
0 0.6059386882658546 0.39185038169960734 0.007913700586724488 0.011010366033703534
0 0.6131642409754726 0.22302476918281763 0.007913700586724417 0.010092835530894994
0 0.5510588950666128 0.25422080627831134 0.005505183016851731 0.00917530502808642
0 0.558628521714784 0.25513833678112 0.007569626648171308 0.008257774525277775
0 0.5575962998991243 0.249403771138566 0.006193330893958233 0.012386661787916644
0 0.45437411833315233 0.2769296862228252 0.011010366033703747 0.011469131285107964
0 0.5825416604442343 0.3003267140444455 0.005849256955404911 0.012386661787916644
0 0.4994478042836268 0.17118429577412939 0.007569626648171166 0.00917530502808642
0 0.6019818379724923 0.19114058421021732 0.007569626648171308 0.012386661787916644
0 0.6312281227495177 0.29803288778742393 0.0048170351397453 0.006881478771064771
0 0.6307120118416879 0.2925277047705721 0.00516110907829848 0.008716539776682061
0 0.6283034942718152 0.2948215310275937 0.006537404832511484 0.008716539776682061
0 0.7000429104601656 0.2849580781224008 0.008257774525277881 0.01101036603370364
0 0.587186658614703 0.3792343372859886 0.007569626648171308 0.009634070279490743
0 0.5852942519526602 0.3751054500233497 0.0065374048325115555 0.008716539776682027
0 0.6050785034194714 0.4166237052754406 0.0048170351397453 0.0064227135196604475
0 0.7363427109775325 0.4897967628744297 0.0065374048325115555 0.013304192290725254
0 0.6401740451519018 0.4597476389074467 0.0075696266481712375 0.01009283553089503
0 0.7358266000697026 0.5359026706405637 0.00894592240238424 0.01192789653651225
0 0.7394393764245117 0.5402609405289048 0.0072255527096180576 0.010551600782299388
0 0.6059386882658546 0.5221397130984342 0.0051611090782986225 0.0064227135196604475
0 0.6069709100815143 0.5180108258357953 0.005161109078298694 0.006422713519660519
0 0.7860613950984756 0.5604466115906949 0.006193330893958233 0.011469131285108104
0 0.7392673394552353 0.526268600361073 0.0096340702794906 0.012845427039321108
0 0.7390953024859586 0.6599986711454323 0.007913700586724417 0.009634070279490743
0 0.7559549254750673 0.6895890298610109 0.007913700586724417 0.01009283553089503
0 0.7495895576118323 0.6813312553357332 0.010322218156597245 0.01009283553089503
0 0.7258484558516588 0.673991011313264 0.008257774525277596 0.009175305028086313
0 0.6802586589933542 0.6638981757823692 0.007913700586724559 0.01009283553089503
0 0.6735492171915664 0.6620631147767517 0.0075696266481712375 0.011010366033703747
0 0.6678719972054378 0.664127558408071 0.006537404832511698 0.008716539776682027
0 0.6726890323451832 0.6716971850562424 0.007225552709617773 0.009175305028086313
0 0.641550340906115 0.7203263017051004 0.007569626648171308 0.009175305028086313
0 0.6391418233362423 0.7090865530456945 0.005505183016851731 0.009634070279490743
0 0.6226262742856867 0.7223907453364198 0.00894592240238424 0.013304192290725325
0 0.5575962998991244 0.7031226047774385 0.006193330893958376 0.009634070279490885
0 0.5734237010725733 0.5615935247192057 0.008945922402384312 0.01009283553089503
0 0.6054225773580248 0.5982947448315512 0.007569626648171308 0.008257774525277739
0 0.6116159082519831 0.5939364749432101 0.00894592240238424 0.012386661787916609
0 0.6744094020379492 0.5703100644958877 0.007225552709618199 0.0073402440224690935
0 0.7932869478080937 0.5638873509762273 0.004128887262638869 0.011927896536512392
0 0.5441774162955479 0.6299495471784493 0.00756962664817145 0.009175305028086384
0 0.5500266732509531 0.6556404012570911 0.006881478771064948 0.007340244022469307
0 0.54916648840457 0.6604574363968365 0.006537404832511698 0.007799009273873452
0 0.5409087138792923 0.7593213480744674 0.00791370058672463 0.01009283553089503
0 0.6240025700398997 0.8196489786341357 0.00894592240238417 0.010551600782299459
0 0.6195296088387076 0.8304299620421373 0.0068814787710648065 0.011927896536512321
0 0.5152752054570758 0.8579558771263964 0.0068814787710648065 0.011010366033703747
0 0.48052373766319856 0.7246845715934416 0.008257774525277739 0.009634070279490743
0 0.47863133100115574 0.7467053036608488 0.009289996340937492 0.011469131285108035
0 0.4158378372151894 0.7161974144424615 0.008945922402384312 0.011927896536512463
0 0.46366411467408974 0.7916642982984722 0.006881478771064735 0.012386661787916751
0 0.4521376377325562 0.7886823241643441 0.008601848463830919 0.009175305028086455
0 0.4535139334867692 0.7934993593040894 0.007913700586724488 0.0059639482682561605
0 0.4562665249951951 0.798545777069537 0.007913700586724488 0.0096340702794906
0 0.4855128097722205 0.6492176877374308 0.006537404832511627 0.009175305028086455
0 0.3662911900635229 0.8634610601432483 0.0075696266481712375 0.012845427039320895
0 0.39622562271765477 0.7737724534937038 0.009634070279490672 0.010551600782299459
0 0.3983147984667235 0.4172249612583262 0.007191145315762739 0.011606760860529306
